
0.0
3.900113007225481E-6
3.415066215310452E-6
2.301119798593228E-6
1.770168708732637E-6
1.5509913668829032E-6
1.4892642114507507E-6
1.47579536924361E-6
1.4444692638137669E-6
1.4105478854701495E-6
9.786335495633844E-7
5.9961337545719E-7
1.72661895612837E-6
2.1983048743347587E-6
4.639784796883052E-5
1.3493105829518346E-4
4.5590117307365717E-4
8.062587446050995E-4
0.0014035045041591674
0.0015399893975096023
0.0019566733416625437
0.0015681163204450254
0.0016401086155102401
0.0013199168471425267
0.0012411689515509255
9.746473447124886E-4
8.480714795396023E-4
6.608115565813183E-4
5.536794234294016E-4
4.377138497457998E-4
3.640642728072457E-4
2.946479096048517E-4
2.4715615767937406E-4
2.0581848975498746E-4
1.758945307148634E-4
1.5083478800503321E-4
1.3192863092775979E-4
1.1619400744771877E-4
1.0414040513253733E-4
9.395400833929542E-5
8.581889684162589E-5
7.909878756926685E-5
7.390840995576207E-5
6.859456590548526E-5
6.442440483891985E-5
5.990734502151802E-5
5.635617499117757E-5
5.3493428681646364E-5
5.109359566119913E-5
4.87754998934308E-5
4.741304385179727E-5
4.544539064220413E-5
4.187909339325414E-5
2.5196847570983074E-5
6.386477780630558E-5
6.201859000011082E-5
7.807394599275263E-5
2.3664572689434607E-4
2.719063340521309E-4
3.013195541569836E-4
2.754456630851936E-4
2.7269474460359853E-4
2.4498073902055976E-4
2.2421136804092414E-4
1.9915117054695474E-4
1.7493279569971126E-4
2.8466585039347214E-4
2.885678496359889E-4
2.601839305619084E-4
2.2339514781038043E-4
1.8833840910394408E-4
1.5702767153100416E-4
1.302123100688705E-4
1.0795329563050415E-4
8.983568145315332E-5
7.545227789952919E-5
6.426479982747285E-5
5.549341731880088E-5
4.887776774345415E-5
4.3596082618165246E-5
3.958577287121307E-5
3.66951999902974E-5
3.426545102574614E-5
3.21724420041392E-5
3.063979192984405E-5
2.95550440164665E-5
2.8188686230688114E-5
2.7350262743826862E-5
2.63656432364291E-5
2.5371507195767043E-5
2.483729061762872E-5
2.4672721983379044E-5
2.3844268487753816E-5
2.338092055090054E-5
2.309403132727415E-5
2.2515946813596818E-5
3.095046551002798E-4
2.999902448190883E-4
2.6544269160580936E-4
2.1287060194562354E-4
1.6891547174594591E-4
1.330256282855746E-4
1.0606087896062658E-4
9.109533391416308E-5
7.96349928757345E-5
7.065658521509131E-5
6.326123133034926E-5
5.729129505336232E-5
5.202443342603679E-5
4.746096922588928E-5
4.3388990113698676E-5
8.696931831802901E-5
8.528287528756038E-5
8.845957282778877E-5
8.576042018597315E-5
8.373313180783448E-5
8.100235418582118E-5
7.892127558239402E-5
7.6938377347875E-5
7.509853631591382E-5
7.339506529822272E-5
7.17608520080987E-5
7.01518956419058E-5
6.869134591911399E-5
6.731324096499978E-5
6.600091234644441E-5
6.474334756329618E-5
6.354270388481065E-5
6.235022312764331E-5
6.122591297837198E-5
6.083012373317074E-5
5.9877037592738644E-5
5.790118452340218E-5
5.4216178956086106E-5
5.547927457452301E-5
5.295534067477791E-5
5.008972102545057E-5
0.002066791916063749
0.002165727436534477
0.002439762517285215
0.0024473219774982934
0.0020421408002473003
0.0016977072687056908
0.001452411462572643
0.0012085708149901467
9.984296808374584E-4
8.166110047583149E-4
6.607754850780934E-4
5.363243532779902E-4
4.949056616293871E-4
4.385817995206806E-4
3.828451715128302E-4
3.2415454968029125E-4
0.001899074038819434
0.0018570353974068164
0.0016116181563472448
0.00129524055259497
0.0010669833568981665
9.330867296912587E-4
8.182384010681876E-4
7.151370079410505E-4
6.182067274520287E-4
5.280454207361693E-4
5.629710706084108E-4
4.990565679086024E-4
4.282864349490023E-4
3.5115938601324787E-4
2.8203155912569027E-4
2.2264742410835648E-4
1.7403750272022945E-4
1.352890907196332E-4
1.0525487127809224E-4
8.275171600664013E-5
7.090528641801337E-5
6.142714379082437E-5
5.3845832993541315E-5
4.7229480589526655E-5
4.15075168495193E-5
3.648326803174935E-5
3.217339953723764E-5
2.8528993246015104E-5
2.586237904984717E-5
2.4446967958062705E-5
2.242515759157337E-5
2.0692967286397167E-5
1.9013305376420046E-5
1.756427322646481E-5
1.5953997402509266E-5
1.4740326842845036E-5
1.3193510310648338E-5
1.7783278887161553E-5
1.8216613277206128E-5
1.8638803627567422E-5
1.79759039637377E-5
1.6999777464514105E-5
1.5885267987271074E-5
1.5017298342424106E-5
1.4105929122722707E-5
1.3250104332163489E-5
1.2444748404002621E-5
1.1739832683921967E-5
1.1097249063587373E-5
1.0390586390284734E-5
9.742004612889378E-6
9.148802387197173E-6
8.609290802923491E-6
8.129642923449845E-6
7.748232715371653E-6
7.393383540820659E-6
7.063133037676067E-6
6.748055614564154E-6
6.501426949653623E-6
6.238948737346815E-6
5.9629507185585E-6
6.163913827459536E-6
6.309179313942658E-6
6.333148878821118E-6
6.2549421135784225E-6
6.100452444543973E-6
2.214171954762987E-6
2.1716175623319503E-5
2.7744214655613262E-5
2.9532399944726992E-5
2.9915341200530083E-5
2.3145583017679615E-5
4.8084853257377143E-5
4.3626538052179287E-5
4.270458862922432E-5
3.795753023653469E-5
3.344074086866309E-5
2.3866001561255856E-5
0.0022187877669872184
0.0020186293315638017
0.0019449108712150354
0.0017940902991440647
0.0015107153124993312
0.001264634348947038
0.0010206207374876394
0.0017756879036011624
0.001527136133978659
0.0017699486555901609
0.0014787085179797763
0.0014872530611676309
0.0012422099407797126
0.0016957613367409446
0.0014808767565911193
0.0013213294906589891
0.0014346625470865084
0.0012516653329011924
0.0010604806010875037
8.628485280181538E-4
6.894562053885735E-4
5.377537642596602E-4
4.125349710450701E-4
3.1142473301630746E-4
2.3222156939247939E-4
5.961659369906182E-4
4.85108893055022E-4
5.283137474705218E-4
4.750358204640386E-4
4.670804817300232E-4
4.3945268662269415E-4
4.219063963896832E-4
4.007609144687066E-4
3.818987314164345E-4
3.6298507835277194E-4
3.454666385640765E-4
3.287064320632699E-4
3.1284351271030616E-4
2.9770919693880175E-4
2.8320274615726686E-4
2.6927373128912165E-4
2.5589261828402535E-4
2.4304854840877642E-4
2.3073418384212419E-4
2.1894390838870855E-4
2.0767109929729007E-4
1.9690676177258756E-4
1.86641668966641E-4
1.768649959857911E-4
1.675657388540847E-4
1.5873652187687622E-4
1.5035795873362387E-4
1.42412708641404E-4
1.348816702272792E-4
1.2784703394749092E-4
1.2107781335819687E-4
1.1470249164831912E-4
1.0864782601756738E-4
1.0292557786126315E-4
9.750617582247962E-5
9.238005807026186E-5
8.752850096077275E-5
8.151281307799774E-5
7.719160212195452E-5
7.2995940781395E-5
6.911177595502042E-5
6.537708466455261E-5
6.189352251457921E-5
5.865202971051032E-5
5.555357350629892E-5
5.24326316833688E-5
4.9627248819943596E-5
4.7026077454373414E-5
4.453596962449549E-5
4.222070069341698E-5
4.000058885715247E-5
3.791711868045966E-5
3.593203933774672E-5
3.4058913331144674E-5
3.227995143714408E-5
3.060037539902012E-5
2.900949399520891E-5
2.7508093347115338E-5
2.6088470140347234E-5
2.4744867213143333E-5
2.3477955336485202E-5
2.2280237854569797E-5
2.1130237246212313E-5
2.0049344438600763E-5
1.9023873601811036E-5
1.806410012668162E-5
1.7152688961587367E-5
1.6300702396956346E-5
1.549529984344435E-5
1.4741976199431197E-5
1.4032577504898128E-5
1.3364321595213048E-5
1.2738233782603886E-5
1.2146145111594831E-5
1.1591835355459315E-5
1.1068976273223042E-5
1.0579285306663741E-5
1.0118534459973926E-5
9.686579076584625E-6
9.280136748678725E-6
8.89828597837775E-6
8.347562274033756E-6
7.697782072975577E-6
7.19163704565477E-6
6.767568740534796E-6
6.407810708114227E-6
6.0889395543830075E-6
5.801387209447083E-6
5.538206671814684E-6
5.2968307487541295E-6
5.074314794725944E-6
4.869642214167984E-6
4.617699592549476E-6
4.4092237376525145E-6
4.217403363478846E-6
3.995424064192436E-6
8.191521485336875E-6
1.2347482224265184E-5
1.6385964460412226E-5
1.952163389446464E-5
2.18546671234388E-5
2.338819225980407E-5
2.42737351597212E-5
2.4630113913135563E-5
2.458418368623712E-5
2.4253803096293517E-5
2.354120376777466E-5
2.738872023681875E-5
2.963109543758987E-5
3.222536520447199E-5
3.367658523592297E-5
3.4177233709027955E-5
3.437298794198641E-5
3.43974213388017E-5
5.473592502182519E-4
6.83534423773341E-4
0.019875726322701934
0.021758480391333736
0.023763092047393568
0.024513727940923605
0.025795086711775567
0.026184558769606653
0.02751315876284909
0.02794117373619697
0.02954371023369218
0.029673059674574214
0.04445306654809785
0.04617279044456115
0.06268678958050093
0.06343212342907321
0.07032019198782265
0.058789301784265134
0.05735737975023357
0.05201747590979949
0.05107358289772268
0.04832698052727094
0.046179187073207784
0.04500489933548669
0.04250547231326192
0.03949991731910899
0.03533889741011432
0.031605116820759026
0.027603864843088737
0.023900939764021207
0.020369241178498577
0.017179562570794216
0.014324492980672886
0.011837191607041865
0.009701022336619977
0.008380368952722051
0.009857942241797472
0.008135131095292437
0.007329547638360219
0.006165180213670217
0.005408962932351045
0.004650799736810245
0.004056792681854317
0.0035383989794174767
0.0031041061348637293
0.002729570532991785
0.0024068178920167863
0.002124427256832882
0.0018766380939187882
0.0016589454184888163
0.0014660459512348969
0.0012955938237618422
0.0011443066787987558
0.0010107702435513712
8.931520488172741E-4
7.898908467939257E-4
6.991709826226159E-4
6.20571712815767E-4
5.478932988547539E-4
5.223169672977531E-4
6.515674491397988E-4
0.0030939495610508277
0.004095534985930228
0.005944833158516072
0.0073453424535268345
0.006763191406250928
0.007643150980257651
0.006918212055357382
0.007095253027433712
0.012583974906414531
0.012169565171842625
0.012133622394675277
0.011249640801036239
0.010267909588982231
0.009491078490319932
0.00890787569118364
0.008923609244030366
0.008381276345923826
0.011230534534083939
0.010544349925937566
0.009707870047968355
0.00866308158341046
0.011175489786854008
0.00996113063137883
0.010317276732042772
0.008689892272794791
0.008633770304483347
0.007219701164672049
0.006603850164523942
0.007365858791648201
0.00655687483914216
0.023242780133925403
0.020783398251646913
0.019604289345312206
0.01787966966268801
0.016048129397267595
0.014095277273310681
0.012217338562931817
0.010408716140908467
0.008805041978308724
0.023638012059752442
0.019340929614738177
0.019176145853753893
0.016757066372485797
0.0150523706268952
0.012754592085200937
0.01095569585792385
0.009103536770881177
0.007584125678576683
0.006243720709938898
0.013004350354612665
0.010144470683451331
0.009948478219240857
0.007860480379503947
0.007682659877777378
0.006624093736155045
0.006196826442525443
0.005491412692496453
0.00501507503457009
0.004463780369058125
0.004020101127894418
0.0035881474428164574
0.005191383695632162
0.004780836337338158
0.00455766556178265
0.003979922643513883
0.003609989887024622
0.0032186763449310097
0.0028728458006273133
0.0025296292766427138
0.0022120985436096066
0.0029065457850661405
0.0026200776613727332
0.0028396997819824864
0.0026360624369598366
0.0025227732571622722
0.0023458125015070547
0.002148852982282667
0.0019478150800071956
0.0017448538553247028
0.0015954224172519962
0.0014483162286734938
0.0013460087220617247
0.001248877199137914
0.0011741905044896504
0.0010980283575351922
0.0010306331302073982
9.636499470198452E-4
9.028457752655381E-4
8.426144491870554E-4
7.854674192252758E-4
7.288699324787275E-4
6.739612600727553E-4
6.203904697371767E-4
5.693131580696547E-4
5.218075248712904E-4
4.779837007732333E-4
4.3802613933939717E-4
4.0158605008923663E-4
3.683832640491244E-4
3.3823606906639264E-4
3.106551274370849E-4
2.854050719344175E-4
2.623767937209048E-4
2.423455171200608E-4
2.2300756108923812E-4
2.0602707059102962E-4
1.8977229754837184E-4
1.757211873409342E-4
1.6260903391757784E-4
1.51146415438417E-4
1.407453730332767E-4
1.3171370308185496E-4
1.232410818594812E-4
1.1573841707906011E-4
1.0884151598976975E-4
1.0260868742712776E-4
9.705138690563703E-5
9.176544664893449E-5
8.730830886917583E-5
1.262895424028973E-4
1.4099793264258972E-4
1.697530905651646E-4
1.8365707878459852E-4
1.9463272192683166E-4
1.971922644789153E-4
1.9585396817803512E-4
1.8993873737236866E-4
1.8151711930469215E-4
1.713614172622045E-4
1.6059481443761285E-4
1.4957926447327946E-4
1.389090059967079E-4
1.5195512230085914E-4
1.4738093767072903E-4
1.5230083811306077E-4
1.460491877579063E-4
6.514214363035878E-4
0.004986882495590319
0.00541113061006401
0.005944853732421937
0.006093333188051971
0.006096418213731419
0.006016088516511178
0.005844441554205862
0.0056048714806796775
0.005307355546139334
0.00499218861689345
0.00459857774371609
0.004124121589968821
0.0036221382933725064
0.0031255214314462767
0.002659574132543863
0.0022359745551293526
0.0018672441272075144
0.001720247625033878
0.0014837861605129102
0.001318651094311162
0.0011391517039942868
0.0010145347717034658
8.856653245604781E-4
0.004167616276172632
0.0038556482524892384
0.004323929447097956
0.003725536863104752
0.004509182887446821
0.004146514308481261
0.003760628181802638
0.003239190711391088
0.0028002971278860873
0.0025290415776199793
0.0022586119084939066
0.002022389610044494
0.00179147966898846
0.001583516101921784
0.0014083210932098772
0.0012577461752960014
0.0011282159954534186
0.001015567957425094
9.181798218696928E-4
8.335980294393812E-4
7.568897745317252E-4
6.879215979536259E-4
6.250282631904694E-4
5.674785170453576E-4
5.164329740967732E-4
4.706435475745402E-4
4.2945552436831074E-4
3.9250880283193674E-4
3.5889494144555526E-4
3.2991395431924454E-4
3.0320931554318894E-4
2.791689988082542E-4
2.568734899142542E-4
2.3776048001517203E-4
2.1995004404739226E-4
2.0445387250334293E-4
1.9112391647854756E-4
1.7876186949048755E-4
1.6833260993441828E-4
1.5832437693647858E-4
1.4994527689672903E-4
1.4240352403286174E-4
1.3517507041636514E-4
1.2850787012795017E-4
1.2226519598756684E-4
1.16100471045407E-4
1.1016348929672238E-4
1.046036954293287E-4
9.930175396576655E-5
9.449236976714754E-5
1.4180191515061733E-4
1.706840554467104E-4
1.9224985274653449E-4
9.359925730195656E-4
0.0010697905372132098
0.001138907142933888
0.001100838217295858
0.0010398122062445668
9.512462954849186E-4
8.546219017929478E-4
7.551408696017905E-4
6.591332511629346E-4
5.699734658430143E-4
4.901001562031729E-4
4.193766586863319E-4
3.58462954132013E-4
3.062544820461719E-4
2.626136385351163E-4
2.280082475900343E-4
1.9962259180102214E-4
1.758259264017409E-4
1.5652927444928912E-4
1.4038845305747587E-4
1.2670448664436453E-4
1.1564116410791877E-4
1.0568492073749081E-4
9.757911717571932E-5
9.022035103842855E-5
8.429949871125057E-5
7.869611833250808E-5
7.397797410891705E-5
6.954910342136812E-5
6.613023325378482E-5
6.275953814172972E-5
5.9849093313464156E-5
5.71764361105837E-5
5.469695685093105E-5
5.2481379007283146E-5
5.044829458112865E-5
4.8640422786455925E-5
4.6865055054510294E-5
4.5169199260773125E-5
4.36240543882157E-5
4.2097900575394545E-5
4.077648533920359E-5
3.9430118876346E-5
3.8210945823809926E-5
3.704584898389646E-5
3.593536319833711E-5
3.484375315371738E-5
3.378253828557895E-5
3.284404724476416E-5
3.184150398301236E-5
3.091457837923889E-5
2.9982398669703697E-5
2.9175766188663212E-5
2.8333883271318334E-5
2.7530466468462692E-5
2.673982337990773E-5
2.769005912297188E-5
2.7891151930376467E-5
3.094511808688351E-4
3.8229471786119246E-4
4.310667847888505E-4
4.385761255343289E-4
4.3012810329142457E-4
7.036118338923149E-4
7.12552895310291E-4
7.204554229799547E-4
6.779461146254081E-4
6.275234800936233E-4
5.652653998717014E-4
5.019461225861117E-4
4.395530654581008E-4
7.546325014360504E-4
7.204963623897137E-4
7.210892527526418E-4
6.597090196485234E-4
6.00409345557279E-4
5.31192514103381E-4
4.6521049587963924E-4
0.0011942220480193361
0.0010975215601574549
0.0012473336015243958
0.0012066710228570104
0.001072715378545531
9.419569065110401E-4
8.045197578222562E-4
8.285136883559619E-4
7.279555397568736E-4
6.646992249796501E-4
6.230266749210461E-4
0.002080225405014326
0.001723182465038328
0.0016662783291904956
0.0013758497676096164
0.0011655871967095088
9.449429112232594E-4
7.61965775640063E-4
6.049219160312251E-4
4.95907183825128E-4
0.0020441362994571225
0.0015243542518077946
0.002690652569948372
0.0022581619109364993
0.0020314945866766344
0.0023849180928144304
0.001983586523122774
0.0017315167169064311
0.0014033245109330362
0.0011493447404273883
0.0015645369993201555
0.001217703524512933
0.0010677857392597408
8.395844244933182E-4
6.748948190666925E-4
5.250076565336935E-4
4.070288214897488E-4
3.124017730004065E-4
2.3925231152506916E-4
1.834108793505039E-4
1.5237311038950995E-4
7.827235501611899E-4
5.52499990041627E-4
5.141370712331445E-4
3.988002281549324E-4
3.369748320308134E-4
2.948651208792344E-4
2.58653102108175E-4
0.00456191875247121
0.004353075503735505
0.004877538929897986
0.004730855854667276
0.004306887855784097
0.0038772181864166946
0.0033463353317690187
0.0028520784325917993
0.0023746365983535124
0.006948242301461869
0.005732861143780952
0.006214693709928488
0.005307663133417953
0.0050097905765643345
0.004263109436788833
0.0037251755454234168
0.0031167251068069403
0.0026040572392352786
0.0021428225711508627
0.0018561435836870123
0.001610015248251689
0.0014339498578297462
0.001288761205002972
0.001172994859289173
0.001075009659349498
9.910382476834565E-4
9.196357749310192E-4
8.490916661127424E-4
7.801349354542524E-4
9.280644165096593E-4
8.595115785006975E-4
8.562459143977355E-4
8.241695860964438E-4
8.043690062704374E-4
7.804589721575457E-4
7.57855818932073E-4
7.152675054153987E-4
6.623444309185019E-4
6.019864912113186E-4
5.369312424872026E-4
4.7087980396155353E-4
4.102517894020893E-4
3.885522424014498E-4
3.505431208333238E-4
3.251582137308505E-4
2.980633802118975E-4
2.7593145112253986E-4
2.547154084761592E-4
2.3630286531926882E-4
2.2069659027302047E-4
2.0646523965175018E-4
1.947540880271587E-4
1.8130236874590292E-4
1.6973991201399926E-4
1.5828149890933084E-4
1.4767011546266417E-4
1.377661396052654E-4
1.2901700146876707E-4
1.2101409318641197E-4
1.1347590410360853E-4
1.0642588165469269E-4
1.0017593207597721E-4
9.441291281120003E-5
8.921666476239421E-5
8.452581746928944E-5
8.022842876748985E-5
7.625576257386894E-5
7.256769365227411E-5
7.011517316098414E-5
6.74651687195147E-5
6.500703064546529E-5
6.178601092989457E-5
9.298310656302861E-5
2.692562817295725E-4
3.3036997605950845E-4
3.2745237429609986E-4
9.296944046349667E-4
0.0010122718328753743
0.0010261984941607911
9.70105375028604E-4
8.803605263931919E-4
7.901389643907949E-4
7.306857630774408E-4
7.384171478111751E-4
6.81264662518346E-4
6.252557520835292E-4
5.729510207158551E-4
5.26759794394656E-4
4.841868987433719E-4
4.4395070133358423E-4
4.0672662683070214E-4
3.724387860091521E-4
3.4048025103592403E-4
3.109062068061574E-4
2.834654389975181E-4
2.5814165505504507E-4
2.347994205308356E-4
2.134074770334142E-4
1.9395052662292124E-4
1.7650083807352817E-4
1.6101020492476683E-4
1.4622385842897904E-4
1.8174843519717687E-4
1.8369975455501673E-4
1.9338059964936607E-4
2.012969808221189E-4
1.9810057758216294E-4
2.0857675922303216E-4
2.015106309060338E-4
1.9667501518715416E-4
1.9195173742586835E-4
1.7986936922490476E-4
2.1038135058654392E-4
4.976156901210058E-4
5.058129153092621E-4
5.686517780402812E-4
5.322424814227641E-4
4.976879035583346E-4
7.521089608278809E-4
0.01740463707927721
0.01777222770256279
0.018181899975331345
0.017915178617138275
0.01802705944118524
0.01812736767933219
0.019731671160032563
0.01801707680874348
0.015134904817938012
0.01644872482365553
0.014547789922733053
0.012216383882009258
0.010078536032580736
0.008132781698167718
0.00671546436164741
0.005373595115859638
0.0042849731860145155
0.0034106691741524085
0.0026730342605944166
0.002106796726121901
0.0018868847412836964
0.0016220398818150377
0.0014371449214229867
0.0012730431427851571
0.0011390477520005168
0.001021029719896353
9.217585116955218E-4
8.346350389460967E-4
7.585876082217161E-4
6.906052967032726E-4
6.296229047295641E-4
5.742708451050633E-4
5.239023610555399E-4
4.778603077681666E-4
4.357433585897842E-4
3.97184979580558E-4
4.3424177805432114E-4
3.963023196019061E-4
4.0325031991355205E-4
3.797747512405482E-4
3.640023840129488E-4
3.40722424678212E-4
3.201674729420809E-4
2.973545406552981E-4
2.7569794735254443E-4
2.538383048854247E-4
2.3305020218666918E-4
2.1302098926882882E-4
1.9429101774475738E-4
1.7651574600242864E-4
1.7576709288826198E-4
1.6980581162764978E-4
2.940857117319153E-4
2.7792544633771944E-4
3.074159121743574E-4
3.1041213836586335E-4
3.1467907813778574E-4
3.085011591924562E-4
2.983193497084945E-4
2.8339078668126896E-4
2.660270081583888E-4
2.4704129919026017E-4
2.2843494576273832E-4
2.0548337708777345E-4
4.5441589893169547E-4
4.780535758908335E-4
0.004024966248219994
0.004005206560702766
0.003519961659715261
0.0029739733595161646
0.0024464446478000505
0.005672987725015842
0.0048850928867584876
0.004103540042148972
0.0032918703826988116
0.0026003798653592403
0.0020709660925959687
0.0017731199307375516
0.0015776656931989078
0.0013896112447012166
0.0012074719655742932
0.001043028668097749
8.938827341513762E-4
7.645006921731068E-4
6.615644563874803E-4
5.780154573350625E-4
5.031349977257235E-4
4.4856707574735785E-4
4.012136891098873E-4
3.599052396151225E-4
3.287992864016352E-4
3.0070201100169605E-4
2.760716562227772E-4
2.5300484664164344E-4
2.3247558664543554E-4
2.1305351043319402E-4
1.9534903951103926E-4
1.7913886486208534E-4
1.6410024083896366E-4
1.5027937028793772E-4
1.3762166975129003E-4
1.291700514335155E-4
1.1836202009450668E-4
1.1069777471240463E-4
1.0288666561833822E-4
9.653870893443145E-5
9.026314942621707E-5
8.470436185681112E-5
7.929116295078782E-5
7.425514591473818E-5
9.436636093101276E-5