
0.0,0.0,0.0,0.0,0.0,0.0,0.0,
0.0,0.0,0.0,0.0,0.0,0.0,0.0,
0.0,0.0,0.0,0.0,0.0,0.0,0.0,
0.0,0.0,0.0,0.0,0.0,0.0,0.0,
0.0,0.0,0.0,0.0,0.0,0.0,0.0,
0.0,0.0,0.0,0.0,0.0,0.0,0.0,
0.0,0.0,0.0,0.0,0.0,0.0,0.0,
0.0,0.0,0.0,0.0,0.0,0.0,0.0,
0.0,0.0,0.0,0.0,0.0,0.0,0.0,
0.0,0.0,0.0,0.0,0.0,0.0,0.0,
0.0,0.0,0.0,0.0,0.0,0.0,0.0,
0.0,0.0,0.0,0.0,0.0,0.0,0.0,
0.0,0.0,0.0,0.0,0.0,0.0,0.0,
0.0,0.0,0.0,0.0,0.0,0.0,0.0,
0.0,0.0,0.0,0.0,0.0,0.0,0.0,
0.0,0.0,0.0,0.0,0.0,0.0,0.0,
0.0,0.0,0.0,0.0,0.0,0.0,0.0,
0.0,0.0,0.0,0.0,0.0,0.0,0.0,
0.0,0.0,0.0,0.0,0.0,0.0,0.0,
0.0,0.0,0.0,0.0,0.0,0.0,0.0,
0.0,0.0,0.0,0.0,0.0,0.0,0.0,
0.0,0.0,0.0,0.0,0.0,0.0,0.0,
0.0,0.0,0.0,0.0,0.0,0.0,0.0,
0.0,0.0,0.0,0.0,0.0,0.0,0.0,
0.0,0.0,0.0,0.0,0.0,0.0,0.0,
0.0,0.0,0.0,0.0,0.0,0.0,0.0,
0.0,0.0,0.0,0.25178324409903335,0.0,0.0,0.0,
0.0,0.0,0.0,0.25178324409903335,0.0,0.0,0.0,
0.0,0.0,0.0,0.25178324409903335,0.0,0.0,0.0,
0.0,0.0,0.0,0.25178324409903335,0.0,0.0,0.0,
0.0,0.0,0.0,0.25178324409903335,0.0,0.0,0.0,
0.0,0.0,0.0,0.25178324409903335,0.0,0.0,0.0,
0.0,0.0,0.0,0.25178324409903335,0.0,0.0,0.0,
0.0,0.0,0.0,0.25178324409903335,0.0,0.0,0.0,
0.0,0.0,0.0,0.25178324409903335,0.0,0.0,0.0,
0.0,0.0,0.0,0.25178324409903335,0.0,0.0,0.0,
0.0,0.0,0.0,0.25178324409903335,0.0,0.0,0.0,
0.0,0.0,0.0,0.25178324409903335,0.0,0.0,0.0,
0.0,0.0,0.0,0.25178324409903335,0.0,0.0,0.0,
0.0,0.0,0.0,0.25178324409903335,0.0,0.0,0.0,
0.0,0.0,0.0,0.33109467714179536,0.0,0.0,0.0,
0.0,0.0,0.0,0.33109467714179536,0.0,0.0,0.0,
0.0,0.0,0.0,0.33109467714179536,0.0,0.0,0.0,
0.0,0.0,0.0,0.33109467714179536,0.0,0.0,0.0,
0.0,0.0,0.0,0.33109467714179536,0.0,0.0,0.0,
0.0,0.0,0.0,0.33109467714179536,0.0,0.0,0.0,
0.0,0.0,0.0,0.33109467714179536,0.0,0.0,0.0,
0.0,0.0,0.0,0.33109467714179536,0.0,0.0,0.0,
0.0,0.0,0.0,0.33109467714179536,0.0,0.0,0.0,
0.0,0.0,0.0,0.33109467714179536,0.0,0.0,0.0,
0.0,0.0,0.0,0.33109467714179536,0.0,0.0,0.0,
0.0,0.0,0.0,0.33109467714179536,0.0,0.0,0.0,
0.0,0.0,0.0,0.2866008389646951,0.0,0.0,0.0,
0.0,0.0,0.0,0.2866008389646951,0.0,0.0,0.0,
0.0,0.0,0.0,0.28356915543533334,0.0,0.0,0.0,
0.0,0.0,0.0,0.28356915543533334,0.0,0.0,0.0,
0.0,0.0,0.0,0.28356915543533334,0.0,0.0,0.0,
0.0,0.0,0.0,0.28356915543533334,0.0,0.0,0.0,
0.0,0.0,0.0,0.28356915543533334,0.0,0.0,0.0,
0.0,0.0,0.0,0.28356915543533334,0.0,0.0,0.0,
0.0,0.0,0.0,0.31611667162049106,0.0,0.0,0.0,
0.0,0.0,0.0,0.31611667162049106,0.0,0.0,0.0,
0.0,0.0,0.0,0.31611667162049106,0.0,0.0,0.0,
0.0,0.0,0.0,0.31611667162049106,0.0,0.0,0.0,
0.0,0.0,0.0,0.31611667162049106,0.0,0.0,0.0,
0.0,0.0,0.0,0.4843020203913585,0.0,0.0,0.0,
0.0,0.0,0.0,0.4843020203913585,0.0,0.0,0.0,
0.0,0.0,0.0,0.4843020203913585,0.0,0.0,0.0,
0.0,0.0,0.0,0.4843020203913585,0.0,0.0,0.0,
0.0,0.0,0.0,0.5631005129891136,0.0,0.0,0.0,
0.0,0.0,0.0,0.5631005129891136,0.0,0.0,0.0,
0.0,0.0,0.0,0.5631005129891136,0.0,0.0,0.0,
0.0,0.0,0.0,0.5631005129891136,0.0,0.0,0.0,
0.0,0.0,0.0,0.5631005129891136,0.0,0.0,0.0,
0.0,0.0,0.0,0.3636855629700774,0.0,0.0,0.0,
0.0,0.0,0.0,0.2879971524360237,0.0,0.0,0.0,
0.0,0.0,0.0,0.16975827174221012,0.0,0.0,0.0,
0.0,0.0,0.0,0.16975827174221012,0.0,0.0,0.0,
0.0,0.0,0.0,0.2833593617820548,0.0,0.0,0.0,
0.0,0.0,0.0,0.2833593617820548,0.0,0.0,0.0,
0.0,0.0,0.0,0.2833593617820548,0.0,0.0,0.0,
0.0,0.0,0.0,0.2833593617820548,0.0,0.0,0.0,
0.0,0.0,0.0,0.22774146545258314,0.0,0.0,0.0,
0.0,0.0,0.0,0.35276100849661907,0.0,0.0,0.0,
0.0,0.0,0.0,0.4432674919290553,0.0,0.0,0.0,
0.0,0.0,0.0,0.4432674919290553,0.0,0.0,0.0,
0.0,0.0,0.0,0.4432674919290553,0.0,0.0,0.0,
0.0,0.0,0.0,0.5373368151542576,0.0,0.0,0.0,
0.0,0.0,0.0,0.3612768298794845,0.0,0.0,0.0,
0.0,0.0,0.0,0.3612768298794845,0.0,0.0,0.0,
0.0,0.0,0.0,0.5248507528353956,0.0,0.0,0.0,
0.0,0.0,0.0,0.4826120326373027,0.0,0.0,0.0,
0.0,0.0,0.0,0.41130350957101414,0.0,0.0,0.0,
0.0,0.0,0.0,0.18936915802976573,0.0,0.0,0.0,
0.0,0.0,0.0,0.18936915802976573,0.0,0.0,0.0,
0.0,0.0,0.0,0.18936915802976573,0.0,0.0,0.0,
0.0,0.0,0.0,0.18936915802976573,0.0,0.0,0.0,
0.0,0.0,0.0,0.18936915802976573,0.0,0.0,0.0,
0.0,0.0,0.0,0.28804647263172317,0.0,0.0,0.0,
0.0,0.0,0.0,0.5018446295706905,0.0,0.0,0.0,
0.0,0.0,0.0,0.45326863593664024,0.0,0.0,0.0,
0.0,0.0,0.0,0.45326863593664024,0.0,0.0,0.0,
0.0,0.0,0.0,0.45326863593664024,0.0,0.0,0.0,
0.0,0.0,0.0,0.45326863593664024,0.0,0.0,0.0,
0.0,0.0,0.0,0.45326863593664024,0.0,0.0,0.0,
0.0,0.0,0.0,0.45326863593664024,0.0,0.0,0.0,
0.0,0.0,0.0,0.45326863593664024,0.0,0.0,0.0,
0.0,0.0,0.0,0.45326863593664024,0.0,0.0,0.0,
0.0,0.0,0.0,0.45326863593664024,0.0,0.0,0.0,
0.0,0.0,0.0,0.45326863593664024,0.0,0.0,0.0,
0.0,0.0,0.0,0.45326863593664024,0.0,0.0,0.0,
0.0,0.0,0.0,0.45326863593664024,0.0,0.0,0.0,
0.0,0.0,0.0,0.45326863593664024,0.0,0.0,0.0,
0.0,0.0,0.0,0.45326863593664024,0.0,0.0,0.0,
0.0,0.0,0.0,0.45326863593664024,0.0,0.0,0.0,
0.0,0.0,0.0,0.45326863593664024,0.0,0.0,0.0,
0.0,0.0,0.0,0.45326863593664024,0.0,0.0,0.0,
0.0,0.0,0.0,0.45326863593664024,0.0,0.0,0.0,
0.0,0.0,0.0,0.45326863593664024,0.0,0.0,0.0,
0.0,0.0,0.0,0.45326863593664024,0.0,0.0,0.0,
0.0,0.0,0.0,0.45326863593664024,0.0,0.0,0.0,
0.0,0.0,0.0,0.45326863593664024,0.0,0.0,0.0,
0.0,0.0,0.0,0.45326863593664024,0.0,0.0,0.0,
0.0,0.0,0.0,0.45326863593664024,0.0,0.0,0.0,
0.0,0.0,0.0,0.45326863593664024,0.0,0.0,0.0,
0.0,0.0,0.0,0.45326863593664024,0.0,0.0,0.0,
0.0,0.0,0.0,0.45326863593664024,0.0,0.0,0.0,
0.0,0.0,0.0,0.45326863593664024,0.0,0.0,0.0,
0.0,0.0,0.0,0.45326863593664024,0.0,0.0,0.0,
0.0,0.0,0.0,0.45326863593664024,0.0,0.0,0.0,
0.0,0.0,0.0,0.45326863593664024,0.0,0.0,0.0,
0.0,0.0,0.0,0.45326863593664024,0.0,0.0,0.0,
0.0,0.0,0.0,0.45326863593664024,0.0,0.0,0.0,
0.0,0.0,0.0,0.45326863593664024,0.0,0.0,0.0,
0.0,0.0,0.0,0.45326863593664024,0.0,0.0,0.0,
0.0,0.0,0.0,0.49826293165755997,0.0,0.0,0.0,
0.0,0.0,0.0,0.49826293165755997,0.0,0.0,0.0,
0.0,0.0,0.0,0.49826293165755997,0.0,0.0,0.0,
0.0,0.0,0.0,0.49826293165755997,0.0,0.0,0.0,
0.0,0.0,0.0,0.49826293165755997,0.0,0.0,0.0,
0.0,0.0,0.0,0.49826293165755997,0.0,0.0,0.0,
0.0,0.0,0.0,0.49826293165755997,0.0,0.0,0.0,
0.0,0.0,0.0,0.49826293165755997,0.0,0.0,0.0,
0.0,0.0,0.0,0.49826293165755997,0.0,0.0,0.0,
0.0,0.0,0.0,0.49826293165755997,0.0,0.0,0.0,
0.0,0.0,0.0,0.49826293165755997,0.0,0.0,0.0,
0.0,0.0,0.0,0.49826293165755997,0.0,0.0,0.0,
0.0,0.0,0.0,0.49826293165755997,0.0,0.0,0.0,
0.0,0.0,0.0,0.49826293165755997,0.0,0.0,0.0,
0.0,0.0,0.0,0.49826293165755997,0.0,0.0,0.0,
0.0,0.0,0.0,0.545136680309837,0.0,0.0,0.0,
0.0,0.0,0.0,0.545136680309837,0.0,0.0,0.0,
0.0,0.0,0.0,0.545136680309837,0.0,0.0,0.0,
0.0,0.0,0.0,0.40615380624936925,0.0,0.0,0.0,
0.0,0.0,0.0,0.40615380624936925,0.0,0.0,0.0,
0.0,0.0,0.0,0.40615380624936925,0.0,0.0,0.0,
0.0,0.0,0.0,0.22861581077645313,0.0,0.0,0.0,
0.0,0.0,0.0,0.3610546177597612,0.0,0.0,0.0,
0.0,0.0,0.0,0.3610546177597612,0.0,0.0,0.0,
0.0,0.0,0.0,0.3610546177597612,0.0,0.0,0.0,
0.0,0.0,0.0,0.3610546177597612,0.0,0.0,0.0,
0.0,0.0,0.0,0.3610546177597612,0.0,0.0,0.0,
0.0,0.0,0.0,0.3610546177597612,0.0,0.0,0.0,
0.0,0.0,0.0,0.3610546177597612,0.0,0.0,0.0,
0.0,0.0,0.0,0.3610546177597612,0.0,0.0,0.0,
0.0,0.0,0.0,0.2965027037588617,0.0,0.0,0.0,
0.0,0.0,0.0,0.2965027037588617,0.0,0.0,0.0,
0.0,0.0,0.0,0.2965027037588617,0.0,0.0,0.0,
0.0,0.0,0.0,0.2965027037588617,0.0,0.0,0.0,
0.0,0.0,0.0,0.17635425865765708,0.0,0.0,0.0,
0.0,0.0,0.0,0.274760098323078,0.0,0.0,0.0,
0.0,0.0,0.0,0.274760098323078,0.0,0.0,0.0,
0.0,0.0,0.0,0.10936467437132036,0.0,0.0,0.0,
0.0,0.0,0.0,0.19718107750997618,0.0,0.0,0.0,
0.0,0.0,0.0,0.19718107750997618,0.0,0.0,0.0,
0.0,0.0,0.0,0.2568850368532535,0.0,0.0,0.0,
0.0,0.0,0.0,0.2568850368532535,0.0,0.0,0.0,
0.0,0.0,0.0,0.1333273163596267,0.0,0.0,0.0,
0.0,0.0,0.0,0.1333273163596267,0.0,0.0,0.0,
0.0,0.0,0.0,0.3051795389205415,0.0,0.0,0.0,
0.0,0.0,0.0,0.3435661863281494,0.0,0.0,0.0,
0.0,0.0,0.0,0.22973602231144302,0.0,0.0,0.0,
0.0,0.0,0.0,0.22973602231144302,0.0,0.0,0.0,
0.0,0.0,0.0,0.22973602231144302,0.0,0.0,0.0,
0.0,0.0,0.0,0.22973602231144302,0.0,0.0,0.0,
0.0,0.0,0.0,0.22973602231144302,0.0,0.0,0.0,
0.0,0.0,0.0,0.2183876959242225,0.0,0.0,0.0,
0.0,0.0,0.0,0.26348300346949094,0.0,0.0,0.0,
0.0,0.0,0.0,0.26348300346949094,0.0,0.0,0.0,
0.0,0.0,0.0,0.26348300346949094,0.0,0.0,0.0,
0.0,0.0,0.0,0.2352898555994296,0.0,0.0,0.0,
0.0,0.0,0.0,0.2352898555994296,0.0,0.0,0.0,
0.0,0.0,0.0,0.2352898555994296,0.0,0.0,0.0,
0.0,0.0,0.0,0.2352898555994296,0.0,0.0,0.0,
0.0,0.0,0.0,0.2352898555994296,0.0,0.0,0.0,
0.0,0.0,0.0,0.2352898555994296,0.0,0.0,0.0,
0.0,0.0,0.0,0.2352898555994296,0.0,0.0,0.0,
0.0,0.0,0.0,0.016699778151516936,0.0,0.0,0.0,
0.0,0.0,0.0,0.016699778151516936,0.0,0.0,0.0,
0.0,0.0,0.0,0.016699778151516936,0.0,0.0,0.0,
0.0,0.0,0.0,-0.002696205486697398,0.0,0.0,0.0,
0.0,0.0,0.0,-0.002696205486697398,0.0,0.0,0.0,
0.0,0.0,0.0,-0.06835096891784184,0.0,0.0,0.0,
0.0,0.0,0.0,-0.06835096891784184,0.0,0.0,0.0,
0.0,0.0,0.0,-0.01492053680972763,0.0,0.0,0.0,
0.0,0.0,0.0,-0.01492053680972763,0.0,0.0,0.0,
0.0,0.0,0.0,-0.01492053680972763,0.0,0.0,0.0,
0.0,0.0,0.0,-0.01492053680972763,0.0,0.0,0.0,
0.0,0.0,0.0,0.014816888462877882,0.0,0.0,0.0,
0.0,0.0,0.0,-0.004146724251696661,0.0,0.0,0.0,
0.0,0.0,0.0,-0.02847299860326214,0.0,0.0,0.0,
0.0,0.0,0.0,-0.02847299860326214,0.0,0.0,0.0,
0.0,0.0,0.0,-0.02847299860326214,0.0,0.0,0.0,
0.0,0.0,0.0,0.16011484189877537,0.0,0.0,0.0,
0.0,0.0,0.0,0.16011484189877537,0.0,0.0,0.0,
0.0,0.0,0.0,0.16011484189877537,0.0,0.0,0.0,
0.0,0.0,0.0,0.3765526677061045,0.0,0.0,0.0,
0.0,0.0,0.0,0.3765526677061045,0.0,0.0,0.0,
0.0,0.0,0.0,0.3765526677061045,0.0,0.0,0.0,
0.0,0.0,0.0,0.3765526677061045,0.0,0.0,0.0,
0.0,0.0,0.0,0.3765526677061045,0.0,0.0,0.0,
0.0,0.0,0.0,0.3765526677061045,0.0,0.0,0.0,
0.0,0.0,0.0,0.3765526677061045,0.0,0.0,0.0,
0.0,0.0,0.0,0.3765526677061045,0.0,0.0,0.0,
0.0,0.0,0.0,0.3765526677061045,0.0,0.0,0.0,
0.0,0.0,0.0,0.3765526677061045,0.0,0.0,0.0,
0.0,0.0,0.0,0.3765526677061045,0.0,0.0,0.0,
0.0,0.0,0.0,0.3765526677061045,0.0,0.0,0.0,
0.0,0.0,0.0,0.3765526677061045,0.0,0.0,0.0,
0.0,0.0,0.0,0.3765526677061045,0.0,0.0,0.0,
0.0,0.0,0.0,0.3765526677061045,0.0,0.0,0.0,
0.0,0.0,0.0,0.3765526677061045,0.0,0.0,0.0,
0.0,0.0,0.0,0.3765526677061045,0.0,0.0,0.0,
0.0,0.0,0.0,0.3765526677061045,0.0,0.0,0.0,
0.0,0.0,0.0,0.3908464964779783,0.0,0.0,0.0,
0.0,0.0,0.0,0.3908464964779783,0.0,0.0,0.0,
0.0,0.0,0.0,0.3908464964779783,0.0,0.0,0.0,
0.0,0.0,0.0,0.3908464964779783,0.0,0.0,0.0,
0.0,0.0,0.0,0.3908464964779783,0.0,0.0,0.0,
0.0,0.0,0.0,0.3908464964779783,0.0,0.0,0.0,
0.0,0.0,0.0,0.3908464964779783,0.0,0.0,0.0,
0.0,0.0,0.0,0.4040859302381628,0.0,0.0,0.0,
0.0,0.0,0.0,0.4040859302381628,0.0,0.0,0.0,
0.0,0.0,0.0,0.4040859302381628,0.0,0.0,0.0,
0.0,0.0,0.0,0.4040859302381628,0.0,0.0,0.0,
0.0,0.0,0.0,0.4040859302381628,0.0,0.0,0.0,
0.0,0.0,0.0,0.4040859302381628,0.0,0.0,0.0,
0.0,0.0,0.0,0.4040859302381628,0.0,0.0,0.0,
0.0,0.0,0.0,0.4040859302381628,0.0,0.0,0.0,
0.0,0.0,0.0,0.2795863990000476,0.0,0.0,0.0,
0.0,0.0,0.0,0.2795863990000476,0.0,0.0,0.0,
0.0,0.0,0.0,0.2795863990000476,0.0,0.0,0.0,
0.0,0.0,0.0,0.2795863990000476,0.0,0.0,0.0,
0.0,0.0,0.0,0.2795863990000476,0.0,0.0,0.0,
0.0,0.0,0.0,0.2795863990000476,0.0,0.0,0.0,
0.0,0.0,0.0,0.2795863990000476,0.0,0.0,0.0,
0.0,0.0,0.0,0.2795863990000476,0.0,0.0,0.0,
0.0,0.0,0.0,0.2795863990000476,0.0,0.0,0.0,
0.0,0.0,0.0,0.2795863990000476,0.0,0.0,0.0,
0.0,0.0,0.0,0.2795863990000476,0.0,0.0,0.0,
0.0,0.0,0.0,0.2795863990000476,0.0,0.0,0.0,
0.0,0.0,0.0,0.17777205333874005,0.0,0.0,0.0,
0.0,0.0,0.0,0.17777205333874005,0.0,0.0,0.0,
0.0,0.0,0.0,0.17777205333874005,0.0,0.0,0.0,
0.0,0.0,0.0,0.17777205333874005,0.0,0.0,0.0,
0.0,0.0,0.0,0.17777205333874005,0.0,0.0,0.0,
0.0,0.0,0.0,0.17777205333874005,0.0,0.0,0.0,
0.0,0.0,0.0,0.25259356374147546,0.0,0.0,0.0,
0.0,0.0,0.0,0.25259356374147546,0.0,0.0,0.0,
0.0,0.0,0.0,0.25259356374147546,0.0,0.0,0.0,
0.0,0.0,0.0,0.25259356374147546,0.0,0.0,0.0,
0.0,0.0,0.0,0.25259356374147546,0.0,0.0,0.0,
0.0,0.0,0.0,0.25259356374147546,0.0,0.0,0.0,
0.0,0.0,0.0,0.25259356374147546,0.0,0.0,0.0,
0.0,0.0,0.0,0.25259356374147546,0.0,0.0,0.0,
0.0,0.0,0.0,0.25259356374147546,0.0,0.0,0.0,
0.0,0.0,0.0,0.25259356374147546,0.0,0.0,0.0,
0.0,0.0,0.0,0.25259356374147546,0.0,0.0,0.0,
0.0,0.0,0.0,0.25259356374147546,0.0,0.0,0.0,
0.0,0.0,0.0,0.25259356374147546,0.0,0.0,0.0,
0.0,0.0,0.0,0.25259356374147546,0.0,0.0,0.0,
0.0,0.0,0.0,0.27887133817153587,0.0,0.0,0.0,
0.0,0.0,0.0,0.27887133817153587,0.0,0.0,0.0,
0.0,0.0,0.0,0.27887133817153587,0.0,0.0,0.0,
0.0,0.0,0.0,0.27887133817153587,0.0,0.0,0.0,
0.0,0.0,0.0,0.28076020332012286,0.0,0.0,0.0,
0.0,0.0,0.0,0.4563502259374379,0.0,0.0,0.0,
0.0,0.0,0.0,0.4563502259374379,0.0,0.0,0.0,
0.0,0.0,0.0,0.4563502259374379,0.0,0.0,0.0,
0.0,0.0,0.0,0.4563502259374379,0.0,0.0,0.0,
0.0,0.0,0.0,0.4556908993511249,0.0,0.0,0.0,
0.0,0.0,0.0,0.4556908993511249,0.0,0.0,0.0,
0.0,0.0,0.0,0.30948838540610796,0.0,0.0,0.0,
0.0,0.0,0.0,0.30948838540610796,0.0,0.0,0.0,
0.0,0.0,0.0,0.418288497592416,0.0,0.0,0.0,
0.0,0.0,0.0,0.418288497592416,0.0,0.0,0.0,
0.0,0.0,0.0,0.34221153061396153,0.0,0.0,0.0,
0.0,0.0,0.0,0.34221153061396153,0.0,0.0,0.0,
0.0,0.0,0.0,0.34221153061396153,0.0,0.0,0.0,
0.0,0.0,0.0,0.37887805992613444,0.0,0.0,0.0,
0.0,0.0,0.0,0.4693759821261304,0.0,0.0,0.0,
0.0,0.0,0.0,0.4693759821261304,0.0,0.0,0.0,
0.0,0.0,0.0,0.4693759821261304,0.0,0.0,0.0,
0.0,0.0,0.0,0.4337847708052932,0.0,0.0,0.0,
0.0,0.0,0.0,0.4337847708052932,0.0,0.0,0.0,
0.0,0.0,0.0,0.4337847708052932,0.0,0.0,0.0,
0.0,0.0,0.0,0.5298047092935775,0.0,0.0,0.0,
0.0,0.0,0.0,0.4061961272371742,0.0,0.0,0.0,
0.0,0.0,0.0,0.4061961272371742,0.0,0.0,0.0,
0.0,0.0,0.0,0.2971269602834087,0.0,0.0,0.0,
0.0,0.0,0.0,0.3580487699301201,0.0,0.0,0.0,
0.0,0.0,0.0,0.3580487699301201,0.0,0.0,0.0,
0.0,0.0,0.0,0.3580487699301201,0.0,0.0,0.0,
0.0,0.0,0.0,0.3580487699301201,0.0,0.0,0.0,
0.0,0.0,0.0,0.3580487699301201,0.0,0.0,0.0,
0.0,0.0,0.0,0.4227321698630965,0.0,0.0,0.0,
0.0,0.0,0.0,0.43226095074324,0.0,0.0,0.0,
0.0,0.0,0.0,0.2711905403298599,0.0,0.0,0.0,
0.0,0.0,0.0,0.2711905403298599,0.0,0.0,0.0,
0.0,0.0,0.0,0.2711905403298599,0.0,0.0,0.0,
0.0,0.0,0.0,0.2711905403298599,0.0,0.0,0.0,
0.0,0.0,0.0,0.2711905403298599,0.0,0.0,0.0,
0.0,0.0,0.0,0.2711905403298599,0.0,0.0,0.0,
0.0,0.0,0.0,0.2711905403298599,0.0,0.0,0.0,
0.0,0.0,0.0,0.2711905403298599,0.0,0.0,0.0,
0.0,0.0,0.0,0.2711905403298599,0.0,0.0,0.0,
0.0,0.0,0.0,0.2711905403298599,0.0,0.0,0.0,
0.0,0.0,0.0,0.2711905403298599,0.0,0.0,0.0,
0.0,0.0,0.0,0.2711905403298599,0.0,0.0,0.0,
0.0,0.0,0.0,0.2711905403298599,0.0,0.0,0.0,
0.0,0.0,0.0,0.2711905403298599,0.0,0.0,0.0,
0.0,0.0,0.0,0.25052265529300327,0.0,0.0,0.0,
0.0,0.0,0.0,0.25052265529300327,0.0,0.0,0.0,
0.0,0.0,0.0,0.25052265529300327,0.0,0.0,0.0,
0.0,0.0,0.0,0.25052265529300327,0.0,0.0,0.0,
0.0,0.0,0.0,0.25052265529300327,0.0,0.0,0.0,
0.0,0.0,0.0,0.25052265529300327,0.0,0.0,0.0,
0.0,0.0,0.0,0.25052265529300327,0.0,0.0,0.0,
0.0,0.0,0.0,0.25052265529300327,0.0,0.0,0.0,
0.0,0.0,0.0,0.25052265529300327,0.0,0.0,0.0,
0.0,0.0,0.0,0.14447478173613776,0.0,0.0,0.0,
0.0,0.0,0.0,0.20089778376929837,0.0,0.0,0.0,
0.0,0.0,0.0,0.2829610366857718,0.0,0.0,0.0,
0.0,0.0,0.0,0.2829610366857718,0.0,0.0,0.0,
0.0,0.0,0.0,0.2829610366857718,0.0,0.0,0.0,
0.0,0.0,0.0,0.2829610366857718,0.0,0.0,0.0,
0.0,0.0,0.0,0.2829610366857718,0.0,0.0,0.0,
0.0,0.0,0.0,0.2626468460436214,0.0,0.0,0.0,
0.0,0.0,0.0,0.3766332379208994,0.0,0.0,0.0,
0.0,0.0,0.0,0.3766332379208994,0.0,0.0,0.0,
0.0,0.0,0.0,0.3766332379208994,0.0,0.0,0.0,
0.0,0.0,0.0,0.3766332379208994,0.0,0.0,0.0,
0.0,0.0,0.0,0.3273660275574471,0.0,0.0,0.0,
0.0,0.0,0.0,0.3273660275574471,0.0,0.0,0.0,
0.0,0.0,0.0,0.3273660275574471,0.0,0.0,0.0,
0.0,0.0,0.0,0.25370807038904325,0.0,0.0,0.0,
0.0,0.0,0.0,0.25370807038904325,0.0,0.0,0.0,
0.0,0.0,0.0,0.1898615254128699,0.0,0.0,0.0,
0.0,0.0,0.0,0.1898615254128699,0.0,0.0,0.0,
0.0,0.0,0.0,0.2924239291860383,0.0,0.0,0.0,
0.0,0.0,0.0,0.3351944752394388,0.0,0.0,0.0,
0.0,0.0,0.0,0.3351944752394388,0.0,0.0,0.0,
0.0,0.0,0.0,0.3351944752394388,0.0,0.0,0.0,
0.0,0.0,0.0,0.3351944752394388,0.0,0.0,0.0,
0.0,0.0,0.0,0.3351944752394388,0.0,0.0,0.0,
0.0,0.0,0.0,0.3351944752394388,0.0,0.0,0.0,
0.0,0.0,0.0,0.3351944752394388,0.0,0.0,0.0,
0.0,0.0,0.0,0.3351944752394388,0.0,0.0,0.0,
0.0,0.0,0.0,0.41565637313154724,0.0,0.0,0.0,
0.0,0.0,0.0,0.3723082215162889,0.0,0.0,0.0,
0.0,0.0,0.0,0.3723082215162889,0.0,0.0,0.0,
0.0,0.0,0.0,0.3723082215162889,0.0,0.0,0.0,
0.0,0.0,0.0,0.3723082215162889,0.0,0.0,0.0,
0.0,0.0,0.0,0.3723082215162889,0.0,0.0,0.0,
0.0,0.0,0.0,0.3723082215162889,0.0,0.0,0.0,
0.0,0.0,0.0,0.31795034968115016,0.0,0.0,0.0,
0.0,0.0,0.0,0.31795034968115016,0.0,0.0,0.0,
0.0,0.0,0.0,0.31795034968115016,0.0,0.0,0.0,
0.0,0.0,0.0,0.30644431865706995,0.0,0.0,0.0,
0.0,0.0,0.0,0.47625342733728854,0.0,0.0,0.0,
0.0,0.0,0.0,0.47625342733728854,0.0,0.0,0.0,
0.0,0.0,0.0,0.47625342733728854,0.0,0.0,0.0,
0.0,0.0,0.0,0.47625342733728854,0.0,0.0,0.0,
0.0,0.0,0.0,0.47625342733728854,0.0,0.0,0.0,
0.0,0.0,0.0,0.47625342733728854,0.0,0.0,0.0,
0.0,0.0,0.0,0.39145692970940593,0.0,0.0,0.0,
0.0,0.0,0.0,0.3349258348582618,0.0,0.0,0.0,
0.0,0.0,0.0,0.3349258348582618,0.0,0.0,0.0,
0.0,0.0,0.0,0.4227819696564902,0.0,0.0,0.0,
0.0,0.0,0.0,0.3130030613850241,0.0,0.0,0.0,
0.0,0.0,0.0,0.3202547778522399,0.0,0.0,0.0,
0.0,0.0,0.0,0.3202547778522399,0.0,0.0,0.0,
0.0,0.0,0.0,0.3202547778522399,0.0,0.0,0.0,
0.0,0.0,0.0,0.2937249903409847,0.0,0.0,0.0,
0.0,0.0,0.0,0.2937249903409847,0.0,0.0,0.0,
0.0,0.0,0.0,0.2937249903409847,0.0,0.0,0.0,
0.0,0.0,0.0,0.2937249903409847,0.0,0.0,0.0,
0.0,0.0,0.0,0.2937249903409847,0.0,0.0,0.0,
0.0,0.0,0.0,0.2937249903409847,0.0,0.0,0.0,
0.0,0.0,0.0,0.2937249903409847,0.0,0.0,0.0,
0.0,0.0,0.0,0.2937249903409847,0.0,0.0,0.0,
0.0,0.0,0.0,0.0983407786388249,0.0,0.0,0.0,
0.0,0.0,0.0,0.0983407786388249,0.0,0.0,0.0,
0.0,0.0,0.0,0.0983407786388249,0.0,0.0,0.0,
0.0,0.0,0.0,0.0983407786388249,0.0,0.0,0.0,
0.0,0.0,0.0,0.18852910614322999,0.0,0.0,0.0,
0.0,0.0,0.0,0.18852910614322999,0.0,0.0,0.0,
0.0,0.0,0.0,0.18852910614322999,0.0,0.0,0.0,
0.0,0.0,0.0,-0.1544210151568566,0.0,0.0,0.0,
0.0,0.0,0.0,-0.1544210151568566,0.0,0.0,0.0,
0.0,0.0,0.0,0.028960198979737825,0.0,0.0,0.0,
0.0,0.0,0.0,-0.06472673137835823,0.0,0.0,0.0,
0.0,0.0,0.0,-0.06472673137835823,0.0,0.0,0.0,
0.0,0.0,0.0,-0.06472673137835823,0.0,0.0,0.0,
0.0,0.0,0.0,0.23581513926971748,0.0,0.0,0.0,
0.0,0.0,0.0,0.3294439412210011,0.0,0.0,0.0,
0.0,0.0,0.0,0.3294439412210011,0.0,0.0,0.0,
0.0,0.0,0.0,0.3294439412210011,0.0,0.0,0.0,
0.0,0.0,0.0,0.3294439412210011,0.0,0.0,0.0,
0.0,0.0,0.0,0.2982937634087457,0.0,0.0,0.0,
0.0,0.0,0.0,0.2982937634087457,0.0,0.0,0.0,
0.0,0.0,0.0,0.2982937634087457,0.0,0.0,0.0,
0.0,0.0,0.0,0.2982937634087457,0.0,0.0,0.0,
0.0,0.0,0.0,0.409476959262037,0.0,0.0,0.0,
0.0,0.0,0.0,0.409476959262037,0.0,0.0,0.0,
0.0,0.0,0.0,0.3983950409351877,0.0,0.0,0.0,
0.0,0.0,0.0,0.3983950409351877,0.0,0.0,0.0,
0.0,0.0,0.0,0.3983950409351877,0.0,0.0,0.0,
0.0,0.0,0.0,0.3983950409351877,0.0,0.0,0.0,
0.0,0.0,0.0,0.3983950409351877,0.0,0.0,0.0,
0.0,0.0,0.0,0.3983950409351877,0.0,0.0,0.0,
0.0,0.0,0.0,0.3983950409351877,0.0,0.0,0.0,
0.0,0.0,0.0,0.3983950409351877,0.0,0.0,0.0,
0.0,0.0,0.0,0.3983950409351877,0.0,0.0,0.0,
0.0,0.0,0.0,0.3983950409351877,0.0,0.0,0.0,
0.0,0.0,0.0,0.38670451888708973,0.0,0.0,0.0,
0.0,0.0,0.0,0.38670451888708973,0.0,0.0,0.0,
0.0,0.0,0.0,0.38670451888708973,0.0,0.0,0.0,
0.0,0.0,0.0,0.38670451888708973,0.0,0.0,0.0,
0.0,0.0,0.0,0.38670451888708973,0.0,0.0,0.0,
0.0,0.0,0.0,0.38670451888708973,0.0,0.0,0.0,
0.0,0.0,0.0,0.38670451888708973,0.0,0.0,0.0,
0.0,0.0,0.0,0.38670451888708973,0.0,0.0,0.0,
0.0,0.0,0.0,0.38670451888708973,0.0,0.0,0.0,
0.0,0.0,0.0,0.38670451888708973,0.0,0.0,0.0,
0.0,0.0,0.0,0.12080313502791247,0.0,0.0,0.0,
0.0,0.0,0.0,0.12080313502791247,0.0,0.0,0.0,
0.0,0.0,0.0,0.12080313502791247,0.0,0.0,0.0,
0.0,0.0,0.0,0.12080313502791247,0.0,0.0,0.0,
0.0,0.0,0.0,0.12080313502791247,0.0,0.0,0.0,
0.0,0.0,0.0,0.12080313502791247,0.0,0.0,0.0,
0.0,0.0,0.0,-0.033848611017872884,0.0,0.0,0.0,
0.0,0.0,0.0,-0.033848611017872884,0.0,0.0,0.0,
0.0,0.0,0.0,-0.033848611017872884,0.0,0.0,0.0,
0.0,0.0,0.0,-0.033848611017872884,0.0,0.0,0.0,
0.0,0.0,0.0,-0.033848611017872884,0.0,0.0,0.0,
0.0,0.0,0.0,0.03654710362829172,0.0,0.0,0.0,
0.0,0.0,0.0,0.03654710362829172,0.0,0.0,0.0,
0.0,0.0,0.0,0.03654710362829172,0.0,0.0,0.0,
0.0,0.0,0.0,0.07913912854576682,0.0,0.0,0.0,
0.0,0.0,0.0,0.12135204734819431,0.0,0.0,0.0,
0.0,0.0,0.0,0.12135204734819431,0.0,0.0,0.0,
0.0,0.0,0.0,0.12135204734819431,0.0,0.0,0.0,
0.0,0.0,0.0,0.005532434683409457,0.0,0.0,0.0,
0.0,0.0,0.0,0.005532434683409457,0.0,0.0,0.0,
0.0,0.0,0.0,0.005532434683409457,0.0,0.0,0.0,
0.0,0.0,0.0,0.2196218808644915,0.0,0.0,0.0,
0.0,0.0,0.0,0.2196218808644915,0.0,0.0,0.0,
0.0,0.0,0.0,0.2196218808644915,0.0,0.0,0.0,
0.0,0.0,0.0,0.2196218808644915,0.0,0.0,0.0,
0.0,0.0,0.0,0.2196218808644915,0.0,0.0,0.0,
0.0,0.0,0.0,0.2196218808644915,0.0,0.0,0.0,
0.0,0.0,0.0,0.2196218808644915,0.0,0.0,0.0,
0.0,0.0,0.0,0.2196218808644915,0.0,0.0,0.0,
0.0,0.0,0.0,0.28013150465323944,0.0,0.0,0.0,
0.0,0.0,0.0,0.28013150465323944,0.0,0.0,0.0,
0.0,0.0,0.0,0.28013150465323944,0.0,0.0,0.0,
0.0,0.0,0.0,0.20056558731356233,0.0,0.0,0.0,
0.0,0.0,0.0,0.08390016980758572,0.0,0.0,0.0,
0.0,0.0,0.0,0.08390016980758572,0.0,0.0,0.0,
0.0,0.0,0.0,0.08390016980758572,0.0,0.0,0.0,
0.0,0.0,0.0,0.08390016980758572,0.0,0.0,0.0,
0.0,0.0,0.0,0.29210481925212795,0.0,0.0,0.0,
0.0,0.0,0.0,0.29210481925212795,0.0,0.0,0.0,
0.0,0.0,0.0,0.37993133475503704,0.0,0.0,0.0,
0.0,0.0,0.0,0.16802363911830992,0.0,0.0,0.0,
0.0,0.0,0.0,0.3528919418919948,0.0,0.0,0.0,
0.0,0.0,0.0,0.3528919418919948,0.0,0.0,0.0,
0.0,0.0,0.0,0.3528919418919948,0.0,0.0,0.0,
0.0,0.0,0.0,0.3631891957231646,0.0,0.0,0.0,
0.0,0.0,0.0,0.3631891957231646,0.0,0.0,0.0,
0.0,0.0,0.0,0.3631891957231646,0.0,0.0,0.0,
0.0,0.0,0.0,0.3960586741848582,0.0,0.0,0.0,
0.0,0.0,0.0,0.3960586741848582,0.0,0.0,0.0,
0.0,0.0,0.0,0.3960586741848582,0.0,0.0,0.0,
0.0,0.0,0.0,0.3960586741848582,0.0,0.0,0.0,
0.0,0.0,0.0,0.3960586741848582,0.0,0.0,0.0,
0.0,0.0,0.0,0.3960586741848582,0.0,0.0,0.0,
0.0,0.0,0.0,0.3960586741848582,0.0,0.0,0.0,
0.0,0.0,0.0,0.3960586741848582,0.0,0.0,0.0,
0.0,0.0,0.0,0.3960586741848582,0.0,0.0,0.0,
0.0,0.0,0.0,0.39554915853689643,0.0,0.0,0.0,
0.0,0.0,0.0,0.39554915853689643,0.0,0.0,0.0,
0.0,0.0,0.0,0.39554915853689643,0.0,0.0,0.0,
0.0,0.0,0.0,0.39554915853689643,0.0,0.0,0.0,
0.0,0.0,0.0,0.39554915853689643,0.0,0.0,0.0,
0.0,0.0,0.0,0.40602644877376354,0.0,0.0,0.0,
0.0,0.0,0.0,0.40602644877376354,0.0,0.0,0.0,
0.0,0.0,0.0,0.40602644877376354,0.0,0.0,0.0,
0.0,0.0,0.0,0.40602644877376354,0.0,0.0,0.0,
0.0,0.0,0.0,0.40602644877376354,0.0,0.0,0.0,
0.0,0.0,0.0,0.40602644877376354,0.0,0.0,0.0,
0.0,0.0,0.0,0.40602644877376354,0.0,0.0,0.0,
0.0,0.0,0.0,0.40602644877376354,0.0,0.0,0.0,
0.0,0.0,0.0,0.28354459259236914,0.0,0.0,0.0,
0.0,0.0,0.0,0.28354459259236914,0.0,0.0,0.0,
0.0,0.0,0.0,0.28354459259236914,0.0,0.0,0.0,
0.0,0.0,0.0,0.28354459259236914,0.0,0.0,0.0,
0.0,0.0,0.0,0.2976921781515291,0.0,0.0,0.0,
0.0,0.0,0.0,0.2976921781515291,0.0,0.0,0.0,
0.0,0.0,0.0,0.2976921781515291,0.0,0.0,0.0,
0.0,0.0,0.0,0.2976921781515291,0.0,0.0,0.0,
0.0,0.0,0.0,0.2976921781515291,0.0,0.0,0.0,
0.0,0.0,0.0,0.2976921781515291,0.0,0.0,0.0,
0.0,0.0,0.0,0.2976921781515291,0.0,0.0,0.0,
0.0,0.0,0.0,0.30848964918468474,0.0,0.0,0.0,
0.0,0.0,0.0,0.44289022752821294,0.0,0.0,0.0,
0.0,0.0,0.0,0.44289022752821294,0.0,0.0,0.0,
0.0,0.0,0.0,0.44289022752821294,0.0,0.0,0.0,
0.0,0.0,0.0,0.2958555290448305,0.0,0.0,0.0,
0.0,0.0,0.0,0.2958555290448305,0.0,0.0,0.0,
0.0,0.0,0.0,0.20666946409221343,0.0,0.0,0.0,
0.0,0.0,0.0,0.1711538308085622,0.0,0.0,0.0,
0.0,0.0,0.0,0.1711538308085622,0.0,0.0,0.0,
0.0,0.0,0.0,0.1711538308085622,0.0,0.0,0.0,
0.0,0.0,0.0,0.1711538308085622,0.0,0.0,0.0,
0.0,0.0,0.0,0.2093830978613597,0.0,0.0,0.0,
0.0,0.0,0.0,0.2093830978613597,0.0,0.0,0.0,
0.0,0.0,0.0,0.21933429147471264,0.0,0.0,0.0,
0.0,0.0,0.0,0.1311401888327206,0.0,0.0,0.0,
0.0,0.0,0.0,0.1311401888327206,0.0,0.0,0.0,
0.0,0.0,0.0,0.24219524954923344,0.0,0.0,0.0,
0.0,0.0,0.0,0.2723691108008833,0.0,0.0,0.0,
0.0,0.0,0.0,0.2723691108008833,0.0,0.0,0.0,
0.0,0.0,0.0,0.2723691108008833,0.0,0.0,0.0,
0.0,0.0,0.0,0.12028960369777325,0.0,0.0,0.0,
0.0,0.0,0.0,0.12028960369777325,0.0,0.0,0.0,
0.0,0.0,0.0,0.12028960369777325,0.0,0.0,0.0,
0.0,0.0,0.0,0.12028960369777325,0.0,0.0,0.0,
0.0,0.0,0.0,0.12072408656277897,0.0,0.0,0.0,
0.0,0.0,0.0,0.12072408656277897,0.0,0.0,0.0,
0.0,0.0,0.0,0.12072408656277897,0.0,0.0,0.0,
0.0,0.0,0.0,0.12072408656277897,0.0,0.0,0.0,
0.0,0.0,0.0,0.37959400926510467,0.0,0.0,0.0,
0.0,0.0,0.0,0.37959400926510467,0.0,0.0,0.0,
0.0,0.0,0.0,0.37959400926510467,0.0,0.0,0.0,
0.0,0.0,0.0,0.37959400926510467,0.0,0.0,0.0,
0.0,0.0,0.0,0.37959400926510467,0.0,0.0,0.0,
0.0,0.0,0.0,0.37959400926510467,0.0,0.0,0.0,
0.0,0.0,0.0,0.37959400926510467,0.0,0.0,0.0,
0.0,0.0,0.0,0.23612104783102325,0.0,0.0,0.0,
0.0,0.0,0.0,0.21573242857665292,0.0,0.0,0.0,
0.0,0.0,0.0,0.21573242857665292,0.0,0.0,0.0,
0.0,0.0,0.0,0.21573242857665292,0.0,0.0,0.0,
0.0,0.0,0.0,0.20975079824069467,0.0,0.0,0.0,
0.0,0.0,0.0,0.19129412687081374,0.0,0.0,0.0,
0.0,0.0,0.0,0.2009634812243152,0.0,0.0,0.0,
0.0,0.0,0.0,0.08131475426590593,0.0,0.0,0.0,
0.0,0.0,0.0,0.08131475426590593,0.0,0.0,0.0,
0.0,0.0,0.0,0.20166574948201382,0.0,0.0,0.0,
0.0,0.0,0.0,0.18714958279038393,0.0,0.0,0.0,
0.0,0.0,0.0,0.2653139656015737,0.0,0.0,0.0,
0.0,0.0,0.0,0.43657265790517547,0.0,0.0,0.0,
0.0,0.0,0.0,0.07292923863079089,0.0,0.0,0.0,
0.0,0.0,0.0,0.04752844467342167,0.0,0.0,0.0,
0.0,0.0,0.0,0.1797862890324055,0.0,0.0,0.0,
0.0,0.0,0.0,0.1797862890324055,0.0,0.0,0.0,
0.0,0.0,0.0,0.1797862890324055,0.0,0.0,0.0,
0.0,0.0,0.0,0.18637488641140348,0.0,0.0,0.0,
0.0,0.0,0.0,0.14697354042712446,0.0,0.0,0.0,
0.0,0.0,0.0,0.14697354042712446,0.0,0.0,0.0,
0.0,0.0,0.0,0.3033912600767216,0.0,0.0,0.0,
0.0,0.0,0.0,0.3033912600767216,0.0,0.0,0.0,
0.0,0.0,0.0,0.3033912600767216,0.0,0.0,0.0,
0.0,0.0,0.0,0.40620538445789467,0.0,0.0,0.0,
0.0,0.0,0.0,0.40620538445789467,0.0,0.0,0.0,
0.0,0.0,0.0,0.5110946586589908,0.0,0.0,0.0,
0.0,0.0,0.0,0.46282898455658283,0.0,0.0,0.0,
0.0,0.0,0.0,0.5457937874697885,0.0,0.0,0.0,
0.0,0.0,0.0,0.388899577108358,0.0,0.0,0.0,
0.0,0.0,0.0,0.32121543052504464,0.0,0.0,0.0,
0.0,0.0,0.0,0.32121543052504464,0.0,0.0,0.0,
0.0,0.0,0.0,0.6051211857152905,0.0,0.0,0.0,
0.0,0.0,0.0,0.6051211857152905,0.0,0.0,0.0,
0.0,0.0,0.0,0.6051211857152905,0.0,0.0,0.0,
0.0,0.0,0.0,0.6051211857152905,0.0,0.0,0.0,
0.0,0.0,0.0,0.6051211857152905,0.0,0.0,0.0,
0.0,0.0,0.0,0.6590919732047356,0.0,0.0,0.0,
0.0,0.0,0.0,0.6590919732047356,0.0,0.0,0.0,
0.0,0.0,0.0,0.6590919732047356,0.0,0.0,0.0,
0.0,0.0,0.0,0.6590919732047356,0.0,0.0,0.0,
0.0,0.0,0.0,0.8915473343928386,0.0,0.0,0.0,
0.0,0.0,0.0,0.8915473343928386,0.0,0.0,0.0,
0.0,0.0,0.0,0.8915473343928386,0.0,0.0,0.0,
0.0,0.0,0.0,0.6703067196001992,0.0,0.0,0.0,
0.0,0.0,0.0,0.6703067196001992,0.0,0.0,0.0,
0.0,0.0,0.0,0.6243638854513727,0.0,0.0,0.0,
0.0,0.0,0.0,0.6243638854513727,0.0,0.0,0.0,
0.0,0.0,0.0,0.6243638854513727,0.0,0.0,0.0,
0.0,0.0,0.0,0.6243638854513727,0.0,0.0,0.0,
0.0,0.0,0.0,0.6243638854513727,0.0,0.0,0.0,
0.0,0.0,0.0,0.6243638854513727,0.0,0.0,0.0,
0.0,0.0,0.0,0.851735136131142,0.0,0.0,0.0,
0.0,0.0,0.0,0.851735136131142,0.0,0.0,0.0,
0.0,0.0,0.0,0.851735136131142,0.0,0.0,0.0,
0.0,0.0,0.0,0.851735136131142,0.0,0.0,0.0,
0.0,0.0,0.0,0.8876779257280744,0.0,0.0,0.0,
0.0,0.0,0.0,0.8876779257280744,0.0,0.0,0.0,
0.0,0.0,0.0,0.8876779257280744,0.0,0.0,0.0,
0.0,0.0,0.0,0.6796137098882329,0.0,0.0,0.0,
0.0,0.0,0.0,0.7474178433416218,0.0,0.0,0.0,
0.0,0.0,0.0,0.6119651909997633,0.0,0.0,0.0,
0.0,0.0,0.0,0.6119651909997633,0.0,0.0,0.0,
0.0,0.0,0.0,0.6119651909997633,0.0,0.0,0.0,
0.0,0.0,0.0,0.5919161569468399,0.0,0.0,0.0,
0.0,0.0,0.0,0.5919161569468399,0.0,0.0,0.0,
0.0,0.0,0.0,0.5919161569468399,0.0,0.0,0.0,
0.0,0.0,0.0,0.5919161569468399,0.0,0.0,0.0,
0.0,0.0,0.0,0.5919161569468399,0.0,0.0,0.0,
0.0,0.0,0.0,0.3918207317301663,0.0,0.0,0.0,
0.0,0.0,0.0,0.17325768169649072,0.0,0.0,0.0,
0.0,0.0,0.0,0.17325768169649072,0.0,0.0,0.0,
0.0,0.0,0.0,0.17325768169649072,0.0,0.0,0.0,
0.0,0.0,0.0,0.17325768169649072,0.0,0.0,0.0,
0.0,0.0,0.0,0.167249322429235,0.0,0.0,0.0,
0.0,0.0,0.0,0.11196103783531103,0.0,0.0,0.0,
0.0,0.0,0.0,0.11196103783531103,0.0,0.0,0.0,
0.0,0.0,0.0,0.11196103783531103,0.0,0.0,0.0,
0.0,0.0,0.0,0.11196103783531103,0.0,0.0,0.0,
0.0,0.0,0.0,0.11196103783531103,0.0,0.0,0.0,
0.0,0.0,0.0,0.10900226286461154,0.0,0.0,0.0,
0.0,0.0,0.0,0.10900226286461154,0.0,0.0,0.0,
0.0,0.0,0.0,0.24273417030170077,0.0,0.0,0.0,
0.0,0.0,0.0,0.24273417030170077,0.0,0.0,0.0,
0.0,0.0,0.0,0.12897460428364055,0.0,0.0,0.0,
0.0,0.0,0.0,0.269232253603784,0.0,0.0,0.0,
0.0,0.0,0.0,0.11911006668253576,0.0,0.0,0.0,
0.0,0.0,0.0,0.11911006668253576,0.0,0.0,0.0,
0.0,0.0,0.0,0.1229140215578304,0.0,0.0,0.0,
0.0,0.0,0.0,0.1229140215578304,0.0,0.0,0.0,
0.0,0.0,0.0,0.1229140215578304,0.0,0.0,0.0,
0.0,0.0,0.0,0.06542352630309345,0.0,0.0,0.0,
0.0,0.0,0.0,0.06542352630309345,0.0,0.0,0.0,
0.0,0.0,0.0,0.06542352630309345,0.0,0.0,0.0,
0.0,0.0,0.0,0.02219484269350199,0.0,0.0,0.0,
0.0,0.0,0.0,0.20396154272345823,0.0,0.0,0.0,
0.0,0.0,0.0,0.5028809944070685,0.0,0.0,0.0,
0.0,0.0,0.0,0.5028809944070685,0.0,0.0,0.0,
0.0,0.0,0.0,0.5028809944070685,0.0,0.0,0.0,
0.0,0.0,0.0,0.5028809944070685,0.0,0.0,0.0,
0.0,0.0,0.0,0.5028809944070685,0.0,0.0,0.0,
0.0,0.0,0.0,0.49686184431790265,0.0,0.0,0.0,
0.0,0.0,0.0,0.5909528399376941,0.0,0.0,0.0,
0.0,0.0,0.0,0.5909528399376941,0.0,0.0,0.0,
0.0,0.0,0.0,0.6210822596747749,0.0,0.0,0.0,
0.0,0.0,0.0,0.6210822596747749,0.0,0.0,0.0,
0.0,0.0,0.0,0.6210822596747749,0.0,0.0,0.0,
0.0,0.0,0.0,0.6210822596747749,0.0,0.0,0.0,
0.0,0.0,0.0,0.6210822596747749,0.0,0.0,0.0,
0.0,0.0,0.0,0.6210822596747749,0.0,0.0,0.0,
0.0,0.0,0.0,0.6210822596747749,0.0,0.0,0.0,
0.0,0.0,0.0,0.6210822596747749,0.0,0.0,0.0,
0.0,0.0,0.0,0.6493204270012966,0.0,0.0,0.0,
0.0,0.0,0.0,0.6493204270012966,0.0,0.0,0.0,
0.0,0.0,0.0,0.6493204270012966,0.0,0.0,0.0,
0.0,0.0,0.0,0.6493204270012966,0.0,0.0,0.0,
0.0,0.0,0.0,0.6493204270012966,0.0,0.0,0.0,
0.0,0.0,0.0,0.6736369839909738,0.0,0.0,0.0,
0.0,0.0,0.0,0.46449783280883816,0.0,0.0,0.0,
0.0,0.0,0.0,0.5230662466838498,0.0,0.0,0.0,
0.0,0.0,0.0,0.5468778798802449,0.0,0.0,0.0,
0.0,0.0,0.0,0.5351292684939972,0.0,0.0,0.0,
0.0,0.0,0.0,0.5351292684939972,0.0,0.0,0.0,
0.0,0.0,0.0,0.514142915012312,0.0,0.0,0.0,
0.0,0.0,0.0,0.514142915012312,0.0,0.0,0.0,
0.0,0.0,0.0,0.40108182399934456,0.0,0.0,0.0,
0.0,0.0,0.0,0.40108182399934456,0.0,0.0,0.0,
0.0,0.0,0.0,0.40108182399934456,0.0,0.0,0.0,
0.0,0.0,0.0,0.40108182399934456,0.0,0.0,0.0,
0.0,0.0,0.0,0.40108182399934456,0.0,0.0,0.0,
0.0,0.0,0.0,0.6775416310674749,0.0,0.0,0.0,
0.0,0.0,0.0,0.6775416310674749,0.0,0.0,0.0,
0.0,0.0,0.0,0.5125173431606985,0.0,0.0,0.0,
0.0,0.0,0.0,0.7894731537138294,0.0,0.0,0.0,
0.0,0.0,0.0,0.8400463447482963,0.0,0.0,0.0,
0.0,0.0,0.0,0.8620262435397846,0.0,0.0,0.0,
0.0,0.0,0.0,0.8620262435397846,0.0,0.0,0.0,
0.0,0.0,0.0,0.8620262435397846,0.0,0.0,0.0,
0.0,0.0,0.0,0.8159483252405024,0.0,0.0,0.0,
0.0,0.0,0.0,0.8159483252405024,0.0,0.0,0.0,
0.0,0.0,0.0,0.8159483252405024,0.0,0.0,0.0,
0.0,0.0,0.0,0.8160401834425192,0.0,0.0,0.0,
0.0,0.0,0.0,0.8160401834425192,0.0,0.0,0.0,
0.0,0.0,0.0,0.8160401834425192,0.0,0.0,0.0,
0.0,0.0,0.0,0.8160401834425192,0.0,0.0,0.0,
0.0,0.0,0.0,0.8160401834425192,0.0,0.0,0.0,
0.0,0.0,0.0,0.6695378612078411,0.0,0.0,0.0,
0.0,0.0,0.0,0.6544780399456238,0.0,0.0,0.0,
0.0,0.0,0.0,0.43062717867085304,0.0,0.0,0.0,
0.0,0.0,0.0,0.43062717867085304,0.0,0.0,0.0,
0.0,0.0,0.0,0.43062717867085304,0.0,0.0,0.0,
0.0,0.0,0.0,0.43062717867085304,0.0,0.0,0.0,
0.0,0.0,0.0,0.43062717867085304,0.0,0.0,0.0,
0.0,0.0,0.0,0.43062717867085304,0.0,0.0,0.0,
0.0,0.0,0.0,0.43062717867085304,0.0,0.0,0.0,
0.0,0.0,0.0,0.43062717867085304,0.0,0.0,0.0,
0.0,0.0,0.0,0.43062717867085304,0.0,0.0,0.0,
0.0,0.0,0.0,0.5117206574223028,0.0,0.0,0.0,
0.0,0.0,0.0,0.5801811829689058,0.0,0.0,0.0,
0.0,0.0,0.0,0.5801811829689058,0.0,0.0,0.0,
0.0,0.0,0.0,0.5801811829689058,0.0,0.0,0.0,
0.0,0.0,0.0,0.6715101674492893,0.0,0.0,0.0,
0.0,0.0,0.0,0.6715101674492893,0.0,0.0,0.0,
0.0,0.0,0.0,0.6624839020189875,0.0,0.0,0.0,
0.0,0.0,0.0,0.6624839020189875,0.0,0.0,0.0,
0.0,0.0,0.0,0.6624839020189875,0.0,0.0,0.0,
0.0,0.0,0.0,0.6624839020189875,0.0,0.0,0.0,
0.0,0.0,0.0,0.6624839020189875,0.0,0.0,0.0,
0.0,0.0,0.0,0.6624839020189875,0.0,0.0,0.0,
0.0,0.0,0.0,0.6624839020189875,0.0,0.0,0.0,
0.0,0.0,0.0,0.6531315496194232,0.0,0.0,0.0,
0.0,0.0,0.0,0.6531315496194232,0.0,0.0,0.0,
0.0,0.0,0.0,0.7507829796171845,0.0,0.0,0.0,
0.0,0.0,0.0,0.7507829796171845,0.0,0.0,0.0,
0.0,0.0,0.0,0.7887358506103496,0.0,0.0,0.0,
0.0,0.0,0.0,0.7887358506103496,0.0,0.0,0.0,
0.0,0.0,0.0,0.7887358506103496,0.0,0.0,0.0,
0.0,0.0,0.0,0.8205179120642807,0.0,0.0,0.0,
0.0,0.0,0.0,0.8205179120642807,0.0,0.0,0.0,
0.0,0.0,0.0,0.8205179120642807,0.0,0.0,0.0,
0.0,0.0,0.0,0.8205179120642807,0.0,0.0,0.0,
0.0,0.0,0.0,0.8205179120642807,0.0,0.0,0.0,
0.0,0.0,0.0,0.8205179120642807,0.0,0.0,0.0,
0.0,0.0,0.0,0.8205179120642807,0.0,0.0,0.0,
0.0,0.0,0.0,0.8205179120642807,0.0,0.0,0.0,
0.0,0.0,0.0,0.8205179120642807,0.0,0.0,0.0,
0.0,0.0,0.0,0.9213041495523386,0.0,0.0,0.0,
0.0,0.0,0.0,0.9213041495523386,0.0,0.0,0.0,
0.0,0.0,0.0,0.9213041495523386,0.0,0.0,0.0,
0.0,0.0,0.0,0.9213041495523386,0.0,0.0,0.0,
0.0,0.0,0.0,0.9213041495523386,0.0,0.0,0.0,
0.0,0.0,0.0,0.9213041495523386,0.0,0.0,0.0,
0.0,0.0,0.0,0.9213041495523386,0.0,0.0,0.0,
0.0,0.0,0.0,0.9213041495523386,0.0,0.0,0.0,
0.0,0.0,0.0,0.9213041495523386,0.0,0.0,0.0,
0.0,0.0,0.0,0.9831339929868925,0.0,0.0,0.0,
0.0,0.0,0.0,0.9831339929868925,0.0,0.0,0.0,
0.0,0.0,0.0,0.9831339929868925,0.0,0.0,0.0,
0.0,0.0,0.0,1.0751055311219821,0.0,0.0,0.0,
0.0,0.0,0.0,1.0751055311219821,0.0,0.0,0.0,
0.0,0.0,0.0,1.0751055311219821,0.0,0.0,0.0,
0.0,0.0,0.0,1.0751055311219821,0.0,0.0,0.0,
0.0,0.0,0.0,1.0751055311219821,0.0,0.0,0.0,
0.0,0.0,0.0,1.0432312549110334,0.0,0.0,0.0,
0.0,0.0,0.0,0.9805091895754322,0.0,0.0,0.0,
0.0,0.0,0.0,0.9805091895754322,0.0,0.0,0.0,
0.0,0.0,0.0,0.9805091895754322,0.0,0.0,0.0,
0.0,0.0,0.0,0.9805091895754322,0.0,0.0,0.0,
0.0,0.0,0.0,0.9805091895754322,0.0,0.0,0.0,
0.0,0.0,0.0,0.9805091895754322,0.0,0.0,0.0,
0.0,0.0,0.0,0.8477725141785272,0.0,0.0,0.0,
0.0,0.0,0.0,0.8477725141785272,0.0,0.0,0.0,
0.0,0.0,0.0,0.8477725141785272,0.0,0.0,0.0,
0.0,0.0,0.0,0.8477725141785272,0.0,0.0,0.0,
0.0,0.0,0.0,0.8477725141785272,0.0,0.0,0.0,
0.0,0.0,0.0,0.9929368582375254,0.0,0.0,0.0,
0.0,0.0,0.0,0.9929368582375254,0.0,0.0,0.0,
0.0,0.0,0.0,0.9929368582375254,0.0,0.0,0.0,
0.0,0.0,0.0,0.9039051058997254,0.0,0.0,0.0,
0.0,0.0,0.0,0.7388473277919181,0.0,0.0,0.0,
0.0,0.0,0.0,0.7388473277919181,0.0,0.0,0.0,
0.0,0.0,0.0,0.7388473277919181,0.0,0.0,0.0,
0.0,0.0,0.0,0.7388473277919181,0.0,0.0,0.0,
0.0,0.0,0.0,0.7388473277919181,0.0,0.0,0.0,
0.0,0.0,0.0,0.7388473277919181,0.0,0.0,0.0,
0.0,0.0,0.0,0.7388473277919181,0.0,0.0,0.0,
0.0,0.0,0.0,0.6435284044534113,0.0,0.0,0.0,
0.0,0.0,0.0,0.671144318593281,0.0,0.0,0.0,
0.0,0.0,0.0,0.671144318593281,0.0,0.0,0.0,
0.0,0.0,0.0,0.671144318593281,0.0,0.0,0.0,
0.0,0.0,0.0,0.5159543847274028,0.0,0.0,0.0,
0.0,0.0,0.0,0.5034877525768792,0.0,0.0,0.0,
0.0,0.0,0.0,0.5034877525768792,0.0,0.0,0.0,
0.0,0.0,0.0,0.5045371255970612,0.0,0.0,0.0,
0.0,0.0,0.0,0.5045371255970612,0.0,0.0,0.0,
0.0,0.0,0.0,0.5045371255970612,0.0,0.0,0.0,
0.0,0.0,0.0,0.5045371255970612,0.0,0.0,0.0,
0.0,0.0,0.0,0.49685272884751586,0.0,0.0,0.0,
0.0,0.0,0.0,0.49685272884751586,0.0,0.0,0.0,
0.0,0.0,0.0,0.3048744178091438,0.0,0.0,0.0,
0.0,0.0,0.0,0.3048744178091438,0.0,0.0,0.0,
0.0,0.0,0.0,0.3048744178091438,0.0,0.0,0.0,
0.0,0.0,0.0,0.2369839816757777,0.0,0.0,0.0,
0.0,0.0,0.0,0.09368268518075029,0.0,0.0,0.0,
0.0,0.0,0.0,0.23455407694736904,0.0,0.0,0.0,
0.0,0.0,0.0,0.23455407694736904,0.0,0.0,0.0,
0.0,0.0,0.0,0.23455407694736904,0.0,0.0,0.0,
0.0,0.0,0.0,0.23455407694736904,0.0,0.0,0.0,
0.0,0.0,0.0,0.3758593889060927,0.0,0.0,0.0,
0.0,0.0,0.0,0.3758593889060927,0.0,0.0,0.0,
0.0,0.0,0.0,0.5056331774479266,0.0,0.0,0.0,
0.0,0.0,0.0,0.5056331774479266,0.0,0.0,0.0,
0.0,0.0,0.0,0.5056331774479266,0.0,0.0,0.0,
0.0,0.0,0.0,0.5056331774479266,0.0,0.0,0.0,
0.0,0.0,0.0,0.5056331774479266,0.0,0.0,0.0,
0.0,0.0,0.0,0.48726546195067716,0.0,0.0,0.0,
0.0,0.0,0.0,0.48726546195067716,0.0,0.0,0.0,
0.0,0.0,0.0,0.48726546195067716,0.0,0.0,0.0,
0.0,0.0,0.0,0.37065163336218027,0.0,0.0,0.0,
0.0,0.0,0.0,0.39498168186400257,0.0,0.0,0.0,
0.0,0.0,0.0,0.39498168186400257,0.0,0.0,0.0,
0.0,0.0,0.0,0.39498168186400257,0.0,0.0,0.0,
0.0,0.0,0.0,0.45773120119154453,0.0,0.0,0.0,
0.0,0.0,0.0,0.45773120119154453,0.0,0.0,0.0,
0.0,0.0,0.0,0.45773120119154453,0.0,0.0,0.0,
0.0,0.0,0.0,0.45773120119154453,0.0,0.0,0.0,
0.0,0.0,0.0,0.45773120119154453,0.0,0.0,0.0,
0.0,0.0,0.0,0.3526042494395506,0.0,0.0,0.0,
0.0,0.0,0.0,0.6599590923464205,0.0,0.0,0.0,
0.0,0.0,0.0,0.6599590923464205,0.0,0.0,0.0,
0.0,0.0,0.0,0.4942560750276941,0.0,0.0,0.0,
0.0,0.0,0.0,0.4942560750276941,0.0,0.0,0.0,
0.0,0.0,0.0,0.4942560750276941,0.0,0.0,0.0,
0.0,0.0,0.0,0.4942560750276941,0.0,0.0,0.0,
0.0,0.0,0.0,0.4942560750276941,0.0,0.0,0.0,
0.0,0.0,0.0,0.4942560750276941,0.0,0.0,0.0,
0.0,0.0,0.0,0.4942560750276941,0.0,0.0,0.0,
0.0,0.0,0.0,0.5003402364197059,0.0,0.0,0.0,
0.0,0.0,0.0,0.38369054244525463,0.0,0.0,0.0,
0.0,0.0,0.0,0.6048677549808448,0.0,0.0,0.0,
0.0,0.0,0.0,0.6208707019293983,0.0,0.0,0.0,
0.0,0.0,0.0,0.5538696509888665,0.0,0.0,0.0,
0.0,0.0,0.0,0.5538696509888665,0.0,0.0,0.0,
0.0,0.0,0.0,0.48059260045968033,0.0,0.0,0.0,
0.0,0.0,0.0,0.48059260045968033,0.0,0.0,0.0,
0.0,0.0,0.0,0.4809030130528044,0.0,0.0,0.0,
0.0,0.0,0.0,0.3957968060072735,0.0,0.0,0.0,
0.0,0.0,0.0,0.4121664616375412,0.0,0.0,0.0,
0.0,0.0,0.0,0.4121664616375412,0.0,0.0,0.0,
0.0,0.0,0.0,0.26799786245629686,0.0,0.0,0.0,
0.0,0.0,0.0,0.31191904498985984,0.0,0.0,0.0,
0.0,0.0,0.0,0.33982502657458563,0.0,0.0,0.0,
0.0,0.0,0.0,0.4082095256543542,0.0,0.0,0.0,
0.0,0.0,0.0,0.4082095256543542,0.0,0.0,0.0,
0.0,0.0,0.0,0.43050877681572386,0.0,0.0,0.0,
0.0,0.0,0.0,0.43050877681572386,0.0,0.0,0.0,
0.0,0.0,0.0,0.6620738623445576,0.0,0.0,0.0,
0.0,0.0,0.0,0.6914320711037176,0.0,0.0,0.0,
0.0,0.0,0.0,0.5988338134946226,0.0,0.0,0.0,
0.0,0.0,0.0,0.5988338134946226,0.0,0.0,0.0,
0.0,0.0,0.0,0.6732194103063407,0.0,0.0,0.0,
0.0,0.0,0.0,0.6732194103063407,0.0,0.0,0.0,
0.0,0.0,0.0,0.7089883198580976,0.0,0.0,0.0,
0.0,0.0,0.0,0.7089883198580976,0.0,0.0,0.0,
0.0,0.0,0.0,0.6158559132187099,0.0,0.0,0.0,
0.0,0.0,0.0,0.6158559132187099,0.0,0.0,0.0,
0.0,0.0,0.0,0.7651805187635572,0.0,0.0,0.0,
0.0,0.0,0.0,0.7651805187635572,0.0,0.0,0.0,
0.0,0.0,0.0,0.7651805187635572,0.0,0.0,0.0,
0.0,0.0,0.0,0.7651805187635572,0.0,0.0,0.0,
0.0,0.0,0.0,0.8283037072922933,0.0,0.0,0.0,
0.0,0.0,0.0,0.7807611884106429,0.0,0.0,0.0,
0.0,0.0,0.0,0.7807611884106429,0.0,0.0,0.0,
0.0,0.0,0.0,0.7807611884106429,0.0,0.0,0.0,
0.0,0.0,0.0,0.7807611884106429,0.0,0.0,0.0,
0.0,0.0,0.0,0.7911211301796548,0.0,0.0,0.0,
0.0,0.0,0.0,0.7911211301796548,0.0,0.0,0.0,
0.0,0.0,0.0,0.7497776695670713,0.0,0.0,0.0,
0.0,0.0,0.0,0.7497776695670713,0.0,0.0,0.0,
0.0,0.0,0.0,0.8212497760121907,0.0,0.0,0.0,
0.0,0.0,0.0,0.5898591338409361,0.0,0.0,0.0,
0.0,0.0,0.0,0.5898591338409361,0.0,0.0,0.0,
0.0,0.0,0.0,0.6404431267035546,0.0,0.0,0.0,
0.0,0.0,0.0,0.8637836272945245,0.0,0.0,0.0,
0.0,0.0,0.0,0.8637836272945245,0.0,0.0,0.0,
0.0,0.0,0.0,0.800851210389326,0.0,0.0,0.0,
0.0,0.0,0.0,0.800851210389326,0.0,0.0,0.0,
0.0,0.0,0.0,0.8883993217724508,0.0,0.0,0.0,
0.0,0.0,0.0,0.8174183987860895,0.0,0.0,0.0,
0.0,0.0,0.0,0.6821403872376108,0.0,0.0,0.0,
0.0,0.0,0.0,0.6749421672987205,0.0,0.0,0.0,
0.0,0.0,0.0,0.7324380924088576,0.0,0.0,0.0,
0.0,0.0,0.0,0.6401727438973569,0.0,0.0,0.0,
0.0,0.0,0.0,0.7649418356852928,0.0,0.0,0.0,
0.0,0.0,0.0,0.7649418356852928,0.0,0.0,0.0,
0.0,0.0,0.0,0.7649418356852928,0.0,0.0,0.0,
0.0,0.0,0.0,0.7324544567556718,0.0,0.0,0.0,
0.0,0.0,0.0,0.3978028029349837,0.0,0.0,0.0,
0.0,0.0,0.0,0.46344992125218964,0.0,0.0,0.0,
0.0,0.0,0.0,0.42835241371784555,0.0,0.0,0.0,
0.0,0.0,0.0,0.5318488096727524,0.0,0.0,0.0,
0.0,0.0,0.0,0.5318488096727524,0.0,0.0,0.0,
0.0,0.0,0.0,0.5318488096727524,0.0,0.0,0.0,
0.0,0.0,0.0,0.5896587237890756,0.0,0.0,0.0,
0.0,0.0,0.0,0.7610926593284658,0.0,0.0,0.0,
0.0,0.0,0.0,0.7610926593284658,0.0,0.0,0.0,
0.0,0.0,0.0,0.5638904333405819,0.0,0.0,0.0,
0.0,0.0,0.0,0.5638904333405819,0.0,0.0,0.0,
0.0,0.0,0.0,0.5638904333405819,0.0,0.0,0.0,
0.0,0.0,0.0,0.2824509305828083,0.0,0.0,0.0,
0.0,0.0,0.0,0.29961275529820675,0.0,0.0,0.0,
0.0,0.0,0.0,0.3052415359654328,0.0,0.0,0.0,
0.0,0.0,0.0,0.3052415359654328,0.0,0.0,0.0,
0.0,0.0,0.0,0.3052415359654328,0.0,0.0,0.0,
0.0,0.0,0.0,0.3031192489257387,0.0,0.0,0.0,
0.0,0.0,0.0,0.22084950413279986,0.0,0.0,0.0,
0.0,0.0,0.0,0.22084950413279986,0.0,0.0,0.0,
0.0,0.0,0.0,0.11407909054781175,0.0,0.0,0.0,
0.0,0.0,0.0,0.11407909054781175,0.0,0.0,0.0,
0.0,0.0,0.0,0.17353872014165234,0.0,0.0,0.0,
0.0,0.0,0.0,0.18421143750178504,0.0,0.0,0.0,
0.0,0.0,0.0,-0.04638899294999513,0.0,0.0,0.0,
0.0,0.0,0.0,0.11699695008353059,0.0,0.0,0.0,
0.0,0.0,0.0,0.11699695008353059,0.0,0.0,0.0,
0.0,0.0,0.0,0.11699695008353059,0.0,0.0,0.0,
0.0,0.0,0.0,0.11699695008353059,0.0,0.0,0.0,
0.0,0.0,0.0,0.11699695008353059,0.0,0.0,0.0,
0.0,0.0,0.0,0.21390567938789212,0.0,0.0,0.0,
0.0,0.0,0.0,0.16727134638268082,0.0,0.0,0.0,
0.0,0.0,0.0,0.035533013814828776,0.0,0.0,0.0,
0.0,0.0,0.0,0.035533013814828776,0.0,0.0,0.0,
0.0,0.0,0.0,0.035533013814828776,0.0,0.0,0.0,
0.0,0.0,0.0,0.0935574342199134,0.0,0.0,0.0,
0.0,0.0,0.0,0.0935574342199134,0.0,0.0,0.0,
0.0,0.0,0.0,0.3065067483418808,0.0,0.0,0.0,
0.0,0.0,0.0,0.3065067483418808,0.0,0.0,0.0,
0.0,0.0,0.0,0.3065067483418808,0.0,0.0,0.0,
0.0,0.0,0.0,0.3065067483418808,0.0,0.0,0.0,
0.0,0.0,0.0,0.3065067483418808,0.0,0.0,0.0,
0.0,0.0,0.0,0.3065067483418808,0.0,0.0,0.0,
0.0,0.0,0.0,0.4173916634038194,0.0,0.0,0.0,
0.0,0.0,0.0,0.5597788238651382,0.0,0.0,0.0,
0.0,0.0,0.0,0.5597788238651382,0.0,0.0,0.0,
0.0,0.0,0.0,0.5597788238651382,0.0,0.0,0.0,
0.0,0.0,0.0,0.5597788238651382,0.0,0.0,0.0,
0.0,0.0,0.0,0.5597788238651382,0.0,0.0,0.0,
0.0,0.0,0.0,0.4072487616057673,0.0,0.0,0.0,
0.0,0.0,0.0,0.5134367028934959,0.0,0.0,0.0,
0.0,0.0,0.0,0.6408609549512879,0.0,0.0,0.0,
0.0,0.0,0.0,0.6408609549512879,0.0,0.0,0.0,
0.0,0.0,0.0,0.6408609549512879,0.0,0.0,0.0,
0.0,0.0,0.0,0.6088058371872362,0.0,0.0,0.0,
0.0,0.0,0.0,0.6088058371872362,0.0,0.0,0.0,
0.0,0.0,0.0,0.6526652277626855,0.0,0.0,0.0,
0.0,0.0,0.0,0.6526652277626855,0.0,0.0,0.0,
0.0,0.0,0.0,0.6526652277626855,0.0,0.0,0.0,
0.0,0.0,0.0,0.6526652277626855,0.0,0.0,0.0,
0.0,0.0,0.0,0.5587689458609607,0.0,0.0,0.0,
0.0,0.0,0.0,0.5587689458609607,0.0,0.0,0.0,
0.0,0.0,0.0,0.5587689458609607,0.0,0.0,0.0,
0.0,0.0,0.0,0.6253291832948401,0.0,0.0,0.0,
0.0,0.0,0.0,0.5134497361903484,0.0,0.0,0.0,
0.0,0.0,0.0,0.5134497361903484,0.0,0.0,0.0,
0.0,0.0,0.0,0.5134497361903484,0.0,0.0,0.0,
0.0,0.0,0.0,0.5591639788537812,0.0,0.0,0.0,
0.0,0.0,0.0,0.7374013454842532,0.0,0.0,0.0,
0.0,0.0,0.0,0.858407914206903,0.0,0.0,0.0,
0.0,0.0,0.0,0.570739378406891,0.0,0.0,0.0,
0.0,0.0,0.0,0.570739378406891,0.0,0.0,0.0,
0.0,0.0,0.0,0.570739378406891,0.0,0.0,0.0,
0.0,0.0,0.0,0.5346705184330897,0.0,0.0,0.0,
0.0,0.0,0.0,0.5382319510319242,0.0,0.0,0.0,
0.0,0.0,0.0,0.5382319510319242,0.0,0.0,0.0,
0.0,0.0,0.0,0.5080151209930213,0.0,0.0,0.0,
0.0,0.0,0.0,0.5080151209930213,0.0,0.0,0.0,
0.0,0.0,0.0,0.49784051517213446,0.0,0.0,0.0,
0.0,0.0,0.0,0.41174621429074987,0.0,0.0,0.0,
0.0,0.0,0.0,0.41174621429074987,0.0,0.0,0.0,
0.0,0.0,0.0,0.32455448598005665,0.0,0.0,0.0,
0.0,0.0,0.0,0.2655698079930041,0.0,0.0,0.0,
0.0,0.0,0.0,0.15026453745927526,0.0,0.0,0.0,
0.0,0.0,0.0,0.15026453745927526,0.0,0.0,0.0,
0.0,0.0,0.0,0.20068008789071162,0.0,0.0,0.0,
0.0,0.0,0.0,0.20068008789071162,0.0,0.0,0.0,
0.0,0.0,0.0,0.14850277124892142,0.0,0.0,0.0,
0.0,0.0,0.0,0.17742791168996727,0.0,0.0,0.0,
0.0,0.0,0.0,0.09314956343548254,0.0,0.0,0.0,
0.0,0.0,0.0,0.09314956343548254,0.0,0.0,0.0,
0.0,0.0,0.0,0.09314956343548254,0.0,0.0,0.0,
0.0,0.0,0.0,0.09314956343548254,0.0,0.0,0.0,
0.0,0.0,0.0,0.11774032488052256,0.0,0.0,0.0,
0.0,0.0,0.0,0.1210068034248196,0.0,0.0,0.0,
0.0,0.0,0.0,0.04478313914691226,0.0,0.0,0.0,
0.0,0.0,0.0,0.04478313914691226,0.0,0.0,0.0,
0.0,0.0,0.0,0.04478313914691226,0.0,0.0,0.0,
0.0,0.0,0.0,0.04478313914691226,0.0,0.0,0.0,
0.0,0.0,0.0,0.04478313914691226,0.0,0.0,0.0,
0.0,0.0,0.0,0.04478313914691226,0.0,0.0,0.0,
0.0,0.0,0.0,-0.022629424237395404,0.0,0.0,0.0,
0.0,0.0,0.0,0.07652710784464249,0.0,0.0,0.0,