
0.0
2.0364692103673E-10
0.10522596469819398
0.047017712554058434
0.025115862083715343
0.012789030200287373
0.006755376536488607
0.003531493902377814
0.0018731451559615094
9.91950136861945E-4
5.297695965921891E-4
2.8355313982490055E-4
1.5305831054338639E-4
8.307009486099845E-5
4.553930334843481E-5
2.5215540274620847E-5
1.4148495722898483E-5
8.0638904378758E-6
4.673880296737269E-6
2.7622419757918372E-6
1.6669836229610097E-6
1.0270755708699579E-6
6.46879441906356E-7
4.154865655493267E-7
2.719579123048562E-7
1.8094297631002692E-7
1.221701261736094E-7
8.352213039202556E-8
5.771892277878539E-8
4.0271379923812694E-8
2.8342971329804333E-8
2.0104344015431193E-8
1.4366585463004161E-8
1.0357886354007047E-8
7.543661650327282E-9
5.56717412491434E-9
4.1734161087536966E-9
3.2157740717418506E-9
2.5349288392993043E-9
2.045829566946777E-9
1.672908229159467E-9
1.3982425040460955E-9
1.1965839992663901E-9
1.0583882043824878E-9
9.510896930506762E-10
9.982628942202057E-10
9.079588124232102E-10
8.066707930895822E-10
7.268346553675128E-10
6.722943877726062E-10
1.1178630450593737E-9
1.656513675504355E-9
2.2102422550750536E-9
2.607548865528063E-9
2.838242089917043E-9
2.9038891268674083E-9
2.8393892267612737E-9
2.8421189189391755E-9
2.805201451594663E-9
2.760214949703964E-9
2.651346211887031E-9
2.537184898349386E-9
2.4020593639692604E-9
2.2754977582298837E-9
2.1415509765369204E-9
2.0093834751344282E-9
1.871099897118914E-9
1.7321232803979402E-9
1.6084088895765165E-9
1.479425674922099E-9
1.4259812283849354E-9
1.3273409257286183E-9
1.2208222176321085E-9
1.1387292486317105E-9
1.0061781329182569E-9
8.763356509075951E-10
7.553639348367737E-10
6.464607350119932E-10
5.506135990727538E-10
4.669297884398794E-10
3.944602287698403E-10
3.319228051621417E-10
2.8524768316569835E-10
2.423958845345189E-10
2.1995667305518328E-10
1.775340097186366E-10
1.418843857614955E-10
1.1241775483090204E-10
8.980201342041184E-11
2.4750794832772724E-10
4.2572979788356527E-10
6.051321701213461E-10
7.131152643136974E-10
7.65447681026694E-10
7.55900122145637E-10
7.12205870704503E-10
6.44893907006007E-10
5.691828718082926E-10
4.916791351098172E-10
4.1840998814148446E-10
3.534193769327473E-10
2.978599327776256E-10
2.514466130934659E-10
2.1284452030941995E-10
1.8073511141704352E-10
1.537796052222966E-10
1.3106583501693089E-10
1.1165818379257159E-10
9.50817472106993E-11
8.570481955895972E-11
7.846714725854453E-11
7.876141406005553E-11
7.01449242470423E-11
6.173907741776769E-11
5.354294428251809E-11
4.615632824120142E-11
3.974262047681766E-11
3.4138718986228304E-11
2.92739554078622E-11
2.516601506338594E-11
2.1626728493610287E-11
1.91800698222452E-11
1.709058032690055E-11
1.709958005477717E-11
1.488174355381244E-11
1.239241915211423E-11
9.99603685912212E-12
8.097571303044497E-12
6.721565414416278E-12
5.644199314826743E-12
4.833426079965601E-12
4.1929257508354536E-12
3.681025979069877E-12
3.250813322890539E-12
2.8837321954135367E-12
2.5687535991022287E-12
2.2983206106020315E-12
2.0669910214071738E-12
1.869169799855259E-12
1.7373489331952275E-12
1.6158597611613748E-12
1.6936879884986476E-12
1.566667340225328E-12
1.4405072090473668E-12
1.2542305170352244E-12
1.0715428638840952E-12
5.267311188179654E-12
1.1708214286862141E-11
1.905080242072345E-11
2.574745367151094E-11
3.044228527554985E-11
3.312593593911156E-11
3.3816681603023135E-11
3.297811538557844E-11
3.3725160493589845E-11
3.4437373409425996E-11
3.513953308987682E-11
3.4732039390443706E-11
4.848191626326612E-11
6.884545926124621E-11
1.0393252778144573E-10
1.4131668946615397E-10
1.762945983115632E-10
2.0120839180436356E-10
2.1482111918329947E-10
2.1712274557182447E-10
2.1050896977045277E-10
1.9804383198124798E-10
2.8108863187454994E-10
3.745082116261386E-10
4.663038274489588E-10
5.174583055445526E-10
5.347065321787242E-10
5.195437804310849E-10
4.843596941221485E-10
4.392452682861635E-10
3.914885471617288E-10
3.4770248181735084E-10
3.0650863629564187E-10
2.6899547689043346E-10
2.3259096735209446E-10
1.9893221578324533E-10
1.7364823610583226E-10
1.5437120105826078E-10
1.3995588843457687E-10
1.2741928376473317E-10
1.1773018434912294E-10
1.0844955610539346E-10
1.0018116406729992E-10
9.186631361001952E-11
8.270410563205938E-11
7.372272445726955E-11
6.508374032553699E-11
5.795181603539603E-11
5.173259532346014E-11
4.580454373259887E-11
4.040396550140624E-11
3.5593099380258736E-11
3.118784105668785E-11
2.733988970470349E-11
2.3876338455267587E-11
2.0761254850778613E-11
1.7917024314096233E-11
1.532836058706338E-11
1.4503276745230502E-11
5.100222168593905E-10
1.0137914046169583E-9
1.5232321913530182E-9
1.8989319264052177E-9
2.1344218103127563E-9
2.2177669010531607E-9
2.1633321760609994E-9
2.0025679526811358E-9
1.7784762934439186E-9
1.5294314649607728E-9
1.2947250555065598E-9
1.0871944042083213E-9
9.081832309103096E-10
7.559645031506103E-10
8.134378175334555E-10
9.03290329530983E-10
1.0119634912395863E-9
1.0556772026424526E-9
1.1597298636394722E-9
1.2175445593384358E-9
1.2456616799380914E-9
1.2113637756050102E-9
1.1516743168716656E-9
1.0687830195346155E-9
9.757974709874584E-10
8.752202439306048E-10
7.728987628276117E-10
6.797368181137597E-10
5.922919222507993E-10
5.145261511703904E-10
4.374794477532373E-10
3.6653230647910435E-10
3.040171833118211E-10
2.5189165049680876E-10
2.1064473671237984E-10
1.8596574108957417E-10
1.721502562934381E-10
1.6939246049286985E-10
1.7001558922141785E-10
1.7120482268547942E-10
1.701717266785448E-10
1.685256153585488E-10
1.6340940879758146E-10
1.5643780221595917E-10
2.304408701324966E-10
3.1065530832535526E-10
3.8689482273847635E-10
4.27912141646935E-10
4.4040291864538693E-10
4.2644771885147077E-10
3.9702811473297953E-10
6.860513554442655E-10
9.851971120128584E-10
1.288075175033849E-9
1.4798411888122998E-9
1.5746787179934057E-9
1.5682687314293052E-9
1.5871090947668053E-9
1.5619541739713764E-9
1.550341100752605E-9
1.4932777661587646E-9
1.4145373576940196E-9
1.299165898740468E-9
1.1671253362314536E-9
1.0226669880790693E-9
8.788351900774995E-10
8.116804360765247E-10
7.569707458516729E-10
7.450878560272841E-10
7.346352505835362E-10
7.403108322380496E-10
7.433891613025531E-10
7.415464052080408E-10
7.757244322950014E-10
8.080999383506035E-10
8.463125350898529E-10
8.660188130009117E-10
8.679253706247626E-10
8.487589808961787E-10
8.121449995976401E-10
7.616994335021168E-10
7.016582944061296E-10
6.361360263063025E-10
5.687874482447626E-10
5.109565603669477E-10
4.577347821541919E-10
4.106159237082298E-10
3.662507011253982E-10
3.25241737286832E-10
2.893441573756863E-10
2.5684932988045923E-10
2.327693977527072E-10
2.0864907624599908E-10
1.9719161907680517E-10
1.6779060327385245E-10
1.3940004319472344E-10
1.1415313690035505E-10
9.322233976198419E-11
1.2020823295261116E-10
1.5317169560001156E-10
1.8603388168949166E-10
2.4244178445030584E-10
3.028716989610797E-10
3.685305108735641E-10
4.181482395209301E-10
4.536222301593657E-10
4.701667943324548E-10
4.742460159141996E-10
4.681447124353205E-10
4.569202196648292E-10
4.4222199017711723E-10
4.259479482256346E-10
4.126414428429552E-10
3.996524128276914E-10
3.8714129217448544E-10
3.724598253974832E-10
3.5542314631884007E-10
3.357236375128614E-10
3.141388751119353E-10
2.9135609153464293E-10
2.6822822669711903E-10
2.454124594918765E-10
2.234571279183959E-10
2.0272710966062432E-10
1.8345624525025807E-10
1.657540910075894E-10
1.4964363567792122E-10
1.350822276075129E-10
1.2198633851882397E-10
1.1024772733980504E-10
9.974722893628139E-11
9.036356840701645E-11
8.197956745544592E-11
7.448556884095435E-11
6.789303082771274E-11
6.197918070107696E-11
5.694525747042286E-11
5.208689909863546E-11
4.7641337830884216E-11
5.95492088938553E-11
7.497046401902037E-11
9.443846903864572E-11
1.0398243516059469E-10
1.0730675236233552E-10
1.042845022990863E-10
9.717166788228575E-11
8.951328246832558E-11
8.001443096726258E-11
7.249578923018729E-11
6.272158153413361E-11
5.4476691192728906E-11
4.530178823381737E-11
3.680238390155188E-11
2.8960823755602935E-11
2.2522059173694083E-11
1.746359722059149E-11
1.3576374583442259E-11
1.0628309126364675E-11
8.379638821271437E-12
6.727053048520117E-12
3.3423872770215196E-11
6.261738344405738E-11
1.0112399246255993E-10
1.2860454726859146E-10
1.4654499203658543E-10
1.5122968029118063E-10
1.5570772190429023E-10
1.542405937181245E-10
1.4924203950256163E-10
1.3917088272616038E-10
1.2649078148027257E-10
1.1259431155925473E-10
9.895963069300178E-11
8.621566874611251E-11
7.46875770228798E-11
6.44213398651105E-11
5.662314811313702E-11
5.915964723368054E-11
6.542375206794476E-11
7.506854395433762E-11
8.223399105377307E-11
8.59220199616049E-11
8.632896253627345E-11
8.801020861425156E-11
8.875508072226516E-11
8.734382996740698E-11
8.475071335599127E-11
8.022685567078314E-11
7.443268415962155E-11
6.679428769385185E-11
5.875011371582757E-11
5.088789715614466E-11
4.359139371412495E-11
4.174613978762772E-11
4.1301176821347195E-11
4.136069662296053E-11
4.015657165302116E-11
3.789261299609712E-11
3.461041921397245E-11
3.0791777250796066E-11
2.6747595151768332E-11
2.389788036946055E-11
2.1780660187016332E-11
2.0592682403955465E-11
1.960878634071118E-11
1.861416436220161E-11
1.7349244664138486E-11
1.584436531988153E-11
1.4153262400131475E-11
1.2394546781800194E-11
1.0663480858537186E-11
2.0317051181431667E-11
3.106876106103649E-11
4.55609205085456E-11
5.569055286851146E-11
6.203367325996646E-11
6.315756373562433E-11
6.072063656041097E-11
5.559342954638991E-11
4.911975628947901E-11
4.2135645498789653E-11
3.54268836736125E-11
2.9340325479986904E-11
2.40302323835567E-11
2.4229829287997727E-11
2.6379578944068085E-11
3.058239677459052E-11
3.361246361973584E-11
3.529039253820209E-11
3.458446108882154E-11
3.288146588406263E-11
3.017098796158574E-11
2.723755218076775E-11
2.418799411661119E-11
2.1438635418381543E-11
1.9024489596826767E-11
1.6938820514747137E-11
1.5128458774640923E-11
1.6186459924593275E-11
1.7745934432813288E-11
1.9338724402117894E-11
2.0075628035720864E-11
2.0152546000071553E-11
1.954383423873766E-11
1.8456238598004117E-11
1.7241349484004363E-11
1.605746840346989E-11
1.633220897892994E-11
1.670901373919369E-11
1.6916057591706742E-11
1.6517626092778236E-11
1.565168617659729E-11
1.440388891059451E-11
1.294160631591478E-11
1.1419994405280779E-11
9.94042744715264E-12
8.610398437288853E-12
7.411300390343575E-12
6.3507154566163225E-12
5.406330532199221E-12
4.571848155239741E-12
3.8439561640947125E-12
6.5463912232174115E-12
9.567578458789342E-12
1.3318542560290068E-11
1.6224539381667823E-11
1.8521331462085867E-11
1.9898810981957578E-11
2.059637564046946E-11
2.0673595130004716E-11
2.030761248754175E-11
1.9603170786815753E-11
1.8672759193523694E-11
1.7594381743835884E-11
1.6435955289107564E-11
1.524408534439217E-11
1.4056529927845237E-11
1.2897674135403066E-11
1.17883242642594E-11
1.1031294092993165E-11
1.0375894853736941E-11
9.742475306448641E-12
8.988940451108183E-12
8.126396332579548E-12
7.179950948199655E-12
6.946878853643542E-12
7.045104879226032E-12
7.45073974846084E-12
7.748302463990217E-12
7.808059930802585E-12
8.426481911900472E-12
8.918212198444587E-12
9.448299599041486E-12
9.543726360946289E-12
9.2735495989999E-12
8.625824736208137E-12
7.759591866260803E-12
6.782143920112139E-12
6.5220544769347284E-12
6.6028542143510326E-12
6.7751863401562226E-12
6.780550906195784E-12
6.5791770991260625E-12
6.182466290303555E-12
5.652157874340059E-12
5.047461393951408E-12
4.422092104111862E-12
3.8148263494092E-12
3.2519012596326683E-12
2.7479426277312413E-12
2.3562590112831286E-12
1.9986367631147808E-12
1.865471093121019E-12
2.9688838410992688E-12
4.133537816943626E-12
5.2072342813136364E-12
5.684849972407509E-12
5.7959495438458295E-12
6.086652713831544E-12
6.2470264372815636E-12
6.421994085368446E-12
6.419558813885567E-12
6.224932686955814E-12
5.834677013990363E-12
5.312689005172803E-12
4.716302604886459E-12
4.098086307293907E-12
3.5442539700068364E-12
3.052306024756516E-12
2.6441691241319543E-12
2.2941667884618587E-12
1.9942219696726134E-12
2.4554059457916367E-12
3.0216282643185046E-12
4.046856520850905E-12
4.916340219790717E-12
5.683953545974525E-12
6.2879530988218955E-12
6.693618440050872E-12
6.909191433789299E-12
6.899090273844124E-12
6.742082920423643E-12
6.561774468494465E-12
6.291946454413365E-12
5.991331090329967E-12
5.593407806038802E-12
5.179219551001152E-12
4.8407743387884625E-12
4.489151409643121E-12
4.1611352876290086E-12
3.787744558323128E-12
3.4328809592414633E-12
3.1017318879434987E-12
2.8003218593644606E-12
2.52829048437196E-12
2.39472929688971E-12
2.3222311635907557E-12
2.3179885007545243E-12
2.2904308004267186E-12
2.216229869918827E-12
2.0754457729525196E-12
1.8886647547293406E-12
1.668681639752323E-12
1.4399649795819417E-12
1.2124845625792842E-12
1.0020652111384618E-12
8.189512757876777E-13
6.644543450998097E-13
5.403442781505114E-13
6.513035893619193E-13
8.013899591634994E-13
9.52574763978907E-13
1.0290114003610394E-12
1.054186170053965E-12
1.0288883528009738E-12
9.742472531632021E-13
8.987525059200347E-13
8.140120937240911E-13
1.3105615856798124E-12
1.8449980537802655E-12
2.7531372692472005E-12
3.4182265078197617E-12
3.984620447132365E-12
4.226692251684086E-12
4.250530945907523E-12
4.073134638944627E-12
3.781127355600895E-12
3.416288606359445E-12
3.0247096810443963E-12
2.79242867782684E-12
2.5890821044656433E-12
2.484349414553882E-12
2.3439725073581617E-12
2.1839899128080717E-12
1.9766591919110175E-12
1.752313264184639E-12
1.5197859695474664E-12
1.2967673576718607E-12
1.0911232136693179E-12
9.072349300929127E-13
7.479361318712054E-13
6.523784583509241E-13
5.872678722792764E-13
5.476734094966189E-13
5.10880665372435E-13
4.751008890150865E-13
4.3645345133382833E-13
3.967687180497141E-13
3.5684391371239546E-13
3.2250404754257757E-13
2.9133027785179557E-13
2.635009064080625E-13
2.372079092232556E-13
2.125446079377289E-13
1.893468448773237E-13
1.6838967264311888E-13
1.4978110758037068E-13
1.33833936460738E-13
4.985455134951412E-13
1.2310459203792146E-10
2.504895054477282E-10
3.934166183599645E-10
5.199748123784461E-10
6.361204167951996E-10
7.059035500155166E-10
7.473527373770307E-10
7.590213446113608E-10
7.689956602841342E-10
7.609078837756927E-10
7.372465620665846E-10
7.062949043022352E-10
6.63980500917657E-10
6.157499931349516E-10
5.578832935409542E-10
4.972635260120326E-10
4.3316645379489607E-10
3.6925532598717666E-10
3.1578739183272753E-10
2.6795587468243776E-10
2.2884482905355263E-10
1.9511987367911083E-10
1.6665951530167596E-10
1.4250758915579604E-10
1.2163430100672456E-10
1.0371288282356236E-10
1.66537402649354E-10
2.4351597200819346E-10
3.2572164152404275E-10
3.83921698946632E-10
4.1758762172602066E-10
4.2518913132433633E-10
4.127287874626715E-10
3.854252815791451E-10
3.493789291252705E-10
3.1060027066621494E-10
2.7267254635296356E-10
2.378219943027692E-10
2.128736992464651E-10
1.9287496092460361E-10
1.7802041230074966E-10
1.6421918934185833E-10
1.5129097324995264E-10
1.3787499416607487E-10
1.2433227243721047E-10
1.1062308090300857E-10
9.883814984505782E-11
8.748796308080676E-11
7.872796907969134E-11
1.216991570399196E-10
1.702923730210901E-10
2.1847636799735072E-10
2.442175006507171E-10
2.586388361191113E-10
2.592934321551374E-10
2.5057055514659526E-10
2.3351281289627496E-10
2.1162138410866668E-10
1.8694609810147572E-10
1.6172610695173246E-10
1.3730868859306392E-10
1.1472409509201481E-10
9.462231370759894E-11
1.1488454756240805E-10
1.3975061686334237E-10
1.7752150109597485E-10
2.0167036869529736E-10
2.1546878631217015E-10
2.1374038565419914E-10
2.023582600193868E-10
1.9620320720780455E-10
1.8797812110954808E-10
1.778361849271803E-10
1.631153362407855E-10
1.4579637740900687E-10
1.2683355908928477E-10
1.079404284271677E-10
9.006639446887413E-11
7.39704405825686E-11
5.996013062007659E-11
4.8127602461377575E-11
3.838889126670776E-11
3.052664058654318E-11
2.479879915711606E-11
2.0584089017657854E-11
1.752743686592905E-11
2.431264862595689E-11
3.289254979885442E-11
4.256270660136368E-11
4.624185678182282E-11
4.651847309761007E-11
4.3807478568679685E-11
3.960269726223865E-11
3.532743633909878E-11
3.717637426916223E-11
4.061539244436208E-11
4.282780120797734E-11
4.26168137224714E-11
4.039220320210517E-11
3.669378333690055E-11
3.231009093535569E-11
2.7722272661995664E-11
2.3327189629573928E-11
1.9310711123949027E-11
1.5777810222035412E-11
1.2748681068455357E-11
1.0214523373772978E-11
8.130424419878363E-12
6.541811064204088E-12
5.337757544988656E-12
4.431229219958066E-12
3.72668010893253E-12
3.1672266827614217E-12
2.7102100986165942E-12
3.0933558046538295E-11
5.959981536252473E-11
9.920319940898014E-11
1.2967313306841915E-10
1.502417455378529E-10
1.5909502680322203E-10
1.5817591794432322E-10
1.5022666142741173E-10
1.3743807849633756E-10
1.2226437723646833E-10
1.061366248805727E-10
9.037659305616637E-11
7.564058915675496E-11
6.242443263589925E-11
5.0881007165526624E-11
4.105722977466166E-11
3.2852153149782056E-11
2.612265183734828E-11
2.0690808672119002E-11
1.635754799177834E-11
1.2957070982448845E-11
1.0282035505372756E-11
8.200757195527093E-12
6.665692590095229E-12
5.547134791128031E-12
8.593910881368526E-12
1.251273472628346E-11
1.620459656689868E-11
1.8771813146910408E-11
1.9755448409581286E-11
2.0103189132479938E-11
1.8289356924619395E-11
1.598671781214361E-11
1.3503861946668541E-11
1.117355797823236E-11
9.111535313125682E-12
7.359928871766722E-12
6.0726725162238525E-12
4.960095856169898E-12
4.293010588195024E-12
3.3576271312953627E-12
2.6112961939948592E-12
2.0063089794567393E-12
1.5507024325465085E-12
1.2167138688540563E-12
9.728402596088348E-13
7.980732654491331E-13
6.690257666777321E-13
5.727937321856453E-13
4.975515445994249E-13
4.37305648113979E-13
3.9904957013312026E-13
4.2357315270133175E-12
8.551796499517316E-12
1.2428992439470893E-11
1.444440772492432E-11
1.531870675371369E-11
1.4862619149470998E-11
1.3648654161834707E-11
1.1916398021576865E-11
1.0088149378621878E-11
8.344185045297962E-12
6.798635262880589E-12
5.487526569415483E-12
4.551978931893844E-12
5.161043465231669E-11
9.948076031937588E-11
1.5116694421323382E-10
1.8284920059645166E-10
2.03293150412131E-10
2.0732438366319083E-10
2.0155234090381688E-10
1.872541596887917E-10
1.685845702672788E-10
1.475586917170518E-10
1.4186822314992554E-10
1.4045195836448217E-10
1.4042878781226117E-10
1.3601347762756569E-10
1.2769194041266697E-10
1.1577308214358173E-10
1.1338320357810938E-10
1.1285836315675914E-10
1.1639787392130831E-10
1.185327202406309E-10
1.184034781640721E-10
1.1588141945170942E-10
1.1178167529862373E-10
1.0605545644147732E-10
9.91877291424966E-11
9.171525828990129E-11
8.3271766744419E-11
7.642751046580002E-11
6.871903745591024E-11
6.239255471022241E-11
5.548861753587374E-11
4.914922953616673E-11
4.2822836789599286E-11
3.704694035744137E-11
3.226935396497798E-11
2.8304005963122848E-11
2.499608975801416E-11
2.2115742287923345E-11
1.9658507791111367E-11
1.7436913088326502E-11
1.5515027210138976E-11
2.418433275203506E-11
3.5901859980882985E-11
4.921718289483019E-11
5.986540738528105E-11
6.803963830575377E-11
7.316561225072629E-11
7.627797475051532E-11
7.76935210877693E-11
7.686620168245686E-11
7.466879316843437E-11
7.103349305320185E-11
6.657376521298575E-11
6.139452566741563E-11
5.5984602666438964E-11
5.1267538870941473E-11
4.6392134245944925E-11
4.2214402063821046E-11
3.743274538870661E-11
3.2709326817045105E-11
2.7841868599243676E-11
2.3355819956204203E-11
1.9365011503264587E-11
1.600944663347569E-11
1.3192687231945465E-11
1.0933381676649383E-11
3.259604895269766E-11
5.922021755379399E-11
8.546814495431706E-11
1.0375302732303026E-10
1.1382748961288571E-10
1.1592762021815454E-10
1.1216008760264821E-10
1.0436581882873026E-10
9.478269443643466E-11
8.468674928473421E-11
7.499180232290227E-11
6.601630376903015E-11
6.642231747567462E-11
6.778551694742385E-11
6.970019505587297E-11
6.822633117168045E-11
6.50166836762139E-11
5.969177454449305E-11
5.3647968542148604E-11
4.7101627160134644E-11
4.0789622763702524E-11
3.4820437967997426E-11
2.9490196838611677E-11
2.473752827085172E-11
2.0665835400291893E-11
2.303920099254222E-11
2.8679695920670643E-11
3.5355891025794026E-11
4.1030758313567185E-11
4.433112178037013E-11
4.540583479686877E-11
5.026419293861503E-11
5.492227809851684E-11
5.831658773715517E-11
5.868033093958745E-11
5.673742511983829E-11
5.278829668245747E-11
5.2309629999955705E-11
5.21234692722817E-11
5.1580412472049625E-11
4.925436203954848E-11
4.5572399272084434E-11
4.08021265604059E-11
3.5560806388817156E-11
3.0255478348934646E-11
2.5255071086490215E-11
2.0728903513376024E-11
1.6817968995246655E-11
1.8811987112254853E-11
2.2512952741140144E-11
2.5907430555320922E-11
2.7598686410130353E-11
2.6754852113641967E-11
2.4507335980859805E-11
2.1509251489099255E-11
1.8277217498176054E-11
1.5201430552169763E-11
1.2435523078175727E-11
1.0059372711552524E-11
8.12748015746175E-12
6.572828675530751E-12
5.355743559848092E-12
4.385986059908027E-12
3.6149472606339117E-12
3.003526568638949E-12
5.446744254750043E-12
8.471342073703074E-12
1.124520773327275E-11
1.2750855957998102E-11
1.3152560378304409E-11
1.2614067202158286E-11
1.1506160160063651E-11
1.009249238334248E-11
8.632640483940383E-12
7.2375549660725115E-12
6.0139890909173495E-12
4.981218853372446E-12
4.138515132262665E-12
3.455223067232162E-12
2.9032278882088626E-12
2.453715188706037E-12
2.0853299123802546E-12
1.7808018324327934E-12
1.52782950460962E-12
1.3169144917485285E-12
1.1409964763462305E-12
9.944142378105557E-13
8.726132665234448E-13
7.717364282090083E-13
6.884997866752967E-13
6.200581722955266E-13
9.701882281694978E-12
1.8310009432445492E-11
2.5627734836412646E-11
2.848520027269202E-11
2.8607500793872947E-11
2.6419721359557135E-11
2.3566449114239308E-11
2.0592156174815657E-11
1.8854283388886307E-11
1.7936824272423757E-11
1.776348058024191E-11
1.768362004062094E-11
1.722593135259635E-11
1.643284463538843E-11
1.5387196558760492E-11
1.4200400116140638E-11
1.2984056817888872E-11
2.816057807985838E-11
4.651135069713898E-11
6.589284996370571E-11
7.984268919671077E-11
8.920471432218988E-11
9.344113981040845E-11
9.444837420542909E-11
9.281895711190854E-11
9.082615301424952E-11
8.781721462701877E-11
8.406054753034417E-11
7.942037331822977E-11
7.430914333042509E-11
7.607025748225947E-11
7.813048476281999E-11
7.898270223187623E-11
7.777366287607558E-11
7.466433737428105E-11
7.015162925011045E-11
6.443451998914788E-11
5.831542534448053E-11
5.463111579159986E-11
5.206994229521081E-11