
0.0
2.534133037619649E-15
3.9905220978395604E-8
1.4624781540329751E-6
3.359461041474339E-5
1.4413066389535373E-5
1.6529974298492332E-5
7.675760901674086E-6
5.913275366904996E-6
2.65559433620396E-6
1.817687296110156E-6
8.91269427984016E-7
5.915275795803359E-7
3.146047929680564E-7
2.0069561142056772E-7
1.097105102749578E-7
6.876288671336065E-8
3.6774648758653924E-8
2.436471626172055E-8
1.5248732377947666E-8
1.0137362747609457E-8
6.779817239738174E-9
4.565294111786277E-9
3.1190497515241053E-9
2.177211329385299E-9
1.5053009027512263E-9
1.0725386462953427E-9
8.039296217867627E-10
5.82118710184126E-10
4.2852753198495277E-10
3.201034308611305E-10
2.3731816908577453E-10
1.7813233893329569E-10
1.334292523905118E-10
1.0045434668396329E-10
7.566398221062656E-11
5.700568155089076E-11
4.3202637583849545E-11
3.240086517379028E-11
2.467728393197673E-11
1.901135161739243E-11
1.4642816984696637E-11
1.1609717251737744E-11
9.30030180572597E-12
7.673033212480873E-12
6.473766924855502E-12
5.558666920041615E-12
4.871486270113698E-12
4.351457362948E-12
3.952665086662543E-12
3.641199372847898E-12
3.192001407863756E-12
3.083373861224716E-12
3.021170279442996E-12
2.7040839344835887E-12
2.6976043788018245E-12
2.700624751092377E-12
2.444544510690318E-12
2.4722901010596666E-12
2.4987417383876364E-12
2.268740019111914E-12
2.307469435021834E-12
2.3401546683832104E-12
2.3026579051449307E-12
2.256637834376248E-12
2.2108523769607373E-12
2.1654595048493638E-12
2.1167117676716047E-12
2.0674939779320523E-12
2.0217006984007337E-12
1.9772449390043222E-12
1.933027906674515E-12
1.8898395042564195E-12
1.8474497620904826E-12
1.80558614788097E-12
1.7655828437987048E-12
1.726681445655929E-12
1.6890276672971926E-12
1.6522080199797897E-12
1.616678587771572E-12
1.5822882536268337E-12
1.549014046556696E-12
1.5198262467315132E-12
1.4963707658907533E-12
1.4758212452660692E-12
1.454039548017637E-12
1.4294302226798947E-12
1.4022030143737785E-12
1.273415084787209E-12
1.2907941324592344E-12
1.3094629620005528E-12
1.1876883168736383E-12
1.2103109084481596E-12
1.2287488228829931E-12
1.2107335044429269E-12
1.1898506041525749E-12
1.0710069741254913E-12
1.0920695878728621E-12
1.1099067299907136E-12
1.0905225029544205E-12
1.0423674924810212E-12
1.0063651915254471E-12
9.745106970157263E-13
9.696692651013893E-13
9.665086110639768E-13
9.552170119437004E-13
9.43036879485833E-13
9.283581474641527E-13
9.122241346503857E-13
8.947539161350468E-13
8.762487138846195E-13
8.038387284822823E-13
8.028905422074306E-13
8.04964203424031E-13
7.957897459089986E-13
7.835530159729587E-13
7.689526504984704E-13
7.543745588351651E-13
7.386457656634407E-13
7.225715142092412E-13
7.011012436186892E-13
6.862609903331819E-13
6.720331859703555E-13
6.56816183716916E-13
6.422205029485691E-13
6.282876560806832E-13
6.150327848535307E-13
6.0183936418971E-13
5.88615381702535E-13
5.753521726696687E-13
5.621990215401788E-13
5.463083247693557E-13
5.34822688308882E-13
5.240258294904232E-13
5.126308087277915E-13
5.018637784642985E-13
4.916825174596384E-13
4.820041370003977E-13
4.70697293630356E-13
4.614754887206511E-13
4.5234195341095765E-13
4.4267603350735294E-13
4.3327641581542804E-13
4.2422054471527176E-13
4.154916216815698E-13
4.067934980602328E-13
3.9807749549171953E-13
3.893553202141391E-13
3.80708166949466E-13
3.7219263484866774E-13
3.638600124754754E-13
3.557329178073669E-13
3.478218892184375E-13
3.4012727979378365E-13
3.3264150326103536E-13
3.253553858794434E-13
3.182580994509821E-13
3.1133865415871686E-13
3.0458496574176806E-13
2.979896574097651E-13
2.915435433725246E-13
2.8524086815219106E-13
2.7907487552522953E-13
2.730396373102116E-13
2.6644098335305767E-13
2.610091786850237E-13
2.5577208281733426E-13
2.377546188342194E-13
2.385655773928552E-13
2.413128938583995E-13
2.3932109486823556E-13
2.362036120663196E-13
2.3182459568371885E-13
2.270835869388504E-13
2.215592444326188E-13
2.1645297519184282E-13
2.1126900016056828E-13
2.0603945509384184E-13
2.0090358009224343E-13
1.9582407754044395E-13
1.9115210253354234E-13
1.8662133974319503E-13
1.8210582701628228E-13
1.777192604864963E-13
1.7339897298138538E-13
1.693539733574758E-13
1.6540314928000376E-13
1.6148398265077166E-13
1.576646056592343E-13
1.4643344182246688E-13
1.4515628422723253E-13
1.4727774728787308E-13
1.484811335081532E-13
1.470480957479563E-13
1.4402738322649872E-13
1.4073274429224748E-13
1.3696312236998219E-13
1.3317036763831115E-13
1.293251663759341E-13
1.2416591189746638E-13
1.213670955618256E-13
1.1933819734714493E-13
1.1649624959587866E-13
1.1367364119752251E-13
1.1076741981455117E-13
1.0787312862447475E-13
1.0499773680240462E-13
1.0218169717977346E-13
9.942486426867468E-14
9.088978358944801E-14
9.310190910409825E-14
9.648459402397727E-14
9.559862607624606E-14
9.359802476742488E-14
9.083009622385506E-14
8.757405026509811E-14
8.498918020475187E-14
8.259477803133819E-14
8.001481891779255E-14
7.753660323910624E-14
7.510884210203821E-14
7.280960290300715E-14
7.059556584834442E-14
6.848894109461838E-14
6.646998997245624E-14
6.454480378174E-14
6.269969965354564E-14
6.093224122205423E-14
5.923327240288455E-14
5.759766880088591E-14
5.601954698134608E-14
5.4494147418198044E-14
5.301559083411138E-14
5.1470753702498664E-14
5.03000331052625E-14
4.9130149385514147E-14
4.6490486105053206E-14
4.7219097133432337E-14
4.9257884496286556E-14
4.918143084558037E-14
4.9601816352599317E-14
4.967946632187535E-14
4.8488338172847395E-14
4.680498371408878E-14
4.4882132989988795E-14
4.30153809834011E-14
4.117337202982388E-14
3.935531219379188E-14
3.761524482954922E-14
3.593827074811379E-14
3.451419530732364E-14
3.3187925696471564E-14
3.1915057490066185E-14
3.071904005552441E-14
2.9368672974136E-14
2.817435946194402E-14
2.6982169741931235E-14
2.5777441956602504E-14
2.4512922725198778E-14
2.343658874996495E-14
2.2415001699574133E-14
2.147683700261244E-14
2.0580583821360588E-14
1.9795028821569834E-14
1.904662873988715E-14
1.8339946147051846E-14
1.7906053099218542E-14
1.987126600863946E-14
2.129099354289604E-14
2.1198737206674345E-14
2.0471568910260084E-14
1.9327103539602808E-14
1.809752971124241E-14
1.9293201163210175E-14
2.0666063432783157E-14
2.1639490833404044E-14
2.3267111570607305E-14
2.3817783455535607E-14
2.3030581702991566E-14
2.1554327889938263E-14
1.972974039772524E-14
1.780378554219539E-14
1.594993892891543E-14
1.425900399745934E-14
1.2769510706895048E-14
1.1493655818181729E-14
1.0431272032707147E-14
9.542443285736153E-15
8.786797636693207E-15
8.140636140647407E-15
7.583381308139665E-15
7.101374020213561E-15
6.6843443426950266E-15
6.314942081740235E-15
5.979754186982567E-15
5.673532771015966E-15
5.3917377048595425E-15
5.130824342849231E-15
4.887601604846976E-15
4.659727066632249E-15
5.2326521125097E-15
6.8136536264756794E-15
7.942525358119414E-15
8.10881642420101E-15
7.714930815374658E-15
7.048238006182545E-15
6.336578806750056E-15
6.101483700142315E-15
7.028218158883993E-15
8.043843403106667E-15
8.524843368879475E-15
9.347033387009933E-15
9.536043103131663E-15
8.871653534718876E-15
7.855877489910991E-15
6.739134315677906E-15
6.058493074854866E-15
6.511098871482754E-15
6.898839663797001E-15
7.553541727354697E-15
7.593332274955598E-15
6.89020728421625E-15
6.0126543763740375E-15
5.1385951546829296E-15
4.349611190836251E-15
3.678162746192625E-15
3.1371238261915287E-15
2.6910169140272208E-15
2.7523133020016613E-15
3.3179635360534852E-15
3.715581228547775E-15
3.942677055075812E-15
3.916824881709541E-15
3.573876364157475E-15
3.2652775886936275E-15
3.2764532618947433E-15
3.5177771986219482E-15
3.8111809547233445E-15
4.029650774893489E-15
4.210913401177888E-15
4.336573836315377E-15
4.4505639365122546E-15
4.600796344183059E-15
4.87296596316684E-15
5.139936646649854E-15
5.086165814313561E-15
4.721434627246171E-15
4.24949703611292E-15
3.75158283258051E-15
3.3180597918975502E-15
2.9233624082486434E-15
2.5549249871842107E-15
2.2188411074419877E-15
2.1628587149197926E-15
2.6309065502928025E-15
3.273034130493627E-15
3.8056214200062314E-15
3.984977023566308E-15
4.170341750645581E-15
4.035833126362778E-15
3.784742175063246E-15
3.5006660579559625E-15
1.4720215116217215E-11
1.8025918835918302E-10
5.320311636524451E-10
9.362883388630584E-10
1.2562678420151982E-9
1.4435139667203095E-9
1.5073810253860228E-9
1.4825895846998754E-9
1.4045896373615292E-9
1.2893286329473781E-9
1.1744613164209884E-9
9.915412183617695E-10
8.985802091972135E-10
8.300019645069866E-10
7.682199700233611E-10
7.178968879298973E-10
6.733657550302182E-10
6.460831446218323E-10
6.242588001131444E-10
6.2771740369256E-10
6.24731752489759E-10
6.059529819789196E-10
5.932493223545067E-10
5.587194601634514E-10
5.62493773130931E-10
5.606438615592298E-10
5.455802574247435E-10
5.458489252224116E-10
5.306021718212106E-10
4.979365146139724E-10
4.613362496873829E-10
4.234430863565339E-10
3.8504118492473815E-10
3.1786443638079066E-10
2.903420662610512E-10
2.6930849754467313E-10
2.4154391414024356E-10
2.1265187151861612E-10
1.8378655216864263E-10
1.5919667659132854E-10
1.401910623976766E-10
1.2334616585459105E-10
1.1061862683582187E-10
9.856023131945515E-11
8.834685270742822E-11
9.828385258681695E-11
1.3490792874910187E-10
1.805884068586624E-10
2.1495060976768653E-10
2.3544545281722563E-10
2.456889707114397E-10
2.4657001930421976E-10
2.1815895113661324E-10
2.0604492497213527E-10
1.9270977788470182E-10
1.710706544968219E-10
1.4699944062713442E-10
1.228514711611453E-10
1.0322270237608506E-10
8.949234290531386E-11
7.932248230529658E-11
6.716050477582842E-11
5.881804994057472E-11
5.174601501038033E-11
5.348475640169022E-11
6.428551328128955E-11
7.793536687068789E-11
8.982590876879782E-11
9.725707371993063E-11
9.971185404367213E-11
9.815708750236692E-11
9.370814561228898E-11
8.704752409292999E-11
7.881145138211663E-11
6.953808736548824E-11
6.021005094711919E-11
5.12241365277248E-11
4.3191273586278773E-11
3.960448990137688E-11
3.914739033721596E-11
4.4571527622259906E-11
4.896508958862486E-11
5.001707485469643E-11
4.783548366014172E-11
4.332542472849061E-11
3.845557180478043E-11
3.446138566806388E-11
3.120523200458818E-11
2.8315922743841326E-11
2.7612460228623897E-11
2.993903635982814E-11
3.330798366489607E-11
3.52041388235388E-11
3.487421790903689E-11
3.2636538353099236E-11
2.916433577562078E-11
2.512904781275853E-11
1.9115448226072155E-11
1.6172993215956262E-11
1.3740620041082172E-11
1.112622835192913E-11
8.026588071340245E-12
6.621204091903829E-12
6.220089899045759E-12
6.605384486809768E-12
7.47973781617708E-12
8.182582221110398E-12
8.73138736417033E-12
9.19358650073127E-12
9.426617786348425E-12
9.422336548211149E-12
1.067773327164063E-11
1.386412550100499E-11
1.7520273026736536E-11
1.98672469596867E-11
1.8739742890527145E-11
1.8487309170384908E-11
1.748592774897613E-11
1.540672669316265E-11
1.3066506216235967E-11
1.0744479704721643E-11
8.9940128407582E-12
7.940512670166999E-12
7.310865584444189E-12
6.752130275494186E-12
6.135433814335659E-12
5.319980944427245E-12
4.633312374764661E-12
3.959887372654383E-12
5.263649790520349E-12
2.6881521390179687E-11
7.458494507526524E-11
1.292269253610779E-10
1.7307248939223326E-10
1.9907812771911426E-10
2.0540410708780314E-10
2.060097357378594E-10
2.090362627285192E-10
2.1031267312821E-10
2.0680304732511223E-10
2.022012355845234E-10
1.9416602854732131E-10
1.8058818335953825E-10
1.66303761760202E-10
1.5461783193934788E-10
1.443861380752661E-10
1.3363140393947407E-10
1.221071928622672E-10
1.0981022053809495E-10
9.696270886643304E-11
8.380464671512373E-11
7.143117489125705E-11
5.986849536724711E-11
4.9613676875204353E-11
4.356955405729006E-11
4.252101735544908E-11
4.355452071122562E-11
4.348748054696562E-11
3.801966475023748E-11
3.599303318064051E-11
3.313954151530356E-11
2.849232052088834E-11
2.37859568520475E-11
1.9278505133445326E-11
1.5467681566642092E-11
1.240105177421935E-11
9.73135438252034E-12
7.932843694445706E-12
6.4645712452643596E-12
6.609019325912937E-12
2.1444651274710842E-11
5.4133794904410005E-11
9.23320394462937E-11
1.2302612322131913E-10
1.4188829891766042E-10
1.5254904869428818E-10
1.5919349840799586E-10
1.6061084431115466E-10
1.543897018627317E-10
1.4175429270485445E-10
1.2529286052717532E-10
1.0736278250528468E-10
8.966445053105179E-11
7.327575451152748E-11
5.332238077097383E-11
4.2701249872681255E-11
3.394141320801793E-11
2.6555968947477614E-11
2.0494215949083633E-11
1.6008381932859447E-11
1.265043683431963E-11
9.750106333666222E-12
7.536616044156766E-12
5.950354430504749E-12
4.859059252989199E-12
4.10619292491337E-12
3.558306430693069E-12
3.1141807323044297E-12
2.7211265618140336E-12
2.361287090084224E-12
2.0318298295683103E-12
1.7348522217947917E-12
1.456387594280944E-12
1.2360634884361963E-12
1.0510156131658036E-12
1.6085919899125787E-12
9.538086897200534E-12
2.641054915573135E-11
4.418435958971973E-11
5.507350906788499E-11
5.820788929656174E-11
5.5612316128026726E-11
4.968551460350333E-11
4.2366631587348045E-11
3.491264023089303E-11
2.8039772486867922E-11
2.2075099082146933E-11
1.711010104463218E-11
1.1871745575588774E-11
9.336133678089313E-12
7.463894205832425E-12
5.698256358794979E-12
4.321571814749726E-12
3.236087323166833E-12
2.4520287668807345E-12
1.8935411061073627E-12
1.3802758428735348E-12
1.1855458888756157E-12
1.0565047132186605E-12
9.20111643753959E-13
8.095936449655458E-13
7.093462888352681E-13
6.349600478198032E-13
5.84775269625499E-13
5.534849519353078E-13
5.300114415331013E-13
5.080327838249563E-13
4.822138948335693E-13
4.516921959050252E-13
4.143721783696802E-13
3.7993484904896545E-13
3.459225792121406E-13
8.188555339003837E-13
6.491628843491082E-12
1.8490543829732044E-11
3.1092016177553065E-11
3.8763205677163724E-11
4.07444108422083E-11
3.894424357074941E-11
3.4833079411766565E-11
3.000874766314326E-11
2.846104532778983E-11
3.146038320352581E-11
3.556843193094836E-11
3.723226518908903E-11
3.504811980343197E-11
3.212898917872096E-11
2.8096515370409462E-11
2.4648315155359163E-11
3.287754399554866E-11
5.569328823092571E-11
7.792784221463348E-11
9.809851750904737E-11
1.1376057518238175E-10
1.2310697692711736E-10
1.244575817508509E-10
1.1964220004978804E-10
1.0918150813936149E-10
9.650600752605688E-11
8.600960124297826E-11
7.987375434091351E-11
7.703895745679521E-11
7.463810460454701E-11
7.15772567215939E-11
6.19941004964312E-11
5.7478077965471504E-11
5.4053786977074604E-11
4.670087545791543E-11
4.53037683094054E-11
4.3199579325574715E-11
3.883981042020351E-11
3.3733856510945334E-11
2.8407695064598017E-11
2.345939504444568E-11
1.908373841529383E-11
1.5384001952377848E-11
1.120334242575989E-11
9.386532030740318E-12
7.895101339379008E-12
6.269383262249896E-12
4.956807421257071E-12
3.812577484745747E-12
2.9649676742519346E-12
2.2957168108624667E-12
1.9374623064732257E-12
3.268681879685615E-12
6.694513875875342E-12
1.0974032717866462E-11
1.4486214886588666E-11
1.5622924000004793E-11
1.6647311179191058E-11
1.695771163526738E-11
1.631811761828148E-11
1.5209132374950827E-11
1.3771413588828426E-11
1.2193056652266456E-11
1.0573521923313581E-11
9.044043500031748E-12
7.129449284273657E-12
6.18587929517755E-12
5.9034710434457454E-12
6.165625071199487E-12
6.717600677728494E-12
7.036321623593776E-12
6.989904465654371E-12
6.5904847332316866E-12
5.994256639284084E-12
5.584618372041741E-12
5.540897407521319E-12
5.6278221656136906E-12
5.579344378998893E-12
5.4939892737136535E-12
5.462278183169417E-12
5.3789860665432096E-12
5.119674529224097E-12
4.6903011635743705E-12
4.148232726044773E-12
3.2426384222994164E-12
2.84204896345016E-12
2.4634058477449557E-12
1.9980410148610893E-12
1.5988976641022707E-12
1.254804152911263E-12
8.900468705167383E-13
7.02204879190183E-13
5.841529778349744E-13
4.514085968509337E-13
3.711127892801773E-13
3.1207669736242206E-13
9.944246840679089E-13
9.327308347488628E-12
2.7998863274724243E-11
4.9830656266387204E-11
6.285785103378486E-11
6.99296647004828E-11
7.032209841542924E-11
6.932351647183854E-11
6.097308613771882E-11
5.6215418015376104E-11
5.274505940913661E-11
5.009759920623649E-11
4.838997003913877E-11
4.2839027565167824E-11
4.1893112291753624E-11
4.0899697705513125E-11
3.84596933041644E-11
3.533130393046505E-11
3.1826392344452534E-11
2.8626799210437083E-11
2.607675067765576E-11
2.3958993833230296E-11
2.1855807617561483E-11
1.966674531332558E-11
1.7374777523221902E-11
1.5064614365582464E-11
1.2876917515813386E-11
1.090929043499022E-11
9.173417530543721E-12
7.643796289324114E-12
6.305430124484532E-12
5.1457702235472074E-12
4.154198073107348E-12
3.3188861852391825E-12
2.6260766343200174E-12
2.0603729135710108E-12
1.605028585130712E-12
1.2442456648713683E-12
9.617322681377057E-13
7.269012422464471E-13
6.301979065167365E-13
6.346666393076501E-13
1.2470801655492453E-12
7.774585583842195E-12
2.1716064945715203E-11
3.754354697542819E-11
4.9547397051541174E-11
5.39980042347878E-11
5.467855224492037E-11
5.1676154029189794E-11
4.668926798186802E-11
4.530454552910151E-11
4.9103896774635674E-11
5.550061656459758E-11
5.999355605657051E-11
6.185248413982083E-11
6.236391174590963E-11
6.178539548395482E-11
6.038470263386393E-11
5.831044723728103E-11
5.415820329319115E-11
4.9806899817741416E-11
4.483216732013904E-11
3.906668691017043E-11
3.6040022598113103E-11
3.640340267697027E-11
3.763273832461843E-11
3.807435298623872E-11
3.8275071351768864E-11
3.5044638874454874E-11
3.3230521428169566E-11
3.1958403343049094E-11
3.07960292423948E-11
2.936574407655786E-11
2.7170891899985136E-11
2.4309191376778662E-11
2.0947560061916265E-11
1.778550776372004E-11
1.4844635642109087E-11
1.2264103486796889E-11
1.093854019134315E-11
1.1210172430335298E-11
1.1982129349748964E-11
1.2193347246880727E-11
1.2253650322135462E-11
1.252376654636437E-11
1.26681254776177E-11
1.2557865350631133E-11
1.1384291624533519E-11
1.110999048446954E-11
1.0692886307519071E-11
8.93568242951781E-12
7.589962930478624E-12
6.3168423669049E-12
5.6157122094516E-12
4.912471306615607E-12
4.140483383862237E-12
3.1158268081774254E-12
2.4866327811297786E-12
2.2141715714148124E-12
1.9616640747685335E-12
1.6944610467151184E-12
1.452482822928028E-12
1.2437205666683826E-12
1.0660100344539755E-12
8.974100911611837E-13
7.732031893378247E-13
6.613441096242594E-13
7.667978585880528E-13
2.8453008569076747E-12
7.37327351727698E-12
1.3000856887768003E-11
1.7575312595922207E-11
2.144365308486482E-11
2.3996823128135824E-11
2.517636154903132E-11
2.4795043685424486E-11
2.5819199604177496E-11
2.6908871244269112E-11
2.8410027151287568E-11
2.8825821882543957E-11
2.5659937227440833E-11
2.4194225322909212E-11
2.241510156665526E-11
1.995280297299989E-11
1.603701485980652E-11
1.4450991368645993E-11
1.3104141500796098E-11
1.1429587435848532E-11
9.815684191836165E-12
8.283708982769768E-12
6.912829819088775E-12
5.526767903303229E-12
4.582868865224275E-12
3.7861122644695195E-12
3.2202851400499493E-12
4.190189591197669E-12
6.63598329732551E-12
9.685527487403345E-12
1.1775398842554585E-11
1.2510637799568637E-11
1.2122564071853598E-11
1.1024791694134084E-11
9.601936843850246E-12
8.099288208060193E-12
6.6778555668982945E-12
5.4158366968296055E-12
4.004081084662571E-12
3.281936719532279E-12
2.7135943396661817E-12
2.2316017525124792E-12
2.6766353744661752E-12
4.28345940470778E-12
6.136809808597012E-12
7.296067510709722E-12
7.57814801151678E-12
7.257172427796968E-12
6.97602772892366E-12
7.078502135085538E-12
7.276316644705588E-12
7.115196295503331E-12
6.640516384405375E-12
5.924676310966888E-12
5.118925113098535E-12
4.660654397093134E-12
4.710452237632851E-12
4.943783978311052E-12
4.9879132741519866E-12
4.766363888813115E-12
4.336831744242071E-12
3.691079782657449E-12
3.144899396967527E-12
2.609368112295168E-12
2.216510502512789E-12
2.7571513019524602E-12
4.729601517935979E-12
6.887235579594676E-12
8.666030771965013E-12
9.786898851691008E-12
1.033336032546032E-11
1.06920901112997E-11
1.0988775707365206E-11
1.1103048199546764E-11
1.092196664807214E-11
1.0455117791324639E-11
8.951886781467879E-12
8.154325057190821E-12
7.492286954255374E-12
6.799358956136549E-12
5.942959598340406E-12
5.052513275714316E-12
4.446585602398431E-12
4.118844726335461E-12
4.058742525669942E-12
3.97240951427998E-12
3.785607936335424E-12
3.5389598575778226E-12
3.7657167365427985E-12
3.971103737308361E-12
4.210009027299939E-12
4.369395610117028E-12
4.34978340984518E-12
4.422501076396085E-12
4.703774606252989E-12
5.0376068601622605E-12
5.200941387481124E-12
5.171214315507001E-12
4.952109634408776E-12
4.589315800694208E-12
4.1818296314916205E-12
3.798288679140107E-12
3.4415265107839163E-12
3.075416525851344E-12
2.537259184322894E-12
2.259121137946797E-12
1.999188865936542E-12
1.7515053653601751E-12
1.5769107091361505E-12
1.4560135346883509E-12
1.4784490257374544E-12
1.6643608399254528E-12
1.8915267795063454E-12
2.019441970337611E-12
2.0107770430499097E-12
1.8866391162271397E-12
1.6886817104794104E-12
1.4563005401762805E-12
1.1082203848546864E-12
9.482081084378212E-13
8.01855310735198E-13
6.42925615127706E-13
5.075320294652057E-13
4.0319179819784986E-13
4.485439113184823E-13
6.69049813410847E-13
9.343685980203558E-13
1.1048292564167125E-12
1.1503556736078608E-12
9.993064480700787E-13
9.32214239206585E-13
8.375526433886527E-13
6.412044740889641E-13
5.173316648823612E-13
4.445074563651106E-13
4.614417127931153E-13
5.773089002416623E-13
7.236526366030271E-13
8.522753849226598E-13
9.43741592889647E-13
9.870176035379242E-13
9.739051183578054E-13
9.162934006025507E-13
7.892604887002755E-13
7.753618214470614E-13
7.805480372879912E-13
7.417804918095407E-13
6.762420647250708E-13
5.943437339448517E-13
5.314555812630212E-13
5.040798003817405E-13
4.947492442651824E-13
4.743977651361839E-13
4.375116996599723E-13
4.1007246645019324E-13
4.062012431367067E-13
4.079973572787284E-13
3.9385735056677794E-13
3.616377046523737E-13
3.1766669881372164E-13
2.689729087898386E-13
2.2112123825004867E-13
1.7751025184881898E-13
1.3980570643114453E-13
1.0843609502121356E-13
8.309554585504879E-14
6.309019872790624E-14
4.758345512888463E-14
3.573810125396151E-14
2.6794977019724342E-14
2.0105322604543828E-14
1.5137334665977328E-14
1.1467779233826674E-14
8.767367042110849E-15
6.7843581398811415E-15
5.328998002234763E-15
4.259730149824976E-15
3.4718697821159646E-15
3.467500544336624E-15
4.23085823530376E-15
4.539082382863872E-15
4.188291351643234E-15
3.663286856085447E-15
5.1985086890778425E-15
2.842015470266339E-14
7.964828501421283E-14
1.3509067446855975E-13
1.6953431506231574E-13
1.6412426291498405E-13
1.5643408340226383E-13