
0.0
2.2926547257560283E-24
1.8149945878591327E-19
2.4326917890926927E-13
5.934905069251896E-12
2.0605042246224437E-11
2.3739411831337836E-6
6.022227702482239E-6
1.2136052420924345E-5
1.9459967769244822E-5
2.6823022470723504E-5
3.314873230629685E-5
3.785369460795771E-5
4.073308196282745E-5
4.1882235092965463E-5
4.155285606201019E-5
4.0068884524854846E-5
3.775541853019474E-5
3.4907105442763505E-5
3.176851427568153E-5
2.8531995091490014E-5
2.5339541381093153E-5
2.229026646363203E-5
1.944773696891776E-5
1.6848080451512675E-5
1.4506698218151183E-5
1.2424271528328879E-5
1.0591378433992418E-5
8.992224148107217E-6
7.607350396608329E-6
6.415664097961526E-6
5.395818609388081E-6
4.527162373568215E-6
3.7903178169372117E-6
3.167518212455552E-6
2.6427536662342747E-6
2.2017980106855732E-6
1.8321495260951719E-6
1.5229235029183836E-6
1.2647149715790842E-6
1.0494502789744757E-6
8.702363438367757E-7
7.212157689277818E-7
5.974311861943399E-7
4.947016415777481E-7
4.0951158774521636E-7
3.3891276138328306E-7
2.8043826002322017E-7
2.320280601044083E-7
1.9196487094536534E-7
1.5881926989090487E-7
1.3140299565792126E-7
1.0872938050570146E-7
8.997994670250712E-8
7.447630698422315E-8
6.165658846046497E-8
5.1055704041238026E-8
4.228887594573899E-8
3.503790248481637E-8
2.9039728438362853E-8
2.407694661244626E-8
1.996991334898068E-8
1.6570210780118237E-8
1.3755230544345697E-8
1.142369007299016E-8
9.491923298317311E-9
7.890813709318654E-9
6.563259703098134E-9
5.462080629325473E-9
4.548287446720634E-9
3.789654933350367E-9
3.1595427742503627E-9
2.6359227151629797E-9
2.200575366521288E-9
1.8384275417366976E-9
1.5370051627477896E-9
1.285981857394591E-9
1.0768062506310449E-9
9.023944006902764E-10
7.568761245444426E-10
6.353846691034012E-10
5.338838241484085E-10
4.490243438787033E-10
3.780259744152088E-10
3.1857951713215146E-10
2.6876622559386737E-10
2.2699092892351851E-10
1.9192719584764293E-10
1.6247103992999913E-10
1.37703510391471E-10
1.1685883363751057E-10
9.929879417454328E-11
8.449091916126058E-11
7.199086833422818E-11
6.14274936349281E-11
5.2490693039072694E-11
4.4921148209253116E-11
3.850195000249973E-11
3.305147932394955E-11
2.8417629286156753E-11
2.4472850030261557E-11
2.1110153485542415E-11
1.823967548383005E-11
1.578591098173078E-11
1.3685580899082552E-11
1.188531723710506E-11
1.034012156596561E-11
9.01216679635873E-12
7.86929162345807E-12
6.884420031332371E-12
6.0344329816340675E-12
5.299764276289488E-12
4.663700975651642E-12
4.112829260533986E-12
3.634849546063937E-12
3.2196208369426786E-12
2.858486446211703E-12
2.5437861561558125E-12
2.269245503483261E-12
2.029209888624759E-12
1.8189764690345055E-12
1.6343748748508488E-12
1.4974612146906146E-12
1.3947556505083462E-12
1.3220715593029442E-12
1.2802413722316674E-12
1.2593470705329181E-12
1.2590291156864795E-12
1.270908823317366E-12
1.2908393503843958E-12
1.3270151985722852E-12
1.3692599483028998E-12
1.4129092051101633E-12
1.457403707556551E-12
1.4961234745214216E-12
1.5295610577714438E-12
1.553768541342192E-12
1.5795161441005603E-12
1.599443029678853E-12
1.6126899138336405E-12
1.6204182609287879E-12
1.6191792147318467E-12
1.6182985245459282E-12
1.6125143424515442E-12
1.6042692617161783E-12
1.5940062177067148E-12
1.5808719710065061E-12
1.5667889948705014E-12
1.5507493319994594E-12
1.5337893904758211E-12
1.5153049145441113E-12
1.4957032193502183E-12
1.4747409171000689E-12
1.4525587215316084E-12
1.4291110119788622E-12
1.4044730057392169E-12
1.3786927628946183E-12
1.3518620050567443E-12
1.324078683467722E-12
1.2954600867372983E-12
1.2661289202240388E-12
1.2362164085190684E-12
1.2058510959265293E-12
1.1751605346151033E-12
1.1442666152036477E-12
1.1133940227715587E-12
1.0826477341322823E-12
1.0521652595070338E-12
1.0220526560326357E-12
9.920628208952842E-13
9.619672244761105E-13
9.315282603250408E-13
9.004541645902611E-13
8.685223120593765E-13
8.355442057291924E-13
8.057936135158752E-13
7.772102883565734E-13
7.495829994731733E-13
7.236074293429831E-13
6.98004291381978E-13
6.733986403942939E-13
6.48906202290242E-13
6.244517188450369E-13
5.996336464852823E-13
5.74309231255502E-13
5.483912258324475E-13
5.219641862055625E-13
4.951438060646396E-13
4.68153895071617E-13
4.4119298364534286E-13
4.1450679520395813E-13
3.882869061444331E-13
3.627309505253036E-13
3.379843192206878E-13
3.141801329099198E-13
2.9148877624636525E-13
2.699764897573809E-13
2.4969266425956886E-13
2.306750290768906E-13
2.1290461858782713E-13
1.9637223325890205E-13
1.8102496925806074E-13
1.6682274356037017E-13
1.5379001559235818E-13
1.4185185770755876E-13
1.30950014584322E-13
1.2153826940883382E-13
1.1343480621275923E-13
1.0653781706886276E-13
1.2596264365291766E-13
1.624372880257052E-13
2.1617705621535735E-13
2.9260509411466876E-13
3.825634141514794E-13
4.882205895659934E-13
6.022199145305103E-13
7.209108387391116E-13
8.38144665406423E-13
9.60388577839046E-13
1.078703606533452E-12
1.1949903399804735E-12
1.3065387466499578E-12
1.4087949472426808E-12
1.5027380736271187E-12
1.5838132114161564E-12
1.6523892071394758E-12
1.705470717819898E-12
1.7427437899744626E-12
1.7631531817276163E-12
1.7668552781072382E-12
1.754362640105899E-12
1.726765744671997E-12
1.6855488935606958E-12
1.632466744647678E-12
1.5694483286583E-12
1.4984752629069149E-12
1.4215074846101513E-12
1.3404060631019372E-12
1.2568862096221804E-12
1.1724798559731637E-12
1.0885181640427571E-12
1.0061460241383844E-12
9.404309693958524E-13
8.846357578225818E-13
8.393862867710222E-13
8.063586974912762E-13
7.808017284229739E-13
7.642071283927163E-13
7.524611737292559E-13
7.44500147137935E-13
7.373954574754342E-13
7.371903835154802E-13
7.387589594253956E-13
7.41250203951566E-13
7.449337994599036E-13
7.471409650690961E-13
7.486480484703369E-13
7.476239526311815E-13
7.438425871809502E-13
7.362981874129336E-13
7.247949713945949E-13
7.09069343724354E-13
6.968711151116846E-13
6.845041057117023E-13
6.723353805918907E-13
6.617381123883931E-13
6.507042125318523E-13
6.407195499082322E-13
6.301779208220659E-13
6.239711788387343E-13
6.185893686182682E-13
6.136361585277699E-13
6.09266961961506E-13
6.036784672211574E-13
5.974021014853685E-13
5.892511719257178E-13
5.791366082274015E-13
5.66480158015193E-13
5.512157389375967E-13
5.33293214936519E-13
5.129173365709584E-13
4.904448162656469E-13
4.662828888524894E-13
4.4089318969592135E-13
4.1475308422960694E-13
3.8830126867739546E-13
3.6195402117428915E-13
3.3605788601169844E-13
3.1088860815475835E-13
2.8666434279271534E-13
2.6657597191111474E-13
2.492460614687544E-13
2.346461304236616E-13
2.248722372363309E-13
2.1807026896377505E-13
2.1445517749594232E-13
2.1441601826720492E-13
2.1654045715714068E-13
2.2031328394133615E-13
2.2497003078896767E-13
2.2958945664588304E-13
2.336892327200129E-13
2.366207213158609E-13
2.3805262479928777E-13
2.3915544240815397E-13
2.390203619504274E-13
2.3762295516731776E-13
2.3525042275794914E-13
2.3155106985212357E-13
2.2692142467742144E-13
2.8656516979882054E-13
3.736733413967368E-13
4.935973219771229E-13
6.550323540782821E-13
8.42723440951909E-13
1.0608001509070189E-12
1.2903514276194187E-12
1.5267017015557526E-12
1.7533223287881332E-12
1.963662184515866E-12
2.161224242715287E-12
2.333478935465172E-12
2.478078905236109E-12
2.5949075121248466E-12
2.679128518414868E-12
2.7346478507447124E-12
2.7660733132764112E-12
2.7739807598981465E-12
2.7601352965977485E-12
2.7285991206312607E-12
2.6792455768045375E-12
2.6157950414522566E-12
2.5393755366509967E-12
2.4563180885623514E-12
2.3664776214046123E-12
2.271048943124999E-12
2.1721784546903597E-12
2.0702551182258146E-12
1.967066787082616E-12
1.8633966823538643E-12
1.76018905732688E-12
1.6580842969401757E-12
1.55781090749296E-12
1.459779795553877E-12
1.3645393620339548E-12
1.2724115221609571E-12
1.183728645063515E-12
1.0986976472666572E-12
1.0207968114759086E-12
9.486548368682398E-13
8.819835141767697E-13
8.212256702297581E-13
7.672170412283278E-13
7.19249582509594E-13
6.762457979312535E-13
6.380281203324485E-13
6.031925734391322E-13
5.714355375521762E-13
5.419670576312852E-13
5.143225074396131E-13
4.879673771834167E-13
4.625400148992858E-13
4.377564610672495E-13
4.135024314222917E-13
3.8967275969643724E-13
3.679326171137683E-13
3.4749023994642246E-13
3.2828295016907046E-13
3.114504570254694E-13
2.961017542563575E-13
2.824076856893409E-13
2.7010417015035176E-13
2.587969623736938E-13
2.4829435828762276E-13
2.382289392864352E-13
2.283876919546439E-13
2.1854582584943318E-13
2.0858481605947185E-13
1.9843154972338564E-13
1.8807948288422944E-13
1.786965201731479E-13
1.6970782008321812E-13
1.6113947966666696E-13
1.5322910438647319E-13
1.4565292616718788E-13
1.3927477277144873E-13
1.335060251245833E-13
1.283082907113865E-13
1.2361721520276503E-13
1.1914287013311745E-13
1.148937726381363E-13
1.1067281340391765E-13
1.0693617307279404E-13
1.0330216193175957E-13
9.972504434401258E-14
9.62494627340699E-14
9.2715669857595E-14
8.92475863028924E-14
8.5762802622531E-14
8.225902150672297E-14
7.870960785476194E-14
7.510759905735755E-14
7.145048432250714E-14
6.774957111370671E-14
6.40182939282695E-14
6.027784718097779E-14
5.655103074419598E-14
5.28632199024698E-14
4.923945567759868E-14
4.5703919746059526E-14
4.227857400129117E-14
3.898262839412877E-14
3.5832008904519484E-14
3.3238776249549955E-14
3.098044811787223E-14
2.904579227807928E-14
2.7488330035029554E-14
2.6160020955238604E-14
2.510695413638146E-14
2.421607385523344E-14
2.3640004499982907E-14
2.321222233206258E-14
2.296653226830227E-14
2.285160753459771E-14
2.2783598037742653E-14
2.27731976539026E-14
2.2741150173235787E-14
2.2768467339651152E-14
2.275674644739632E-14
2.2694523068969095E-14
9.357922230519508E-14
2.0300960113396272E-13
3.7960715057298944E-13
6.156340151459695E-13
8.942580730514287E-13
1.2216622283086147E-12
1.5696522194435943E-12
1.9363246002498253E-12
2.296763325546936E-12
2.6442982642897355E-12
2.964338430672123E-12
3.2507494569147854E-12
3.497792316242887E-12
3.7023132987874704E-12
3.8633823501331965E-12
3.9815847468907274E-12
4.058449716888992E-12
4.096398766263019E-12
4.103973301177598E-12
4.0835360796997635E-12
4.038858018187313E-12
3.9745876672945135E-12
3.892377713799387E-12
3.795832891174768E-12
3.686705511182983E-12
3.5670458330513668E-12
3.4382001750959882E-12
3.301524493631639E-12
3.158207077321412E-12
3.0095408654216078E-12
2.8568495342941315E-12
2.7015084607442047E-12
2.5449330935924133E-12
2.38850103354092E-12
2.233546814721548E-12
2.081296380336546E-12
1.940863919982073E-12
1.8116655835675226E-12
1.6932827407539896E-12
1.5872385432720558E-12
1.4915754706044365E-12
1.4065144443819884E-12
1.3301422002841893E-12
1.261112828711846E-12
1.1974813838693797E-12
1.1377414916944764E-12
1.0805274698937127E-12
1.0248852342053834E-12
9.7015258527548E-13
9.159739371518699E-13
8.622211370647409E-13
8.089481595090079E-13
7.563318617338974E-13
7.046262460175471E-13
6.541216768135859E-13
6.051138819407684E-13
5.578857877196242E-13
5.126791044897204E-13
4.696916233633006E-13
4.290727347611786E-13
3.909188497056523E-13
3.5528104305517437E-13
3.221648776426321E-13
2.915391918289957E-13
2.6334042211834E-13
2.374801127871482E-13
2.1385036568510265E-13
1.9232970448138133E-13
1.7278777764798047E-13
1.5508959342443995E-13
1.3909892115212355E-13
1.2468107646905254E-13
1.1170506601359632E-13
1.0004520131315724E-13
8.958223971745167E-14
8.020413426798467E-14
7.180667204985079E-14
6.429650438423588E-14
5.758428754524249E-14
5.158865487346287E-14
4.623746851481588E-14
4.1462102216472105E-14
3.720244789482994E-14
3.3402736378593724E-14
3.001265992561854E-14
3.383120486345745E-14
4.3026289729549994E-14
7.262022646886845E-14
1.169982368368872E-13
1.7348797099093445E-13
2.447533027067634E-13
3.2412086862066976E-13
4.1154723815261836E-13
5.014111856297618E-13
5.932676497260521E-13
6.820411589755838E-13
7.647544860839835E-13
8.392186975823041E-13
9.032425299348431E-13
9.558942637407563E-13
9.963039975978257E-13
1.028000358891404E-12
1.0497767298763855E-12
1.0619717606364148E-12
1.0657398649095912E-12
1.0609185892582135E-12
1.048855573697853E-12
1.0298106360910967E-12
1.0046462295206836E-12
9.738618719023786E-13
9.382175487738237E-13
8.984274679136055E-13
8.553122521762742E-13
8.097506110499179E-13
7.625791374064934E-13
7.146061798101418E-13
6.66579137200811E-13
6.191024988325093E-13
5.727280606825267E-13
5.310930605267755E-13
4.933386408706183E-13
4.600019626124803E-13
4.3174792369108045E-13
4.0734490639413326E-13
3.870464346346776E-13
3.6983686405401415E-13
3.551737787458819E-13
3.4219848194929697E-13
3.30234940828653E-13
3.1866601749216194E-13
3.070484437072731E-13
2.978395534700836E-13
2.8970243056247807E-13
2.82219044913956E-13
2.757297701151704E-13
2.694171929318968E-13
2.6357081896688533E-13
2.5764603369544725E-13
2.5284823155086046E-13
2.483345680861304E-13
2.438245811427794E-13
2.393519494843464E-13
2.3448933673056816E-13
2.293431989207793E-13
2.2367172462494968E-13
2.1744731813539924E-13
2.105524087251292E-13
2.0298116296939794E-13
1.9474292272354613E-13
1.859080736431041E-13
1.7657230924539883E-13
1.6685749853448865E-13
1.5689503233994397E-13
1.4681911238292932E-13
1.382489223260619E-13
1.30631564417035E-13
1.2388569276138223E-13
1.1827891762632162E-13
1.1353293065815545E-13
1.0981239749477717E-13
1.0684428334168942E-13
1.0455962766282955E-13
1.0270455872779689E-13
1.011716961797901E-13
9.980658819014703E-14
9.853281397734838E-14
9.727192843642159E-14
9.59839472601839E-14
9.46361998725707E-14
9.321611376973501E-14
9.171780346646533E-14
9.013885212057256E-14
8.848492530113614E-14
8.676079933521314E-14
8.497925829152334E-14
8.315602004617742E-14
8.130852405686432E-14
7.945297143658332E-14
7.759857520445989E-14
7.574869689965626E-14
7.389814687262705E-14
7.203813527113667E-14
7.015485486745925E-14
6.823528385825403E-14
6.626603954989124E-14
6.424002338792307E-14
6.215277280095933E-14
6.00063597131606E-14
5.780501751451293E-14
5.5556946856791585E-14
5.3271007903585646E-14
5.0957673447541467E-14
4.8627220477127005E-14
4.629575637966524E-14
4.3978015343332944E-14
4.169285097422384E-14
3.945537978081233E-14
3.7279945830810235E-14
3.5189340848949007E-14
3.3195337261384656E-14
3.130978377598466E-14
2.961193789245612E-14
2.8265646295183424E-14
2.726661965738767E-14
2.658390132002806E-14
2.6215077213062123E-14
2.610010038554292E-14
2.6193239249764578E-14
2.6424911676700275E-14
2.6719629823818512E-14
2.7004434011570225E-14
2.721457554552968E-14
2.729995787510293E-14
2.7225568189560244E-14
2.753133828764497E-14
2.79773952279374E-14
2.850211968511624E-14
2.918602749555371E-14
2.985619015526187E-14
3.056760573064394E-14
3.1199994152153835E-14
3.171738763347937E-14
3.204021419238128E-14
3.213207372812647E-14
3.196391593829884E-14
3.153740999784956E-14
3.086009637468624E-14
2.99559174207608E-14
2.9108841331845493E-14
2.826785480054181E-14
2.749046735014054E-14
2.6850704599863738E-14
2.6331861137248576E-14
2.599477867878474E-14
2.580692977358987E-14
2.5771942671464936E-14
2.5849400212932998E-14
2.6011168999506484E-14
2.6212994824953336E-14
2.6423018112773537E-14
2.660372665131541E-14
2.6721667725442905E-14
2.674743747179469E-14
2.6658138050279884E-14
2.643949889797038E-14
2.625001209986567E-14
2.603567114762674E-14
2.5773071123185776E-14
2.5493160743599827E-14
2.5155494711913788E-14
2.4924165156148845E-14
2.4723913536606762E-14
2.4528733959132958E-14
2.4341408239104863E-14
2.410912577270957E-14
2.383521785778032E-14
2.3487416327457778E-14
2.30559947129559E-14
2.2524913445794357E-14
2.1891017926657158E-14
2.1155140371724902E-14
2.0325683413028004E-14
1.9415040627214762E-14
1.8440139252684834E-14
1.7417684126940014E-14
1.6365197547443645E-14
1.529975234626989E-14
1.423651339077756E-14
1.3189314708910992E-14
1.2169536851921515E-14
1.1186568437725342E-14
1.0247581690143665E-14
9.357828645089745E-15
8.520779549269814E-15
7.738378389598282E-15
7.184895198244161E-15
6.781975482702956E-15
6.504236661655042E-15
6.373109769760557E-15
6.339535542848124E-15
6.4169798843535E-15
6.552856989742226E-15
6.7289692352020725E-15
6.907991006753765E-15
7.0675471709686746E-15
7.187535646644407E-15
7.255016671400001E-15
7.262383144530607E-15
7.206961101597749E-15
7.090454191885379E-15
6.917542220938928E-15
6.7809720998617315E-15
6.65589978014715E-15
6.539179447986572E-15
6.44976348062423E-15
6.366675090517228E-15
6.301748554116327E-15
6.23995428752949E-15
6.1767458709991815E-15
6.1002663766557905E-15
6.00419186963141E-15
5.882697571113434E-15
5.733665210060946E-15
5.556932876651814E-15
5.355123422914171E-15
5.131791539925849E-15
4.891115592687392E-15
4.637561025924142E-15
4.375380751807874E-15
4.109061400859527E-15
3.84222335515645E-15
3.645774251555479E-15
3.495492073123049E-15
3.38482327344991E-15
3.3247514903453794E-15
3.2938034357075157E-15
3.2969658284819007E-15
3.3184768082326203E-15
3.383129899683861E-15
3.4676990869858584E-15
3.559941204771572E-15
3.656621249639381E-15
3.743029341249302E-15
3.817810083103288E-15
3.8722223316853556E-15
3.902767705096148E-15
3.9048479011389715E-15
3.876890890837689E-15
3.8184989611122326E-15
3.731178250273868E-15
3.6175696024544786E-15
3.5225833571597098E-15
3.43163879465136E-15
3.3476413045603275E-15
3.2791757344235933E-15
3.2156709867362165E-15
3.166928299843915E-15
3.1253702240965E-15
3.090928973212798E-15
3.058757557500449E-15
3.0261856352729825E-15
2.990813418835112E-15
2.9512062722718334E-15
2.906664200856509E-15
2.8569471367322716E-15
2.8022656567967085E-15
2.7429099611654626E-15
2.6794150408060097E-15
2.6123514314242557E-15
2.5423709976756807E-15
2.470041517387041E-15
2.4028661702758763E-15
2.3468448651460414E-15
2.3128444393300247E-15
2.3079429058610938E-15
2.3387995352473625E-15
2.4078419679692E-15
2.513953441112333E-15
2.6528459648561568E-15
2.8169132862246467E-15
2.997291788123569E-15
3.184503157598816E-15
3.373372702879495E-15
3.558338711587364E-15
3.740413363237003E-15
3.9169319180124965E-15
4.090627904117185E-15
4.258440843053568E-15
4.420757423808566E-15
4.572668597418694E-15
4.711575465401609E-15
4.831570888301909E-15
4.928768771081416E-15
5.014524536034904E-15
5.092375325017601E-15
5.179388311021392E-15
5.304982004672046E-15
5.49172651627675E-15
5.759401199424461E-15
6.1074921232483026E-15
6.524633886921538E-15
6.984789119305653E-15
7.458565895250914E-15
7.913989468272545E-15
8.323849512490389E-15
8.665692755811415E-15
8.924763592681773E-15
9.092643563980363E-15
9.167538240604198E-15
1.6949167556188377E-14
2.9861112084996917E-14
4.7114702973143943E-14
7.038531765995694E-14
9.682362289814344E-14
1.2685775468815224E-13
1.5892821195367928E-13
1.9188547625031565E-13
2.2438415746481373E-13
2.553139594015672E-13
2.837187037080488E-13
3.0898864603401107E-13
3.306909451851439E-13
3.486440426084255E-13
3.627965642099927E-13
3.7324006279447097E-13
3.801453454350351E-13
3.8386819658916773E-13
3.845969764257723E-13
3.825967722302885E-13
3.7813204240654963E-13
3.7141529265562966E-13
3.6271134416945367E-13
3.5223205239436983E-13
3.402160932200781E-13
3.268826490697239E-13
3.1246333682610223E-13
2.9718733372035167E-13
2.8130364005389525E-13
2.6504078553476947E-13
2.486237345682647E-13
2.322608624689408E-13
2.1613547862398688E-13
2.0041272733434454E-13
1.8522271366397607E-13
1.7066947352652687E-13
1.5683002661576739E-13
1.437580329793268E-13
1.3148409720617451E-13
1.2002124095250267E-13
1.0936598443547848E-13
9.950275402009926E-14
9.040632718327964E-14
8.204456784462256E-14
7.438045784256028E-14
6.737383119590504E-14
6.098277706140871E-14
5.516484650787416E-14
4.987900260055052E-14
4.508379378469253E-14
4.0740179058754585E-14
3.6810671593391626E-14
3.325994658863713E-14
3.005600708875637E-14
2.7168792772890545E-14
2.4572237942435306E-14
2.2240912611799956E-14
2.015225882062463E-14
1.8283598318901963E-14
1.6613962718084823E-14
1.5122473290645674E-14
1.3789672791330771E-14
1.2596871744232144E-14
1.1527025604916738E-14
1.056442535868944E-14
9.695223806516647E-15
8.907821829283906E-15
8.192367621239178E-15
7.54090344776786E-15
6.946536544104016E-15
6.403446049411081E-15
5.906317833841946E-15
5.450405522838872E-15
5.0312926016852925E-15
4.644999115563288E-15
4.287914444463625E-15
3.956877655054584E-15
3.64915896119127E-15
3.362566665696189E-15
3.0951874577036064E-15
2.8455632667715503E-15
2.6124982927230185E-15
2.3949904957411145E-15
2.1922672019072848E-15
2.0036042701922632E-15
1.8283984085297476E-15
1.666045849696657E-15
1.5170684239718248E-15
1.3817395463327374E-15
1.2611091709192557E-15
1.155428036594365E-15
1.0649043759239957E-15
9.888585919750025E-16
9.332304189661425E-16
8.976794404528138E-16
8.8222203432932E-16
8.861269379134056E-16
9.062445943912888E-16
9.41159050188245E-16
9.87214758189739E-16
1.0419054390905582E-15
1.1013944312622884E-15
1.16256110673522E-15
1.2266632109865951E-15
1.2905256014098332E-15
1.352223733532083E-15
1.4103944196780858E-15
1.4622359830107147E-15
1.5070536183309277E-15
1.5433205759120089E-15
1.5726255080454726E-15
1.5943303581883393E-15
1.6082734867100333E-15
1.6148106281847437E-15
1.6136489465553887E-15
1.6051360462429955E-15
1.5892884359566513E-15
1.5663457904265425E-15
1.5365421546752906E-15
1.5002533682283725E-15
4.786050540789043E-15
1.0131679922798076E-14
1.7366449239991734E-14
2.8253828046639847E-14
4.118764790279869E-14
5.627286116155518E-14
7.272167748665557E-14
8.965192319649352E-14
1.064185282071844E-13
1.2215045799789355E-13
1.362584095594024E-13
1.4822381713904203E-13
1.5772772907605338E-13
1.6461277450975796E-13
1.6887026529198924E-13
1.706139462094908E-13
1.700493554262427E-13
1.674398726869445E-13
1.6308580299704193E-13
1.5904630012288676E-13
1.5490603747875289E-13
1.508084980500357E-13
1.472142829533631E-13
1.437516313961625E-13
1.407216364132824E-13
1.3781512831326116E-13
1.3497071928820381E-13
1.3194812570485352E-13
1.286287705952139E-13
1.2490051368322713E-13
1.2072105529079156E-13
1.1608613515702753E-13
1.1103306995836874E-13
1.0702721594271018E-13
1.0352157381762946E-13
1.0047896768630776E-13
9.81468646194663E-14
9.613052592342361E-14
9.46145811305053E-14
9.328619626595782E-14
9.206140874131786E-14
9.07164952264644E-14
8.913528897000805E-14
8.721098253521535E-14
8.489791446080977E-14
8.21829638721584E-14
7.90872904084564E-14
7.56540142286104E-14
7.194183012637927E-14
6.801776516054772E-14
6.395168075894197E-14
5.981195226666899E-14
5.566223318864809E-14
5.155936526696527E-14
4.7552094803262664E-14
4.3680572906877786E-14
3.997637250845532E-14
3.763091671631545E-14
3.6094325177822215E-14
3.526874768237822E-14
3.530622448562234E-14