
0.0
3.6687233042237815E-10
4.0668987120876834E-10
5.077576912809896E-10
4.507941928300937E-10
5.452038410972709E-10
5.848040093403677E-10
0.0095183739996794
0.01076124984585101
0.013602187493360687
0.012120309776703657
0.014598701846163464
0.032073087854392175
0.023107966178200233
0.02541019503870083
0.019144837310805997
0.017412683139431732
0.013862639591321783
0.012046986806373273
0.010167526402589618
0.009327833505490064
0.007192022244837038
0.006210391122941683
0.006464310597004839
0.0055185756769087005
0.005243035075571981
0.004362306768543143
0.004911121230170256
0.003749858412800667
0.003952387942320549
0.0029814848647636547
0.002868501962466983
0.0025807964425744023
0.0023108601882537894
0.0019952778116487054
0.001959236756225331
0.0016425167838154896
0.0016531396057467885
0.0013355725430933985
0.0013978086078151074
0.0010577884672917579
0.0010832671482741548
9.45859867488084E-4
8.447617691594203E-4
7.543341159856696E-4
6.634839059516796E-4
5.948750955035648E-4
5.286360557692225E-4
4.7469647683945945E-4
4.2383999668875265E-4
3.796447664206632E-4
3.382032940512678E-4
3.016229464310796E-4
2.677787344215854E-4
2.378604748791121E-4
2.1055687149944694E-4
1.8633185012573706E-4
1.6443883383346057E-4
1.4498244567401515E-4
1.2760620234583374E-4
1.1217524601658458E-4
9.85022665392714E-5
8.639998136183737E-5
7.574007053248144E-5
6.63426398872876E-5
5.806089436762164E-5
5.074966221438591E-5
4.4206225251396504E-5
3.8504696906084805E-5
3.3335582184435845E-5
2.822937866316994E-5
2.2735807306724528E-5
1.8729680992518425E-5
1.802265756363647E-5
1.6739290509296585E-5
1.5154235613177483E-5
1.3252174538913517E-5
1.1438168764153251E-5
9.86027171133186E-6
8.470461403290646E-6
7.339727620228654E-6
6.369740028371754E-6
5.589402419876047E-6
4.908910242134973E-6
4.342368257635376E-6
3.854254135860612E-6
3.4475502053661045E-6
3.0828122742946148E-6
2.75965857802425E-6
2.479653998261036E-6
2.240938659912136E-6
2.021580797986623E-6
1.8185050031566885E-6
1.467046335494148E-6
1.3113226651870228E-6
1.4642907191979582E-6
1.3962291480237395E-6
1.2943057174571417E-6
1.1788596350666656E-6
1.0311609389759746E-6
9.217078969975041E-7
8.054325350268666E-7
6.38641728416877E-7
5.512007177082032E-7
6.030593754103329E-7
5.594912029999628E-7
5.116680317042094E-7
4.584044908561946E-7
3.9494833846910625E-7
3.5065968029044336E-7
3.050490139423697E-7
2.7114476677158937E-7
2.365615366679299E-7
2.112718056466523E-7
1.8884937549600996E-7
1.700261729913988E-7
1.5153450971292143E-7
1.365568864628664E-7
1.2508110605962436E-7
1.0196241055567278E-7
9.131635793631303E-8
1.0285544696102296E-7
9.700787293763333E-8
8.312057235908313E-8
7.82911433086417E-8
7.797742388997143E-8
6.956073763650674E-8
6.411224097501944E-8
5.59543614943519E-8
5.012904995431495E-8
4.415566216160272E-8
3.959567586944933E-8
3.542853116329994E-8
3.194483771513665E-8
2.8857437973552107E-8
2.6269533363384896E-8
2.3996684227791027E-8
2.1980921828918835E-8
2.0179194771344456E-8
1.8623567278982583E-8
1.7241841824009833E-8
1.598631393361182E-8
1.4837487204160846E-8
1.3827557118934162E-8
1.2918975817080535E-8
1.2081251275468112E-8
1.1448586954682777E-8
1.0856543829623293E-8
1.0648311087746845E-8
1.0484322164956985E-8
1.0205853961736283E-8
9.909850981378048E-9
9.11435223621119E-9
9.497867773586263E-9
1.0621680856925359E-8
1.2979826021960329E-8
1.4416224151744646E-8
1.5229026131759335E-8
1.6546584997002194E-8
1.8032709059065996E-8
2.0189949924563422E-8
2.1740699857118237E-8
2.2671296630848202E-8
2.2337230192190764E-8
2.2589212713128473E-8
2.2546005770256793E-8
2.2170193218836595E-8
2.151636759421874E-8
2.0424882026875235E-8
1.948771231489243E-8
1.8584573614391007E-8
1.7896112410566137E-8
1.6723025013753352E-8
1.5676507302708575E-8
1.4398673132400379E-8
1.4304941323542127E-8
1.3115327946774234E-8
1.256815453162628E-8
1.1518177588088872E-8
1.0798983062672692E-8
9.909301656797055E-9
8.398283712381084E-9
7.541482709421702E-9
7.973011762884866E-9
7.461604787654524E-9
6.700735076390974E-9
6.328249182813327E-9
6.437231220902752E-9
5.819671772008399E-9
5.584190956332349E-9
4.989419160183928E-9
4.267232784123445E-9
3.760373215287859E-9
3.865441993761464E-9
3.5539391761180194E-9
3.0836565608377434E-9
2.8825477784966846E-9
2.634059407157967E-9
2.2825661380078803E-9
2.444585008287786E-9
2.1387266130427215E-9
2.1088328553890835E-9
1.8876738699791063E-9
1.75195035024033E-9
1.69063410773052E-9
1.4786104506152613E-9
1.3745953671319374E-9
1.3971917134525098E-9
1.3170892987544346E-9
1.228658601225762E-9
1.1065106963513913E-9
1.0132432322586632E-9
1.0231588918993794E-9
9.63267466266276E-10
8.668110976595934E-10
7.973556667763029E-10
7.757726358374241E-10
1.5054535093120305E-9
1.4206887036769535E-9
1.480215215755748E-9
1.4789486778092581E-9
1.4664404276443344E-9
1.4467722718089503E-9
1.4095745543154376E-9
1.3845285709992696E-9
1.363518545369562E-9
1.3511162725655465E-9
1.2926509842541313E-9
1.5344017730229163E-9
1.47076458508272E-9
1.4717378569816474E-9
1.3769889873043274E-9
1.2821300605965828E-9
1.287099608847986E-9
1.1895322707321137E-9
1.1313916179928104E-9
1.0190872547306654E-9
9.3663300315268E-10
8.439970182762991E-10
7.267968975243748E-10
6.632941795180109E-10
6.224636307018122E-10
5.509652311647724E-10
5.019575758796976E-10
4.355133093454166E-10
3.8714496406341856E-10
3.36813227477846E-10
2.9688328039947007E-10
2.6028693469547266E-10
2.3300276206980944E-10
2.167089219288689E-10
1.9881376013335173E-10
1.8542006507277225E-10
1.7650909210609968E-10
1.7065213768833766E-10
1.6751486083382335E-10
1.650631480474056E-10
1.6231308772558674E-10
1.580564610105642E-10
1.5287210395284723E-10
1.4782902783739568E-10
1.417166240759625E-10
1.3603928958511835E-10
1.2816032688251036E-10
1.2076141657950727E-10
1.1361724400760066E-10
1.0557531545348385E-10
1.0050068961811024E-10
3.6003050872343283E-10
3.210902463359062E-10
3.4372293821059647E-10
3.0698225731519693E-10
2.833478816634038E-10
2.464604321002243E-10
2.17653404712895E-10
1.8691016321255365E-10
1.5969208660515559E-10
1.3555365956724757E-10
1.1262839492706145E-10
9.786986718115356E-11
8.256050434438707E-11
7.00423322889105E-11
1.4719256924281327E-10
1.3364423905058074E-10
1.4306650775938663E-10
1.29812213741387E-10
1.2378413146606326E-10
1.0825513574315046E-10
9.6040798567576E-11
8.116131869413399E-11
6.876380701957793E-11
5.6595160593498646E-11
1.5436698587072052E-10
1.4088811181434013E-10
1.4586308643221266E-10
1.28762213348691E-10
1.2172496286964313E-10
1.0928582909931136E-10
9.847495197270462E-11
8.876275793663444E-11
8.305688970534483E-11
7.486911233373527E-11
6.892742850346266E-11
6.15754845155226E-11
5.58529188307291E-11
4.899591600754137E-11
4.248197776144628E-11
3.6243281544534583E-11
5.1119467558748726E-11
4.534994833435178E-11
4.7163507077277834E-11
4.1670423151455654E-11
3.829173428530362E-11
3.272409421126837E-11
2.8301216527579222E-11
2.3519660976596073E-11
1.975355350285561E-11
1.6053557809591134E-11
1.5730207612127354E-11
1.3250912392712302E-11
1.1766469021347458E-11
2.7176300013111472E-11
2.482827273997209E-11
2.642212325982454E-11
2.3242669993382883E-11
2.124554005898408E-11
1.798517273617258E-11
1.5295738619706884E-11
1.2510808425818597E-11
2.2190804905057142E-11
1.9584673537446054E-11
1.520694595650977E-10
1.9386405420370935E-10
1.9110365595330597E-10
1.798111498282313E-10
1.6460038553748644E-10
1.4674681058409153E-10
1.3052868157729873E-10
1.1472321202075958E-10
9.79502246246537E-11
8.437584763161958E-11
7.36123666803944E-11
6.39582939111353E-11
5.5549971823087756E-11
4.765289225508071E-11
4.0213421571713506E-11
3.9604576788672786E-11
3.354523435171649E-11
3.8217943314046816E-11
3.8050643096934953E-11
3.53738957964351E-11
3.438030639046868E-11
3.162975405377239E-11
2.7868766023282266E-11
2.7242892745259436E-11
2.358041251103342E-11
2.3401098309615447E-11
2.1595792853707418E-11
2.050217814583873E-11
1.8333838683561345E-11
1.7289062697316217E-11
1.5832344160031842E-11
1.4294672513340325E-11
1.3467374088497758E-10
1.8387391384273108E-10
1.7835070094897016E-10
1.7272179900446237E-10
1.561812307859913E-10
1.4044610373438198E-10
1.2229190042557378E-10
1.0460403712409692E-10
8.748116848996343E-11
7.184164079678388E-11
5.790402032798198E-11
4.58916151422814E-11
3.86046132099575E-11
3.050498322800929E-11
6.906066799515848E-11
7.674412567584486E-11
7.818695578799059E-11
7.209343076750636E-11
6.628709548095592E-11
6.133965280402006E-11
5.4498101089118715E-11
4.7418048946494534E-11
6.133605285524812E-11
6.128559027953498E-11
5.4948497224506596E-11
5.944386404613371E-11
5.4749303577182317E-11
1.5408568991596128E-10
1.819022811876437E-10
1.7350569886295472E-10
1.624638596876632E-10
1.429734968255638E-10
1.2557893963392122E-10
1.0798630357601778E-10
9.118509771007406E-11
7.527098872731179E-11
6.10394553184546E-11
4.8421247235031896E-11
1.0968564063289975E-10
1.192399682817544E-10
1.1465503764343789E-10
1.1156606053389438E-10
9.886422724659665E-11
8.971617763087709E-11
7.812788429068612E-11
6.726030475360181E-11
5.776670213493814E-11
4.8295483702273394E-11
4.714822323353669E-11
4.4626373423616135E-11
4.206346853256951E-11
3.8606578462830997E-11
3.453274376425939E-11
3.0237166677180904E-11
2.5875178745054742E-11
2.1780996754692373E-11
1.797689581816444E-11
1.4619138491483737E-11
1.1691610274587004E-11
9.225432384423985E-12
7.178848188537251E-12
5.521053818400207E-12
5.273927552506282E-12
4.14579350188766E-12
1.3847740574642845E-11
1.918719701770978E-11
2.0250675949746022E-11
1.9518484577834734E-11
1.8082931310201876E-11
1.6492352082336886E-11
1.451062530777515E-11
1.3008093844546405E-11
1.0973089036204432E-11
1.265571473306327E-11
1.4003198664878391E-11
1.4277091573986547E-11
1.345705153702255E-11
1.2203942333324079E-11
1.1063073678389209E-11
1.0090421701464013E-11
9.129138972811088E-12
8.120227955265337E-12
7.088406669003157E-12
6.067929036685625E-12
5.103706058915598E-12
4.2185945193519525E-12
3.4320052078714185E-12
2.7491887955862212E-12
2.17109547090986E-12
1.6915120172564253E-12
1.3016625054108606E-12
9.902171139753947E-13
7.454999190997937E-13
5.559694955726378E-13
4.11126435419927E-13
3.017184204247127E-13
2.1994421275354366E-13
1.5938465510779907E-13
1.1490220472142287E-13
8.246089538698817E-14
5.894763659275486E-14
4.249436063330742E-14
4.1791179246403774E-13
3.6510620943901237E-13
2.824401972174162E-12
4.529928514250799E-12
5.198335646138865E-12
5.2085286583318545E-12
4.858164605682808E-12
3.969010746188878E-12
3.1113788130265567E-12
2.189071116059345E-12
1.5066773466556695E-12
1.0757714275002544E-12
7.98335295047615E-13
6.198633170866353E-13
4.83749062806458E-13
4.814402294933416E-13
3.857185521088433E-13
6.355362416015475E-13
8.041725604167376E-13
9.14032627890394E-13
7.890314151581214E-13
6.578142335229723E-13
5.485071047658406E-13
4.804224194986593E-13
4.2097598909589524E-13
3.640715754651923E-13
3.086643712539523E-13
2.5584945321041736E-13
2.0850145699684804E-13
1.667408556104365E-13
1.314976838152074E-13
1.0212280572802449E-13
2.6478211242311705E-13
3.7895468163871546E-13
3.8913021380898187E-13
3.6000444881577536E-13
3.0291586037766283E-13
2.4430109452796483E-13
1.8949167655558346E-13
1.437423414779778E-13
1.069034151729931E-13
7.847212263810122E-14
1.9179170565496627E-13
2.6618669706488996E-13
2.687715499052946E-13
2.465684220698039E-13
2.0556004742617044E-13
3.685855594882832E-11
4.577734296294257E-11
4.783096664609215E-11
4.793508558873285E-11
5.6921146720794844E-11
6.555521450425684E-11
7.467796374067532E-11
7.541855115142008E-11
7.121407579658956E-11
6.264560211389375E-11
5.380674024708464E-11
4.7153270193056194E-11
4.333969104163423E-11
4.009083520322582E-11
3.772450880946636E-11
3.5740630074131163E-11
3.2343372420186797E-11
2.7890038878317457E-11
2.4355639222208743E-11
2.07391911669756E-11
1.8130040444661007E-11
1.5948157842457297E-11
1.4335434895124939E-11
1.2959239421297952E-11
1.1730112366145016E-11
1.0723142425423237E-11
9.825372873404697E-12
8.983957017222853E-12
8.16670157240556E-12
7.404017573781642E-12
6.714194027288921E-12
6.0150728369385885E-12
5.203120490426872E-12
4.754841120799015E-12
4.013981080194742E-12
4.100195884082088E-12
3.617149740718543E-12
3.4898135107734633E-12
3.003121644528878E-12
2.8283479200529573E-12
2.4063693248334536E-12
2.254946065764298E-12
1.9143377928757713E-12
1.7538490973511903E-12
1.5117673663069027E-12
1.3500056797720063E-12
3.81751785836096E-12
5.092481799478065E-12
5.269702420609651E-12
5.214884124307627E-12
4.7598704077058815E-12
4.203632920496837E-12
3.615524728238394E-12
3.0437205721102363E-12
2.5359984809025767E-12
3.0053608516132774E-12
3.117945023333291E-12
3.2169076116751415E-12
3.079458387272612E-12
2.749588305285006E-12
2.3871411171232862E-12
1.9930742624841335E-12
1.6428853601054446E-12
1.3228491809028235E-12
1.05428784942304E-12
8.336317891757959E-13
6.565698822726394E-13
9.617850644222214E-13
1.0801591839975485E-12
1.0863655223394784E-12
1.0140706330428987E-12
8.967096390902833E-13
7.818701898807354E-13
6.781899635448867E-13
5.712792274483719E-13
4.711243227122943E-13
3.831719773833779E-13
3.059078879522309E-13
2.4309868276750604E-13
2.2914271695251073E-12
3.1308627405112725E-12
3.2108663168800303E-12
3.2077785547813877E-12
2.8441980150640527E-12
2.461836052543163E-12
2.0396322856842763E-12
1.6548005965691132E-12
1.3127965071345174E-12
1.0246587514826904E-12
7.881132755466239E-13
1.517659327933921E-12
1.7530788509832714E-12
1.682304565649969E-12
1.5193758352188156E-12
1.2567621546984701E-12
1.02210285714173E-12
7.965239135294754E-13
6.137767296777903E-13
4.624577952583824E-13
3.4532706416995116E-13
9.37859465495433E-13
1.14837747354523E-12
1.101773742240229E-12
9.93052394179003E-13
8.103126269971203E-13
6.506638695323325E-13
5.082587591103511E-13
3.894126118694903E-13
8.438502841585609E-11
7.484204405444253E-11
8.711283258647857E-11
7.092194135245561E-11
7.478371055369027E-11
6.796700295725918E-11
6.157098081503685E-11
7.099887925476528E-11
6.430994383359523E-11
6.04753407025726E-11
5.427873293301951E-11
5.158826870132444E-11
4.515780035447964E-11
4.2006906874793364E-11
3.771494681655407E-11
3.4919816439184526E-11
3.1398252007949085E-11
2.895523954226115E-11
2.5862069789823065E-11
2.310724776494501E-11
2.0059294298428838E-11
1.728587810632467E-11
1.454920917630526E-11
1.2121165651879484E-11
9.906777501955636E-12
8.011296620220455E-12
6.378731970636699E-12
5.0293753065926705E-12
3.916252066832404E-12
3.028779905982612E-12
2.3118531078381424E-12
1.7770787477938362E-12
2.15859508123721E-11
1.886730877954535E-11
2.1109776023375244E-11
1.7100123666850273E-11
1.6657607116978828E-11
1.3847179797413548E-11
1.3454613873728515E-11
1.1632047969633021E-11
1.1295457869670446E-11
9.845554668676664E-12
9.30394019024283E-12
8.225645941113246E-12
7.615264491924208E-12
6.6016161435763756E-12
5.830851959015673E-12
4.9177683044544195E-12
4.164668601251435E-12
3.4119663540659404E-12
3.0222751768304396E-12
2.47399127272943E-12
3.243616506315036E-12
3.3173930553103776E-12
3.1149851049567876E-12
2.841787765510393E-12
4.7646102460255866E-12
4.492008732093017E-12
4.666927802986213E-12
4.216413115480008E-12
3.877872700949523E-12
3.3434752838940603E-12
2.9737026034744373E-12
2.5634788570976814E-12
2.1979402231535147E-12
1.8309090638723114E-12
1.5069818522813734E-12
1.3392202156862702E-12
1.139905284689146E-12
9.47398530540674E-13
7.680263324635276E-13
6.095791390412802E-13
4.751058214224436E-13
3.6403816093176035E-13
2.749576539926208E-13
2.0496158134432007E-13
1.5111549975078326E-13
1.1034347663173085E-13
7.993206362139873E-14
5.751035703482242E-14
4.160228906470428E-14
2.931919957939936E-14
2.2269930556858537E-14
1.2561348836909355E-12
1.1631881009138214E-12
1.5328448918853751E-12
1.4038243557290128E-12
1.3757639846825948E-12
1.2377298774339749E-12
1.103256511465462E-12
9.403226623988641E-13
7.961028063654996E-13
6.533457469221619E-13
5.335619209720665E-13
4.2574580350687025E-13
3.3837245961526164E-13
2.6417295529494664E-13
2.0559732147021128E-13
1.5781720019859524E-13
1.2151295084972675E-13
5.095667132393918E-12
4.2575533528734264E-12
6.79662296224028E-11
7.890518543941244E-6
5.981421060278855E-6
6.5425025742524055E-6
5.169893752370107E-6
4.942760541055805E-6
4.107345470223064E-6
3.6258827345082928E-6
3.1689875459597134E-6
2.777920043450528E-6
2.469809955810215E-6
2.157043701724462E-6
1.9220177469905663E-6
1.7147064897068943E-6
1.5543577235757225E-6
1.3956219409277825E-6
1.2558016097355413E-6
1.1161977610054553E-6
9.88164912928015E-7
8.644184272712028E-7
7.512118473926822E-7
6.458621271323126E-7
5.513187141031192E-7
4.663076977405188E-7
6.479864608721342E-7
6.720544824294698E-7
7.494767532757476E-7
7.235468309904126E-7
7.119743920115917E-7
6.651393840065461E-7
6.216105273912116E-7
5.623067234089499E-7
5.044369402937643E-7
5.58523264965845E-7
5.498553116980309E-7
5.572292602269422E-7
6.09563982343151E-7
6.39545443263913E-7
2.097303422329614E-6
2.5636918828423168E-6
2.6314010967928585E-6
2.6771540543288884E-6
2.528292490338038E-6
2.455188938739756E-6
2.2620963140937236E-6
2.1511634258357886E-6
1.988589808355753E-6
1.8777664041494932E-6
1.73065451327038E-6
1.647018105652934E-6
1.5245722143925439E-6
1.4431319505144635E-6
1.3370870522168973E-6
1.246148389955754E-6
1.1768218287298522E-6
1.0945153463914769E-6
1.016944424102311E-6
9.374444871506493E-7
8.55299020721341E-7
7.82156998664384E-7
7.027062889348113E-7
6.374626628311243E-7
5.989479698452861E-7
5.542310416633484E-7
5.172388282138654E-7
4.767920546174458E-7
4.407718997540605E-7
4.018872210605551E-7
3.6549929904550566E-7
3.277420826659379E-7
2.9235830513551156E-7
2.5737688816735167E-7
2.2520049765048187E-7
2.5347316492911086E-7
2.3762748247116278E-7
2.3133580319539184E-7
2.0590899731819508E-7
2.3594746463345582E-7
2.194698706115624E-7
2.4856664481316874E-7
2.3119000707567548E-7
2.3621523929036866E-7
2.2608879469549282E-7
2.1942714339237175E-7
2.0772950541914512E-7
1.9557713992046936E-7
1.7979396003523015E-7
1.65904373567551E-7
1.590720996600904E-7
1.4911513603922984E-7
1.394993855879921E-7
1.2878240748715164E-7
1.180365874509111E-7
1.0682984553957703E-7
9.566465379325049E-8
9.898792026716588E-8
9.18027594187386E-8
9.70306119409582E-8
9.034793097678895E-8
8.896820505235861E-8
8.179723117864197E-8
7.644854686355994E-8
6.9027150402867E-8
6.324714820945761E-8
5.624604667176138E-8
5.033912272329187E-8
4.390903019939001E-8
4.297266568257768E-8
3.8352097134589895E-8
3.91804137215046E-8
3.554667604314914E-8
3.453675038026897E-8
3.077650152260752E-8
2.841684376185897E-8
2.473471730120409E-8
2.5347835974105366E-8
2.2735611873154187E-8
2.4210248615703094E-8
2.215499404039615E-8
2.1715992471668882E-8
1.937734989649391E-8
1.9631164224058364E-8
1.7712671426021156E-8
1.790364452721909E-8
1.6283894753415466E-8
1.56306104304287E-8
1.4156268268768119E-8
1.3224674063292045E-8
1.1900178262678447E-8
1.0775185512341292E-8
9.465282862738392E-9
9.354607489758108E-9
8.40885972637423E-9
7.822626424883722E-9
6.813438306558795E-9
6.774933018098112E-9
6.019870604640505E-9
5.552112999465282E-9
4.7734045826670456E-9
4.133902973164749E-9
5.116939758672289E-9
4.786835279048975E-9
5.3459803307166645E-9
4.900865622646974E-9
4.807124897627314E-9
4.254163699802352E-9
3.866193024464344E-9
3.3149619329579483E-9
3.882445217089944E-9
3.5737618899022994E-9
3.873344216094467E-9
3.532625211239099E-9
3.4876115737161733E-9
3.1828518923030466E-9
2.988055103309907E-9
2.6780903304808312E-9
2.3997061887433186E-9
2.288918607980324E-9
2.035222017995824E-9
1.8780062019411127E-9
1.6416117396745505E-9
1.4471406954529272E-9
1.2335516051346488E-9
1.0454104124354463E-9
8.665510485962391E-10
7.109226361435739E-10
5.739375151181068E-10
4.5842931955885223E-10
3.6167428807382276E-10
9.914571559402445E-10
1.0019901665483055E-9
1.2605049993356798E-9
1.1866277390660237E-9
1.2178250907506153E-9
1.1294183836501762E-9
1.0552225679553759E-9
9.364492365146225E-10
8.227259661052283E-10
7.517362979692924E-10
6.574577754834246E-10
5.945567067475122E-10
5.162788941290682E-10
4.495421595282325E-10
3.802621849126624E-10
3.188056301490122E-10
2.617416859199369E-10
2.1233261714138257E-10
1.695511288048687E-10
1.338660437133177E-10
1.0442526104784879E-10
8.068977112881684E-11
6.177841147842813E-11
4.694167655701057E-11
3.5417989273830375E-11
5.480297893106712E-10
5.898620927027943E-10
7.373431041466894E-10
6.737234243174705E-10
6.985909223654792E-10
6.406016838353522E-10
6.349333607361948E-10
5.873518676345143E-10
5.500813821968381E-10
4.936648726699802E-10
4.41584193133006E-10
3.8401245019446815E-10
3.312569437658522E-10
2.798831280726746E-10
2.3420949589213573E-10
1.9283338740437124E-10
1.5724873346234486E-10
1.2656866911299702E-10
1.2535401381756319E-10
1.0862293142565686E-10
9.851057852176538E-11
8.286103905164455E-11
2.220022762666875E-10
2.2941261250634232E-10
3.39093846503448E-7
3.917913061636493E-7
5.632891638831934E-7
5.545658162389205E-7
9.229223597032058E-7
9.687100753771486E-7
1.012582948954335E-6
9.761697964948724E-7
9.549975338163625E-7
9.015204769907009E-7
8.47005643475417E-7
7.784491223256838E-7
7.415285349873046E-7
6.76861560869374E-7
6.203242139972562E-7
5.516138132264217E-7
6.0597865887535E-7
5.582380181787975E-7
5.776365189470618E-7
5.258789008653302E-7
5.03634498269166E-7
4.451145783824312E-7
4.0369471410855483E-7
3.472690930499308E-7
4.0112059142169637E-7
3.655484012719329E-7
3.792995388299412E-7
3.39352985727752E-7
3.2426181745951436E-7
2.879915583911764E-7
3.911634679993505E-7
6.321943620604314E-7
7.311308083651614E-7
7.371645617922494E-7
7.521649043730531E-7
6.878551202023601E-7
6.513527213856808E-7
5.936282932969069E-7
5.542388599197111E-7
5.080460482889115E-7
4.69784192706592E-7
4.4451388679702927E-7
4.0872566956465857E-7
4.005986002365026E-7
3.745099626884086E-7
3.6311980727733667E-7
3.373862428084166E-7
3.2372847004262186E-7
3.000268713276149E-7
2.817689707879267E-7
2.582588846272965E-7
2.3679654547885903E-7
2.123362041258934E-7
2.124702267828977E-7
1.9680230463432099E-7
1.8393038621123086E-7
1.6368360752756203E-7
1.4355155787089817E-7
1.2217035651042553E-7
1.4013109550830704E-7