
0.0,0.0,0.0,0.0,0.0,0.0,0.0,
0.0,0.0,0.0,0.0,0.0,0.0,0.0,
0.0,0.0,0.0,0.0,0.0,0.0,0.0,
0.0,0.0,0.0,0.0,0.0,0.0,0.0,
0.0,0.0,0.0,0.0,0.0,0.0,0.2426831191456666,
0.0,0.0,0.0,0.0,0.0,0.0,0.2426831191456666,
0.0,0.0,0.0,0.0,0.0,0.0,0.2426831191456666,
0.0,0.0,0.0,0.0,0.0,0.0,1.1859748998784758,
0.0,0.0,0.0,0.0,0.0,0.0,1.304737391173858,
0.0,0.0,0.0,0.0,0.0,0.0,1.7296758159221322,
0.0,0.0,0.0,0.0,0.0,0.0,1.7296758159221322,
0.0,0.0,0.0,0.0,0.0,0.0,1.5707186084388882,
0.0,0.0,0.0,0.0,0.0,0.0,1.5707186084388882,
0.0,0.0,0.0,0.0,0.0,0.0,1.5707186084388882,
0.0,0.0,0.0,0.0,0.0,0.0,1.7931725305186441,
0.0,0.0,0.0,0.0,0.0,0.0,1.7931725305186441,
0.0,0.0,0.0,0.0,0.0,0.0,1.7931725305186441,
0.0,0.0,0.0,0.0,0.0,0.0,1.7931725305186441,
0.0,0.0,0.0,0.0,0.0,0.0,2.1036810583894887,
0.0,0.0,0.0,0.0,0.0,0.0,2.3488423244557906,
0.0,0.0,0.0,0.0,0.0,0.0,2.599633548794537,
0.0,0.0,0.0,0.0,0.0,0.0,2.5703197947977925,
0.0,0.0,0.0,0.0,0.0,0.0,2.5703197947977925,
0.0,0.0,0.0,0.0,0.0,0.0,2.7197027270863585,
0.0,0.0,0.0,0.0,0.0,0.0,2.7197027270863585,
0.0,0.0,0.0,0.0,0.0,0.0,2.7197027270863585,
0.0,0.0,0.0,0.0,0.0,0.0,2.7197027270863585,
0.0,0.0,0.0,0.0,0.0,0.0,2.7197027270863585,
0.0,0.0,0.0,0.0,0.0,0.0,2.7197027270863585,
0.0,0.0,0.0,0.0,0.0,0.0,2.7197027270863585,
0.0,0.0,0.0,0.0,0.0,0.0,2.7197027270863585,
0.0,0.0,0.0,0.0,0.0,0.0,2.7197027270863585,
0.0,0.0,0.0,0.0,0.0,0.0,2.9031344555219016,
0.0,0.0,0.0,0.0,0.0,0.0,2.9031344555219016,
0.0,0.0,0.0,0.0,0.0,0.0,2.9031344555219016,
0.0,0.0,0.0,0.0,0.0,0.0,2.9343909473647476,
0.0,0.0,0.0,0.0,0.0,0.0,2.8686240236054057,
0.0,0.0,0.0,0.0,0.0,0.0,2.8686240236054057,
0.0,0.0,0.0,0.0,0.0,0.0,2.8686240236054057,
0.0,0.0,0.0,0.0,0.0,0.0,2.8686240236054057,
0.0,0.0,0.0,0.0,0.0,0.0,2.8686240236054057,
0.0,0.0,0.0,0.0,0.0,0.0,2.8686240236054057,
0.0,0.0,0.0,0.0,0.0,0.0,2.8686240236054057,
0.0,0.0,0.0,0.0,0.0,0.0,2.8686240236054057,
0.0,0.0,0.0,0.0,0.0,0.0,2.8686240236054057,
0.0,0.0,0.0,0.0,0.0,0.0,2.8686240236054057,
0.0,0.0,0.0,0.0,0.0,0.0,2.8686240236054057,
0.0,0.0,0.0,0.0,0.0,0.0,2.8686240236054057,
0.0,0.0,0.0,0.0,0.0,0.0,2.8686240236054057,
0.0,0.0,0.0,0.0,0.0,0.0,2.8686240236054057,
0.0,0.0,0.0,0.0,0.0,0.0,2.8686240236054057,
0.0,0.0,0.0,0.0,0.0,0.0,3.010778530267492,
0.0,0.0,0.0,0.0,0.0,0.0,3.1298702076182043,
0.0,0.0,0.0,0.0,0.0,0.0,3.1298702076182043,
0.0,0.0,0.0,0.0,0.0,0.0,3.1752473084917003,
0.0,0.0,0.0,0.0,0.0,0.0,3.1752473084917003,
0.0,0.0,0.0,0.0,0.0,0.0,3.011811554818805,
0.0,0.0,0.0,0.0,0.0,0.0,3.011811554818805,
0.0,0.0,0.0,0.0,0.0,0.0,3.011811554818805,
0.0,0.0,0.0,0.0,0.0,0.0,3.011811554818805,
0.0,0.0,0.0,0.0,0.0,0.0,3.011811554818805,
0.0,0.0,0.0,0.0,0.0,0.0,3.011811554818805,
0.0,0.0,0.0,0.0,0.0,0.0,2.6960997460846055,
0.0,0.0,0.0,0.0,0.0,0.0,2.749283824700224,
0.0,0.0,0.0,0.0,0.0,0.0,2.79376514658927,
0.0,0.0,0.0,0.0,0.0,0.0,2.79376514658927,
0.0,0.0,0.0,0.0,0.0,0.0,2.79376514658927,
0.0,0.0,0.0,0.0,0.0,0.0,2.79376514658927,
0.0,0.0,0.0,0.0,0.0,0.0,2.79376514658927,
0.0,0.0,0.0,0.0,0.0,0.0,2.79376514658927,
0.0,0.0,0.0,0.0,0.0,0.0,2.79376514658927,
0.0,0.0,0.0,0.0,0.0,0.0,2.79376514658927,
0.0,0.0,0.0,0.0,0.0,0.0,2.954222429049279,
0.0,0.0,0.0,0.0,0.0,0.0,2.954222429049279,
0.0,0.0,0.0,0.0,0.0,0.0,2.954222429049279,
0.0,0.0,0.0,0.0,0.0,0.0,2.954222429049279,
0.0,0.0,0.0,0.0,0.0,0.0,2.954222429049279,
0.0,0.0,0.0,0.0,0.0,0.0,2.954222429049279,
0.0,0.0,0.0,0.0,0.0,0.0,3.055224029202835,
0.0,0.0,0.0,0.0,0.0,0.0,3.055224029202835,
0.0,0.0,0.0,0.0,0.0,0.0,3.055224029202835,
0.0,0.0,0.0,0.0,0.0,0.0,3.055224029202835,
0.0,0.0,0.0,0.0,0.0,0.0,3.055224029202835,
0.0,0.0,0.0,0.0,0.0,0.0,3.055224029202835,
0.0,0.0,0.0,0.0,0.0,0.0,3.055224029202835,
0.0,0.0,0.0,0.0,0.0,0.0,3.055224029202835,
0.0,0.0,0.0,0.0,0.0,0.0,3.055224029202835,
0.0,0.0,0.0,0.0,0.0,0.0,3.0665572610251997,
0.0,0.0,0.0,0.0,0.0,0.0,3.0665572610251997,
0.0,0.0,0.0,0.0,0.0,0.0,3.0665572610251997,
0.0,0.0,0.0,0.0,0.0,0.0,3.0665572610251997,
0.0,0.0,0.0,0.0,0.0,0.0,3.0665572610251997,
0.0,0.0,0.0,0.0,0.0,0.0,3.083907176000997,
0.0,0.0,0.0,0.0,0.0,0.0,3.083907176000997,
0.0,0.0,0.0,0.0,0.0,0.0,2.9056345691003274,
0.0,0.0,0.0,0.0,0.0,0.0,2.9056345691003274,
0.0,0.0,0.0,0.0,0.0,0.0,2.7760970030859333,
0.0,0.0,0.0,0.0,0.0,0.0,2.7760970030859333,
0.0,0.0,0.0,0.0,0.0,0.0,2.7760970030859333,
0.0,0.0,0.0,0.0,0.0,0.0,2.7760970030859333,
0.0,0.0,0.0,0.0,0.0,0.0,2.7760970030859333,
0.0,0.0,0.0,0.0,0.0,0.0,2.7760970030859333,
0.0,0.0,0.0,0.0,0.0,0.0,2.7760970030859333,
0.0,0.0,0.0,0.0,0.0,0.0,2.7760970030859333,
0.0,0.0,0.0,0.0,0.0,0.0,2.489407849520428,
0.0,0.0,0.0,0.0,0.0,0.0,2.489407849520428,
0.0,0.0,0.0,0.0,0.0,0.0,2.489407849520428,
0.0,0.0,0.0,0.0,0.0,0.0,2.489407849520428,
0.0,0.0,0.0,0.0,0.0,0.0,2.6538530103534854,
0.0,0.0,0.0,0.0,0.0,0.0,2.6538530103534854,
0.0,0.0,0.0,0.0,0.0,0.0,2.8193049298571378,
0.0,0.0,0.0,0.0,0.0,0.0,2.8193049298571378,
0.0,0.0,0.0,0.0,0.0,0.0,2.8193049298571378,
0.0,0.0,0.0,0.0,0.0,0.0,2.9617758359860957,
0.0,0.0,0.0,0.0,0.0,0.0,2.9617758359860957,
0.0,0.0,0.0,0.0,0.0,0.0,2.9617758359860957,
0.0,0.0,0.0,0.0,0.0,0.0,2.9871467472509954,
0.0,0.0,0.0,0.0,0.0,0.0,2.9871467472509954,
0.0,0.0,0.0,0.0,0.0,0.0,2.9871467472509954,
0.0,0.0,0.0,0.0,0.0,0.0,2.9871467472509954,
0.0,0.0,0.0,0.0,0.0,0.0,3.080114052819252,
0.0,0.0,0.0,0.0,0.0,0.0,3.096796083003735,
0.0,0.0,0.0,0.0,0.0,0.0,3.096796083003735,
0.0,0.0,0.0,0.0,0.0,0.0,3.096796083003735,
0.0,0.0,0.0,0.0,0.0,0.0,3.096796083003735,
0.0,0.0,0.0,0.0,0.0,0.0,3.096796083003735,
0.0,0.0,0.0,0.0,0.0,0.0,3.096796083003735,
0.0,0.0,0.0,0.0,0.0,0.0,3.096796083003735,
0.0,0.0,0.0,0.0,0.0,0.0,3.096796083003735,
0.0,0.0,0.0,0.0,0.0,0.0,3.0708609668014173,
0.0,0.0,0.0,0.0,0.0,0.0,3.0708609668014173,
0.0,0.0,0.0,0.0,0.0,0.0,3.1469149888674997,
0.0,0.0,0.0,0.0,0.0,0.0,3.1469149888674997,
0.0,0.0,0.0,0.0,0.0,0.0,3.1469149888674997,
0.0,0.0,0.0,0.0,0.0,0.0,3.1469149888674997,
0.0,0.0,0.0,0.0,0.0,0.0,3.1469149888674997,
0.0,0.0,0.0,0.0,0.0,0.0,3.1469149888674997,
0.0,0.0,0.0,0.0,0.0,0.0,3.1469149888674997,
0.0,0.0,0.0,0.0,0.0,0.0,3.1469149888674997,
0.0,0.0,0.0,0.0,0.0,0.0,3.1469149888674997,
0.0,0.0,0.0,0.0,0.0,0.0,3.1469149888674997,
0.0,0.0,0.0,0.0,0.0,0.0,3.243739044824172,
0.0,0.0,0.0,0.0,0.0,0.0,3.243739044824172,
0.0,0.0,0.0,0.0,0.0,0.0,3.243739044824172,
0.0,0.0,0.0,0.0,0.0,0.0,3.243739044824172,
0.0,0.0,0.0,0.0,0.0,0.0,3.039585973900373,
0.0,0.0,0.0,0.0,0.0,0.0,3.039585973900373,
0.0,0.0,0.0,0.0,0.0,0.0,3.039585973900373,
0.0,0.0,0.0,0.0,0.0,0.0,3.039585973900373,
0.0,0.0,0.0,0.0,0.0,0.0,3.039585973900373,
0.0,0.0,0.0,0.0,0.0,0.0,3.039585973900373,
0.0,0.0,0.0,0.0,0.0,0.0,3.1726009250225524,
0.0,0.0,0.0,0.0,0.0,0.0,3.1726009250225524,
0.0,0.0,0.0,0.0,0.0,0.0,3.234756201522171,
0.0,0.0,0.0,0.0,0.0,0.0,3.234756201522171,
0.0,0.0,0.0,0.0,0.0,0.0,3.234756201522171,
0.0,0.0,0.0,0.0,0.0,0.0,3.234756201522171,
0.0,0.0,0.0,0.0,0.0,0.0,3.234756201522171,
0.0,0.0,0.0,0.0,0.0,0.0,3.234756201522171,
0.0,0.0,0.0,0.0,0.0,0.0,3.234756201522171,
0.0,0.0,0.0,0.0,0.0,0.0,3.234756201522171,
0.0,0.0,0.0,0.0,0.0,0.0,3.234756201522171,
0.0,0.0,0.0,0.0,0.0,0.0,3.234756201522171,
0.0,0.0,0.0,0.0,0.0,0.0,3.3284090817695287,
0.0,0.0,0.0,0.0,0.0,0.0,3.3284090817695287,
0.0,0.0,0.0,0.0,0.0,0.0,3.3284090817695287,
0.0,0.0,0.0,0.0,0.0,0.0,3.4575826437890402,
0.0,0.0,0.0,0.0,0.0,0.0,3.4575826437890402,
0.0,0.0,0.0,0.0,0.0,0.0,3.4575826437890402,
0.0,0.0,0.0,0.0,0.0,0.0,3.4575826437890402,
0.0,0.0,0.0,0.0,0.0,0.0,3.4575826437890402,
0.0,0.0,0.0,0.0,0.0,0.0,3.4575826437890402,
0.0,0.0,0.0,0.0,0.0,0.0,3.4575826437890402,
0.0,0.0,0.0,0.0,0.0,0.0,3.4575826437890402,
0.0,0.0,0.0,0.0,0.0,0.0,3.4220836430599357,
0.0,0.0,0.0,0.0,0.0,0.0,3.4220836430599357,
0.0,0.0,0.0,0.0,0.0,0.0,3.4220836430599357,
0.0,0.0,0.0,0.0,0.0,0.0,3.4220836430599357,
0.0,0.0,0.0,0.0,0.0,0.0,3.4922674747611637,
0.0,0.0,0.0,0.0,0.0,0.0,3.4145035818155005,
0.0,0.0,0.0,0.0,0.0,0.0,3.4145035818155005,
0.0,0.0,0.0,0.0,0.0,0.0,3.2722434585745517,
0.0,0.0,0.0,0.0,0.0,0.0,3.3608812230863103,
0.0,0.0,0.0,0.0,0.0,0.0,3.3608812230863103,
0.0,0.0,0.0,0.0,0.0,0.0,3.3638960358152636,
0.0,0.0,0.0,0.0,0.0,0.0,3.3638960358152636,
0.0,0.0,0.0,0.0,0.0,0.0,3.4120910623733693,
0.0,0.0,0.0,0.0,0.0,0.0,3.272164956190057,
0.0,0.0,0.0,0.0,0.0,0.0,3.272164956190057,
0.0,0.0,0.0,0.0,0.0,0.0,3.2249372482155665,
0.0,0.0,0.0,0.0,0.0,0.0,3.2249372482155665,
0.0,0.0,0.0,0.0,0.0,0.0,3.2249372482155665,
0.0,0.0,0.0,0.0,0.0,0.0,3.2249372482155665,
0.0,0.0,0.0,0.0,0.0,0.0,3.2249372482155665,
0.0,0.0,0.0,0.0,0.0,0.0,3.2249372482155665,
0.0,0.0,0.0,0.0,0.0,0.0,3.2249372482155665,
0.0,0.0,0.0,0.0,0.0,0.0,3.2249372482155665,
0.0,0.0,0.0,0.0,0.0,0.0,3.001695378460639,
0.0,0.0,0.0,0.0,0.0,0.0,3.001695378460639,
0.0,0.0,0.0,0.0,0.0,0.0,3.001695378460639,
0.0,0.0,0.0,0.0,0.0,0.0,3.1295372081570845,
0.0,0.0,0.0,0.0,0.0,0.0,3.1295372081570845,
0.0,0.0,0.0,0.0,0.0,0.0,3.1295372081570845,
0.0,0.0,0.0,0.0,0.0,0.0,3.1295372081570845,
0.0,0.0,0.0,0.0,0.0,0.0,3.1295372081570845,
0.0,0.0,0.0,0.0,0.0,0.0,3.1295372081570845,
0.0,0.0,0.0,0.0,0.0,0.0,3.1295372081570845,
0.0,0.0,0.0,0.0,0.0,0.0,3.1295372081570845,
0.0,0.0,0.0,0.0,0.0,0.0,3.0930456469620498,
0.0,0.0,0.0,0.0,0.0,0.0,3.0930456469620498,
0.0,0.0,0.0,0.0,0.0,0.0,3.0930456469620498,
0.0,0.0,0.0,0.0,0.0,0.0,3.0930456469620498,
0.0,0.0,0.0,0.0,0.0,0.0,3.0930456469620498,
0.0,0.0,0.0,0.0,0.0,0.0,3.0930456469620498,
0.0,0.0,0.0,0.0,0.0,0.0,3.0930456469620498,
0.0,0.0,0.0,0.0,0.0,0.0,3.0930456469620498,
0.0,0.0,0.0,0.0,0.0,0.0,3.069117529246881,
0.0,0.0,0.0,0.0,0.0,0.0,3.069117529246881,
0.0,0.0,0.0,0.0,0.0,0.0,3.069117529246881,
0.0,0.0,0.0,0.0,0.0,0.0,3.069117529246881,
0.0,0.0,0.0,0.0,0.0,0.0,3.1021743775382546,
0.0,0.0,0.0,0.0,0.0,0.0,3.1021743775382546,
0.0,0.0,0.0,0.0,0.0,0.0,3.1423512410389574,
0.0,0.0,0.0,0.0,0.0,0.0,3.135228299422308,
0.0,0.0,0.0,0.0,0.0,0.0,3.135228299422308,
0.0,0.0,0.0,0.0,0.0,0.0,3.135228299422308,
0.0,0.0,0.0,0.0,0.0,0.0,3.268768827289464,
0.0,0.0,0.0,0.0,0.0,0.0,2.7295824729238047,
0.0,0.0,0.0,0.0,0.0,0.0,2.7747527691760276,
0.0,0.0,0.0,0.0,0.0,0.0,2.7747527691760276,
0.0,0.0,0.0,0.0,0.0,0.0,2.7747527691760276,
0.0,0.0,0.0,0.0,0.0,0.0,2.7747527691760276,
0.0,0.0,0.0,0.0,0.0,0.0,2.7747527691760276,
0.0,0.0,0.0,0.0,0.0,0.0,2.7747527691760276,
0.0,0.0,0.0,0.0,0.0,0.0,2.9385647458454325,
0.0,0.0,0.0,0.0,0.0,0.0,2.9385647458454325,
0.0,0.0,0.0,0.0,0.0,0.0,2.9503578780886013,
0.0,0.0,0.0,0.0,0.0,0.0,2.9503578780886013,
0.0,0.0,0.0,0.0,0.0,0.0,2.9503578780886013,
0.0,0.0,0.0,0.0,0.0,0.0,2.9453563685378974,
0.0,0.0,0.0,0.0,0.0,0.0,2.9453563685378974,
0.0,0.0,0.0,0.0,0.0,0.0,2.9453563685378974,
0.0,0.0,0.0,0.0,0.0,0.0,3.12971029643453,
0.0,0.0,0.0,0.0,0.0,0.0,3.12971029643453,
0.0,0.0,0.0,0.0,0.0,0.0,3.12971029643453,
0.0,0.0,0.0,0.0,0.0,0.0,3.12971029643453,
0.0,0.0,0.0,0.0,0.0,0.0,3.12971029643453,
0.0,0.0,0.0,0.0,0.0,0.0,3.12971029643453,
0.0,0.0,0.0,0.0,0.0,0.0,3.12971029643453,
0.0,0.0,0.0,0.0,0.0,0.0,3.12971029643453,
0.0,0.0,0.0,0.0,0.0,0.0,3.12971029643453,
0.0,0.0,0.0,0.0,0.0,0.0,3.1188595899418434,
0.0,0.0,0.0,0.0,0.0,0.0,3.1188595899418434,
0.0,0.0,0.0,0.0,0.0,0.0,3.0848932903094344,
0.0,0.0,0.0,0.0,0.0,0.0,3.0848932903094344,
0.0,0.0,0.0,0.0,0.0,0.0,3.0848932903094344,
0.0,0.0,0.0,0.0,0.0,0.0,2.9938780610719307,
0.0,0.0,0.0,0.0,0.0,0.0,2.9938780610719307,
0.0,0.0,0.0,0.0,0.0,0.0,2.9938780610719307,
0.0,0.0,0.0,0.0,0.0,0.0,3.0797376740483355,
0.0,0.0,0.0,0.0,0.0,0.0,2.9728623850651887,
0.0,0.0,0.0,0.0,0.0,0.0,2.9728623850651887,
0.0,0.0,0.0,0.0,0.0,0.0,3.0102994017315363,
0.0,0.0,0.0,0.0,0.0,0.0,3.0102994017315363,
0.0,0.0,0.0,0.0,0.0,0.0,3.0102994017315363,
0.0,0.0,0.0,0.0,0.0,0.0,3.0102994017315363,
0.0,0.0,0.0,0.0,0.0,0.0,3.0102994017315363,
0.0,0.0,0.0,0.0,0.0,0.0,3.0102994017315363,
0.0,0.0,0.0,0.0,0.0,0.0,3.1363106730837886,
0.0,0.0,0.0,0.0,0.0,0.0,3.2232633991532547,
0.0,0.0,0.0,0.0,0.0,0.0,3.0726780060314374,
0.0,0.0,0.0,0.0,0.0,0.0,3.0726780060314374,
0.0,0.0,0.0,0.0,0.0,0.0,2.5642960153793846,
0.0,0.0,0.0,0.0,0.0,0.0,2.5642960153793846,
0.0,0.0,0.0,0.0,0.0,0.0,2.5642960153793846,
0.0,0.0,0.0,0.0,0.0,0.0,2.5642960153793846,
0.0,0.0,0.0,0.0,0.0,0.0,2.5642960153793846,
0.0,0.0,0.0,0.0,0.0,0.0,2.5642960153793846,
0.0,0.0,0.0,0.0,0.0,0.0,2.5642960153793846,
0.0,0.0,0.0,0.0,0.0,0.0,2.5642960153793846,
0.0,0.0,0.0,0.0,0.0,0.0,2.5642960153793846,
0.0,0.0,0.0,0.0,0.0,0.0,2.5642960153793846,
0.0,0.0,0.0,0.0,0.0,0.0,2.5642960153793846,
0.0,0.0,0.0,0.0,0.0,0.0,2.5642960153793846,
0.0,0.0,0.0,0.0,0.0,0.0,2.5642960153793846,
0.0,0.0,0.0,0.0,0.0,0.0,2.5642960153793846,
0.0,0.0,0.0,0.0,0.0,0.0,2.6595601277660226,
0.0,0.0,0.0,0.0,0.0,0.0,2.6806836786085744,
0.0,0.0,0.0,0.0,0.0,0.0,2.6806836786085744,
0.0,0.0,0.0,0.0,0.0,0.0,2.6806836786085744,
0.0,0.0,0.0,0.0,0.0,0.0,2.6806836786085744,
0.0,0.0,0.0,0.0,0.0,0.0,2.6806836786085744,
0.0,0.0,0.0,0.0,0.0,0.0,2.6806836786085744,
0.0,0.0,0.0,0.0,0.0,0.0,2.6806836786085744,
0.0,0.0,0.0,0.0,0.0,0.0,2.6806836786085744,
0.0,0.0,0.0,0.0,0.0,0.0,2.6806836786085744,
0.0,0.0,0.0,0.0,0.0,0.0,2.6412794064285654,
0.0,0.0,0.0,0.0,0.0,0.0,2.6412794064285654,
0.0,0.0,0.0,0.0,0.0,0.0,2.6412794064285654,
0.0,0.0,0.0,0.0,0.0,0.0,2.6412794064285654,
0.0,0.0,0.0,0.0,0.0,0.0,2.6412794064285654,
0.0,0.0,0.0,0.0,0.0,0.0,2.9039768724169788,
0.0,0.0,0.0,0.0,0.0,0.0,2.9039768724169788,
0.0,0.0,0.0,0.0,0.0,0.0,2.6984089850476543,
0.0,0.0,0.0,0.0,0.0,0.0,2.6984089850476543,
0.0,0.0,0.0,0.0,0.0,0.0,2.6984089850476543,
0.0,0.0,0.0,0.0,0.0,0.0,2.6984089850476543,
0.0,0.0,0.0,0.0,0.0,0.0,2.6984089850476543,
0.0,0.0,0.0,0.0,0.0,0.0,2.6984089850476543,
0.0,0.0,0.0,0.0,0.0,0.0,2.6984089850476543,
0.0,0.0,0.0,0.0,0.0,0.0,2.6984089850476543,
0.0,0.0,0.0,0.0,0.0,0.0,2.6984089850476543,
0.0,0.0,0.0,0.0,0.0,0.0,2.5691254114930318,
0.0,0.0,0.0,0.0,0.0,0.0,2.6096396734046277,
0.0,0.0,0.0,0.0,0.0,0.0,2.6096396734046277,
0.0,0.0,0.0,0.0,0.0,0.0,2.6096396734046277,
0.0,0.0,0.0,0.0,0.0,0.0,2.6096396734046277,
0.0,0.0,0.0,0.0,0.0,0.0,2.6096396734046277,
0.0,0.0,0.0,0.0,0.0,0.0,2.6096396734046277,
0.0,0.0,0.0,0.0,0.0,0.0,2.6096396734046277,
0.0,0.0,0.0,0.0,0.0,0.0,2.6096396734046277,
0.0,0.0,0.0,0.0,0.0,0.0,2.7633937499455783,
0.0,0.0,0.0,0.0,0.0,0.0,2.7633937499455783,
0.0,0.0,0.0,0.0,0.0,0.0,2.9303947759090616,
0.0,0.0,0.0,0.0,0.0,0.0,2.9303947759090616,
0.0,0.0,0.0,0.0,0.0,0.0,2.8432926202639197,
0.0,0.0,0.0,0.0,0.0,0.0,2.913073308866556,
0.0,0.0,0.0,0.0,0.0,0.0,2.8926048380532743,
0.0,0.0,0.0,0.0,0.0,0.0,2.8696073284269197,
0.0,0.0,0.0,0.0,0.0,0.0,2.8696073284269197,
0.0,0.0,0.0,0.0,0.0,0.0,2.577541418510085,
0.0,0.0,0.0,0.0,0.0,0.0,2.577541418510085,
0.0,0.0,0.0,0.0,0.0,0.0,2.577541418510085,
0.0,0.0,0.0,0.0,0.0,0.0,2.577541418510085,
0.0,0.0,0.0,0.0,0.0,0.0,2.360164801626349,
0.0,0.0,0.0,0.0,0.0,0.0,2.360164801626349,
0.0,0.0,0.0,0.0,0.0,0.0,2.644628959855729,
0.0,0.0,0.0,0.0,0.0,0.0,2.7642085562993244,
0.0,0.0,0.0,0.0,0.0,0.0,2.9419823399450435,
0.0,0.0,0.0,0.0,0.0,0.0,2.9419823399450435,
0.0,0.0,0.0,0.0,0.0,0.0,2.7149927660573367,
0.0,0.0,0.0,0.0,0.0,0.0,2.7149927660573367,
0.0,0.0,0.0,0.0,0.0,0.0,2.7149927660573367,
0.0,0.0,0.0,0.0,0.0,0.0,2.7149927660573367,
0.0,0.0,0.0,0.0,0.0,0.0,2.8307025833067576,
0.0,0.0,0.0,0.0,0.0,0.0,2.8307025833067576,
0.0,0.0,0.0,0.0,0.0,0.0,2.682800719574668,
0.0,0.0,0.0,0.0,0.0,0.0,2.682800719574668,
0.0,0.0,0.0,0.0,0.0,0.0,2.682800719574668,
0.0,0.0,0.0,0.0,0.0,0.0,2.48037224812446,
0.0,0.0,0.0,0.0,0.0,0.0,2.48037224812446,
0.0,0.0,0.0,0.0,0.0,0.0,2.48037224812446,
0.0,0.0,0.0,0.0,0.0,0.0,2.48037224812446,
0.0,0.0,0.0,0.0,0.0,0.0,2.48037224812446,
0.0,0.0,0.0,0.0,0.0,0.0,2.48037224812446,
0.0,0.0,0.0,0.0,0.0,0.0,2.48037224812446,
0.0,0.0,0.0,0.0,0.0,0.0,2.48037224812446,
0.0,0.0,0.0,0.0,0.0,0.0,2.48037224812446,
0.0,0.0,0.0,0.0,0.0,0.0,2.48037224812446,
0.0,0.0,0.0,0.0,0.0,0.0,2.48037224812446,
0.0,0.0,0.0,0.0,0.0,0.0,2.3816778637314058,
0.0,0.0,0.0,0.0,0.0,0.0,2.373931330912899,
0.0,0.0,0.0,0.0,0.0,0.0,2.373931330912899,
0.0,0.0,0.0,0.0,0.0,0.0,2.373931330912899,
0.0,0.0,0.0,0.0,0.0,0.0,2.575042031796599,
0.0,0.0,0.0,0.0,0.0,0.0,2.575042031796599,
0.0,0.0,0.0,0.0,0.0,0.0,2.5613081323751477,
0.0,0.0,0.0,0.0,0.0,0.0,2.479044004739566,
0.0,0.0,0.0,0.0,0.0,0.0,2.4045357280638657,
0.0,0.0,0.0,0.0,0.0,0.0,2.4692756707603003,
0.0,0.0,0.0,0.0,0.0,0.0,2.4692756707603003,
0.0,0.0,0.0,0.0,0.0,0.0,2.4692756707603003,
0.0,0.0,0.0,0.0,0.0,0.0,2.624943227828782,
0.0,0.0,0.0,0.0,0.0,0.0,2.624943227828782,
0.0,0.0,0.0,0.0,0.0,0.0,2.624943227828782,
0.0,0.0,0.0,0.0,0.0,0.0,2.624943227828782,
0.0,0.0,0.0,0.0,0.0,0.0,2.624943227828782,
0.0,0.0,0.0,0.0,0.0,0.0,2.624943227828782,
0.0,0.0,0.0,0.0,0.0,0.0,2.8719372572585216,
0.0,0.0,0.0,0.0,0.0,0.0,2.8719372572585216,
0.0,0.0,0.0,0.0,0.0,0.0,2.77002605121048,
0.0,0.0,0.0,0.0,0.0,0.0,2.77002605121048,
0.0,0.0,0.0,0.0,0.0,0.0,2.77002605121048,
0.0,0.0,0.0,0.0,0.0,0.0,2.77002605121048,
0.0,0.0,0.0,0.0,0.0,0.0,2.77002605121048,
0.0,0.0,0.0,0.0,0.0,0.0,2.77002605121048,
0.0,0.0,0.0,0.0,0.0,0.0,2.77002605121048,
0.0,0.0,0.0,0.0,0.0,0.0,2.77002605121048,
0.0,0.0,0.0,0.0,0.0,0.0,2.77002605121048,
0.0,0.0,0.0,0.0,0.0,0.0,2.77002605121048,
0.0,0.0,0.0,0.0,0.0,0.0,2.77002605121048,
0.0,0.0,0.0,0.0,0.0,0.0,2.77002605121048,
0.0,0.0,0.0,0.0,0.0,0.0,2.77002605121048,
0.0,0.0,0.0,0.0,0.0,0.0,2.975877359409371,
0.0,0.0,0.0,0.0,0.0,0.0,2.975877359409371,
0.0,0.0,0.0,0.0,0.0,0.0,2.975877359409371,
0.0,0.0,0.0,0.0,0.0,0.0,2.960631795580935,
0.0,0.0,0.0,0.0,0.0,0.0,2.960631795580935,
0.0,0.0,0.0,0.0,0.0,0.0,2.960631795580935,
0.0,0.0,0.0,0.0,0.0,0.0,2.8401348389521766,
0.0,0.0,0.0,0.0,0.0,0.0,2.8401348389521766,
0.0,0.0,0.0,0.0,0.0,0.0,2.8401348389521766,
0.0,0.0,0.0,0.0,0.0,0.0,2.8401348389521766,
0.0,0.0,0.0,0.0,0.0,0.0,2.8401348389521766,
0.0,0.0,0.0,0.0,0.0,0.0,2.8401348389521766,
0.0,0.0,0.0,0.0,0.0,0.0,2.8401348389521766,
0.0,0.0,0.0,0.0,0.0,0.0,2.8401348389521766,
0.0,0.0,0.0,0.0,0.0,0.0,2.8401348389521766,
0.0,0.0,0.0,0.0,0.0,0.0,2.8401348389521766,
0.0,0.0,0.0,0.0,0.0,0.0,2.8401348389521766,
0.0,0.0,0.0,0.0,0.0,0.0,2.9622916673960034,
0.0,0.0,0.0,0.0,0.0,0.0,2.9622916673960034,
0.0,0.0,0.0,0.0,0.0,0.0,2.840981083741137,
0.0,0.0,0.0,0.0,0.0,0.0,2.840981083741137,
0.0,0.0,0.0,0.0,0.0,0.0,2.840981083741137,
0.0,0.0,0.0,0.0,0.0,0.0,2.840981083741137,
0.0,0.0,0.0,0.0,0.0,0.0,2.774639195669233,
0.0,0.0,0.0,0.0,0.0,0.0,2.774639195669233,
0.0,0.0,0.0,0.0,0.0,0.0,2.774639195669233,
0.0,0.0,0.0,0.0,0.0,0.0,2.774639195669233,
0.0,0.0,0.0,0.0,0.0,0.0,2.774639195669233,
0.0,0.0,0.0,0.0,0.0,0.0,2.5129375966729426,
0.0,0.0,0.0,0.0,0.0,0.0,2.5129375966729426,
0.0,0.0,0.0,0.0,0.0,0.0,2.5129375966729426,
0.0,0.0,0.0,0.0,0.0,0.0,2.5129375966729426,
0.0,0.0,0.0,0.0,0.0,0.0,2.5129375966729426,
0.0,0.0,0.0,0.0,0.0,0.0,2.5129375966729426,
0.0,0.0,0.0,0.0,0.0,0.0,2.5129375966729426,
0.0,0.0,0.0,0.0,0.0,0.0,2.5129375966729426,
0.0,0.0,0.0,0.0,0.0,0.0,2.5129375966729426,
0.0,0.0,0.0,0.0,0.0,0.0,2.5129375966729426,
0.0,0.0,0.0,0.0,0.0,0.0,2.5129375966729426,
0.0,0.0,0.0,0.0,0.0,0.0,2.5129375966729426,
0.0,0.0,0.0,0.0,0.0,0.0,2.5129375966729426,
0.0,0.0,0.0,0.0,0.0,0.0,2.4729938400549534,
0.0,0.0,0.0,0.0,0.0,0.0,2.4729938400549534,
0.0,0.0,0.0,0.0,0.0,0.0,2.4729938400549534,
0.0,0.0,0.0,0.0,0.0,0.0,2.4729938400549534,
0.0,0.0,0.0,0.0,0.0,0.0,2.4729938400549534,
0.0,0.0,0.0,0.0,0.0,0.0,2.4729938400549534,
0.0,0.0,0.0,0.0,0.0,0.0,2.4729938400549534,
0.0,0.0,0.0,0.0,0.0,0.0,2.553229098879156,
0.0,0.0,0.0,0.0,0.0,0.0,2.553229098879156,
0.0,0.0,0.0,0.0,0.0,0.0,2.553229098879156,
0.0,0.0,0.0,0.0,0.0,0.0,2.734873749633686,
0.0,0.0,0.0,0.0,0.0,0.0,2.734873749633686,
0.0,0.0,0.0,0.0,0.0,0.0,2.88133414944048,
0.0,0.0,0.0,0.0,0.0,0.0,2.88133414944048,
0.0,0.0,0.0,0.0,0.0,0.0,2.88133414944048,
0.0,0.0,0.0,0.0,0.0,0.0,2.88133414944048,
0.0,0.0,0.0,0.0,0.0,0.0,2.88133414944048,
0.0,0.0,0.0,0.0,0.0,0.0,2.890327994193184,
0.0,0.0,0.0,0.0,0.0,0.0,2.890327994193184,
0.0,0.0,0.0,0.0,0.0,0.0,2.890327994193184,
0.0,0.0,0.0,0.0,0.0,0.0,2.890327994193184,
0.0,0.0,0.0,0.0,0.0,0.0,2.890327994193184,
0.0,0.0,0.0,0.0,0.0,0.0,2.890327994193184,
0.0,0.0,0.0,0.0,0.0,0.0,2.890327994193184,
0.0,0.0,0.0,0.0,0.0,0.0,2.8402906749826196,
0.0,0.0,0.0,0.0,0.0,0.0,2.8402906749826196,
0.0,0.0,0.0,0.0,0.0,0.0,2.8402906749826196,
0.0,0.0,0.0,0.0,0.0,0.0,2.8402906749826196,
0.0,0.0,0.0,0.0,0.0,0.0,2.8402906749826196,
0.0,0.0,0.0,0.0,0.0,0.0,2.840777177240319,
0.0,0.0,0.0,0.0,0.0,0.0,2.840777177240319,
0.0,0.0,0.0,0.0,0.0,0.0,2.840777177240319,
0.0,0.0,0.0,0.0,0.0,0.0,2.840777177240319,
0.0,0.0,0.0,0.0,0.0,0.0,2.840777177240319,
0.0,0.0,0.0,0.0,0.0,0.0,2.840777177240319,
0.0,0.0,0.0,0.0,0.0,0.0,2.840777177240319,
0.0,0.0,0.0,0.0,0.0,0.0,2.840777177240319,
0.0,0.0,0.0,0.0,0.0,0.0,2.840777177240319,
0.0,0.0,0.0,0.0,0.0,0.0,2.840777177240319,
0.0,0.0,0.0,0.0,0.0,0.0,2.840777177240319,
0.0,0.0,0.0,0.0,0.0,0.0,2.840777177240319,
0.0,0.0,0.0,0.0,0.0,0.0,2.8597027125845007,
0.0,0.0,0.0,0.0,0.0,0.0,2.8597027125845007,
0.0,0.0,0.0,0.0,0.0,0.0,2.8597027125845007,
0.0,0.0,0.0,0.0,0.0,0.0,2.8597027125845007,
0.0,0.0,0.0,0.0,0.0,0.0,2.8597027125845007,
0.0,0.0,0.0,0.0,0.0,0.0,2.8597027125845007,
0.0,0.0,0.0,0.0,0.0,0.0,2.8597027125845007,
0.0,0.0,0.0,0.0,0.0,0.0,2.8597027125845007,
0.0,0.0,0.0,0.0,0.0,0.0,2.8597027125845007,
0.0,0.0,0.0,0.0,0.0,0.0,2.8597027125845007,
0.0,0.0,0.0,0.0,0.0,0.0,2.8597027125845007,
0.0,0.0,0.0,0.0,0.0,0.0,2.8597027125845007,
0.0,0.0,0.0,0.0,0.0,0.0,2.930249251751354,
0.0,0.0,0.0,0.0,0.0,0.0,2.930249251751354,
0.0,0.0,0.0,0.0,0.0,0.0,2.930249251751354,
0.0,0.0,0.0,0.0,0.0,0.0,2.930249251751354,
0.0,0.0,0.0,0.0,0.0,0.0,2.930249251751354,
0.0,0.0,0.0,0.0,0.0,0.0,2.930249251751354,
0.0,0.0,0.0,0.0,0.0,0.0,2.930249251751354,
0.0,0.0,0.0,0.0,0.0,0.0,2.930249251751354,
0.0,0.0,0.0,0.0,0.0,0.0,2.930249251751354,
0.0,0.0,0.0,0.0,0.0,0.0,2.930249251751354,
0.0,0.0,0.0,0.0,0.0,0.0,2.930249251751354,
0.0,0.0,0.0,0.0,0.0,0.0,2.930249251751354,
0.0,0.0,0.0,0.0,0.0,0.0,2.930249251751354,
0.0,0.0,0.0,0.0,0.0,0.0,2.930249251751354,
0.0,0.0,0.0,0.0,0.0,0.0,2.930249251751354,
0.0,0.0,0.0,0.0,0.0,0.0,2.86001290492541,
0.0,0.0,0.0,0.0,0.0,0.0,2.86001290492541,
0.0,0.0,0.0,0.0,0.0,0.0,2.86001290492541,
0.0,0.0,0.0,0.0,0.0,0.0,2.86001290492541,
0.0,0.0,0.0,0.0,0.0,0.0,2.86001290492541,
0.0,0.0,0.0,0.0,0.0,0.0,2.86001290492541,
0.0,0.0,0.0,0.0,0.0,0.0,2.6271040936757686,
0.0,0.0,0.0,0.0,0.0,0.0,2.6271040936757686,
0.0,0.0,0.0,0.0,0.0,0.0,2.6271040936757686,
0.0,0.0,0.0,0.0,0.0,0.0,2.6271040936757686,
0.0,0.0,0.0,0.0,0.0,0.0,2.6271040936757686,
0.0,0.0,0.0,0.0,0.0,0.0,2.6271040936757686,
0.0,0.0,0.0,0.0,0.0,0.0,2.6271040936757686,
0.0,0.0,0.0,0.0,0.0,0.0,2.6271040936757686,
0.0,0.0,0.0,0.0,0.0,0.0,2.6271040936757686,
0.0,0.0,0.0,0.0,0.0,0.0,2.6271040936757686,
0.0,0.0,0.0,0.0,0.0,0.0,2.6271040936757686,
0.0,0.0,0.0,0.0,0.0,0.0,2.6271040936757686,
0.0,0.0,0.0,0.0,0.0,0.0,2.6271040936757686,
0.0,0.0,0.0,0.0,0.0,0.0,2.4702471556021983,
0.0,0.0,0.0,0.0,0.0,0.0,2.4702471556021983,
0.0,0.0,0.0,0.0,0.0,0.0,2.6466529319583785,
0.0,0.0,0.0,0.0,0.0,0.0,2.6466529319583785,
0.0,0.0,0.0,0.0,0.0,0.0,2.6466529319583785,
0.0,0.0,0.0,0.0,0.0,0.0,2.6466529319583785,
0.0,0.0,0.0,0.0,0.0,0.0,2.7129928243830106,
0.0,0.0,0.0,0.0,0.0,0.0,2.7129928243830106,
0.0,0.0,0.0,0.0,0.0,0.0,2.7129928243830106,
0.0,0.0,0.0,0.0,0.0,0.0,2.7129928243830106,
0.0,0.0,0.0,0.0,0.0,0.0,2.5398664428367246,
0.0,0.0,0.0,0.0,0.0,0.0,2.5398664428367246,
0.0,0.0,0.0,0.0,0.0,0.0,2.5398664428367246,
0.0,0.0,0.0,0.0,0.0,0.0,2.5398664428367246,
0.0,0.0,0.0,0.0,0.0,0.0,2.5398664428367246,
0.0,0.0,0.0,0.0,0.0,0.0,2.5398664428367246,
0.0,0.0,0.0,0.0,0.0,0.0,2.689105914958854,
0.0,0.0,0.0,0.0,0.0,0.0,2.689105914958854,
0.0,0.0,0.0,0.0,0.0,0.0,2.689105914958854,
0.0,0.0,0.0,0.0,0.0,0.0,2.689105914958854,
0.0,0.0,0.0,0.0,0.0,0.0,2.689105914958854,
0.0,0.0,0.0,0.0,0.0,0.0,2.689105914958854,
0.0,0.0,0.0,0.0,0.0,0.0,2.689105914958854,
0.0,0.0,0.0,0.0,0.0,0.0,2.689105914958854,
0.0,0.0,0.0,0.0,0.0,0.0,2.689105914958854,
0.0,0.0,0.0,0.0,0.0,0.0,2.689105914958854,
0.0,0.0,0.0,0.0,0.0,0.0,2.689105914958854,
0.0,0.0,0.0,0.0,0.0,0.0,2.689105914958854,
0.0,0.0,0.0,0.0,0.0,0.0,2.689105914958854,
0.0,0.0,0.0,0.0,0.0,0.0,2.689105914958854,
0.0,0.0,0.0,0.0,0.0,0.0,2.689105914958854,
0.0,0.0,0.0,0.0,0.0,0.0,2.689105914958854,
0.0,0.0,0.0,0.0,0.0,0.0,2.689105914958854,
0.0,0.0,0.0,0.0,0.0,0.0,2.689105914958854,
0.0,0.0,0.0,0.0,0.0,0.0,2.689105914958854,
0.0,0.0,0.0,0.0,0.0,0.0,2.689105914958854,
0.0,0.0,0.0,0.0,0.0,0.0,2.689105914958854,
0.0,0.0,0.0,0.0,0.0,0.0,2.689105914958854,
0.0,0.0,0.0,0.0,0.0,0.0,2.689105914958854,
0.0,0.0,0.0,0.0,0.0,0.0,2.689105914958854,
0.0,0.0,0.0,0.0,0.0,0.0,2.689105914958854,
0.0,0.0,0.0,0.0,0.0,0.0,2.6376049622611664,
0.0,0.0,0.0,0.0,0.0,0.0,2.6376049622611664,
0.0,0.0,0.0,0.0,0.0,0.0,2.7168484959686596,
0.0,0.0,0.0,0.0,0.0,0.0,2.7168484959686596,
0.0,0.0,0.0,0.0,0.0,0.0,2.8505101477840977,
0.0,0.0,0.0,0.0,0.0,0.0,2.8505101477840977,
0.0,0.0,0.0,0.0,0.0,0.0,2.8505101477840977,
0.0,0.0,0.0,0.0,0.0,0.0,2.8505101477840977,
0.0,0.0,0.0,0.0,0.0,0.0,2.8505101477840977,
0.0,0.0,0.0,0.0,0.0,0.0,2.8505101477840977,
0.0,0.0,0.0,0.0,0.0,0.0,2.7484469651619228,
0.0,0.0,0.0,0.0,0.0,0.0,2.685036807103368,
0.0,0.0,0.0,0.0,0.0,0.0,2.685036807103368,
0.0,0.0,0.0,0.0,0.0,0.0,2.685036807103368,
0.0,0.0,0.0,0.0,0.0,0.0,2.685036807103368,
0.0,0.0,0.0,0.0,0.0,0.0,2.685036807103368,
0.0,0.0,0.0,0.0,0.0,0.0,2.685036807103368,
0.0,0.0,0.0,0.0,0.0,0.0,2.685036807103368,
0.0,0.0,0.0,0.0,0.0,0.0,2.685036807103368,
0.0,0.0,0.0,0.0,0.0,0.0,2.685036807103368,
0.0,0.0,0.0,0.0,0.0,0.0,2.685036807103368,
0.0,0.0,0.0,0.0,0.0,0.0,2.685036807103368,
0.0,0.0,0.0,0.0,0.0,0.0,2.685036807103368,
0.0,0.0,0.0,0.0,0.0,0.0,2.685036807103368,
0.0,0.0,0.0,0.0,0.0,0.0,2.685036807103368,
0.0,0.0,0.0,0.0,0.0,0.0,2.8429327727932567,
0.0,0.0,0.0,0.0,0.0,0.0,2.8429327727932567,
0.0,0.0,0.0,0.0,0.0,0.0,2.8429327727932567,
0.0,0.0,0.0,0.0,0.0,0.0,2.9704575291513606,
0.0,0.0,0.0,0.0,0.0,0.0,3.0368645372503362,
0.0,0.0,0.0,0.0,0.0,0.0,3.0368645372503362,
0.0,0.0,0.0,0.0,0.0,0.0,3.0368645372503362,
0.0,0.0,0.0,0.0,0.0,0.0,3.0368645372503362,
0.0,0.0,0.0,0.0,0.0,0.0,3.0368645372503362,
0.0,0.0,0.0,0.0,0.0,0.0,2.908917440715498,
0.0,0.0,0.0,0.0,0.0,0.0,2.908917440715498,
0.0,0.0,0.0,0.0,0.0,0.0,2.908917440715498,
0.0,0.0,0.0,0.0,0.0,0.0,2.908917440715498,
0.0,0.0,0.0,0.0,0.0,0.0,2.636054184074873,
0.0,0.0,0.0,0.0,0.0,0.0,2.636054184074873,
0.0,0.0,0.0,0.0,0.0,0.0,2.636054184074873,
0.0,0.0,0.0,0.0,0.0,0.0,2.636054184074873,
0.0,0.0,0.0,0.0,0.0,0.0,2.636054184074873,
0.0,0.0,0.0,0.0,0.0,0.0,2.636054184074873,
0.0,0.0,0.0,0.0,0.0,0.0,2.636054184074873,
0.0,0.0,0.0,0.0,0.0,0.0,2.636054184074873,
0.0,0.0,0.0,0.0,0.0,0.0,2.636054184074873,
0.0,0.0,0.0,0.0,0.0,0.0,2.636054184074873,
0.0,0.0,0.0,0.0,0.0,0.0,2.636054184074873,
0.0,0.0,0.0,0.0,0.0,0.0,2.636054184074873,
0.0,0.0,0.0,0.0,0.0,0.0,2.636054184074873,
0.0,0.0,0.0,0.0,0.0,0.0,2.636054184074873,
0.0,0.0,0.0,0.0,0.0,0.0,2.636054184074873,
0.0,0.0,0.0,0.0,0.0,0.0,2.636054184074873,
0.0,0.0,0.0,0.0,0.0,0.0,2.5134084892503052,
0.0,0.0,0.0,0.0,0.0,0.0,2.8498252785333076,
0.0,0.0,0.0,0.0,0.0,0.0,2.932631367860885,
0.0,0.0,0.0,0.0,0.0,0.0,2.932631367860885,
0.0,0.0,0.0,0.0,0.0,0.0,2.932631367860885,
0.0,0.0,0.0,0.0,0.0,0.0,2.932631367860885,
0.0,0.0,0.0,0.0,0.0,0.0,2.932631367860885,
0.0,0.0,0.0,0.0,0.0,0.0,2.932631367860885,
0.0,0.0,0.0,0.0,0.0,0.0,2.932631367860885,
0.0,0.0,0.0,0.0,0.0,0.0,2.932631367860885,
0.0,0.0,0.0,0.0,0.0,0.0,2.6218014962193026,
0.0,0.0,0.0,0.0,0.0,0.0,2.6218014962193026,
0.0,0.0,0.0,0.0,0.0,0.0,2.7981818671490872,
0.0,0.0,0.0,0.0,0.0,0.0,2.7981818671490872,
0.0,0.0,0.0,0.0,0.0,0.0,2.955185942805052,
0.0,0.0,0.0,0.0,0.0,0.0,2.955185942805052,
0.0,0.0,0.0,0.0,0.0,0.0,2.955185942805052,
0.0,0.0,0.0,0.0,0.0,0.0,2.955185942805052,
0.0,0.0,0.0,0.0,0.0,0.0,2.955185942805052,
0.0,0.0,0.0,0.0,0.0,0.0,2.955185942805052,
0.0,0.0,0.0,0.0,0.0,0.0,2.955185942805052,
0.0,0.0,0.0,0.0,0.0,0.0,2.955185942805052,
0.0,0.0,0.0,0.0,0.0,0.0,2.983636259553224,
0.0,0.0,0.0,0.0,0.0,0.0,2.983636259553224,
0.0,0.0,0.0,0.0,0.0,0.0,2.983636259553224,
0.0,0.0,0.0,0.0,0.0,0.0,2.983636259553224,
0.0,0.0,0.0,0.0,0.0,0.0,2.983636259553224,
0.0,0.0,0.0,0.0,0.0,0.0,2.983636259553224,
0.0,0.0,0.0,0.0,0.0,0.0,2.983636259553224,
0.0,0.0,0.0,0.0,0.0,0.0,2.983636259553224,
0.0,0.0,0.0,0.0,0.0,0.0,2.983636259553224,
0.0,0.0,0.0,0.0,0.0,0.0,2.838866519935113,
0.0,0.0,0.0,0.0,0.0,0.0,2.838866519935113,
0.0,0.0,0.0,0.0,0.0,0.0,2.838866519935113,
0.0,0.0,0.0,0.0,0.0,0.0,2.838866519935113,
0.0,0.0,0.0,0.0,0.0,0.0,2.838866519935113,
0.0,0.0,0.0,0.0,0.0,0.0,2.838866519935113,
0.0,0.0,0.0,0.0,0.0,0.0,2.9941593590306206,
0.0,0.0,0.0,0.0,0.0,0.0,2.9941593590306206,
0.0,0.0,0.0,0.0,0.0,0.0,2.9941593590306206,
0.0,0.0,0.0,0.0,0.0,0.0,2.6932457190890573,
0.0,0.0,0.0,0.0,0.0,0.0,2.6432190978784518,
0.0,0.0,0.0,0.0,0.0,0.0,2.6432190978784518,
0.0,0.0,0.0,0.0,0.0,0.0,2.3240188241554036,
0.0,0.0,0.0,0.0,0.0,0.0,2.3240188241554036,
0.0,0.0,0.0,0.0,0.0,0.0,2.6637727871271517,
0.0,0.0,0.0,0.0,0.0,0.0,2.595442407879229,
0.0,0.0,0.0,0.0,0.0,0.0,2.595442407879229,
0.0,0.0,0.0,0.0,0.0,0.0,2.595442407879229,
0.0,0.0,0.0,0.0,0.0,0.0,2.595442407879229,
0.0,0.0,0.0,0.0,0.0,0.0,2.526182424851653,
0.0,0.0,0.0,0.0,0.0,0.0,2.526182424851653,
0.0,0.0,0.0,0.0,0.0,0.0,2.526182424851653,
0.0,0.0,0.0,0.0,0.0,0.0,2.526182424851653,
0.0,0.0,0.0,0.0,0.0,0.0,2.526182424851653,
0.0,0.0,0.0,0.0,0.0,0.0,2.526182424851653,
0.0,0.0,0.0,0.0,0.0,0.0,2.709619582506634,
0.0,0.0,0.0,0.0,0.0,0.0,2.709619582506634,
0.0,0.0,0.0,0.0,0.0,0.0,2.709619582506634,
0.0,0.0,0.0,0.0,0.0,0.0,2.709619582506634,
0.0,0.0,0.0,0.0,0.0,0.0,2.709619582506634,
0.0,0.0,0.0,0.0,0.0,0.0,2.709619582506634,
0.0,0.0,0.0,0.0,0.0,0.0,2.709619582506634,
0.0,0.0,0.0,0.0,0.0,0.0,2.709619582506634,
0.0,0.0,0.0,0.0,0.0,0.0,2.674676513564611,
0.0,0.0,0.0,0.0,0.0,0.0,2.674676513564611,
0.0,0.0,0.0,0.0,0.0,0.0,2.674676513564611,
0.0,0.0,0.0,0.0,0.0,0.0,2.674676513564611,
0.0,0.0,0.0,0.0,0.0,0.0,2.674676513564611,
0.0,0.0,0.0,0.0,0.0,0.0,2.674676513564611,
0.0,0.0,0.0,0.0,0.0,0.0,2.674676513564611,
0.0,0.0,0.0,0.0,0.0,0.0,2.674676513564611,
0.0,0.0,0.0,0.0,0.0,0.0,2.667273364178018,
0.0,0.0,0.0,0.0,0.0,0.0,2.692945543095805,
0.0,0.0,0.0,0.0,0.0,0.0,2.692945543095805,
0.0,0.0,0.0,0.0,0.0,0.0,2.692945543095805,
0.0,0.0,0.0,0.0,0.0,0.0,2.692945543095805,
0.0,0.0,0.0,0.0,0.0,0.0,2.692945543095805,
0.0,0.0,0.0,0.0,0.0,0.0,2.692945543095805,
0.0,0.0,0.0,0.0,0.0,0.0,2.6581436866266435,
0.0,0.0,0.0,0.0,0.0,0.0,2.6581436866266435,
0.0,0.0,0.0,0.0,0.0,0.0,2.6581436866266435,
0.0,0.0,0.0,0.0,0.0,0.0,2.6581436866266435,
0.0,0.0,0.0,0.0,0.0,0.0,2.6581436866266435,
0.0,0.0,0.0,0.0,0.0,0.0,2.6581436866266435,
0.0,0.0,0.0,0.0,0.0,0.0,2.6581436866266435,
0.0,0.0,0.0,0.0,0.0,0.0,2.6581436866266435,
0.0,0.0,0.0,0.0,0.0,0.0,2.6581436866266435,
0.0,0.0,0.0,0.0,0.0,0.0,2.6581436866266435,
0.0,0.0,0.0,0.0,0.0,0.0,2.747982714344733,
0.0,0.0,0.0,0.0,0.0,0.0,2.747982714344733,
0.0,0.0,0.0,0.0,0.0,0.0,2.747982714344733,
0.0,0.0,0.0,0.0,0.0,0.0,2.747982714344733,
0.0,0.0,0.0,0.0,0.0,0.0,2.632024813449574,
0.0,0.0,0.0,0.0,0.0,0.0,2.632024813449574,
0.0,0.0,0.0,0.0,0.0,0.0,2.632024813449574,
0.0,0.0,0.0,0.0,0.0,0.0,2.5882485055384388,
0.0,0.0,0.0,0.0,0.0,0.0,2.7026761889493045,
0.0,0.0,0.0,0.0,0.0,0.0,2.7026761889493045,
0.0,0.0,0.0,0.0,0.0,0.0,2.7026761889493045,
0.0,0.0,0.0,0.0,0.0,0.0,2.7026761889493045,
0.0,0.0,0.0,0.0,0.0,0.0,2.7026761889493045,
0.0,0.0,0.0,0.0,0.0,0.0,2.7026761889493045,
0.0,0.0,0.0,0.0,0.0,0.0,2.731241237967524,
0.0,0.0,0.0,0.0,0.0,0.0,2.731241237967524,
0.0,0.0,0.0,0.0,0.0,0.0,2.6248874408110394,
0.0,0.0,0.0,0.0,0.0,0.0,2.6248874408110394,
0.0,0.0,0.0,0.0,0.0,0.0,2.6248874408110394,
0.0,0.0,0.0,0.0,0.0,0.0,2.6248874408110394,
0.0,0.0,0.0,0.0,0.0,0.0,2.6248874408110394,
0.0,0.0,0.0,0.0,0.0,0.0,2.6248874408110394,
0.0,0.0,0.0,0.0,0.0,0.0,2.6248874408110394,
0.0,0.0,0.0,0.0,0.0,0.0,2.6248874408110394,
0.0,0.0,0.0,0.0,0.0,0.0,2.6248874408110394,
0.0,0.0,0.0,0.0,0.0,0.0,2.6248874408110394,
0.0,0.0,0.0,0.0,0.0,0.0,2.6248874408110394,
0.0,0.0,0.0,0.0,0.0,0.0,2.6248874408110394,
0.0,0.0,0.0,0.0,0.0,0.0,2.785251450067106,
0.0,0.0,0.0,0.0,0.0,0.0,2.785251450067106,
0.0,0.0,0.0,0.0,0.0,0.0,2.785251450067106,
0.0,0.0,0.0,0.0,0.0,0.0,2.650259124834703,
0.0,0.0,0.0,0.0,0.0,0.0,2.650259124834703,
0.0,0.0,0.0,0.0,0.0,0.0,2.650259124834703,
0.0,0.0,0.0,0.0,0.0,0.0,2.650259124834703,
0.0,0.0,0.0,0.0,0.0,0.0,2.650259124834703,
0.0,0.0,0.0,0.0,0.0,0.0,2.650259124834703,
0.0,0.0,0.0,0.0,0.0,0.0,2.650259124834703,
0.0,0.0,0.0,0.0,0.0,0.0,2.650259124834703,
0.0,0.0,0.0,0.0,0.0,0.0,2.650259124834703,
0.0,0.0,0.0,0.0,0.0,0.0,2.650259124834703,
0.0,0.0,0.0,0.0,0.0,0.0,2.543884587787363,
0.0,0.0,0.0,0.0,0.0,0.0,2.543884587787363,
0.0,0.0,0.0,0.0,0.0,0.0,2.543884587787363,
0.0,0.0,0.0,0.0,0.0,0.0,2.3500154999194645,
0.0,0.0,0.0,0.0,0.0,0.0,2.2794310131187454,
0.0,0.0,0.0,0.0,0.0,0.0,2.2794310131187454,
0.0,0.0,0.0,0.0,0.0,0.0,2.2794310131187454,
0.0,0.0,0.0,0.0,0.0,0.0,2.2794310131187454,
0.0,0.0,0.0,0.0,0.0,0.0,2.635791191742246,
0.0,0.0,0.0,0.0,0.0,0.0,2.6773248960028644,
0.0,0.0,0.0,0.0,0.0,0.0,2.6773248960028644,
0.0,0.0,0.0,0.0,0.0,0.0,2.6773248960028644,
0.0,0.0,0.0,0.0,0.0,0.0,2.6773248960028644,
0.0,0.0,0.0,0.0,0.0,0.0,2.6773248960028644,
0.0,0.0,0.0,0.0,0.0,0.0,2.6773248960028644,
0.0,0.0,0.0,0.0,0.0,0.0,2.6773248960028644,
0.0,0.0,0.0,0.0,0.0,0.0,2.6773248960028644,
0.0,0.0,0.0,0.0,0.0,0.0,2.6773248960028644,
0.0,0.0,0.0,0.0,0.0,0.0,2.6773248960028644,
0.0,0.0,0.0,0.0,0.0,0.0,2.6773248960028644,
0.0,0.0,0.0,0.0,0.0,0.0,2.6773248960028644,
0.0,0.0,0.0,0.0,0.0,0.0,2.851045298580949,
0.0,0.0,0.0,0.0,0.0,0.0,2.851045298580949,
0.0,0.0,0.0,0.0,0.0,0.0,2.851045298580949,
0.0,0.0,0.0,0.0,0.0,0.0,2.851045298580949,
0.0,0.0,0.0,0.0,0.0,0.0,2.851045298580949,
0.0,0.0,0.0,0.0,0.0,0.0,2.851045298580949,
0.0,0.0,0.0,0.0,0.0,0.0,2.851045298580949,
0.0,0.0,0.0,0.0,0.0,0.0,2.851045298580949,
0.0,0.0,0.0,0.0,0.0,0.0,2.851045298580949,
0.0,0.0,0.0,0.0,0.0,0.0,2.851045298580949,
0.0,0.0,0.0,0.0,0.0,0.0,2.851045298580949,
0.0,0.0,0.0,0.0,0.0,0.0,2.851045298580949,
0.0,0.0,0.0,0.0,0.0,0.0,2.851045298580949,
0.0,0.0,0.0,0.0,0.0,0.0,2.851045298580949,
0.0,0.0,0.0,0.0,0.0,0.0,3.0040113856056196,
0.0,0.0,0.0,0.0,0.0,0.0,3.05100738631203,
0.0,0.0,0.0,0.0,0.0,0.0,3.05100738631203,
0.0,0.0,0.0,0.0,0.0,0.0,3.05100738631203,
0.0,0.0,0.0,0.0,0.0,0.0,3.05100738631203,
0.0,0.0,0.0,0.0,0.0,0.0,2.9479304781517737,
0.0,0.0,0.0,0.0,0.0,0.0,2.9479304781517737,
0.0,0.0,0.0,0.0,0.0,0.0,2.9479304781517737,
0.0,0.0,0.0,0.0,0.0,0.0,2.9479304781517737,
0.0,0.0,0.0,0.0,0.0,0.0,2.9479304781517737,
0.0,0.0,0.0,0.0,0.0,0.0,2.9479304781517737,
0.0,0.0,0.0,0.0,0.0,0.0,2.9479304781517737,
0.0,0.0,0.0,0.0,0.0,0.0,2.8302831385573306,
0.0,0.0,0.0,0.0,0.0,0.0,2.8302831385573306,
0.0,0.0,0.0,0.0,0.0,0.0,2.8544657443199313,
0.0,0.0,0.0,0.0,0.0,0.0,2.8544657443199313,
0.0,0.0,0.0,0.0,0.0,0.0,2.8544657443199313,
0.0,0.0,0.0,0.0,0.0,0.0,2.8544657443199313,
0.0,0.0,0.0,0.0,0.0,0.0,2.8544657443199313,
0.0,0.0,0.0,0.0,0.0,0.0,2.8394196126067697,
0.0,0.0,0.0,0.0,0.0,0.0,2.8389180273044863,
0.0,0.0,0.0,0.0,0.0,0.0,2.8389180273044863,
0.0,0.0,0.0,0.0,0.0,0.0,2.8389180273044863,
0.0,0.0,0.0,0.0,0.0,0.0,2.9748498097236604,
0.0,0.0,0.0,0.0,0.0,0.0,2.9748498097236604,
0.0,0.0,0.0,0.0,0.0,0.0,2.9748498097236604,
0.0,0.0,0.0,0.0,0.0,0.0,2.9748498097236604,
0.0,0.0,0.0,0.0,0.0,0.0,2.9748498097236604,
0.0,0.0,0.0,0.0,0.0,0.0,2.9748498097236604,
0.0,0.0,0.0,0.0,0.0,0.0,2.9748498097236604,
0.0,0.0,0.0,0.0,0.0,0.0,2.9748498097236604,
0.0,0.0,0.0,0.0,0.0,0.0,2.9748498097236604,
0.0,0.0,0.0,0.0,0.0,0.0,2.875066211835881,
0.0,0.0,0.0,0.0,0.0,0.0,2.875066211835881,
0.0,0.0,0.0,0.0,0.0,0.0,2.875066211835881,
0.0,0.0,0.0,0.0,0.0,0.0,2.875066211835881,
0.0,0.0,0.0,0.0,0.0,0.0,2.796284066889233,
0.0,0.0,0.0,0.0,0.0,0.0,2.796284066889233,
0.0,0.0,0.0,0.0,0.0,0.0,2.796284066889233,
0.0,0.0,0.0,0.0,0.0,0.0,2.796284066889233,
0.0,0.0,0.0,0.0,0.0,0.0,2.796284066889233,
0.0,0.0,0.0,0.0,0.0,0.0,2.796284066889233,
0.0,0.0,0.0,0.0,0.0,0.0,2.796284066889233,
0.0,0.0,0.0,0.0,0.0,0.0,2.796284066889233,
0.0,0.0,0.0,0.0,0.0,0.0,2.796284066889233,
0.0,0.0,0.0,0.0,0.0,0.0,2.796284066889233,
0.0,0.0,0.0,0.0,0.0,0.0,2.796284066889233,
0.0,0.0,0.0,0.0,0.0,0.0,2.796284066889233,
0.0,0.0,0.0,0.0,0.0,0.0,2.796284066889233,
0.0,0.0,0.0,0.0,0.0,0.0,2.796284066889233,
0.0,0.0,0.0,0.0,0.0,0.0,2.796284066889233,
0.0,0.0,0.0,0.0,0.0,0.0,2.796284066889233,
0.0,0.0,0.0,0.0,0.0,0.0,2.796284066889233,
0.0,0.0,0.0,0.0,0.0,0.0,2.9301919388191613,
0.0,0.0,0.0,0.0,0.0,0.0,2.806457965100399,
0.0,0.0,0.0,0.0,0.0,0.0,2.806457965100399,
0.0,0.0,0.0,0.0,0.0,0.0,2.806457965100399,
0.0,0.0,0.0,0.0,0.0,0.0,2.806457965100399,
0.0,0.0,0.0,0.0,0.0,0.0,2.806457965100399,
0.0,0.0,0.0,0.0,0.0,0.0,2.806457965100399,
0.0,0.0,0.0,0.0,0.0,0.0,2.806457965100399,
0.0,0.0,0.0,0.0,0.0,0.0,2.806457965100399,
0.0,0.0,0.0,0.0,0.0,0.0,2.806457965100399,
0.0,0.0,0.0,0.0,0.0,0.0,2.806457965100399,
0.0,0.0,0.0,0.0,0.0,0.0,2.7757898481936802,
0.0,0.0,0.0,0.0,0.0,0.0,2.7757898481936802,
0.0,0.0,0.0,0.0,0.0,0.0,2.7757898481936802,
0.0,0.0,0.0,0.0,0.0,0.0,2.7757898481936802,
0.0,0.0,0.0,0.0,0.0,0.0,2.7757898481936802,
0.0,0.0,0.0,0.0,0.0,0.0,2.7757898481936802,
0.0,0.0,0.0,0.0,0.0,0.0,2.7757898481936802,
0.0,0.0,0.0,0.0,0.0,0.0,2.7757898481936802,
0.0,0.0,0.0,0.0,0.0,0.0,2.7757898481936802,
0.0,0.0,0.0,0.0,0.0,0.0,2.7757898481936802,
0.0,0.0,0.0,0.0,0.0,0.0,2.7757898481936802,
0.0,0.0,0.0,0.0,0.0,0.0,2.7757898481936802,
0.0,0.0,0.0,0.0,0.0,0.0,2.7757898481936802,
0.0,0.0,0.0,0.0,0.0,0.0,2.728176023598362,
0.0,0.0,0.0,0.0,0.0,0.0,2.728176023598362,
0.0,0.0,0.0,0.0,0.0,0.0,2.728176023598362,
0.0,0.0,0.0,0.0,0.0,0.0,2.728176023598362,
0.0,0.0,0.0,0.0,0.0,0.0,2.728176023598362,
0.0,0.0,0.0,0.0,0.0,0.0,2.728176023598362,
0.0,0.0,0.0,0.0,0.0,0.0,2.728176023598362,
0.0,0.0,0.0,0.0,0.0,0.0,2.728176023598362,
0.0,0.0,0.0,0.0,0.0,0.0,2.728176023598362,
0.0,0.0,0.0,0.0,0.0,0.0,2.626466496798906,
0.0,0.0,0.0,0.0,0.0,0.0,2.790180933316501,
0.0,0.0,0.0,0.0,0.0,0.0,2.790180933316501,
0.0,0.0,0.0,0.0,0.0,0.0,2.790180933316501,
0.0,0.0,0.0,0.0,0.0,0.0,2.790180933316501,
0.0,0.0,0.0,0.0,0.0,0.0,2.790180933316501,
0.0,0.0,0.0,0.0,0.0,0.0,2.790180933316501,
0.0,0.0,0.0,0.0,0.0,0.0,2.790180933316501,
0.0,0.0,0.0,0.0,0.0,0.0,2.790180933316501,
0.0,0.0,0.0,0.0,0.0,0.0,2.7155481792224108,
0.0,0.0,0.0,0.0,0.0,0.0,2.7703312317603324,
0.0,0.0,0.0,0.0,0.0,0.0,2.7703312317603324,
0.0,0.0,0.0,0.0,0.0,0.0,2.7703312317603324,
0.0,0.0,0.0,0.0,0.0,0.0,2.7703312317603324,
0.0,0.0,0.0,0.0,0.0,0.0,2.7703312317603324,
0.0,0.0,0.0,0.0,0.0,0.0,2.914892537574997,
0.0,0.0,0.0,0.0,0.0,0.0,2.914892537574997,
0.0,0.0,0.0,0.0,0.0,0.0,2.914892537574997,
0.0,0.0,0.0,0.0,0.0,0.0,2.914892537574997,
0.0,0.0,0.0,0.0,0.0,0.0,2.928410659183474,
0.0,0.0,0.0,0.0,0.0,0.0,2.928410659183474,
0.0,0.0,0.0,0.0,0.0,0.0,2.928410659183474,
0.0,0.0,0.0,0.0,0.0,0.0,2.928410659183474,
0.0,0.0,0.0,0.0,0.0,0.0,2.928410659183474,
0.0,0.0,0.0,0.0,0.0,0.0,2.928410659183474,
0.0,0.0,0.0,0.0,0.0,0.0,2.928410659183474,
0.0,0.0,0.0,0.0,0.0,0.0,2.928410659183474,
0.0,0.0,0.0,0.0,0.0,0.0,2.928410659183474,
0.0,0.0,0.0,0.0,0.0,0.0,2.928410659183474,
0.0,0.0,0.0,0.0,0.0,0.0,2.928410659183474,
0.0,0.0,0.0,0.0,0.0,0.0,2.928410659183474,
0.0,0.0,0.0,0.0,0.0,0.0,2.928410659183474,
0.0,0.0,0.0,0.0,0.0,0.0,3.019701667814704,
0.0,0.0,0.0,0.0,0.0,0.0,3.019701667814704,
0.0,0.0,0.0,0.0,0.0,0.0,2.886621293021003,
0.0,0.0,0.0,0.0,0.0,0.0,2.886621293021003,
0.0,0.0,0.0,0.0,0.0,0.0,2.886621293021003,
0.0,0.0,0.0,0.0,0.0,0.0,2.886621293021003,
0.0,0.0,0.0,0.0,0.0,0.0,2.886621293021003,
0.0,0.0,0.0,0.0,0.0,0.0,2.766816276187548,
0.0,0.0,0.0,0.0,0.0,0.0,2.9105078170238787,
0.0,0.0,0.0,0.0,0.0,0.0,2.9105078170238787,
0.0,0.0,0.0,0.0,0.0,0.0,2.9105078170238787,
0.0,0.0,0.0,0.0,0.0,0.0,2.9105078170238787,
0.0,0.0,0.0,0.0,0.0,0.0,2.9105078170238787,
0.0,0.0,0.0,0.0,0.0,0.0,2.9105078170238787,
0.0,0.0,0.0,0.0,0.0,0.0,2.9105078170238787,
0.0,0.0,0.0,0.0,0.0,0.0,2.9105078170238787,
0.0,0.0,0.0,0.0,0.0,0.0,2.7762032599763136,
0.0,0.0,0.0,0.0,0.0,0.0,2.7762032599763136,
0.0,0.0,0.0,0.0,0.0,0.0,2.7762032599763136,
0.0,0.0,0.0,0.0,0.0,0.0,2.7762032599763136,
0.0,0.0,0.0,0.0,0.0,0.0,2.861117273771215,
0.0,0.0,0.0,0.0,0.0,0.0,2.861117273771215,
0.0,0.0,0.0,0.0,0.0,0.0,3.006089864939637,
0.0,0.0,0.0,0.0,0.0,0.0,3.006089864939637,
0.0,0.0,0.0,0.0,0.0,0.0,3.006089864939637,
0.0,0.0,0.0,0.0,0.0,0.0,2.5695316898000296,
0.0,0.0,0.0,0.0,0.0,0.0,2.5695316898000296,
0.0,0.0,0.0,0.0,0.0,0.0,2.730815806835929,
0.0,0.0,0.0,0.0,0.0,0.0,2.730815806835929,
0.0,0.0,0.0,0.0,0.0,0.0,2.850455599027522,
0.0,0.0,0.0,0.0,0.0,0.0,2.850455599027522,
0.0,0.0,0.0,0.0,0.0,0.0,2.850455599027522,
0.0,0.0,0.0,0.0,0.0,0.0,2.850455599027522,
0.0,0.0,0.0,0.0,0.0,0.0,2.850455599027522,
0.0,0.0,0.0,0.0,0.0,0.0,2.850455599027522,
0.0,0.0,0.0,0.0,0.0,0.0,2.850455599027522,
0.0,0.0,0.0,0.0,0.0,0.0,2.7203634195863478,
0.0,0.0,0.0,0.0,0.0,0.0,2.7203634195863478,
0.0,0.0,0.0,0.0,0.0,0.0,2.7203634195863478,
0.0,0.0,0.0,0.0,0.0,0.0,2.7203634195863478,
0.0,0.0,0.0,0.0,0.0,0.0,2.7203634195863478,
0.0,0.0,0.0,0.0,0.0,0.0,2.7203634195863478,
0.0,0.0,0.0,0.0,0.0,0.0,2.7203634195863478,
0.0,0.0,0.0,0.0,0.0,0.0,2.7093041099265562,
0.0,0.0,0.0,0.0,0.0,0.0,2.8501433631411675,
0.0,0.0,0.0,0.0,0.0,0.0,2.8501433631411675,
0.0,0.0,0.0,0.0,0.0,0.0,2.8501433631411675,
0.0,0.0,0.0,0.0,0.0,0.0,2.8501433631411675,
0.0,0.0,0.0,0.0,0.0,0.0,2.8501433631411675,
0.0,0.0,0.0,0.0,0.0,0.0,2.8501433631411675,
0.0,0.0,0.0,0.0,0.0,0.0,2.8501433631411675,
0.0,0.0,0.0,0.0,0.0,0.0,2.7387623743327496,
0.0,0.0,0.0,0.0,0.0,0.0,2.7387623743327496,
0.0,0.0,0.0,0.0,0.0,0.0,2.7387623743327496,
0.0,0.0,0.0,0.0,0.0,0.0,2.7387623743327496,
0.0,0.0,0.0,0.0,0.0,0.0,2.7387623743327496,
0.0,0.0,0.0,0.0,0.0,0.0,2.7387623743327496,
0.0,0.0,0.0,0.0,0.0,0.0,2.7387623743327496,
0.0,0.0,0.0,0.0,0.0,0.0,2.7387623743327496,
0.0,0.0,0.0,0.0,0.0,0.0,2.7387623743327496,
0.0,0.0,0.0,0.0,0.0,0.0,2.8068970774846136,
0.0,0.0,0.0,0.0,0.0,0.0,2.8068970774846136,
0.0,0.0,0.0,0.0,0.0,0.0,2.8068970774846136,
0.0,0.0,0.0,0.0,0.0,0.0,2.8068970774846136,
0.0,0.0,0.0,0.0,0.0,0.0,2.789058045655434,
0.0,0.0,0.0,0.0,0.0,0.0,2.789058045655434,
0.0,0.0,0.0,0.0,0.0,0.0,2.789058045655434,
0.0,0.0,0.0,0.0,0.0,0.0,2.8352180449973496,
0.0,0.0,0.0,0.0,0.0,0.0,2.8352180449973496,
0.0,0.0,0.0,0.0,0.0,0.0,2.8352180449973496,
0.0,0.0,0.0,0.0,0.0,0.0,2.8352180449973496,
0.0,0.0,0.0,0.0,0.0,0.0,2.8352180449973496,
0.0,0.0,0.0,0.0,0.0,0.0,2.8352180449973496,
0.0,0.0,0.0,0.0,0.0,0.0,2.8352180449973496,
0.0,0.0,0.0,0.0,0.0,0.0,2.8352180449973496,
0.0,0.0,0.0,0.0,0.0,0.0,2.8352180449973496,
0.0,0.0,0.0,0.0,0.0,0.0,2.8352180449973496,
0.0,0.0,0.0,0.0,0.0,0.0,2.8352180449973496,
0.0,0.0,0.0,0.0,0.0,0.0,2.8352180449973496,
0.0,0.0,0.0,0.0,0.0,0.0,2.8352180449973496,
0.0,0.0,0.0,0.0,0.0,0.0,2.8352180449973496,
0.0,0.0,0.0,0.0,0.0,0.0,2.8352180449973496,
0.0,0.0,0.0,0.0,0.0,0.0,2.8352180449973496,
0.0,0.0,0.0,0.0,0.0,0.0,2.8352180449973496,
0.0,0.0,0.0,0.0,0.0,0.0,2.8352180449973496,
0.0,0.0,0.0,0.0,0.0,0.0,2.8352180449973496,
0.0,0.0,0.0,0.0,0.0,0.0,2.8352180449973496,
0.0,0.0,0.0,0.0,0.0,0.0,2.8352180449973496,
0.0,0.0,0.0,0.0,0.0,0.0,2.8352180449973496,
0.0,0.0,0.0,0.0,0.0,0.0,2.8352180449973496,
0.0,0.0,0.0,0.0,0.0,0.0,2.8352180449973496,
0.0,0.0,0.0,0.0,0.0,0.0,2.8352180449973496,
0.0,0.0,0.0,0.0,0.0,0.0,2.8352180449973496,
0.0,0.0,0.0,0.0,0.0,0.0,2.8352180449973496,
0.0,0.0,0.0,0.0,0.0,0.0,2.8352180449973496,
0.0,0.0,0.0,0.0,0.0,0.0,2.8352180449973496,
0.0,0.0,0.0,0.0,0.0,0.0,2.816940280118167,
0.0,0.0,0.0,0.0,0.0,0.0,2.816940280118167,
0.0,0.0,0.0,0.0,0.0,0.0,2.816940280118167,
0.0,0.0,0.0,0.0,0.0,0.0,2.816940280118167,
0.0,0.0,0.0,0.0,0.0,0.0,2.816940280118167,