
0.0
7.569707129998668E-5
7.248928824069356E-5
8.0067930448232E-5
8.05414686381931E-5
0.020493834456690882
0.02074056703131071
0.028237198894062482
0.026224870751598083
0.028280031558515085
0.02594310601415258
0.02568197133932967
0.023307377982334284
0.022216341768132794
0.020363799403565176
0.019149488337378815
0.017772643840493013
0.01690434499173538
0.015774302539254714
0.015048533292408803
0.014159041998233255
0.013543652184801962
0.012824382130383274
0.012301831867341666
0.011745819366775894
0.011298005963429206
0.010846483162285423
0.010449089999296213
0.0100571763013193
0.00968685816569445
0.009349613092582865
0.009010046053165771
0.008739806245767005
0.0084481711097443
0.008026258190133303
0.007732673044089768
0.007440667086550448
0.007362687842194957
0.00704320920018022
0.007063282146944029
0.006841801239882499
0.006813411127214535
0.008860365121522447
0.008695141019917627
0.008551396578400308
0.008320732594980467
0.008124012713638442
0.007898223067731469
0.007788863787431449
0.00755617237897941
0.0074279739246780165
0.007190889794170796
0.0069126780454451696
0.006712339647426817
0.006623072546065904
0.0063150608271002
0.006164727748387131
0.006000454624063883
0.005906508748364086
0.005794644880999888
0.005892230103442764
0.006178958101274379
0.005948148506745122
0.005690022185064826
0.0055987062907632956
0.005522614213453115
0.0054630303121437135
0.005130512712030639
0.004867054136818732
0.004779775436694881
0.004818767013670108
0.00470725450017619
0.004670058631278971
0.004669996161864443
0.0045366444911740435
0.00459326961786368
0.0044562234367825125
0.004607807934727352
0.004454822961493466
0.004583799006226567
0.004450979471795702
0.004589515232748757
0.004405460596207135
0.004411298639746781
0.0042432219712930964
0.004162693203824153
0.004032332876949238
0.003962633640609575
0.0038495559264784284
0.00379582386875822
0.003702041106382312
0.0036594407415493076
0.0035802721402895662
0.0035398606772325406
0.003468365262121547
0.003451817440634183
0.003131723604846472
0.003067009311693883
0.0027635909936743618
0.0026489307902054504
0.0024459568784044802
0.002373670563914425
0.002374273729202992
0.0023509746473329334
0.0023959628193624305
0.002395843605736644
0.0022215021088075227
0.002152914881013413
0.002226490603388486
0.0021988414728176036
0.002207717110469839
0.002194607940462153
0.0021783265019434997
0.0021725752517482793
0.0021547319623550663
0.002234997419034453
0.0022501791152348682
0.0022572890863777045
0.0022134593292605863
0.002163518063949571
0.005708183460297354
0.00568862729200729
0.006170992773952902
0.005987038543227412
0.006049947599170814
0.005898310330392156
0.00586891117581375
0.005728749599868324
0.005673841688951866
0.005542865355278322
0.005474853085414252
0.005355200664522163
0.005273960910555531
0.005166165359967678
0.005084482042607516
0.005002735587357743
0.004946370862438094
0.004774457712965385
0.004675356322849771
0.00455849424139341
0.004487032829821498
0.004399973953479009
0.0043154271245607655
0.00422753035128452
0.004144745732653373
0.004055360801087856
0.0039753663619644134
0.0038853299983663673
0.0038075372493820577
0.0037161728805960507
0.003638886188555291
0.0035480311933467844
0.0034753763616255902
0.0033857206729792488
0.0033343153814754476
0.003255829350512499
0.003129459290576978
0.002923270483173417
0.0027699471837775405
0.0027007763263511586
0.0026123398978318106
0.00261910030108756
0.002738149634898016
0.0028483883411646762
0.0030487472768349917
0.0032188283122033504
0.003400677953029812
0.003507138458558562
0.003056519580939763
0.0028990090727330996
0.0027164824970818307
0.002519882366576177
0.0023371476920279934
0.002179981132197991
0.0019983311061797767
0.0018871212655342273
0.0017772188635357842
0.0017044539624962351
0.0016140194650446757
0.0015638823157181113
0.0014837051286308391
0.0014219117370647104
0.0013146493200637797
0.0012469588776260017
0.001201179718145697
0.0011638500551032485
0.0011291607752774333
0.0011094514224428043
0.0011012516809031465
0.0011584495899446502
0.0011324545337955405
0.0011497597584548803
0.0011032264447394281
0.0011003612464424892
0.0010471254928999423
0.0010393459314132778
0.0010212101271060159
0.0010084595777059906
9.626108482628199E-4
9.372136957007558E-4
8.97407049224683E-4
8.654702521263245E-4
8.346576984462413E-4
8.357944653499036E-4
8.081211365796869E-4
7.791949764803034E-4
7.461310950733323E-4
7.207152620300036E-4
6.860364700067943E-4
6.671441795363287E-4
6.328686902556528E-4
6.043327989273493E-4
5.603247194033212E-4
5.693189793280042E-4
5.744554501664902E-4
5.666293143346328E-4
5.457137378611886E-4
5.270011472345128E-4
5.03974682853461E-4
4.852358986901658E-4
4.6968487582732E-4
4.5333870357491156E-4
4.3988810003402803E-4
4.255296483025449E-4
4.127411951525278E-4
4.0023580354787275E-4
3.87650077231183E-4
3.7096248832160317E-4
3.5027584179768374E-4
3.351681935240462E-4
3.2451653506247773E-4
3.140744685110715E-4
3.111411779773382E-4
3.1547584130088563E-4
3.203519815734094E-4
3.274247835439478E-4
3.181635917359645E-4
3.110841304183859E-4
2.97156876818403E-4
2.8794885236377857E-4
2.7334328375452314E-4
2.6450001119749376E-4
2.613805564563192E-4
2.503539585779612E-4
2.3284785169642693E-4
2.184039224122635E-4
2.0424753259272568E-4
1.9551516430565838E-4
1.905113197102862E-4
1.875159469474843E-4
1.8439232500485795E-4
1.7956154358061713E-4
1.7545387422500237E-4
1.7034412135632948E-4
1.655609991947844E-4
1.5815854850910067E-4
1.495020562965094E-4
1.4261500367266944E-4
1.395961182812828E-4
1.3906101940617277E-4
1.3669011398181454E-4
1.3226542959289666E-4
1.2691961594138985E-4
1.224198349077884E-4
1.1885233775211502E-4
1.1423283337582351E-4
1.0845863916427073E-4
1.0347421613301457E-4
9.784806025553914E-5
9.26460397167827E-5
8.712587961222148E-5
8.073638528219757E-5
7.945846371448226E-5
7.684746129939256E-5
7.717263282387635E-5
7.588799457236591E-5
7.506281873086302E-5
7.383340060319807E-5
7.323314288327193E-5
7.269698012784916E-5
7.222416556353878E-5
7.150210613324176E-5
6.736181315431124E-5
6.482631301023589E-5
6.331143363826267E-5
6.245971594435456E-5
6.203173830003354E-5
6.187831109543524E-5
6.167138797108942E-5
6.163600492567092E-5
6.122026764038909E-5
6.068073425053213E-5
5.746642183627156E-5
5.558909084556614E-5
5.463060509803424E-5
5.353726413650381E-5
5.0466665101819445E-5
5.1573595518700314E-5
5.2037538630133615E-5
5.401544989312059E-5
5.545379203250157E-5
5.732155493750915E-5
5.830558660644188E-5
5.866472423976703E-5
5.885249515641128E-5
5.838722996116984E-5
5.792188478790964E-5
5.7029172144710906E-5
5.611159072438089E-5
5.502819705378332E-5
5.384098306442763E-5
5.1672623709326214E-5
4.850262355420334E-5
4.81492748499418E-5
4.520958493495999E-5
4.2188059885302056E-5
3.8707506822950985E-5
3.638315862212023E-5
3.370419419213901E-5
2.99680388299605E-5
3.020469493585107E-5
3.063216439773002E-5
3.1479393687641855E-5
3.185009013833505E-5
3.2546268723299075E-5
3.2630740923826976E-5
3.286332795732734E-5
3.295213485113696E-5
3.289188614556948E-5
3.30352310426063E-5
3.308263655455653E-5
3.369287997892355E-5
3.254322196622237E-5
3.2924456257524924E-5
3.165146846255405E-5
3.1408012951859896E-5
3.0099567028465178E-5
2.9808200966722023E-5
2.848716048844114E-5
2.714066784003536E-5
2.5762073928007787E-5
2.4639589582603054E-5
2.3310579951145747E-5
2.302408044207122E-5
2.2162555423171054E-5
2.0887450466901714E-5
2.1107011288057033E-5
2.0408550458001438E-5
2.071419244180511E-5
2.0464088704258185E-5
2.0680706298925482E-5
2.0357670437518844E-5
1.903792513315037E-5
1.7982084660766382E-5
1.6006668551615356E-5
1.5908274627374777E-5
1.5444335868084155E-5
1.540455690742709E-5
1.4630303834414287E-5
1.4858110720427515E-5
1.4547355863212934E-5
1.4782993030041628E-5
1.4720890445047125E-5
1.4908956963209037E-5
1.5010514654641563E-5
1.5208193433790867E-5
1.54284490904555E-5
1.5927845409035473E-5
1.6896562188452264E-5
1.672196032869257E-5
1.7378141539043156E-5
1.6758468957626422E-5
1.6123189545519537E-5
1.5202781931787199E-5
1.4532853259611171E-5
1.3605182887334845E-5
1.3516071310104513E-5
1.2961005736121432E-5
1.2933647187823818E-5
1.2704510686230158E-5
1.275343035410658E-5
1.2711083703346968E-5
1.2759614908964705E-5
1.2814192082651317E-5
1.3194862270699356E-5
1.4422190941323715E-5
1.452950848208276E-5
1.4876539672424106E-5
1.4675019489702701E-5
1.4715611353507863E-5
1.5010444505631012E-5
1.4977274354495884E-5
1.4461359400696357E-5
1.4160447670033581E-5
1.3608979436765813E-5
1.3158140783454447E-5
1.2690684186884338E-5
1.217818507412331E-5
1.1490295630358682E-5
1.0658033341540553E-5
1.0525018989495304E-5
9.924504197562834E-6
9.82014845661239E-6
9.22343826238648E-6
8.565652941580429E-6
7.744286624199458E-6
7.760939635853788E-6
7.371122819147274E-6
7.399682293219336E-6
7.247307101468175E-6
7.215091320343895E-6
7.054315547578797E-6
6.481512075815391E-6
6.748082492124683E-6
6.282056319542154E-6
5.915959741376749E-6
6.080774142256471E-6
6.2430454209998786E-6
5.981495858670682E-6
5.704802857725729E-6
5.215867239245796E-6
5.268225789026467E-6
4.958419315832816E-6
5.065975020903486E-6
4.88933477224399E-6
4.5777455307509955E-6
4.25465944109359E-6
3.723952562265436E-6
3.709892598180317E-6
3.561500994063483E-6
3.5745116911752816E-6
3.5303280037044514E-6
3.388318433922539E-6
3.2491041320687893E-6
3.0065900852702574E-6
3.0460006229505985E-6
2.949943104441228E-6
2.766630740936194E-6
2.8969225586539035E-6
3.011112173995308E-6
3.0481107549056806E-6
3.2898817223630875E-6
3.4534695121546513E-6
3.519271365948025E-6
3.6557047213460706E-6
3.688882287952594E-6
3.866909948688998E-6
4.165612742468426E-6
4.402954208960654E-6
4.557717912740001E-6
4.514822259884025E-6
4.4120579912430115E-6
4.272493425958836E-6
4.1955107577492776E-6
4.007789790766863E-6
3.8194262961475175E-6
3.75742005457596E-6
3.6138427864822294E-6
3.631500503805798E-6
3.761860520498126E-6
3.913647826804911E-6
4.1409917405210234E-6
4.351119419105645E-6
4.596834478084433E-6
4.794609929509508E-6
4.90646012277505E-6
4.943058716288141E-6
4.810064118812946E-6
4.634659407406924E-6
4.387910002061615E-6
4.123519151329438E-6
3.5619810156087446E-6
3.253742705808892E-6
2.8511816102590565E-6
2.5714761264716363E-6
2.3064902411951377E-6
2.13566705213083E-6
1.9812361104911657E-6
1.8913431488012839E-6
1.7970013186432576E-6
1.72507367398876E-6
1.6525752612929176E-6
1.593953419268566E-6
1.5374953294199416E-6
1.4818821168212945E-6
1.4353359404860732E-6
1.4044560238707862E-6
1.3901710307207005E-6
1.3746762294006724E-6
1.3187240934963025E-6
1.2455856626146015E-6
1.1747033766748207E-6
1.1254261902677109E-6
1.0988651481243279E-6
1.0864510203462509E-6
1.0402257186078195E-6
1.008493335847965E-6
9.576443583161435E-7
9.279437059426776E-7
8.794516544910919E-7
8.545237340940758E-7
8.337823538881948E-7
8.050661557355637E-7
7.701452287379115E-7
7.660349196091532E-7
7.668114363420734E-7
7.684010377161942E-7
7.065585228065704E-7
6.562324221783373E-7
6.05032306714362E-7
5.778884532673504E-7
5.433361629890844E-7
5.244508499433252E-7
5.101024298857502E-7
5.14348595625765E-7
5.07921547350127E-7
4.971425677540999E-7
4.620824272864611E-7
4.381820906894142E-7
4.0425295772156346E-7
3.852480370742951E-7
3.5865643355493537E-7
3.4514517313253223E-7
3.341462499205787E-7
3.1730078318672973E-7
3.035637912995133E-7
2.8634260444202947E-7
2.7628733256568614E-7
2.6048472753568704E-7
2.486796378014645E-7
2.3319189932972636E-7
2.2515852553915133E-7
2.1698963378164474E-7
2.1206897825793158E-7
2.048974971069408E-7
2.0158197990501075E-7
1.9432107800153138E-7
1.9202122013447379E-7
1.8904185756933364E-7
1.888590375298652E-7
1.775156289066262E-7
1.713438687392166E-7
1.6128272461389306E-7
1.541768018787902E-7
1.4191740984859987E-7
1.411040142744583E-7
1.3402261696674596E-7
1.3351701447984738E-7
1.2977906885386596E-7
1.2895433517513325E-7
1.2733619923530197E-7
1.288872361717954E-7
1.3888021904774458E-7
1.3654235723655285E-7
1.3810613579296008E-7
1.3383354594855289E-7
1.2987132644686584E-7
1.2040843790436842E-7
1.1499743759111272E-7
1.1131183890488317E-7
1.0736912124118093E-7
9.891680603931844E-8
9.23656244494421E-8
8.714315131833889E-8
8.434019865265068E-8
8.180453672265934E-8
8.126797641955046E-8
7.987539793722741E-8
8.001347829568486E-8
7.883793359591786E-8
7.884341295554257E-8
7.772782181557962E-8
7.82751244294945E-8
7.642500160334931E-8
7.460197475942978E-8
7.444899640295429E-8
7.487241781291135E-8
7.310779880083767E-8
7.334711198456429E-8
7.10438287003304E-8
6.79969875526094E-8
6.45726051299236E-8
6.12628654738509E-8
5.7801998916201303E-8
5.4662131933384934E-8
5.1504188470018996E-8
4.864731973857363E-8
4.5997806879320815E-8
4.272551839095569E-8
3.978133899887501E-8
3.562499336792409E-8
3.548867069624634E-8
3.3844647025354045E-8
3.4775596896052183E-8
3.4853374263056254E-8
3.6321049366213805E-8
3.7465674123850274E-8
3.911670140437739E-8
4.082653085088456E-8
4.237790810063268E-8
4.372669347232256E-8
4.143577591930512E-8
4.4806327343607855E-8
4.338620682933095E-8
4.625636409225785E-8
4.604430914061123E-8
4.678597138648543E-8
4.6283085909021865E-8
4.669200205673839E-8
4.633602359311674E-8
4.657635185691584E-8
4.601206284182126E-8
4.347543822517513E-8
4.1675089923946635E-8
4.080268330539014E-8
3.961835045920101E-8
3.9328231640045396E-8
3.8733388649227505E-8
3.904488706958871E-8
4.121396804906755E-8
4.290765813098382E-8
4.663729046447784E-8
4.946310791802192E-8
5.1376540979720615E-8
5.042127325829406E-8
5.025134649157027E-8
4.917114271173336E-8
4.837666479562105E-8
4.712590567769011E-8
4.608991018356029E-8
4.4742146339383707E-8
4.3812293425705756E-8
4.326287321997136E-8
4.368405790379343E-8
4.2254441298855313E-8
4.133841210135361E-8
3.954329698107083E-8
3.75509626343457E-8
3.5472543754605E-8
3.488452163134155E-8
3.4066972127509575E-8
3.3087403165366424E-8
3.188151334864979E-8
3.0688723313104E-8
2.9043272013205735E-8
2.7572992835079855E-8
2.71680598478287E-8
2.683283918216242E-8
2.6560438683443974E-8
2.627217836177955E-8
2.615078372878164E-8
2.6117248689006988E-8
2.601142619276319E-8
2.582305542474917E-8
2.5312190904148292E-8
2.4683099360987448E-8
2.3040487537839736E-8
2.1834473996721993E-8
1.9949705108806413E-8
1.8768169106348766E-8
1.7641408242050812E-8
1.676824642348939E-8
1.5005805534009992E-8
1.4018186358846332E-8
1.2567081012657425E-8
1.1833237222830941E-8
1.0729040991387364E-8
1.0220964346856191E-8
9.749132854097524E-9
9.539684119453306E-9
8.73051474757222E-9
8.330352462525192E-9
7.658752710044049E-9
7.363327272352323E-9
6.826707323374734E-9
6.612759570296256E-9
6.353143440454602E-9
6.0439718933390995E-9
5.7678525716267456E-9
5.66224918116979E-9
5.271841648129996E-9
4.985739939397394E-9
4.6791746915629814E-9
4.5101252542580865E-9
4.333381310677089E-9
4.23468295784082E-9
4.0929066231726665E-9
4.052413983990818E-9
3.968002197441228E-9
3.8453920543703955E-9
3.634011371344548E-9
3.523387833819914E-9
3.373618999038959E-9
3.256149016169502E-9
3.11415401539169E-9
3.0533104052939263E-9
2.9507331189414496E-9
2.8715355205844578E-9
2.799235885941241E-9
2.7145467674997326E-9
2.6569469004382083E-9
2.565867051189576E-9
2.500495500941751E-9
2.384022842885371E-9
2.3583230645531422E-9
2.2661014189336277E-9
2.281305293768449E-9
2.313970387740147E-9
2.268453786670864E-9
2.1627381534554467E-9
2.089532275592101E-9
2.0294205145553934E-9
1.936512611213839E-9
1.8234008773177524E-9
1.7246951215744138E-9
1.6421986214305496E-9
1.5716604010158835E-9
1.4762223889189006E-9
1.3767835969996108E-9
1.287592219314524E-9
1.24415028444642E-9
1.2018750291449802E-9
1.1498946734942123E-9
1.0995434099868964E-9
1.0322088685831348E-9
1.0111213985235494E-9
9.979723703607273E-10
9.752120434746373E-10
9.811587415552244E-10
9.672647001658438E-10
9.813196455443294E-10
9.752888374501623E-10
9.91965518317958E-10
9.9160151233305E-10
1.0189947396984993E-9
1.0878440209425934E-9
1.125393910812144E-9
1.1583205672564558E-9
1.1799628158254023E-9
1.1918045179936766E-9
1.1935920964517236E-9
1.1794621337274005E-9
1.127770160373945E-9
1.0882164598746264E-9
1.025389957445949E-9
9.772940634660215E-10
9.481694554356065E-10
9.1641385458845E-10
9.022719633233069E-10
8.838588288702654E-10
8.870699200930327E-10
9.282258159464169E-10
9.66762429530055E-10
9.917193598243343E-10
9.643513777122346E-10
9.389512901920683E-10
8.933594028142144E-10
8.518277337171242E-10
8.375956732540715E-10
8.007111980607947E-10
7.498493833168259E-10
7.002595832700321E-10
6.777050018524931E-10
6.539380054458686E-10
6.470857839454959E-10
6.573832590232407E-10
6.700080994493941E-10
6.984169894203541E-10
7.079305654920558E-10
7.033775358332088E-10
6.827101351912476E-10
6.620894530532447E-10
6.331295807484103E-10
6.060853690913838E-10
5.764405199758682E-10
5.494097296759523E-10
5.220961437628962E-10
4.973809500251527E-10
4.73054328199008E-10
4.5040350826467014E-10
4.4557273949619453E-10
4.35031319082256E-10
4.339942908635395E-10
4.3027726568726167E-10
4.304680598291793E-10
4.2839853523737894E-10
4.319132255797523E-10
4.489896349262517E-10
4.5411793443859943E-10
4.5788720518526474E-10
4.578846531831305E-10
4.5604139049288947E-10
4.6094507374024707E-10
4.796029096524253E-10
4.7678232248617E-10
4.741387981075541E-10
4.802040861609444E-10
4.946529507139392E-10
4.827841259422227E-10
4.702142651363044E-10
4.591649418068102E-10
4.5385438709839796E-10
4.346421193781153E-10
4.1233118774570555E-10
3.87438210568502E-10
3.6716917786268757E-10
3.45860147167337E-10
3.287385829083681E-10
3.099195497883724E-10
2.9280241271837434E-10
2.765882139946738E-10
2.6885021029378417E-10
2.584004531278962E-10
2.529708322665378E-10
2.430118068459946E-10
2.290274663196177E-10
2.1687325457532565E-10
2.0724671205895127E-10
2.0427404687323946E-10
1.9945768492897117E-10
1.9782724048108474E-10
1.9386644809954513E-10
1.9416998301612434E-10
1.9794930702277517E-10
1.9873114010253778E-10
1.941021622524553E-10
1.8671359035870823E-10
1.795399980673409E-10
1.7696604317914773E-10
1.7733651710540678E-10
1.7895840490079925E-10
1.7768478470073972E-10
1.7487594106491013E-10
1.7117543233194882E-10
1.6730112798556961E-10
1.6287574746148424E-10
1.5915132206176272E-10
1.5453270059250644E-10
1.5115871350429906E-10
1.464555889336007E-10
1.434285814403625E-10
1.3871145932164244E-10
1.3600309189208583E-10
1.354971087721233E-10
1.3507355544870443E-10
1.298417661400967E-10
1.336147155420183E-10
1.372563288974453E-10
1.31684292774956E-10
1.280009801829916E-10
1.2868881252518885E-10
1.310461319207899E-10
1.198704694973455E-10
1.1553058205060546E-10
1.1303202103395966E-10
1.1332664448082115E-10
9.997065725881383E-11
9.549761935986846E-11
8.474555212819585E-11
8.11527205779727E-11
7.300283250326156E-11
6.848964539459177E-11
6.282533939970798E-11
6.084524165466183E-11
5.6474453514334997E-11
5.472009818309599E-11
5.265793244283095E-11
5.152663991125019E-11
4.963145696229672E-11
4.8418211106706707E-11
4.663417265998346E-11
4.5425730935082364E-11
4.4534832106336974E-11
4.4419437133099356E-11
4.3544973915120737E-11
4.2164161272569206E-11
4.0737730382666994E-11
4.014088404381438E-11
3.9599548980422867E-11
3.924596554783348E-11
3.69786188835987E-11
3.4752138386991386E-11
3.2422410672538904E-11
3.0862880567017833E-11
2.9842302530528236E-11
2.8380395487024E-11
2.7039839053904115E-11
2.5602933799847E-11
2.412080284840527E-11
2.258759018972478E-11
2.1403222452113678E-11
2.0629731001453577E-11
2.0373084340757085E-11
1.987720867307826E-11
1.95466674139503E-11
1.8976073738633927E-11
1.8359688340232123E-11
1.7366704989122738E-11
1.6726348737241473E-11
1.619197378066804E-11
1.5703043005917085E-11
1.5291216263962194E-11
1.4920370957344266E-11
1.4541310404469006E-11
1.4265805437276455E-11
1.4218492127190074E-11
1.482116813929643E-11
1.484634438243207E-11
1.4724326440989738E-11
1.4257966341780681E-11
1.4577535188108075E-11
1.3830463284135812E-11
1.3511471308711666E-11
1.3446126131190975E-11
1.3851191261388313E-11
1.320418128810892E-11
1.305128959807922E-11
1.2336233801261837E-11
1.2033630886119E-11
1.1315139694173432E-11
1.092400570846895E-11
9.576428662668598E-12
9.02451141829367E-12
8.070376558891505E-12
7.692488507076858E-12
6.8772242963199576E-12
6.573359826648257E-12
5.92195548534464E-12
5.704274261708635E-12
5.193024534894891E-12
5.044304687975059E-12
4.639575412579572E-12
4.53979078883485E-12
4.3049461920171986E-12
4.292646620113309E-12
4.154717157065392E-12
4.122690407512321E-12
3.976519185382755E-12
3.631014661583446E-12
3.306272793390056E-12
3.1343550288541826E-12
2.926839859151325E-12
2.814019079576837E-12
2.634600645304194E-12
2.519065586553348E-12
2.3710636850130394E-12
2.291080701498468E-12
2.1996480614928074E-12
2.156624710179409E-12
2.092865565566752E-12
2.0455872521324567E-12
1.996599937457293E-12
1.942326705783309E-12
1.8924546912717557E-12
1.8106934597020971E-12
1.79034048727357E-12
1.737994634528991E-12
1.704341674257895E-12
1.6595763648010293E-12
1.5783717193925996E-12
1.5058317912592583E-12
1.4634328923256847E-12
1.4514245350231511E-12
1.406870489600658E-12
1.3960930802538665E-12
1.3520005639389156E-12
1.3038091425280446E-12
1.2421723409891259E-12
1.2274815490579174E-12
1.2284773440803344E-12
1.2388045549111451E-12
1.2367371119871001E-12
1.2210127026806743E-12
1.1993730375631415E-12
1.2078005589197722E-12
1.221316543821607E-12
1.2147949041988515E-12
1.2034856084592369E-12
1.2081119671768044E-12
1.1939272763456379E-12
1.1635335481600908E-12
1.1343038083040582E-12
1.0816092649749862E-12
1.0265158411032793E-12
9.753740995010157E-13
9.313589163839153E-13
9.081987600861396E-13
8.795088562017092E-13
8.755110716251596E-13
8.815060701616834E-13
8.895473741044101E-13
8.965174147222754E-13
8.7732905700206E-13
8.557669281634269E-13
8.243077866888463E-13
7.980452516923757E-13
7.631112769199882E-13
7.373504257487168E-13
7.026886961839721E-13
6.792268097998111E-13