
0.01
0.009857983420880989
0.01061832775267708
0.009437609884703655
0.007483488142601378
0.005577298245919883
0.004156416448402218
0.0031464372013054226
0.002465447875255168
0.0019789490519977722
0.0016274863117103644
0.0013651833447236447
0.0011622958550931482
9.98154196522507E-4
8.799839834450967E-4
7.595029430206904E-4
6.649838182091777E-4
5.753142225986461E-4
4.91063707979892E-4
4.183375870131332E-4
3.522353756902227E-4
2.922040984867497E-4
2.4086416966535626E-4
2.020150236840225E-4
1.6919423744485778E-4
1.413354997743221E-4
1.1820887473026837E-4
9.96342540765975E-5
8.319229164272132E-5
6.916115319021454E-5
5.572820102496245E-5
4.6373901497547685E-5
3.855722144891373E-5
3.209101162437271E-5
2.7229589419818305E-5
2.3182975539492167E-5
1.9557537232662043E-5
1.663947445962657E-5
1.392814152877982E-5
1.0560379142206871E-5
8.469972670384392E-6
6.693425204479299E-6
5.317170705276275E-6
4.049030384158852E-6
3.27295655368194E-6
2.683564833699196E-6
2.1717822942203023E-6
1.7390469150992947E-6
1.4127981890668236E-6
1.1761474912657126E-6
9.715646592983826E-7
7.910454739177353E-7
6.655473612665292E-7
5.604989208688457E-7
4.6539273896164433E-7
3.920087952356442E-7
3.0319232091831194E-7
2.538453616532679E-7
2.091793164537346E-7
1.6720292856454025E-7
1.3019448220082167E-7
1.0580392363176942E-7
8.388981890990264E-8
6.982185186858229E-8
5.64329135622805E-8
4.741181334164194E-8
3.832706779439983E-8
3.163375457056248E-8
2.5462837120172067E-8
2.059407846233352E-8
1.6186054431078656E-8
1.2914377179897271E-8
1.0137274870010716E-8
8.155863729881789E-9
6.473456671043148E-9
5.574947833668046E-9
4.54688721651375E-9
4.124164710253424E-9
3.4626372491847803E-9
3.2400565243287853E-9
2.7775202826324367E-9
2.406746462406775E-9
1.9722971917860906E-9
1.8075519587717944E-9
1.6998475291593901E-9
1.4862994444696894E-9
1.2502989048996013E-9
1.054995250269099E-9
8.523694083480469E-10
7.124432249765627E-10
5.805525635890848E-10
4.810520816328657E-10
4.1010486660663944E-10
3.4301465339035967E-10
2.758590678636561E-10
2.4809467231768257E-10
2.1491198941319733E-10
1.9491675209254274E-10
1.7434483039703837E-10
1.51324947660903E-10
1.3779708427490497E-10
1.1918122058191233E-10
1.0967543319430162E-10
9.303685256517486E-11
8.078187035479517E-11
6.953370358748945E-11
5.954424860617188E-11
4.956922999881684E-11
4.068503238985633E-11
3.341951103942775E-11
2.9369300094088984E-11
2.4312527879568397E-11
2.219770547560743E-11
1.9830866987088887E-11
1.8291827562640873E-11
1.6372230245964455E-11
1.5014808478093083E-11
1.3495657391394823E-11
1.21899052241079E-11
1.0871473440927588E-11
8.771920933500928E-12
7.719039773580477E-12
7.343075753909505E-12
6.428746468674905E-12
5.5178830671070726E-12
4.739719459270413E-12
4.239248248166828E-12
3.663253614987037E-12
3.2931625687566895E-12
2.849403810416024E-12
2.5488419330736174E-12
2.1850098410848724E-12
1.932630727889719E-12
1.6412696618489107E-12
1.4415038341480316E-12
1.2177222708232255E-12
1.0613255388629498E-12
8.301561517383722E-13
7.061730138143312E-13
5.977529298146749E-13
5.174693869546993E-13
4.564829454890674E-13
3.554822806023901E-13
3.0995842708487836E-13
2.703592995641309E-13
2.3064249267733334E-13
1.9472490058597962E-13
1.6777081615132915E-13
1.445268019706785E-13
1.2570521768690885E-13
1.1096280854002338E-13
9.339858068475852E-14
8.074608237061591E-14
6.798739063035513E-14
5.865936394883389E-14
4.842862423519747E-14
4.072634866171306E-14
3.6153060192526844E-14
3.4952597590824334E-14
3.4351067999231634E-14
3.505366638234448E-14
3.613494413190338E-14
3.9152184817134154E-14
4.2399147028897846E-14
4.7040739211166913E-14
4.84824656091879E-14
5.409291916690585E-14
5.981886320752222E-14
6.458443420388863E-14
6.775874601035358E-14
7.142074475987893E-14
7.3661336931407E-14
7.599992421017738E-14
7.713492981460146E-14
7.90998868718341E-14
8.034258368169487E-14
7.73073468741014E-14
7.623374344981409E-14
7.845282877779803E-14
7.998448903687834E-14
7.80319070148633E-14
7.713385897478067E-14
7.592182629463958E-14
7.47765507861156E-14
7.503704366165152E-14
7.471152222665504E-14
7.565530447835632E-14
7.466197552215478E-14
7.519038486411454E-14
7.344763146931305E-14
7.328300533914132E-14
7.080229216741272E-14
6.994278602076192E-14
6.68847673338473E-14
6.553555031877613E-14
6.213618878806436E-14
6.053277220179571E-14
5.700166950182228E-14
5.531781165339966E-14
5.179723906877755E-14
5.013251565825593E-14
4.670535651741905E-14
4.5107807391886843E-14
3.875348298856751E-14
3.715606287708228E-14
3.500220433086137E-14
3.1029561157124165E-14
2.584330835535949E-14
2.2347887054723328E-14
2.1002851595471484E-14
1.7882426577385425E-14
1.6063663956771523E-14
1.479237169824107E-14
1.3485650474083362E-14
1.2461939763961782E-14
1.2195237169382235E-14
1.1859263458633372E-14
1.199780594623694E-14
1.1908799271636558E-14
1.1933697576977914E-14
1.179120353327241E-14
1.1924630947421923E-14
1.2105408411088426E-14
1.2192503007365511E-14
1.2265369606285161E-14
1.1207633751253426E-14
1.130356369352404E-14
1.0733205574421918E-14
1.0317652669765388E-14
9.691466696202015E-15
9.172236439961919E-15
7.963574184627943E-15
7.967697460495395E-15
8.203803265825137E-15
8.954890555467135E-15
1.0091966207950652E-14
1.2039174557579972E-14
1.3992361718059978E-14
1.6236009991237192E-14
1.7654021853734098E-14
2.0010722845756205E-14
2.224595543624106E-14
2.4459993580186028E-14
2.6364878969004093E-14
2.7963215864200444E-14
2.9247401071296835E-14
3.0069916425338876E-14
3.129723691254971E-14
3.131775653590773E-14
3.145535727984661E-14
3.061799652755889E-14
3.115901752379237E-14
3.0015855367509536E-14
3.0516314040190715E-14
2.928949004079654E-14
2.8177408063733116E-14
2.814109579590947E-14
2.639675028209281E-14
2.651724776795613E-14
2.4543099970822246E-14
2.4594161550949393E-14
2.2593811994074522E-14
2.2524672372769802E-14
2.0649565658046075E-14
1.9191694653196964E-14
1.8542020355279016E-14
1.777358094176992E-14
1.6506424754604356E-14
1.499799920283749E-14
1.3490125134435202E-14
1.1995839606154779E-14
1.1621404410365238E-14
1.0237569106017342E-14
1.034810432524618E-14
9.669934291170877E-15
1.0607558483865681E-14
1.0319422569040933E-14
1.2101046371696222E-14
1.3396532069412955E-14
1.4975982164942343E-14
1.6423707233948117E-14
1.8390250116557635E-14
1.9623566348732073E-14
2.0995664366415314E-14
2.1907264762318937E-14
2.3159341165733846E-14
2.36664050455895E-14
2.5038408440300994E-14
2.6218033648422474E-14
2.717833757854987E-14
2.8082476337264714E-14
2.89297906814853E-14
2.9791774753463783E-14
3.0336350646954554E-14
3.207018648738983E-14
3.594988919929794E-14
4.2327407008938805E-14
5.245996527722701E-14
6.629917525731366E-14
8.105740175780909E-14
9.858120550938056E-14
1.149818818295628E-13
1.325063989528904E-13
1.4875997121027187E-13
1.6172189848491398E-13
1.6369221355452606E-13
1.7655969540477376E-13
1.8286887538539156E-13
1.8727426313785281E-13
1.861985229048868E-13
1.8913027616186706E-13
1.844418444663229E-13
1.8054956586543269E-13
1.7315975849784307E-13
1.6979938234442158E-13
1.6074383087822068E-13
1.5221915629369002E-13
1.4283116787014956E-13
1.3329233619270046E-13
1.2445588379928543E-13
1.2681967561339643E-13
1.2645656431359007E-13
1.2604133988611524E-13
1.231025866055944E-13
1.300402134948876E-13
1.2763786090129757E-13
1.3474579899634793E-13
1.31404773965507E-13
1.3714839417446067E-13
1.322480449089571E-13
1.3625429099015132E-13
1.2961182992322334E-13
1.319491526241456E-13
1.2377113194622393E-13
1.247658422380566E-13
1.1550818553748377E-13
1.1559585156944698E-13
1.0591691629657924E-13
1.0461365320041688E-13
9.663173927999841E-14
9.009828688542771E-14
8.734957305410847E-14
8.344608850412286E-14
7.096406388811908E-14
6.160127102420542E-14
5.921052261164539E-14
5.5168479166245704E-14
4.958728844308235E-14
4.5733923164899954E-14
4.0565327214017294E-14
3.796546191672822E-14
3.36353928400144E-14
3.131726973434835E-14
2.7531019137295346E-14
2.5474820560201312E-14
2.2324990149277503E-14
2.0668164033388438E-14
1.816529684289049E-14
1.686023113979619E-14
1.3567806022021861E-14
1.2589688602909194E-14
1.1007887578137345E-14
9.864066485012935E-15
8.712007122950026E-15
7.58072269808307E-15
6.3621965695704405E-15
5.835291074060916E-15
5.338223957993024E-15
4.9756957044150864E-15
4.607887266320866E-15
4.40260426743902E-15
4.176622587350793E-15
4.08775535258266E-15
3.943660838494096E-15
4.088759598374572E-15
3.818589474521035E-15
4.035263870323456E-15
4.090503829178889E-15
4.202235612654317E-15
4.146973707276697E-15
4.122505862820858E-15
3.986087395197472E-15
3.924604699532409E-15
3.760483606563569E-15
3.766025418507763E-15
3.663818193530821E-15
3.7053711496579226E-15
3.6373027906672356E-15
3.647463213604499E-15
3.540263433952285E-15
3.454381057901191E-15
3.2980888794784195E-15
3.138170090083456E-15
2.974078577061884E-15
2.9208199996719585E-15
3.081502019174358E-15
3.5423935202816045E-15
4.401355312915804E-15
5.594264334518886E-15
7.0593240046978006E-15
8.381253715533144E-15
9.917320015450202E-15
1.1476235382464543E-14
1.2877218017270896E-14
1.4098254454394845E-14
1.520583156996321E-14
1.6073634251628274E-14
1.676200424501716E-14
1.710778296924629E-14
1.7388150896162587E-14
1.687281613856399E-14
1.675788188678828E-14
1.606926757607565E-14
1.579655495131575E-14
1.542899372648334E-14
1.5040263955873126E-14
1.3607262987946097E-14
1.3213247795228327E-14
1.2816683899908143E-14
1.2182077001814778E-14
1.1728858950679742E-14
1.138217212970888E-14
1.0076927390285773E-14
9.744043183412842E-15
9.023506399985662E-15
8.206314440854308E-15
7.243234027259394E-15
6.736144315126744E-15
5.986750558418065E-15
5.926025230989844E-15
6.4477229416613735E-15
7.351166484698755E-15
8.778696738944543E-15
1.0616557387704358E-14
1.2710859093907886E-14
1.4794703402966813E-14
1.6817134256247827E-14
1.8429872134550796E-14
2.092901952425882E-14
2.3795394014606024E-14
2.8600974203835524E-14
3.4485980807796714E-14
4.292059369072704E-14
5.1976429103765844E-14
6.191778554373673E-14
7.115128095911352E-14
8.026354458486387E-14
8.693023628341226E-14
9.41977035872673E-14
1.0082786688801768E-13
1.0627743045963277E-13
1.1154711704825188E-13
1.1457073520272462E-13
1.1757363625111008E-13
1.1089241590949501E-13
1.1077802047425283E-13
1.1037052982831872E-13
1.060280553622378E-13
1.0108685152294547E-13
9.736461454748344E-14
9.221835259685064E-14
8.892390845043634E-14
8.380038203030719E-14
7.960342516325856E-14
7.506709357078213E-14
7.081906703346357E-14
6.850585702336815E-14
6.364100941120397E-14
6.211166487270559E-14
5.752068513081823E-14
5.427907254557948E-14
4.956267875926121E-14
4.6996907212966276E-14
4.040392490895189E-14
3.84145819785333E-14
3.662789166905167E-14
3.575090308521619E-14
3.505834176413916E-14
3.650522317362617E-14
3.759599731086518E-14
4.081791294439521E-14
4.308281438592857E-14
4.636972998011453E-14
4.533901272041839E-14
4.790043377106199E-14
5.020627984938458E-14
5.18337985992465E-14
4.9225121777762443E-14
5.029203835585983E-14
5.0374835991752407E-14
4.946165119939448E-14
4.8332391919960506E-14
4.7725365299159964E-14
4.59927061256784E-14
4.4255487088872127E-14
4.1728720845576E-14
3.934972354848818E-14
3.658026169040667E-14
3.738307726262333E-14
4.272240859083234E-14
5.6661693708747795E-14
7.779755256247068E-14
1.0433566110355514E-13
1.3716601176333281E-13
1.7529970602912306E-13
2.101648940418414E-13
2.49264497503179E-13
2.9372343371403165E-13
3.2620317943512523E-13
3.619872447394437E-13
3.846236348661902E-13
4.1270323652474325E-13
4.2432899872559165E-13
4.4402641543623993E-13
4.454199775685621E-13
4.574080474241595E-13
4.553107834241354E-13
4.617089104039205E-13
4.516737125090468E-13
4.4167298519030643E-13
4.2330787714341745E-13
4.1273324064758056E-13
3.894795847268786E-13
3.6817377483942997E-13
3.4582429392325727E-13
3.408477250263563E-13
3.142120279420427E-13
3.2054926487809343E-13
3.2780884549596066E-13
3.3391175834592885E-13
3.20841456436477E-13
3.326814008777531E-13
3.4790620421276185E-13
3.4731552821497156E-13
3.468922268158346E-13
3.2513149542862205E-13
3.3260336070421057E-13
3.2001494464346577E-13
3.1570009600296116E-13
3.0364979902344635E-13
2.8829414274049916E-13
2.6845403667574667E-13
2.549245475997268E-13
2.3714979380456266E-13
2.2370999138359165E-13
2.078275214644143E-13
1.9632424838454246E-13
1.8221902293855234E-13
1.7175263466040852E-13
1.5992339972388965E-13
1.5112249448838478E-13
1.408692004434576E-13
1.2520522937922437E-13
1.1973705070293188E-13
1.140992829873322E-13
1.0911705197257926E-13
1.048965538359834E-13
1.0114787133053325E-13
9.611377370840146E-14
9.071075571848257E-14
8.131836140509518E-14
7.638805061133458E-14
6.926676693206691E-14
6.449599941630402E-14
6.083725559197862E-14
5.868828621868332E-14
5.733123955339137E-14
5.74992627638009E-14
5.595303750832249E-14
5.867716918435672E-14
6.304511677258707E-14
6.675745730489231E-14
7.083287095466882E-14
7.390427438955877E-14
7.673954781749869E-14
7.869248539184643E-14
7.960302320923811E-14
8.11319126030953E-14
8.218136255474411E-14
8.483367013982158E-14
8.128582998520879E-14
8.506276116048928E-14
8.664395121413444E-14
8.65823652921331E-14
8.693558663928237E-14
8.921566207293723E-14
9.092448288582177E-14
9.115567629021265E-14
9.105870723172252E-14
9.00799537268394E-14
8.982410287639036E-14
8.715934926784852E-14
8.437322846510902E-14
8.140810900314127E-14
8.110581581296228E-14
7.944241255442622E-14
7.804346902405563E-14
7.70585069915592E-14
7.583879004690985E-14
7.936647502595957E-14
7.894843106041256E-14
8.324074123302409E-14
7.803622618996471E-14
8.158798397147658E-14
8.311342280341952E-14
8.338270259765557E-14
8.103685929708251E-14
8.023208327899698E-14
7.643929967223252E-14
7.447787635269243E-14
7.190157499309128E-14
6.53165419292821E-14
6.526778058234524E-14
6.244503404511128E-14
5.809619795607996E-14
5.458471899375932E-14
5.1150187190448655E-14
4.888577717021341E-14
4.508190633127178E-14
4.3241815744460275E-14
3.9485201059885653E-14
3.7679126968026643E-14
3.409578154131544E-14
3.2342677695948996E-14
2.906033570721144E-14
2.7481552884968954E-14
2.4582067184655177E-14
2.3127256102045996E-14
1.9166819397670885E-14
1.808432642003859E-14
1.7005413552159004E-14
1.5697425022076192E-14
1.3849892800828804E-14
1.2991383008491637E-14
1.0656677960005183E-14
1.0111028872382805E-14
9.293247976939691E-15
8.167496848551266E-15
7.121077545674419E-15
6.185253500728883E-15
5.646889224017581E-15
4.59741603704733E-15
4.308181532571178E-15
3.998810857710398E-15
3.665353797274145E-15
3.2490405540002217E-15
2.895451399497863E-15
2.6278427660513907E-15
2.441504688297925E-15
2.20512939157836E-15
2.1780924233254796E-15
2.3358875359251625E-15
2.876123951154363E-15
3.61164083789411E-15
4.79437309727045E-15
6.056773686627012E-15
7.684612477197454E-15
9.301415710356636E-15
1.1061222555389613E-14
1.278608225360963E-14
1.4319112697276894E-14
1.580901198386842E-14
1.6997249919690454E-14
1.8009911735592814E-14
1.881476569427158E-14
1.897404284287454E-14
1.9597036523976686E-14
1.9266641000969307E-14
1.960354061045316E-14
1.9079186164341717E-14
1.919537928351764E-14
1.792130337343847E-14
1.7205933146189822E-14
1.6040267299812655E-14
1.5001429404371527E-14
1.3615981679066983E-14
1.2911228874374568E-14
1.1828242560165198E-14
1.1713928679425358E-14
1.1518447166770892E-14
1.1757537283772909E-14
1.194658304450898E-14
1.2043288717742202E-14
1.2414225449952071E-14
1.157085747477757E-14
1.1791673890192257E-14
1.1963109327449364E-14
1.1365203573694747E-14
1.116304387085426E-14
1.0989063013405262E-14
1.0683926392539738E-14
1.027655608537538E-14
1.0029668616442028E-14
9.524154204796543E-15
9.256755663856684E-15
8.709436773439423E-15
8.401855903928547E-15
7.831717985875557E-15
7.400198799203611E-15
6.2747933696683776E-15
5.7324741128334005E-15
5.4475454591181655E-15
4.6047326522309764E-15
4.266721296981074E-15
3.931054925554425E-15
3.621441867304627E-15
3.2911682183935334E-15
3.085518245437178E-15
2.808862649229044E-15
2.5833980409223666E-15
2.3172583719472475E-15
2.1015312920142114E-15
1.950562631949104E-15
1.7602239788146228E-15
1.6712277587377513E-15
1.5280579880342592E-15
1.45729537588892E-15
1.3257510882040137E-15
1.2567956956426954E-15
1.1408484712044577E-15
1.0657759719327578E-15
9.576696275371231E-16
7.961853245591651E-16
7.10883680808757E-16
6.37597761711649E-16
5.528456660280057E-16
4.724124941236359E-16
4.12503171598558E-16
3.645991253972006E-16
3.267898760864333E-16
2.8900895528218593E-16
2.6504763067861076E-16
2.4229567045619767E-16
2.226843932002119E-16
2.0288298922755483E-16
1.7621557056906287E-16
1.5989767623398262E-16
1.5355782914930775E-16
1.236238050410696E-16
1.2009467636168675E-16
1.1689535261574471E-16
1.1253088964867327E-16
1.0673556692525045E-16
9.753662840240637E-17
9.488860116163965E-17
9.172859464254954E-17
8.49499630370828E-17
1.0894184153242594E-16
1.7152605855508447E-16
2.9029238856536833E-16
4.505116485326323E-16
6.593991073876985E-16
8.801884797080162E-16
1.128789876196849E-15
1.3617246660410898E-15
1.609498508116953E-15
1.81638556361964E-15
2.0341208823011008E-15
2.1880131991143246E-15
2.324171647507681E-15
2.3802053430683377E-15
2.4201022186906207E-15
2.4734988586744185E-15
2.5051840319724E-15
2.5838111503288077E-15
2.5416841884826796E-15
2.507351804367061E-15
2.261956322475031E-15
2.182208349082452E-15
2.0839793788119937E-15
2.013525896093605E-15
1.975892671209159E-15
1.881183486392633E-15
1.9568842204851017E-15
2.0776475499251385E-15
2.1580081576003976E-15
2.2303336915446723E-15
2.33826653769975E-15
2.2956194037500398E-15
2.428292980796067E-15
2.526884793059782E-15
2.543676198297336E-15
2.5251297293751998E-15
2.59097020515996E-15
2.634413913852939E-15
2.6813320590277346E-15
2.632216267319069E-15
2.608554132298646E-15
2.5527738443283275E-15
2.4962029168896257E-15
2.359166723171611E-15
2.262538302768856E-15
2.1594927456814605E-15
2.125833405467588E-15
2.0747767541097965E-15
1.9803525853286862E-15
2.0709918542417755E-15
2.220803241661837E-15
2.3667238556242308E-15
2.4902315150989776E-15
2.678623389697552E-15
2.7944652933617973E-15
2.927928448962502E-15
3.026092927181319E-15
3.1136452659702138E-15
3.2134060101943164E-15
3.1994607801341426E-15
3.2709577954590904E-15
3.203672427475542E-15
3.238656303951603E-15
3.0820739884091745E-15
2.992192816357975E-15
2.809030577079029E-15
2.674504421740927E-15
2.4617989335524798E-15
4.56465172202152E-15
9.427632279947016E-15
1.841684661820629E-14
3.0694986080794495E-14
4.645311536384593E-14
6.367479535673575E-14
8.26098569546521E-14
1.0095408850767485E-13
1.197292328112836E-13
1.3551325085775416E-13
1.5144094651576774E-13
1.622076761539986E-13
1.7397539440736418E-13
1.7881591823511786E-13
1.8538732248422067E-13
1.83502341420995E-13
1.8451196003531377E-13
1.8310349803913246E-13
1.8354030746667004E-13
1.771565397444742E-13
1.7600437688230412E-13
1.6547173613918875E-13
1.567646242974127E-13
1.4606340257358028E-13
1.382895079540147E-13
1.2597071484384747E-13
1.1471439543386827E-13
1.113068152622336E-13
1.0326588484172198E-13
1.053984910128933E-13
1.0142538706234101E-13
1.0648183134657401E-13
1.0466701026069173E-13
1.1043094175852062E-13
1.0889963800901429E-13
1.1397164430651702E-13
1.1139549197284675E-13
1.1507811032823745E-13
1.1085568963069845E-13
1.1272862892689038E-13
1.0664992605687997E-13
1.0611941831277728E-13
9.461647580001348E-14
9.349025088327492E-14
8.843307758708076E-14
8.163625237535788E-14
7.244435996190995E-14
6.7791026849038E-14
6.224912804070937E-14
5.865749836299982E-14
5.4553803123463644E-14
5.038194875341342E-14
4.6802629022306405E-14
4.28111265351464E-14
3.9162121098033875E-14
3.562065504348329E-14
3.203446353258726E-14
3.003771182382812E-14
2.6275123119317626E-14
2.481029791812828E-14
2.149300670960923E-14
2.0298335899098896E-14
1.7486359327386586E-14
1.6497459988763196E-14
1.2964834191579085E-14
1.2347157736653595E-14
1.0957638717852879E-14
9.595987671050661E-15
7.873128139804787E-15
6.762662373675348E-15
5.711630224291631E-15
5.145303570898182E-15
4.268895607976472E-15
4.482080991444133E-15
5.640627636483088E-15
8.531667219805843E-15
1.1987399976915974E-14
1.7520995550744407E-14
2.3686487695185398E-14
3.111767354405406E-14
3.83701611643394E-14
4.660905224803028E-14
5.3512087093666605E-14
6.112803064513878E-14
6.638408209028453E-14
7.252522241353345E-14
7.546863019239258E-14
7.981477651355494E-14
8.029735327731936E-14
8.288509512596335E-14
8.116932555576958E-14
8.227542707185064E-14
7.307926277008055E-14
7.342375143868722E-14
7.027877319557593E-14
6.58590596710592E-14
5.940014631845327E-14
5.696016929877648E-14
5.150079068701552E-14
4.9696859909762046E-14
4.476660179700011E-14
4.3069018246526505E-14
3.858721667548896E-14
3.700232502454701E-14
3.312056904742898E-14
3.173463407224572E-14
2.803245360325455E-14
2.5448642492597894E-14
2.2573616959820538E-14
2.0449735810835696E-14
1.7749808067229124E-14
1.7384676849384398E-14
1.7493574305254868E-14
2.1195980052125065E-14
2.5990397270205168E-14
3.3776912687226505E-14
4.132597925773326E-14
5.099000646882825E-14
6.291906665600307E-14
8.332675100439966E-14
1.1004302835374722E-13
1.4374626694688612E-13
1.797688610602863E-13
2.218823487264478E-13
2.586407945579431E-13
2.9761028194946667E-13
3.1746678192962744E-13
3.5017913035795854E-13
3.7272505293400346E-13
3.920879522510266E-13
4.039808749434963E-13
4.2011858264168687E-13
4.25846598868691E-13
4.2517194726466483E-13
4.179600002349631E-13
4.079481856302975E-13
4.0200604574363337E-13
3.9460883100392463E-13
3.8198512672035133E-13
3.7890011008604534E-13
3.6413269774443375E-13
3.5176309453929896E-13
3.361812995258609E-13
3.3200404070033236E-13
3.1579794455177803E-13
3.145917327142122E-13
2.999974134187558E-13
3.0074333551061997E-13
2.8758209311030234E-13
2.8780657320471606E-13
2.531457275813647E-13
2.5233061084019783E-13
2.5013827618666187E-13
2.371970338832901E-13
2.1938531722242645E-13
2.055507360500887E-13
1.953041934539307E-13
1.741530785636604E-13
1.6589436759732814E-13
1.499316736108531E-13
1.4194250011491366E-13
1.3735830351504591E-13
1.2830689773050606E-13
1.2091328763887798E-13
1.1412735746530947E-13
1.111372327684192E-13
1.0849761572145996E-13
1.0694556467075036E-13
1.0416982071695503E-13
9.669143059413725E-14
9.694713148316708E-14
9.638709834985132E-14
9.552570717465931E-14
9.217594576722747E-14
9.15904394277868E-14
8.792369783647274E-14
8.700840463663922E-14
8.294313891453886E-14
8.071162799532195E-14
7.70418394479844E-14
6.91138168958308E-14
6.816530820437346E-14
6.64607140607487E-14
6.331372062526076E-14
5.87154723877503E-14