
0.0,0.0,0.0,0.0,0.0,0.0,0.0,
0.0,0.0,0.0,0.0,0.0,0.0,0.0,
0.0,0.0,0.0,0.0,0.0,0.0,0.0,
0.0,0.0,3.0055822973218286E-5,2.642544855587423E-5,0.0,0.0,0.0,
0.0,0.0,1.0365255761612236E-4,1.1427820588543874E-4,0.0,0.0,0.0,
0.0,0.0,1.4210120516948028E-4,1.4806551037706362E-4,0.0,0.0,0.0,
0.0,8.444130925362842E-5,5.060474678892176E-4,1.3774529888708315E-4,0.0,0.0,0.0,
0.0,8.444130925362842E-5,6.759697678162754E-4,1.3774529888708315E-4,0.0,0.0,0.0,
0.0,9.446095275384E-4,6.759697678162754E-4,1.3774529888708315E-4,0.0,0.0,0.0,
0.0,9.446095275384E-4,6.759697678162754E-4,7.389265876662067E-4,0.0,0.0,0.0,
0.0,9.446095275384E-4,0.0012923681276369248,7.389265876662067E-4,0.0,0.0,0.0,
0.0,0.0020568675423205097,0.0026195696315986228,5.800344525141269E-4,0.0,0.0,0.0,
0.0,0.003487292445409767,0.00765347399789485,0.00515619570856577,0.0,0.0,0.0,
0.0,0.003487292445409767,0.007576939257915902,0.0048047021503028545,0.0,0.0,0.0,
0.0,0.00402549437331005,0.01846556513247425,0.010354875052853393,0.0,0.0,0.0,
0.0,0.00402549437331005,0.02120118449674848,0.013431202778196679,0.0,0.0,0.0,
0.0,0.0070370621825200305,0.029887378579871452,0.012063886813327297,0.0,0.0,0.0,
0.0,0.0070370621825200305,0.03330119535001389,0.014955012615979648,0.0,0.0,0.0,
0.0,0.0070370621825200305,0.0337655895076434,0.017800537401495436,0.0,0.0,0.0,
0.0,0.0070370621825200305,0.03471993313405924,0.0178341019615432,0.0,0.0,0.0,
0.0,0.0070370621825200305,0.03611130268572398,0.017864310065586187,0.0,0.0,0.0,
0.0,0.0070370621825200305,0.03684304001322873,0.019327896300742727,0.0,0.0,0.0,
0.0,0.0070370621825200305,0.03992854534469416,0.028316575768989254,0.0,0.0,0.0,
0.0,0.0070370621825200305,0.040774421762756856,0.028316575768989254,0.0,0.0,0.0,
0.0,0.0070370621825200305,0.04273369271902045,0.027263553970847947,0.0,0.0,0.0,
0.0,0.0070370621825200305,0.04578504047724801,0.03139157652425481,0.0,0.0,0.0,
0.0,0.0070370621825200305,0.045426214932158857,0.03139157652425481,0.0,0.0,0.0,
0.0,0.011751377404597635,0.045086773426778325,0.03139157652425481,0.0,0.0,0.0,
0.0,0.011751377404597635,0.04344173002047684,0.03179308883408541,0.0,0.0,0.0,
0.0,0.011751377404597635,0.04331709175083805,0.03164975119505856,0.0,0.0,0.0,
0.0,0.011751377404597635,0.043167339841242894,0.031617715252591425,0.0,0.0,0.0,
0.0,0.011751377404597635,0.04153863737873696,0.031622948745417094,0.0,0.0,0.0,
0.0,0.01513978093189705,0.043498089146775054,0.0359064572110629,0.0,0.0,0.0,
0.0,0.01513978093189705,0.043498089146775054,0.03566061514596514,0.0,0.0,0.0,
0.0,0.01513978093189705,0.04400968056222311,0.03566061514596514,0.0,0.0,0.0,
0.0,0.01513978093189705,0.04791547411530807,0.03747032864794472,0.0,0.0,0.0,
0.0,0.01513978093189705,0.04863097579719809,0.03695354171851494,0.0,0.0,0.0,
0.0,0.01513978093189705,0.052322149438521766,0.04039629919362993,0.0,0.0,0.0,
0.0,0.02273211788709658,0.05168651917011152,0.04376401528595878,0.0,0.0,0.0,
0.0,0.02273211788709658,0.05037579039718053,0.04376401528595878,0.0,0.0,0.0,
0.0,0.02273211788709658,0.05084826636454387,0.04371950604050383,0.0,0.0,0.0,
0.0,0.02273211788709658,0.05124810812075083,0.04286097023554859,0.0,0.0,0.0,
0.0,0.02273211788709658,0.05141365903846026,0.04286097023554859,0.0,0.0,0.0,
0.0,0.02273211788709658,0.05141365903846026,0.04248716036845519,0.0,0.0,0.0,
0.0,0.02273211788709658,0.05203791962780394,0.04248716036845519,0.0,0.0,0.0,
0.0,0.02273211788709658,0.052488448426773096,0.04188156284481538,0.0,0.0,0.0,
0.0,0.02575271551549773,0.05259913743053433,0.04188156284481538,0.0,0.0,0.0,
0.0,0.02575271551549773,0.050981913299013,0.043284203598537865,0.0,0.0,0.0,
0.0,0.028264403451064127,0.050981913299013,0.042922506832043864,0.0,0.0,0.0,
0.0,0.030429588943783625,0.04977270771703508,0.043665016461017565,0.0,0.0,0.0,
0.0,0.030429588943783625,0.04927716380304111,0.04341620185234582,0.0,0.0,0.0,
0.0,0.030429588943783625,0.04972260347565864,0.04341620185234582,0.0,0.0,0.0,
0.0,0.03226484346149665,0.050197760561832235,0.04413819058002017,0.0,0.0,0.0,
0.0,0.0360759774167285,0.04670833043487495,0.041350573631760736,0.0,0.0,0.0,
0.0,0.0360759774167285,0.04664827900505799,0.04089342033689339,0.0,0.0,0.0,
0.0,0.0370926999681862,0.050371007251309656,0.03907844162089666,0.0,0.0,0.0,
0.0,0.037452411187327526,0.04554135788492477,0.038619806838529204,0.0,0.0,0.0,
0.0,0.037452411187327526,0.0468935899389806,0.03820351233591436,0.0,0.0,0.0,
0.0,0.037452411187327526,0.0468935899389806,0.03810320693037167,0.0,0.0,0.0,
0.0,0.037452411187327526,0.04666720421125171,0.03810320693037167,0.0,0.0,0.0,
0.0,0.037452411187327526,0.04620053216913919,0.03835728049825512,0.0,0.0,0.0,
0.0,0.037452411187327526,0.04668775812499319,0.03835728049825512,0.0,0.0,0.0,
0.0,0.037452411187327526,0.04688376768409007,0.03835728049825512,0.0,0.0,0.0,
0.0,0.037452411187327526,0.04704016491151535,0.03835728049825512,0.0,0.0,0.0,
0.0,0.037452411187327526,0.045819039969834094,0.03781296650064588,0.0,0.0,0.0,
0.0,0.037452411187327526,0.045819039969834094,0.037361574335704806,0.0,0.0,0.0,
0.0,0.03764493154380389,0.045819039969834094,0.037361574335704806,0.0,0.0,0.0,
0.0,0.03764493154380389,0.045878698846068836,0.037361574335704806,0.0,0.0,0.0,
0.0,0.03764493154380389,0.04591923499728913,0.03744228349420293,0.0,0.0,0.0,
0.0,0.03756472830743371,0.04515847731624163,0.037034144886315734,0.0,0.0,0.0,
0.0,0.03744360260269779,0.043676506758730145,0.03658218196548675,0.0,0.0,0.0,
0.0,0.037216757628222505,0.04330007838436075,0.0364466614191509,0.0,0.0,0.0,
0.0,0.037216757628222505,0.04297274541302185,0.0364466614191509,0.0,0.0,0.0,
0.0,0.037216757628222505,0.04207236212092983,0.03548943605419318,0.0,0.0,0.0,
0.0,0.03773343722492495,0.04207236212092983,0.03548943605419318,0.0,0.0,0.0,
0.0,0.03728247151777949,0.04017679364200024,0.03544377106862817,0.0,0.0,0.0,
0.0,0.03742401829767591,0.04017679364200024,0.03544377106862817,0.0,0.0,0.0,
0.0,0.0370067985292924,0.039427046047070674,0.03544377106862817,0.0,0.0,0.0,
0.0,0.03712594893225692,0.03643609264687761,0.032886155990356776,0.0,0.0,0.0,
0.0,0.03669552970891087,0.036175672712235235,0.03261051087633732,0.0,0.0,0.0,
0.0,0.03669552970891087,0.0362482052028543,0.032400766602100464,0.0,0.0,0.0,
0.0,0.03632962374607647,0.0362482052028543,0.032400766602100464,0.0,0.0,0.0,
0.0,0.035703924549629645,0.0362482052028543,0.032400766602100464,0.0,0.0,0.0,
0.0,0.035703924549629645,0.03550192734174275,0.0317598358826342,0.0,0.0,0.0,
0.0,0.035703924549629645,0.03559195649652484,0.0320519810968327,0.0,0.0,0.0,
0.0,0.035703924549629645,0.03559195649652484,0.031948998597222916,0.0,0.0,0.0,
0.0,0.03519564911361089,0.035876651733103455,0.03192980962853629,0.0,0.0,0.0,
0.0,0.03484281026094434,0.035876651733103455,0.0316753325915331,0.0,0.0,0.0,
0.0,0.03457484962326422,0.03551788521577242,0.031724119720794114,0.0,0.0,0.0,
0.0,0.03457484962326422,0.03485551091142395,0.031724119720794114,0.0,0.0,0.0,
0.0,0.03400016709482623,0.03485551091142395,0.030944819888009917,0.0,0.0,0.0,
0.0,0.03348295281923203,0.03485551091142395,0.030525967039658382,0.0,0.0,0.0,
0.0,0.03300615382168527,0.03485551091142395,0.030525967039658382,0.0,0.0,0.0,
0.0,0.032577034723893186,0.03485551091142395,0.031113727635166823,0.0,0.0,0.0,
0.0,0.032577034723893186,0.03445766779366647,0.031514916288424184,0.0,0.0,0.0,
0.0,0.0325081356331483,0.03445766779366647,0.030957253713448037,0.0,0.0,0.0,
0.0,0.0321439629340902,0.03443713609013614,0.030957253713448037,0.0,0.0,0.0,
0.0,0.03211710000706227,0.033767450267889965,0.030306708602945803,0.0,0.0,0.0,
0.0,0.032092923372737135,0.033767450267889965,0.02987934658026088,0.0,0.0,0.0,
0.0,0.03210059019540068,0.033767450267889965,0.02987934658026088,0.0,0.0,0.0,
0.0,0.03216161926299484,0.033798229183816725,0.029732943580450415,0.0,0.0,0.0,
0.0,0.03216161926299484,0.03375894347026814,0.029732943580450415,0.0,0.0,0.0,
0.0,0.03216161926299484,0.03372866894436537,0.029732943580450415,0.0,0.0,0.0,
0.0,0.03216161926299484,0.03373338926248105,0.029732943580450415,0.0,0.0,0.0,
0.0,0.03216161926299484,0.033729815402313394,0.029732943580450415,0.0,0.0,0.0,
0.0,0.03216161926299484,0.03377013346032636,0.02997239402595189,0.0,0.0,0.0,
0.0,0.03223116519613996,0.03377013346032636,0.02997239402595189,0.0,0.0,0.0,
0.0,0.03223116519613996,0.03377013346032636,0.029764298515540834,0.0,0.0,0.0,
0.0,0.03243257543451849,0.03343511124179606,0.02963349845617583,0.0,0.0,0.0,
0.0,0.03243257543451849,0.03343511124179606,0.029417100087335994,0.0,0.0,0.0,
0.0,0.03255387856541229,0.0335488703135357,0.02916706563776335,0.0,0.0,0.0,
0.0,0.032829801761883715,0.0335488703135357,0.028942034633147973,0.0,0.0,0.0,
0.0,0.032829801761883715,0.03380780990993554,0.029506808996063828,0.0,0.0,0.0,
0.0,0.03278431025105498,0.033913054062696894,0.02924572253149955,0.0,0.0,0.0,
0.0,0.03262965544729042,0.035021538370309864,0.028933128361390406,0.0,0.0,0.0,
0.0,0.03262965544729042,0.03544337823498243,0.028404144211063475,0.0,0.0,0.0,
0.0,0.03262965544729042,0.03561176107048214,0.02806386355597258,0.0,0.0,0.0,
0.0,0.03262965544729042,0.03561176107048214,0.027877987331285242,0.0,0.0,0.0,
0.0,0.03262965544729042,0.035405672566207566,0.02771069872906664,0.0,0.0,0.0,
0.0,0.03262965544729042,0.035535601573670896,0.027843928989438625,0.0,0.0,0.0,
0.0,0.03284025799573743,0.03454421210218066,0.028225758190708838,0.0,0.0,0.0,
0.0,0.03284025799573743,0.03359841583792628,0.028497872532200073,0.0,0.0,0.0,
0.0,0.032952973429326515,0.03359841583792628,0.028497872532200073,0.0,0.0,0.0,
0.0,0.03319994376548857,0.03359841583792628,0.028497872532200073,0.0,0.0,0.0,
0.0,0.033239253938557825,0.03359841583792628,0.028304046740907085,0.0,0.0,0.0,
0.0,0.03257784102872356,0.03359841583792628,0.028304046740907085,0.0,0.0,0.0,
0.0,0.032945884731491265,0.03359841583792628,0.028304046740907085,0.0,0.0,0.0,
0.0,0.03336456385345881,0.03391963538444736,0.02812283558078815,0.0,0.0,0.0,
0.0,0.03336456385345881,0.0331768653599744,0.02812283558078815,0.0,0.0,0.0,
0.0,0.03336456385345881,0.03354023995429066,0.02812283558078815,0.0,0.0,0.0,
0.0,0.03336456385345881,0.03387391681981015,0.02812283558078815,0.0,0.0,0.0,
0.0,0.03336456385345881,0.03387391681981015,0.027959745536681107,0.0,0.0,0.0,
0.0,0.033835624085264214,0.03387391681981015,0.027959745536681107,0.0,0.0,0.0,
0.0,0.03425957829388908,0.03387391681981015,0.02781296449698477,0.0,0.0,0.0,
0.0,0.03487860187089588,0.03387391681981015,0.02781296449698477,0.0,0.0,0.0,
0.0,0.03487860187089588,0.0346827293513362,0.02781296449698477,0.0,0.0,0.0,
0.0,0.03566127288021722,0.0346827293513362,0.02781296449698477,0.0,0.0,0.0,
0.0,0.03566127288021722,0.034983410971960775,0.02781296449698477,0.0,0.0,0.0,
0.0,0.036502839979656726,0.034983410971960775,0.02781296449698477,0.0,0.0,0.0,
0.0,0.036502839979656726,0.03556768143046338,0.027680861561258065,0.0,0.0,0.0,
0.0,0.036901277953223725,0.03556768143046338,0.027657466015109954,0.0,0.0,0.0,
0.0,0.036901277953223725,0.03556768143046338,0.027657613966414103,0.0,0.0,0.0,
0.0,0.036901277953223725,0.03477680784023218,0.027657747122587836,0.0,0.0,0.0,
0.0,0.037427194914450825,0.03477680784023218,0.027657747122587836,0.0,0.0,0.0,
0.0,0.037427194914450825,0.03564310067588006,0.027657747122587836,0.0,0.0,0.0,
0.0,0.037714412091835,0.03564310067588006,0.027657747122587836,0.0,0.0,0.0,
0.0,0.03858927971574998,0.03781271693242491,0.027657866963144196,0.0,0.0,0.0,
0.0,0.03820338691859248,0.038930928542699854,0.027657866963144196,0.0,0.0,0.0,
0.0,0.03820338691859248,0.039803564008642205,0.027657866963144196,0.0,0.0,0.0,
0.0,0.03883548256272155,0.039803564008642205,0.027657866963144196,0.0,0.0,0.0,
0.0,0.03883548256272155,0.040870256857344904,0.027657866963144196,0.0,0.0,0.0,
0.0,0.037717828859264536,0.042476310566492204,0.027657866963144196,0.0,0.0,0.0,
0.0,0.037717828859264536,0.04263399590367543,0.027657866963144196,0.0,0.0,0.0,
0.0,0.037717828859264536,0.04439592657992302,0.027657866963144196,0.0,0.0,0.0,
0.0,0.037717828859264536,0.046318968771224586,0.027657866963144196,0.0,0.0,0.0,
0.0,0.037717828859264536,0.048394423016396064,0.027657866963144196,0.0,0.0,0.0,
0.0,0.037717828859264536,0.05055591490633067,0.027657866963144196,0.0,0.0,0.0,
0.0,0.037717828859264536,0.05287173021844758,0.027657866963144196,0.0,0.0,0.0,
0.0,0.037717828859264536,0.05040134047430832,0.027657866963144196,0.0,0.0,0.0,
0.0,0.037717828859264536,0.053238362539632086,0.027657866963144196,0.0,0.0,0.0,
0.0,0.037717828859264536,0.057672198096390924,0.027657866963144196,0.0,0.0,0.0,
0.0,0.037717828859264536,0.057672198096390924,0.02790674832798104,0.0,0.0,0.0,
0.0,0.037717828859264536,0.05926560170200933,0.02790674832798104,0.0,0.0,0.0,
0.0,0.03908180228953161,0.058086216228139344,0.02790674832798104,0.0,0.0,0.0,
0.0,0.03908180228953161,0.06006881593693705,0.028282402168116158,0.0,0.0,0.0,
0.0,0.03908180228953161,0.06233108832256839,0.028282402168116158,0.0,0.0,0.0,
0.0,0.03908180228953161,0.06484923213078189,0.028282402168116158,0.0,0.0,0.0,
0.0,0.03908180228953161,0.06760566336550934,0.028620490624237764,0.0,0.0,0.0,
0.0,0.03908180228953161,0.06667289081365187,0.028620490624237764,0.0,0.0,0.0,
0.0,0.044200159265257194,0.06667289081365187,0.029002453444889296,0.0,0.0,0.0,
0.0,0.044200159265257194,0.06667289081365187,0.03849347447650718,0.0,0.0,0.0,
0.0,0.046445058937242246,0.06600616190551535,0.03803387325008695,0.0,0.0,0.0,
0.0,0.049113383016075235,0.07130571348073748,0.03803387325008695,0.0,0.0,0.0,
0.0,0.05357436664307721,0.07130571348073748,0.03803387325008695,0.0,0.0,0.0,
0.0,0.05357436664307721,0.0729057126399466,0.03803387325008695,0.0,0.0,0.0,
0.0,0.05357436664307721,0.07520815419043121,0.03803387325008695,0.0,0.0,0.0,
0.0,0.05534153241786916,0.07520815419043121,0.03803387325008695,0.0,0.0,0.0,
0.0,0.05768992503146696,0.0762713136385836,0.03762023214630873,0.0,0.0,0.0,
0.0,0.05768992503146696,0.07850321254486695,0.03762023214630873,0.0,0.0,0.0,
0.0,0.05768992503146696,0.08104410440843497,0.03762023214630873,0.0,0.0,0.0,
0.0,0.05768992503146696,0.08387104252914784,0.03762023214630873,0.0,0.0,0.0,
0.0,0.06047131696932352,0.08387104252914784,0.03762023214630873,0.0,0.0,0.0,
0.0,0.06047131696932352,0.07940102407619297,0.03762023214630873,0.0,0.0,0.0,
0.0,0.06047131696932352,0.085619588009864,0.03762023214630873,0.0,0.0,0.0,
0.0,0.06047131696932352,0.08867048154281632,0.03762023214630873,0.0,0.0,0.0,
0.0,0.06614113982624135,0.08690300681524005,0.03762023214630873,0.0,0.0,0.0,
0.0,0.06614113982624135,0.08790313742646641,0.03762023214630873,0.0,0.0,0.0,
0.0,0.06614113982624135,0.09173002885447835,0.03762023214630873,0.0,0.0,0.0,
0.0,0.06614113982624135,0.0947488791614855,0.03762023214630873,0.0,0.0,0.0,
0.0,0.0704854638923307,0.0947488791614855,0.03762023214630873,0.0,0.0,0.0,
0.0,0.07499280989130465,0.0947488791614855,0.03762023214630873,0.0,0.0,0.0,
0.0,0.07499280989130465,0.09904769535846308,0.03762023214630873,0.0,0.0,0.0,
0.0,0.08033487780323782,0.09805721840487845,0.03762023214630873,0.0,0.0,0.0,
0.0,0.08033487780323782,0.09265271552389655,0.03762023214630873,0.0,0.0,0.0,
0.0,0.08033487780323782,0.09768582090819429,0.03762023214630873,0.0,0.0,0.0,
0.0,0.08033487780323782,0.09253138187413124,0.03762023214630873,0.0,0.0,0.0,
0.0,0.08621064964804248,0.09253138187413124,0.03762023214630873,0.0,0.0,0.0,
0.0,0.08565349251539085,0.09801749958842611,0.03762023214630873,0.0,0.0,0.0,
0.0,0.08565349251539085,0.10348665058158033,0.03762023214630873,0.0,0.0,0.0,
0.0,0.0915433618255162,0.10348665058158033,0.03762023214630873,0.0,0.0,0.0,
0.0,0.09750763404225071,0.10348665058158033,0.03762023214630873,0.0,0.0,0.0,
0.0,0.1018740662550586,0.10348665058158033,0.03762023214630873,0.0,0.0,0.0,
0.0,0.10656440938082822,0.10348665058158033,0.03762023214630873,0.0,0.0,0.0,
0.0,0.10656440938082822,0.10881055014295117,0.03762023214630873,0.0,0.0,0.0,
0.0,0.10656440938082822,0.11329875163857261,0.03762023214630873,0.0,0.0,0.0,
0.0,0.1121164045299601,0.11329875163857261,0.03762023214630873,0.0,0.0,0.0,
0.0,0.11769976965657575,0.11329875163857261,0.03762023214630873,0.0,0.0,0.0,
0.0,0.12359430088532392,0.11329875163857261,0.03762023214630873,0.0,0.0,0.0,
0.0,0.12359430088532392,0.11806358713363417,0.03762023214630873,0.0,0.0,0.0,
0.0,0.12934250500102284,0.11806358713363417,0.03762023214630873,0.0,0.0,0.0,
0.0,0.13300271853788453,0.11083343408764319,0.03762023214630873,0.0,0.0,0.0,
0.0,0.13300271853788453,0.11703183417727649,0.03762023214630873,0.0,0.0,0.0,
0.0,0.13300271853788453,0.11012669872684137,0.03762023214630873,0.0,0.0,0.0,
0.0,0.1374872938687397,0.11012669872684137,0.03762023214630873,0.0,0.0,0.0,
0.0,0.14279096223225762,0.11012669872684137,0.03762023214630873,0.0,0.0,0.0,
0.0,0.14592817264505517,0.11012669872684137,0.03762023214630873,0.0,0.0,0.0,
0.0,0.14784625036700283,0.11012669872684137,0.03762023214630873,0.0,0.0,0.0,
0.0,0.15312366366078756,0.11012669872684137,0.03762023214630873,0.0,0.0,0.0,
0.0,0.15570473694148465,0.11012669872684137,0.03762023214630873,0.0,0.0,0.0,
0.0,0.15866013954414437,0.11012669872684137,0.03762023214630873,0.0,0.0,0.0,
0.0,0.16016986724130503,0.11012669872684137,0.03762023214630873,0.0,0.0,0.0,
0.0,0.16329431867002986,0.11012669872684137,0.03762023214630873,0.0,0.0,0.0,
0.0,0.16654108391884612,0.11012669872684137,0.03762023214630873,0.0,0.0,0.0,
0.0,0.16864283234726796,0.11012669872684137,0.03762023214630873,0.0,0.0,0.0,
0.0,0.16939208800272312,0.11012669872684137,0.03762023214630873,0.0,0.0,0.0,
0.0,0.1714483374093995,0.11012669872684137,0.03762023214630873,0.0,0.0,0.0,
0.0,0.1722778359964182,0.11012669872684137,0.03762023214630873,0.0,0.0,0.0,
0.0,0.1745340047377129,0.11012669872684137,0.03762023214630873,0.0,0.0,0.0,
0.0,0.1768122528882835,0.11012669872684137,0.03762023214630873,0.0,0.0,0.0,
0.0,0.16421142190605725,0.11012669872684137,0.03762023214630873,0.0,0.0,0.0,
0.0,0.1665361602710139,0.11012669872684137,0.03762023214630873,0.0,0.0,0.0,
0.0,0.16950585559237796,0.11012669872684137,0.03762023214630873,0.0,0.0,0.0,
0.0,0.17188897851025675,0.11012669872684137,0.03762023214630873,0.0,0.0,0.0,
0.0,0.17477167455210033,0.11012669872684137,0.03762023214630873,0.0,0.0,0.0,
0.0,0.17804087675561017,0.11012669872684137,0.03762023214630873,0.0,0.0,0.0,
0.0,0.18142581958739465,0.11012669872684137,0.03762023214630873,0.0,0.0,0.0,
0.0,0.18766882544420785,0.11012669872684137,0.03762023214630873,0.0,0.0,0.0,
0.0,0.18937523349452992,0.11012669872684137,0.03762023214630873,0.0,0.0,0.0,
0.0,0.19093496062387774,0.11012669872684137,0.03762023214630873,0.0,0.0,0.0,
0.0,0.19280887600061455,0.11012669872684137,0.03762023214630873,0.0,0.0,0.0,
0.0,0.19496194977034687,0.11012669872684137,0.03762023214630873,0.0,0.0,0.0,
0.0,0.18093448126966985,0.11012669872684137,0.03762023214630873,0.0,0.0,0.0,
0.0,0.16830975961906053,0.11012669872684137,0.03762023214630873,0.0,0.0,0.0,
0.0,0.17318214790845515,0.11012669872684137,0.03762023214630873,0.0,0.0,0.0,
0.0,0.17318214790845515,0.12073533640377951,0.03762023214630873,0.0,0.0,0.0,
0.0,0.1780439105844021,0.12073533640377951,0.03762023214630873,0.0,0.0,0.0,
0.0,0.18273999770250549,0.12073533640377951,0.03762023214630873,0.0,0.0,0.0,
0.0,0.18273999770250549,0.13080791942114067,0.03762023214630873,0.0,0.0,0.0,
0.0,0.18705964221261126,0.13080791942114067,0.03762023214630873,0.0,0.0,0.0,
0.0,0.19143715919066584,0.13080791942114067,0.03762023214630873,0.0,0.0,0.0,
0.0,0.1782145693796488,0.13080791942114067,0.03762023214630873,0.0,0.0,0.0,
0.0,0.18392022919840348,0.13080791942114067,0.03762023214630873,0.0,0.0,0.0,
0.0,0.1877454362744887,0.13080791942114067,0.03762023214630873,0.0,0.0,0.0,
0.0,0.19169500456134209,0.13080791942114067,0.03762023214630873,0.0,0.0,0.0,
0.0,0.1923409140658826,0.13080791942114067,0.03762023214630873,0.0,0.0,0.0,
0.0,0.19522814099300945,0.13080791942114067,0.03762023214630873,0.0,0.0,0.0,
0.0,0.19876869761681665,0.13080791942114067,0.03762023214630873,0.0,0.0,0.0,
0.0,0.20134690456656978,0.13080791942114067,0.03762023214630873,0.0,0.0,0.0,
0.0,0.2041247128913822,0.13080791942114067,0.03762023214630873,0.0,0.0,0.0,
0.0,0.20737140049772856,0.13080791942114067,0.03762023214630873,0.0,0.0,0.0,
0.0,0.21149155278334006,0.13080791942114067,0.03762023214630873,0.0,0.0,0.0,
0.0,0.21427744134018054,0.13080791942114067,0.03762023214630873,0.0,0.0,0.0,
0.0,0.21563857197297576,0.13080791942114067,0.03762023214630873,0.0,0.0,0.0,
0.0,0.21818075357376693,0.13080791942114067,0.03762023214630873,0.0,0.0,0.0,
0.0,0.22035319105240897,0.13080791942114067,0.03762023214630873,0.0,0.0,0.0,
0.0,0.22354570022312092,0.13080791942114067,0.03762023214630873,0.0,0.0,0.0,
0.0,0.2253700852722261,0.13080791942114067,0.03762023214630873,0.0,0.0,0.0,
0.0,0.227757392765454,0.13080791942114067,0.03762023214630873,0.0,0.0,0.0,
0.0,0.22242006980869075,0.13080791942114067,0.03762023214630873,0.0,0.0,0.0,
0.0,0.22435366885417196,0.13080791942114067,0.03762023214630873,0.0,0.0,0.0,
0.0,0.2250128242504012,0.13080791942114067,0.03762023214630873,0.0,0.0,0.0,
0.0,0.22571372517894045,0.13080791942114067,0.03762023214630873,0.0,0.0,0.0,
0.0,0.22665248605565677,0.13080791942114067,0.03762023214630873,0.0,0.0,0.0,
0.0,0.2269880265241512,0.13080791942114067,0.03762023214630873,0.0,0.0,0.0,
0.0,0.22662561371082174,0.13080791942114067,0.03762023214630873,0.0,0.0,0.0,
0.0,0.20776721538520976,0.13080791942114067,0.03762023214630873,0.0,0.0,0.0,
0.0,0.1948762569643987,0.13080791942114067,0.03762023214630873,0.0,0.0,0.0,
0.0,0.1957481787008342,0.13080791942114067,0.03762023214630873,0.0,0.0,0.0,
0.0,0.1957481787008342,0.140310714531582,0.03762023214630873,0.0,0.0,0.0,
0.0,0.19896409979293242,0.140310714531582,0.03762023214630873,0.0,0.0,0.0,
0.0,0.18783765720411788,0.140310714531582,0.03762023214630873,0.0,0.0,0.0,
0.0,0.1799256181225713,0.140310714531582,0.03762023214630873,0.0,0.0,0.0,
0.0,0.18465078128861345,0.140310714531582,0.03762023214630873,0.0,0.0,0.0,
0.0,0.18465818677646345,0.14831823812169403,0.03762023214630873,0.0,0.0,0.0,
0.0,0.18684114359739387,0.15010565111940635,0.03762023214630873,0.0,0.0,0.0,
0.0,0.1890676652210736,0.15010565111940635,0.03762023214630873,0.0,0.0,0.0,
0.0,0.19125117717563928,0.15010565111940635,0.03762023214630873,0.0,0.0,0.0,
0.0,0.19336426838278364,0.15010565111940635,0.03762023214630873,0.0,0.0,0.0,
0.0,0.19535146829941416,0.15010565111940635,0.03762023214630873,0.0,0.0,0.0,
0.0,0.19820782019819183,0.15010565111940635,0.03762023214630873,0.0,0.0,0.0,
0.0,0.19640743178915226,0.15010565111940635,0.03762023214630873,0.0,0.0,0.0,
0.0,0.19640743178915226,0.15706967439575467,0.03762023214630873,0.0,0.0,0.0,
0.0,0.19591362998480946,0.15706967439575467,0.03762023214630873,0.0,0.0,0.0,
0.0,0.19557765023001714,0.15706967439575467,0.03762023214630873,0.0,0.0,0.0,
0.0,0.19533530057169643,0.15706967439575467,0.03762023214630873,0.0,0.0,0.0,
0.0,0.1945633684779807,0.15706967439575467,0.03762023214630873,0.0,0.0,0.0,
0.0,0.19522839532791703,0.15706967439575467,0.03762023214630873,0.0,0.0,0.0,
0.0,0.19795555005156476,0.15706967439575467,0.03762023214630873,0.0,0.0,0.0,
0.0,0.19680685326243852,0.15706967439575467,0.03762023214630873,0.0,0.0,0.0,
0.0,0.19560242756832003,0.15706967439575467,0.03762023214630873,0.0,0.0,0.0,
0.0,0.19560242756832003,0.15966364746336525,0.03762023214630873,0.0,0.0,0.0,
0.0,0.19400064031352005,0.15966364746336525,0.03762023214630873,0.0,0.0,0.0,
0.0,0.19312044820122673,0.15966364746336525,0.03762023214630873,0.0,0.0,0.0,
0.0,0.19128653037834656,0.15966364746336525,0.03762023214630873,0.0,0.0,0.0,
0.0,0.18949628076890923,0.15966364746336525,0.03762023214630873,0.0,0.0,0.0,
0.0,0.18773434906474035,0.15966364746336525,0.03762023214630873,0.0,0.0,0.0,
0.0,0.18600666090967777,0.15966364746336525,0.03762023214630873,0.0,0.0,0.0,
0.0,0.18716618008666897,0.15966364746336525,0.03762023214630873,0.0,0.0,0.0,
0.0,0.18508814987766625,0.15966364746336525,0.03762023214630873,0.0,0.0,0.0,
0.0,0.17608786401605855,0.15966364746336525,0.03762023214630873,0.0,0.0,0.0,
0.0,0.17499835305060227,0.15966364746336525,0.03762023214630873,0.0,0.0,0.0,
0.0,0.1739216177042194,0.15966364746336525,0.03762023214630873,0.0,0.0,0.0,
0.0,0.16611956788000365,0.15966364746336525,0.03762023214630873,0.0,0.0,0.0,
0.0,0.15949597704789265,0.15966364746336525,0.03762023214630873,0.0,0.0,0.0,
0.0,0.15983011663721117,0.1630379879588658,0.03762023214630873,0.0,0.0,0.0,
0.0,0.15983011663721117,0.1653667953413653,0.03762023214630873,0.0,0.0,0.0,
0.0,0.15983011663721117,0.159220734990916,0.03762023214630873,0.0,0.0,0.0,
0.0,0.15979709248294846,0.159220734990916,0.03762023214630873,0.0,0.0,0.0,
0.0,0.15932883683550245,0.15679473856591528,0.03762023214630873,0.0,0.0,0.0,
0.0,0.156821640121214,0.1544686382666412,0.03762023214630873,0.0,0.0,0.0,
0.0,0.14869909587118413,0.1544686382666412,0.03762023214630873,0.0,0.0,0.0,
0.0,0.14869909587118413,0.15178334837679205,0.03762023214630873,0.0,0.0,0.0,
0.0,0.14869909587118413,0.1489392346326711,0.03762023214630873,0.0,0.0,0.0,
0.0,0.14552221885581226,0.1489392346326711,0.03762023214630873,0.0,0.0,0.0,
0.0,0.14552221885581226,0.145517517800061,0.03762023214630873,0.0,0.0,0.0,
0.0,0.14406699666725414,0.14171069907578904,0.03762023214630873,0.0,0.0,0.0,
0.0,0.14406699666725414,0.13502787356051277,0.03762023214630873,0.0,0.0,0.0,
0.0,0.14111529541901774,0.13502787356051277,0.03762023214630873,0.0,0.0,0.0,
0.0,0.13836735094251384,0.13502787356051277,0.03762023214630873,0.0,0.0,0.0,
0.0,0.13836735094251384,0.13267941465526137,0.03762023214630873,0.0,0.0,0.0,
0.0,0.13283202788545703,0.13267941465526137,0.03762023214630873,0.0,0.0,0.0,
0.0,0.13182097650900404,0.13267941465526137,0.03762023214630873,0.0,0.0,0.0,
0.0,0.13182097650900404,0.12942974417430098,0.03762023214630873,0.0,0.0,0.0,
0.0,0.12987911756032516,0.12942974417430098,0.03762023214630873,0.0,0.0,0.0,
0.0,0.12987911756032516,0.12623433873266288,0.03762023214630873,0.0,0.0,0.0,
0.0,0.12610205702965688,0.12623433873266288,0.03762023214630873,0.0,0.0,0.0,
0.0,0.12610205702965688,0.1219528255820326,0.03762023214630873,0.0,0.0,0.0,
0.0,0.12610205702965688,0.11897745891133486,0.03762023214630873,0.0,0.0,0.0,
0.0,0.12143032292101656,0.11897745891133486,0.03762023214630873,0.0,0.0,0.0,
0.0,0.11711775089407447,0.11897745891133486,0.03762023214630873,0.0,0.0,0.0,
0.0,0.11306359487631204,0.1132878355901832,0.03762023214630873,0.0,0.0,0.0,
0.0,0.11306359487631204,0.11078572900719941,0.03762023214630873,0.0,0.0,0.0,
0.0,0.10663476747583309,0.10500600594082786,0.03762023214630873,0.0,0.0,0.0,
0.0,0.10382407448530405,0.10500600594082786,0.03762023214630873,0.0,0.0,0.0,
0.0,0.10129445079382791,0.10018549077168272,0.03762023214630873,0.0,0.0,0.0,
0.0,0.10129445079382791,0.09710051127066491,0.03762023214630873,0.0,0.0,0.0,
0.0,0.09631322404127317,0.09493505331313094,0.03762023214630873,0.0,0.0,0.0,
0.0,0.09631322404127317,0.09493505331313094,0.046735387892487726,0.0,0.0,0.0,
0.0,0.09327232758421423,0.09342917164569571,0.046735387892487726,0.0,0.0,0.0,
0.0,0.09327232758421423,0.09191991855024641,0.046735387892487726,0.0,0.0,0.0,
0.0,0.0943912351865539,0.09191991855024641,0.046735387892487726,0.0,0.0,0.0,
0.0,0.09596202279165096,0.09122313786201161,0.046735387892487726,0.0,0.0,0.0,
0.0,0.09596202279165096,0.08972629560304658,0.046735387892487726,0.0,0.0,0.0,
0.0,0.09596202279165096,0.08339594040691121,0.046735387892487726,0.0,0.0,0.0,
0.0,0.097270660650808,0.08339594040691121,0.046735387892487726,0.0,0.0,0.0,
0.0,0.09901336517470331,0.08339594040691121,0.046735387892487726,0.0,0.0,0.0,
0.0,0.09647232278736254,0.08339594040691121,0.046735387892487726,0.0,0.0,0.0,
0.0,0.09862612782408996,0.08240920181774211,0.046735387892487726,0.0,0.0,0.0,
0.0,0.10421555818792225,0.08240920181774211,0.046735387892487726,0.0,0.0,0.0,
0.0,0.10317340260604302,0.08151444227674313,0.046735387892487726,0.0,0.0,0.0,
0.0,0.10559924434867422,0.08151444227674313,0.046735387892487726,0.0,0.0,0.0,
0.0,0.10829269342020684,0.08151444227674313,0.046735387892487726,0.0,0.0,0.0,
0.0,0.11120891542872363,0.08151444227674313,0.046735387892487726,0.0,0.0,0.0,
0.0,0.11276256476673424,0.0806958474528279,0.046735387892487726,0.0,0.0,0.0,
0.0,0.11276256476673424,0.08678606351875842,0.046735387892487726,0.0,0.0,0.0,
0.0,0.10881915769381989,0.08678606351875842,0.046735387892487726,0.0,0.0,0.0,
0.0,0.10927998276237005,0.08678606351875842,0.046735387892487726,0.0,0.0,0.0,
0.0,0.10927998276237005,0.09315180976842392,0.046735387892487726,0.0,0.0,0.0,
0.0,0.10810404217592126,0.09315180976842392,0.046735387892487726,0.0,0.0,0.0,
0.0,0.11107383918488199,0.09101833416206838,0.046735387892487726,0.0,0.0,0.0,
0.0,0.11107383918488199,0.09664849353718631,0.046735387892487726,0.0,0.0,0.0,
0.0,0.11107383918488199,0.10139115663791132,0.046735387892487726,0.0,0.0,0.0,
0.0,0.11107383918488199,0.09849422014573078,0.046735387892487726,0.0,0.0,0.0,
0.0,0.11453983760513266,0.09588697730276831,0.046735387892487726,0.0,0.0,0.0,
0.0,0.11800433963851004,0.09588697730276831,0.046735387892487726,0.0,0.0,0.0,
0.0,0.12200400943248055,0.09588697730276831,0.046735387892487726,0.0,0.0,0.0,
0.0,0.1252679192791355,0.09371593892433856,0.046735387892487726,0.0,0.0,0.0,
0.0,0.1284918526469886,0.09371593892433856,0.046735387892487726,0.0,0.0,0.0,
0.0,0.13076800405320527,0.09371593892433856,0.046735387892487726,0.0,0.0,0.0,
0.0,0.13358121560178132,0.09371593892433856,0.046735387892487726,0.0,0.0,0.0,
0.0,0.1343875113194749,0.09176200438375179,0.046735387892487726,0.0,0.0,0.0,
0.0,0.13666151999011816,0.09176200438375179,0.046735387892487726,0.0,0.0,0.0,
0.0,0.1384849185939493,0.09176200438375179,0.046735387892487726,0.0,0.0,0.0,
0.0,0.14056283732648134,0.09176200438375179,0.046735387892487726,0.0,0.0,0.0,
0.0,0.1422618656947372,0.09176200438375179,0.046735387892487726,0.0,0.0,0.0,
0.0,0.14464220944119524,0.09176200438375179,0.046735387892487726,0.0,0.0,0.0,
0.0,0.1462403025664451,0.09176200438375179,0.046735387892487726,0.0,0.0,0.0,
0.0,0.14152784060699808,0.09176200438375179,0.046735387892487726,0.0,0.0,0.0,
0.0,0.1320083626992849,0.09176200438375179,0.046735387892487726,0.0,0.0,0.0,
0.0,0.13539188306265362,0.09969848324433683,0.046735387892487726,0.0,0.0,0.0,
0.0,0.12965050496664768,0.09969848324433683,0.046735387892487726,0.0,0.0,0.0,
0.0,0.13667509131465924,0.09969848324433683,0.046735387892487726,0.0,0.0,0.0,
0.0,0.1397473565106075,0.09969848324433683,0.046735387892487726,0.0,0.0,0.0,
0.0,0.14234921893602706,0.09969848324433683,0.046735387892487726,0.0,0.0,0.0,
0.0,0.14506635820562333,0.09969848324433683,0.046735387892487726,0.0,0.0,0.0,
0.0,0.14789182549895494,0.09969848324433683,0.046735387892487726,0.0,0.0,0.0,
0.0,0.15265202134543476,0.09969848324433683,0.046735387892487726,0.0,0.0,0.0,
0.0,0.1544067655591447,0.09969848324433683,0.046735387892487726,0.0,0.0,0.0,
0.0,0.15684728067630885,0.09969848324433683,0.046735387892487726,0.0,0.0,0.0,
0.0,0.1586288384865005,0.09969848324433683,0.046735387892487726,0.0,0.0,0.0,
0.0,0.16070368224850182,0.09969848324433683,0.046735387892487726,0.0,0.0,0.0,
0.0,0.16064400766165707,0.09969848324433683,0.046735387892487726,0.0,0.0,0.0,
0.0,0.1631757862098543,0.09969848324433683,0.046735387892487726,0.0,0.0,0.0,
0.0,0.16481775244226063,0.09969848324433683,0.046735387892487726,0.0,0.0,0.0,
0.0,0.1669143541429252,0.09969848324433683,0.046735387892487726,0.0,0.0,0.0,
0.0,0.14962122795579116,0.09969848324433683,0.046735387892487726,0.0,0.0,0.0,
0.0,0.15279412286391608,0.09969848324433683,0.046735387892487726,0.0,0.0,0.0,
0.0,0.1548153504636856,0.09969848324433683,0.046735387892487726,0.0,0.0,0.0,
0.0,0.15767772293399118,0.09969848324433683,0.046735387892487726,0.0,0.0,0.0,
0.0,0.1606061194263177,0.09969848324433683,0.046735387892487726,0.0,0.0,0.0,
0.0,0.16314960359458996,0.09969848324433683,0.046735387892487726,0.0,0.0,0.0,
0.0,0.16573480571137228,0.09969848324433683,0.046735387892487726,0.0,0.0,0.0,
0.0,0.16754334017376968,0.09969848324433683,0.046735387892487726,0.0,0.0,0.0,
0.0,0.16949480005186732,0.09969848324433683,0.046735387892487726,0.0,0.0,0.0,
0.0,0.1709026138650449,0.09969848324433683,0.046735387892487726,0.0,0.0,0.0,
0.0,0.17282698597545287,0.09969848324433683,0.046735387892487726,0.0,0.0,0.0,
0.0,0.17428372649739937,0.09969848324433683,0.046735387892487726,0.0,0.0,0.0,
0.0,0.17622408219372132,0.09969848324433683,0.046735387892487726,0.0,0.0,0.0,
0.0,0.17187194407492876,0.09969848324433683,0.046735387892487726,0.0,0.0,0.0,
0.0,0.17358910557122215,0.09969848324433683,0.046735387892487726,0.0,0.0,0.0,
0.0,0.17548659870672154,0.09969848324433683,0.046735387892487726,0.0,0.0,0.0,
0.0,0.17898899230318907,0.09969848324433683,0.046735387892487726,0.0,0.0,0.0,
0.0,0.18150606839614616,0.09969848324433683,0.046735387892487726,0.0,0.0,0.0,
0.0,0.1818466879106243,0.09969848324433683,0.046735387892487726,0.0,0.0,0.0,
0.0,0.1792486392098439,0.09969848324433683,0.046735387892487726,0.0,0.0,0.0,
0.0,0.18050527393437654,0.09969848324433683,0.046735387892487726,0.0,0.0,0.0,
0.0,0.18195423228175844,0.09969848324433683,0.046735387892487726,0.0,0.0,0.0,
0.0,0.182873505881499,0.09969848324433683,0.046735387892487726,0.0,0.0,0.0,
0.0,0.18400476161462828,0.09969848324433683,0.046735387892487726,0.0,0.0,0.0,
0.0,0.18400476161462828,0.09883633908684009,0.046735387892487726,0.0,0.0,0.0,
0.0,0.18548606356078012,0.09883633908684009,0.046735387892487726,0.0,0.0,0.0,
0.0,0.1767339093752865,0.09883633908684009,0.046735387892487726,0.0,0.0,0.0,
0.0,0.17887705740142787,0.09883633908684009,0.046735387892487726,0.0,0.0,0.0,
0.0,0.17016851929476692,0.09883633908684009,0.046735387892487726,0.0,0.0,0.0,
0.0,0.17356552149006677,0.09883633908684009,0.046735387892487726,0.0,0.0,0.0,
0.0,0.1764362862798606,0.09883633908684009,0.046735387892487726,0.0,0.0,0.0,
0.0,0.17920578137966656,0.09883633908684009,0.046735387892487726,0.0,0.0,0.0,
0.0,0.18416681274668747,0.09883633908684009,0.046735387892487726,0.0,0.0,0.0,
0.0,0.17787959785130894,0.09883633908684009,0.046735387892487726,0.0,0.0,0.0,
0.0,0.17992580915077006,0.09883633908684009,0.046735387892487726,0.0,0.0,0.0,
0.0,0.18186574073157535,0.09883633908684009,0.046735387892487726,0.0,0.0,0.0,
0.0,0.18360400863045742,0.09883633908684009,0.046735387892487726,0.0,0.0,0.0,
0.0,0.1749217859602999,0.09883633908684009,0.046735387892487726,0.0,0.0,0.0,
0.0,0.17532265828526433,0.09883633908684009,0.046735387892487726,0.0,0.0,0.0,
0.0,0.17895316067976894,0.09883633908684009,0.046735387892487726,0.0,0.0,0.0,
0.0,0.18057531945673316,0.09883633908684009,0.046735387892487726,0.0,0.0,0.0,
0.0,0.18081855539337102,0.09883633908684009,0.046735387892487726,0.0,0.0,0.0,
0.0,0.18305606291545246,0.09883633908684009,0.046735387892487726,0.0,0.0,0.0,
0.0,0.1762472634119283,0.09883633908684009,0.046735387892487726,0.0,0.0,0.0,
0.0,0.17915383526770629,0.09883633908684009,0.046735387892487726,0.0,0.0,0.0,
0.0,0.17457434988670184,0.09883633908684009,0.046735387892487726,0.0,0.0,0.0,
0.0,0.16689553911663663,0.09883633908684009,0.046735387892487726,0.0,0.0,0.0,
0.0,0.16447323751617066,0.09883633908684009,0.046735387892487726,0.0,0.0,0.0,
0.0,0.16875989521764068,0.09883633908684009,0.046735387892487726,0.0,0.0,0.0,
0.0,0.17305928696248393,0.09883633908684009,0.046735387892487726,0.0,0.0,0.0,
0.0,0.17606120363092106,0.09883633908684009,0.046735387892487726,0.0,0.0,0.0,
0.0,0.1800627581507659,0.09883633908684009,0.046735387892487726,0.0,0.0,0.0,
0.0,0.18412363181888244,0.09883633908684009,0.046735387892487726,0.0,0.0,0.0,
0.0,0.1919768395536455,0.09883633908684009,0.046735387892487726,0.0,0.0,0.0,
0.0,0.1871089836664394,0.09883633908684009,0.046735387892487726,0.0,0.0,0.0,
0.0,0.19063559649150935,0.09883633908684009,0.046735387892487726,0.0,0.0,0.0,
0.0,0.19277451647100255,0.09883633908684009,0.046735387892487726,0.0,0.0,0.0,
0.0,0.19497997558841898,0.09883633908684009,0.046735387892487726,0.0,0.0,0.0,
0.0,0.1964682964796601,0.09883633908684009,0.046735387892487726,0.0,0.0,0.0,
0.0,0.1994375223369453,0.09883633908684009,0.046735387892487726,0.0,0.0,0.0,
0.0,0.19921332793911034,0.09883633908684009,0.046735387892487726,0.0,0.0,0.0,
0.0,0.19956790528266594,0.09883633908684009,0.046735387892487726,0.0,0.0,0.0,
0.0,0.20262504893491273,0.09883633908684009,0.046735387892487726,0.0,0.0,0.0,
0.0,0.20592623779834565,0.09883633908684009,0.046735387892487726,0.0,0.0,0.0,
0.0,0.20907880946928956,0.09883633908684009,0.046735387892487726,0.0,0.0,0.0,
0.0,0.21421195805407722,0.09883633908684009,0.046735387892487726,0.0,0.0,0.0,
0.0,0.21633375371062546,0.09883633908684009,0.046735387892487726,0.0,0.0,0.0,
0.0,0.21728798983166106,0.09883633908684009,0.046735387892487726,0.0,0.0,0.0,
0.0,0.2186826436651455,0.09883633908684009,0.046735387892487726,0.0,0.0,0.0,
0.0,0.21976202863360955,0.09883633908684009,0.046735387892487726,0.0,0.0,0.0,
0.0,0.22097623537731734,0.09883633908684009,0.046735387892487726,0.0,0.0,0.0,
0.0,0.22009016401889583,0.09883633908684009,0.046735387892487726,0.0,0.0,0.0,
0.0,0.22045051517913594,0.09883633908684009,0.046735387892487726,0.0,0.0,0.0,
0.0,0.21993911979703318,0.09883633908684009,0.046735387892487726,0.0,0.0,0.0,
0.0,0.21977574226590033,0.09883633908684009,0.046735387892487726,0.0,0.0,0.0,
0.0,0.20912402043940603,0.09883633908684009,0.046735387892487726,0.0,0.0,0.0,
0.0,0.20932607400763859,0.09883633908684009,0.046735387892487726,0.0,0.0,0.0,
0.0,0.20795600337250789,0.09883633908684009,0.046735387892487726,0.0,0.0,0.0,
0.0,0.20894728635411242,0.09883633908684009,0.046735387892487726,0.0,0.0,0.0,
0.0,0.20744881829622525,0.09883633908684009,0.046735387892487726,0.0,0.0,0.0,
0.0,0.20780880418101758,0.09883633908684009,0.046735387892487726,0.0,0.0,0.0,
0.0,0.20752494647921912,0.09883633908684009,0.046735387892487726,0.0,0.0,0.0,
0.0,0.2058397639861907,0.09883633908684009,0.046735387892487726,0.0,0.0,0.0,
0.0,0.20656198628015882,0.09883633908684009,0.046735387892487726,0.0,0.0,0.0,
0.0,0.20761260878643772,0.09883633908684009,0.046735387892487726,0.0,0.0,0.0,
0.0,0.20066004123965203,0.09883633908684009,0.046735387892487726,0.0,0.0,0.0,
0.0,0.20310782766056776,0.09883633908684009,0.046735387892487726,0.0,0.0,0.0,
0.0,0.20555893536656586,0.09883633908684009,0.046735387892487726,0.0,0.0,0.0,
0.0,0.20016502570628947,0.09883633908684009,0.046735387892487726,0.0,0.0,0.0,
0.0,0.20381242325709673,0.09883633908684009,0.046735387892487726,0.0,0.0,0.0,
0.0,0.20750850342048988,0.09883633908684009,0.046735387892487726,0.0,0.0,0.0,
0.0,0.21102142839515273,0.09883633908684009,0.046735387892487726,0.0,0.0,0.0,
0.0,0.21459957140083363,0.09883633908684009,0.046735387892487726,0.0,0.0,0.0,
0.0,0.20472292176935875,0.09883633908684009,0.046735387892487726,0.0,0.0,0.0,
0.0,0.20971013080838818,0.09883633908684009,0.046735387892487726,0.0,0.0,0.0,
0.0,0.21454374087512446,0.09883633908684009,0.046735387892487726,0.0,0.0,0.0,
0.0,0.2189900871284724,0.09883633908684009,0.046735387892487726,0.0,0.0,0.0,
0.0,0.20900785713567543,0.09883633908684009,0.046735387892487726,0.0,0.0,0.0,
0.0,0.21090274071415438,0.09883633908684009,0.046735387892487726,0.0,0.0,0.0,
0.0,0.21840782487527938,0.09883633908684009,0.046735387892487726,0.0,0.0,0.0,
0.0,0.22055034290038705,0.09883633908684009,0.046735387892487726,0.0,0.0,0.0,
0.0,0.22474174692100396,0.09883633908684009,0.046735387892487726,0.0,0.0,0.0,
0.0,0.22624299339113157,0.09883633908684009,0.046735387892487726,0.0,0.0,0.0,
0.0,0.23015106671155536,0.09883633908684009,0.046735387892487726,0.0,0.0,0.0,
0.0,0.2196565288664007,0.09883633908684009,0.046735387892487726,0.0,0.0,0.0,
0.0,0.2263043543387305,0.09883633908684009,0.046735387892487726,0.0,0.0,0.0,
0.0,0.22795463896366083,0.09883633908684009,0.046735387892487726,0.0,0.0,0.0,
0.0,0.2222600803859803,0.09883633908684009,0.046735387892487726,0.0,0.0,0.0,
0.0,0.22422155074419692,0.09883633908684009,0.046735387892487726,0.0,0.0,0.0,
0.0,0.2261626823247676,0.09883633908684009,0.046735387892487726,0.0,0.0,0.0,
0.0,0.2280992255102285,0.09883633908684009,0.046735387892487726,0.0,0.0,0.0,
0.0,0.2300199784798564,0.09883633908684009,0.046735387892487726,0.0,0.0,0.0,
0.0,0.2298566751975169,0.09883633908684009,0.046735387892487726,0.0,0.0,0.0,
0.0,0.2305768255004486,0.09883633908684009,0.046735387892487726,0.0,0.0,0.0,
0.0,0.231446445904511,0.09883633908684009,0.046735387892487726,0.0,0.0,0.0,
0.0,0.23243967757334383,0.09883633908684009,0.046735387892487726,0.0,0.0,0.0,
0.0,0.23329241205875248,0.09883633908684009,0.046735387892487726,0.0,0.0,0.0,
0.0,0.22315587741966303,0.09883633908684009,0.046735387892487726,0.0,0.0,0.0,
0.0,0.21400757464559844,0.09883633908684009,0.046735387892487726,0.0,0.0,0.0,
0.0,0.2164736005381317,0.09883633908684009,0.046735387892487726,0.0,0.0,0.0,
0.0,0.2201278014263684,0.09883633908684009,0.046735387892487726,0.0,0.0,0.0,
0.0,0.22126988562284594,0.09883633908684009,0.046735387892487726,0.0,0.0,0.0,
0.0,0.2217995155055475,0.09883633908684009,0.046735387892487726,0.0,0.0,0.0,
0.0,0.21478593595046974,0.09883633908684009,0.046735387892487726,0.0,0.0,0.0,
0.0,0.22079089789593534,0.09883633908684009,0.046735387892487726,0.0,0.0,0.0,
0.0,0.2220885314631222,0.09883633908684009,0.046735387892487726,0.0,0.0,0.0,
0.0,0.21411010400180336,0.09883633908684009,0.046735387892487726,0.0,0.0,0.0,
0.0,0.215566086456157,0.09883633908684009,0.046735387892487726,0.0,0.0,0.0,
0.0,0.2171635602625268,0.09883633908684009,0.046735387892487726,0.0,0.0,0.0,
0.0,0.2188771759326535,0.09883633908684009,0.046735387892487726,0.0,0.0,0.0,
0.0,0.21123798956320405,0.09883633908684009,0.046735387892487726,0.0,0.0,0.0,
0.0,0.214071780047366,0.09883633908684009,0.046735387892487726,0.0,0.0,0.0,
0.0,0.21687695273526317,0.09883633908684009,0.046735387892487726,0.0,0.0,0.0,
0.0,0.21180564376510322,0.09883633908684009,0.046735387892487726,0.0,0.0,0.0,
0.0,0.21464419767411136,0.09883633908684009,0.046735387892487726,0.0,0.0,0.0,
0.0,0.21710580726934073,0.09883633908684009,0.046735387892487726,0.0,0.0,0.0,
0.0,0.21949060622263267,0.09883633908684009,0.046735387892487726,0.0,0.0,0.0,
0.0,0.22182326073719266,0.09883633908684009,0.046735387892487726,0.0,0.0,0.0,
0.0,0.2255317195865415,0.09883633908684009,0.046735387892487726,0.0,0.0,0.0,
0.0,0.2272144532062281,0.09883633908684009,0.046735387892487726,0.0,0.0,0.0,
0.0,0.22885994815426067,0.09883633908684009,0.046735387892487726,0.0,0.0,0.0,
0.0,0.23046388362468354,0.09883633908684009,0.046735387892487726,0.0,0.0,0.0,
0.0,0.22040737352946208,0.09883633908684009,0.046735387892487726,0.0,0.0,0.0,
0.0,0.21369700576091247,0.09883633908684009,0.046735387892487726,0.0,0.0,0.0,
0.0,0.21749860257330447,0.09883633908684009,0.046735387892487726,0.0,0.0,0.0,
0.0,0.21826486731937866,0.09883633908684009,0.046735387892487726,0.0,0.0,0.0,
0.0,0.21793379780194183,0.09883633908684009,0.046735387892487726,0.0,0.0,0.0,
0.0,0.209813013112633,0.09883633908684009,0.046735387892487726,0.0,0.0,0.0,
0.0,0.21016241952292106,0.09883633908684009,0.046735387892487726,0.0,0.0,0.0,
0.0,0.21057954392922995,0.09883633908684009,0.046735387892487726,0.0,0.0,0.0,
0.0,0.20340524006291885,0.09883633908684009,0.046735387892487726,0.0,0.0,0.0,
0.0,0.20437206888206444,0.09883633908684009,0.046735387892487726,0.0,0.0,0.0,
0.0,0.2054531952517509,0.09883633908684009,0.046735387892487726,0.0,0.0,0.0,
0.0,0.20666387206996836,0.09883633908684009,0.046735387892487726,0.0,0.0,0.0,
0.0,0.20675929082167543,0.09883633908684009,0.046735387892487726,0.0,0.0,0.0,
0.0,0.20021767514531028,0.09883633908684009,0.046735387892487726,0.0,0.0,0.0,
0.0,0.19646089538183617,0.09883633908684009,0.046735387892487726,0.0,0.0,0.0,
0.0,0.20069590184249217,0.09883633908684009,0.046735387892487726,0.0,0.0,0.0,
0.0,0.19717421366484505,0.09883633908684009,0.046735387892487726,0.0,0.0,0.0,
0.0,0.19895421393667143,0.09883633908684009,0.046735387892487726,0.0,0.0,0.0,
0.0,0.2007369605471634,0.09883633908684009,0.046735387892487726,0.0,0.0,0.0,
0.0,0.20436745496743866,0.09883633908684009,0.046735387892487726,0.0,0.0,0.0,
0.0,0.20587795754378105,0.09883633908684009,0.046735387892487726,0.0,0.0,0.0,
0.0,0.20756642096981456,0.09883633908684009,0.046735387892487726,0.0,0.0,0.0,
0.0,0.21229584300413654,0.09883633908684009,0.046735387892487726,0.0,0.0,0.0,
0.0,0.21311492316757744,0.09883633908684009,0.046735387892487726,0.0,0.0,0.0,
0.0,0.21428320197435494,0.09883633908684009,0.046735387892487726,0.0,0.0,0.0,
0.0,0.215717876948203,0.09883633908684009,0.046735387892487726,0.0,0.0,0.0,
0.0,0.2190166228685158,0.09883633908684009,0.046735387892487726,0.0,0.0,0.0,
0.0,0.2215507566798604,0.09883633908684009,0.046735387892487726,0.0,0.0,0.0,
0.0,0.22300321968408032,0.09883633908684009,0.046735387892487726,0.0,0.0,0.0,
0.0,0.22374941919385766,0.09883633908684009,0.046735387892487726,0.0,0.0,0.0,
0.0,0.21541642897993535,0.09883633908684009,0.046735387892487726,0.0,0.0,0.0,
0.0,0.20757843603772716,0.09883633908684009,0.046735387892487726,0.0,0.0,0.0,
0.0,0.21073938807622072,0.09883633908684009,0.046735387892487726,0.0,0.0,0.0,
0.0,0.2138453601959117,0.09883633908684009,0.046735387892487726,0.0,0.0,0.0,
0.0,0.21705157295795535,0.09883633908684009,0.046735387892487726,0.0,0.0,0.0,
0.0,0.22008331523132518,0.09883633908684009,0.046735387892487726,0.0,0.0,0.0,
0.0,0.21362499092049364,0.09883633908684009,0.046735387892487726,0.0,0.0,0.0,
0.0,0.21671634864126924,0.09883633908684009,0.046735387892487726,0.0,0.0,0.0,
0.0,0.21967302469162628,0.09883633908684009,0.046735387892487726,0.0,0.0,0.0,
0.0,0.2244205845466895,0.09883633908684009,0.046735387892487726,0.0,0.0,0.0,
0.0,0.2264292898663678,0.09883633908684009,0.046735387892487726,0.0,0.0,0.0,
0.0,0.21162725005508146,0.09883633908684009,0.046735387892487726,0.0,0.0,0.0,
0.0,0.21448365243635864,0.09883633908684009,0.046735387892487726,0.0,0.0,0.0,
0.0,0.2189354473868103,0.09883633908684009,0.046735387892487726,0.0,0.0,0.0,
0.0,0.2207506759444704,0.09883633908684009,0.046735387892487726,0.0,0.0,0.0,
0.0,0.22084238844103404,0.09883633908684009,0.046735387892487726,0.0,0.0,0.0,
0.0,0.22331348985624863,0.09883633908684009,0.046735387892487726,0.0,0.0,0.0,
0.0,0.22606262218132714,0.09883633908684009,0.046735387892487726,0.0,0.0,0.0,
0.0,0.21731325398336906,0.09883633908684009,0.046735387892487726,0.0,0.0,0.0,
0.0,0.2209434560233715,0.09883633908684009,0.046735387892487726,0.0,0.0,0.0,
0.0,0.2235475575489738,0.09883633908684009,0.046735387892487726,0.0,0.0,0.0,
0.0,0.22764662407509256,0.09883633908684009,0.046735387892487726,0.0,0.0,0.0,
0.0,0.2293069968233051,0.09883633908684009,0.046735387892487726,0.0,0.0,0.0,
0.0,0.2306329561827374,0.09883633908684009,0.046735387892487726,0.0,0.0,0.0,
0.0,0.23220333251263775,0.09883633908684009,0.046735387892487726,0.0,0.0,0.0,
0.0,0.2338153575434411,0.09883633908684009,0.046735387892487726,0.0,0.0,0.0,
0.0,0.23543261644873062,0.09883633908684009,0.046735387892487726,0.0,0.0,0.0,
0.0,0.23486664543130845,0.09883633908684009,0.046735387892487726,0.0,0.0,0.0,
0.0,0.23655206213822502,0.09883633908684009,0.046735387892487726,0.0,0.0,0.0,
0.0,0.23657862711700556,0.09883633908684009,0.046735387892487726,0.0,0.0,0.0,
0.0,0.23668151993508135,0.09883633908684009,0.046735387892487726,0.0,0.0,0.0,
0.0,0.2368644178770588,0.09883633908684009,0.046735387892487726,0.0,0.0,0.0,
0.0,0.23713233333529948,0.09883633908684009,0.046735387892487726,0.0,0.0,0.0,
0.0,0.2374907639097176,0.09883633908684009,0.046735387892487726,0.0,0.0,0.0,
0.0,0.2379450896634229,0.09883633908684009,0.046735387892487726,0.0,0.0,0.0,
0.0,0.22821198465997128,0.09883633908684009,0.046735387892487726,0.0,0.0,0.0,
0.0,0.22987489284000717,0.09883633908684009,0.046735387892487726,0.0,0.0,0.0,
0.0,0.22434437667052448,0.09883633908684009,0.046735387892487726,0.0,0.0,0.0,
0.0,0.22617986601936096,0.09883633908684009,0.046735387892487726,0.0,0.0,0.0,
0.0,0.22796902073649267,0.09883633908684009,0.046735387892487726,0.0,0.0,0.0,
0.0,0.22973555729600545,0.09883633908684009,0.046735387892487726,0.0,0.0,0.0,
0.0,0.23136674314909414,0.09883633908684009,0.046735387892487726,0.0,0.0,0.0,
0.0,0.22384695069905822,0.09883633908684009,0.046735387892487726,0.0,0.0,0.0,
0.0,0.21621638871491586,0.09883633908684009,0.046735387892487726,0.0,0.0,0.0,
0.0,0.2076742045077918,0.09883633908684009,0.046735387892487726,0.0,0.0,0.0,
0.0,0.2021987254814278,0.09883633908684009,0.046735387892487726,0.0,0.0,0.0,
0.0,0.2064212688666643,0.09883633908684009,0.046735387892487726,0.0,0.0,0.0,
0.0,0.2104612865106566,0.09883633908684009,0.046735387892487726,0.0,0.0,0.0,
0.0,0.2164864562736642,0.09883633908684009,0.046735387892487726,0.0,0.0,0.0,
0.0,0.21854078977912297,0.09883633908684009,0.046735387892487726,0.0,0.0,0.0,
0.0,0.22051252677536598,0.09883633908684009,0.046735387892487726,0.0,0.0,0.0,
0.0,0.2235116406033417,0.09883633908684009,0.046735387892487726,0.0,0.0,0.0,
0.0,0.22495827546634242,0.09883633908684009,0.046735387892487726,0.0,0.0,0.0,
0.0,0.2180122105829852,0.09883633908684009,0.046735387892487726,0.0,0.0,0.0,
0.0,0.22042416322674774,0.09883633908684009,0.046735387892487726,0.0,0.0,0.0,
0.0,0.22081201557049002,0.09883633908684009,0.046735387892487726,0.0,0.0,0.0,
0.0,0.22334003025808352,0.09883633908684009,0.046735387892487726,0.0,0.0,0.0,
0.0,0.22613297071716107,0.09883633908684009,0.046735387892487726,0.0,0.0,0.0,
0.0,0.22809258967544316,0.09883633908684009,0.046735387892487726,0.0,0.0,0.0,
0.0,0.22378605903382745,0.09883633908684009,0.046735387892487726,0.0,0.0,0.0,
0.0,0.2189138368801997,0.09883633908684009,0.046735387892487726,0.0,0.0,0.0,
0.0,0.22242112589892746,0.09883633908684009,0.046735387892487726,0.0,0.0,0.0,
0.0,0.22571424363450673,0.09883633908684009,0.046735387892487726,0.0,0.0,0.0,
0.0,0.22878556292628896,0.09883633908684009,0.046735387892487726,0.0,0.0,0.0,
0.0,0.22987607984209604,0.09883633908684009,0.046735387892487726,0.0,0.0,0.0,
0.0,0.23137617220089254,0.09883633908684009,0.046735387892487726,0.0,0.0,0.0,
0.0,0.232944765721337,0.09883633908684009,0.046735387892487726,0.0,0.0,0.0,
0.0,0.2304299117703119,0.09883633908684009,0.046735387892487726,0.0,0.0,0.0,
0.0,0.23084958589874555,0.09883633908684009,0.046735387892487726,0.0,0.0,0.0,
0.0,0.2294005331147458,0.09883633908684009,0.046735387892487726,0.0,0.0,0.0,
0.0,0.22042120741605195,0.09883633908684009,0.046735387892487726,0.0,0.0,0.0,
0.0,0.2219253872011867,0.09883633908684009,0.046735387892487726,0.0,0.0,0.0,
0.0,0.21601577917817935,0.09883633908684009,0.046735387892487726,0.0,0.0,0.0,
0.0,0.22029010252710568,0.09883633908684009,0.046735387892487726,0.0,0.0,0.0,
0.0,0.221871476039998,0.09883633908684009,0.046735387892487726,0.0,0.0,0.0,
0.0,0.22496126415551734,0.09883633908684009,0.046735387892487726,0.0,0.0,0.0,
0.0,0.22638318432039115,0.09883633908684009,0.046735387892487726,0.0,0.0,0.0,
0.0,0.22805207389446108,0.09883633908684009,0.046735387892487726,0.0,0.0,0.0,
0.0,0.2298148820949586,0.09883633908684009,0.046735387892487726,0.0,0.0,0.0,
0.0,0.23165569940602235,0.09883633908684009,0.046735387892487726,0.0,0.0,0.0,
0.0,0.23355412950416937,0.09883633908684009,0.046735387892487726,0.0,0.0,0.0,
0.0,0.23549603500153077,0.09883633908684009,0.046735387892487726,0.0,0.0,0.0,
0.0,0.2374719428216493,0.09883633908684009,0.046735387892487726,0.0,0.0,0.0,
0.0,0.23947580200284238,0.09883633908684009,0.046735387892487726,0.0,0.0,0.0,
0.0,0.2414300150111097,0.09883633908684009,0.046735387892487726,0.0,0.0,0.0,
0.0,0.24334544189329976,0.09883633908684009,0.046735387892487726,0.0,0.0,0.0,
0.0,0.24458296015703682,0.09883633908684009,0.046735387892487726,0.0,0.0,0.0,
0.0,0.24508428357226453,0.09883633908684009,0.046735387892487726,0.0,0.0,0.0,
0.0,0.24538936342112438,0.09883633908684009,0.046735387892487726,0.0,0.0,0.0,
0.0,0.246314698103265,0.09883633908684009,0.046735387892487726,0.0,0.0,0.0,
0.0,0.2375500917599819,0.09883633908684009,0.046735387892487726,0.0,0.0,0.0,
0.0,0.22638769812688853,0.09883633908684009,0.046735387892487726,0.0,0.0,0.0,
0.0,0.2198517826834645,0.09883633908684009,0.046735387892487726,0.0,0.0,0.0,
0.0,0.21650192455658915,0.09883633908684009,0.046735387892487726,0.0,0.0,0.0,
0.0,0.2188355088752858,0.09883633908684009,0.046735387892487726,0.0,0.0,0.0,
0.0,0.2117675212351367,0.09883633908684009,0.046735387892487726,0.0,0.0,0.0,
0.0,0.20589626843269493,0.09883633908684009,0.046735387892487726,0.0,0.0,0.0,
0.0,0.21022625692602653,0.09883633908684009,0.046735387892487726,0.0,0.0,0.0,
0.0,0.21444911043989806,0.09883633908684009,0.046735387892487726,0.0,0.0,0.0,
0.0,0.21788162915000653,0.09883633908684009,0.046735387892487726,0.0,0.0,0.0,
0.0,0.22280171524875625,0.09883633908684009,0.046735387892487726,0.0,0.0,0.0,
0.0,0.22497256239853927,0.09883633908684009,0.046735387892487726,0.0,0.0,0.0,
0.0,0.22600430122212023,0.09883633908684009,0.046735387892487726,0.0,0.0,0.0,
0.0,0.2281320766315954,0.09883633908684009,0.046735387892487726,0.0,0.0,0.0,
0.0,0.23106508506851617,0.09883633908684009,0.046735387892487726,0.0,0.0,0.0,
0.0,0.2331860957510694,0.09883633908684009,0.046735387892487726,0.0,0.0,0.0,
0.0,0.22926584235873945,0.09883633908684009,0.046735387892487726,0.0,0.0,0.0,
0.0,0.2312788423887657,0.09883633908684009,0.046735387892487726,0.0,0.0,0.0,
0.0,0.23306318887058797,0.09883633908684009,0.046735387892487726,0.0,0.0,0.0,
0.0,0.23467205470360147,0.09883633908684009,0.046735387892487726,0.0,0.0,0.0,
0.0,0.2372856398263375,0.09883633908684009,0.046735387892487726,0.0,0.0,0.0,
0.0,0.23836750371543286,0.09883633908684009,0.046735387892487726,0.0,0.0,0.0,
0.0,0.2406289160649872,0.09883633908684009,0.046735387892487726,0.0,0.0,0.0,
0.0,0.2397289947373765,0.09883633908684009,0.046735387892487726,0.0,0.0,0.0,
0.0,0.23836183826166918,0.09883633908684009,0.046735387892487726,0.0,0.0,0.0,
0.0,0.2404916070317219,0.09883633908684009,0.046735387892487726,0.0,0.0,0.0,
0.0,0.24148965897887,0.09883633908684009,0.046735387892487726,0.0,0.0,0.0,
0.0,0.24269612026439197,0.09883633908684009,0.046735387892487726,0.0,0.0,0.0,
0.0,0.24398258310835583,0.09883633908684009,0.046735387892487726,0.0,0.0,0.0,
0.0,0.24307062775779995,0.09883633908684009,0.046735387892487726,0.0,0.0,0.0,
0.0,0.2445757872323697,0.09883633908684009,0.046735387892487726,0.0,0.0,0.0,
0.0,0.23516535861835206,0.09883633908684009,0.046735387892487726,0.0,0.0,0.0,
0.0,0.23774271402533537,0.09883633908684009,0.046735387892487726,0.0,0.0,0.0,
0.0,0.24021742162499038,0.09883633908684009,0.046735387892487726,0.0,0.0,0.0,
0.0,0.24045383647200666,0.09883633908684009,0.046735387892487726,0.0,0.0,0.0,
0.0,0.24299327419011893,0.09883633908684009,0.046735387892487726,0.0,0.0,0.0,
0.0,0.24519421712165596,0.09883633908684009,0.046735387892487726,0.0,0.0,0.0,
0.0,0.24573709648189582,0.09883633908684009,0.046735387892487726,0.0,0.0,0.0,
0.0,0.24649944253178918,0.09883633908684009,0.046735387892487726,0.0,0.0,0.0,
0.0,0.24742925069028057,0.09883633908684009,0.046735387892487726,0.0,0.0,0.0,
0.0,0.24604053200808146,0.09883633908684009,0.046735387892487726,0.0,0.0,0.0,
0.0,0.24812183317627348,0.09883633908684009,0.046735387892487726,0.0,0.0,0.0,
0.0,0.24891066098173673,0.09883633908684009,0.046735387892487726,0.0,0.0,0.0,
0.0,0.2505893349811079,0.09883633908684009,0.046735387892487726,0.0,0.0,0.0,
0.0,0.2507511259133932,0.09883633908684009,0.046735387892487726,0.0,0.0,0.0,
0.0,0.23942542752986865,0.09883633908684009,0.046735387892487726,0.0,0.0,0.0,
0.0,0.2408011641982885,0.09883633908684009,0.046735387892487726,0.0,0.0,0.0,
0.0,0.24202898606069134,0.09883633908684009,0.046735387892487726,0.0,0.0,0.0,
0.0,0.24222191247734395,0.09883633908684009,0.046735387892487726,0.0,0.0,0.0,
0.0,0.2387712346251364,0.09883633908684009,0.046735387892487726,0.0,0.0,0.0,
0.0,0.23034180938560425,0.09883633908684009,0.046735387892487726,0.0,0.0,0.0,
0.0,0.23031090427840273,0.09883633908684009,0.046735387892487726,0.0,0.0,0.0,
0.0,0.23053448838861165,0.09883633908684009,0.046735387892487726,0.0,0.0,0.0,
0.0,0.2309879343100893,0.09883633908684009,0.046735387892487726,0.0,0.0,0.0,
0.0,0.22881903794831945,0.09883633908684009,0.046735387892487726,0.0,0.0,0.0,
0.0,0.22152713275676927,0.09883633908684009,0.046735387892487726,0.0,0.0,0.0,
0.0,0.21633493399695775,0.09883633908684009,0.046735387892487726,0.0,0.0,0.0,
0.0,0.20058752548454684,0.09883633908684009,0.046735387892487726,0.0,0.0,0.0,
0.0,0.1945261717279323,0.09883633908684009,0.046735387892487726,0.0,0.0,0.0,
0.0,0.1963827841999894,0.09883633908684009,0.046735387892487726,0.0,0.0,0.0,
0.0,0.2005847292823356,0.09883633908684009,0.046735387892487726,0.0,0.0,0.0,
0.0,0.20685698190063687,0.09883633908684009,0.046735387892487726,0.0,0.0,0.0,
0.0,0.21435449551660007,0.09883633908684009,0.046735387892487726,0.0,0.0,0.0,
0.0,0.2165232376104438,0.09883633908684009,0.046735387892487726,0.0,0.0,0.0,
0.0,0.21230100749529907,0.09883633908684009,0.046735387892487726,0.0,0.0,0.0,
0.0,0.2123360173571545,0.09883633908684009,0.046735387892487726,0.0,0.0,0.0,
0.0,0.21458441315033217,0.09883633908684009,0.046735387892487726,0.0,0.0,0.0,
0.0,0.2145163179118805,0.09883633908684009,0.046735387892487726,0.0,0.0,0.0,
0.0,0.21858106378463407,0.09883633908684009,0.046735387892487726,0.0,0.0,0.0,
0.0,0.21790497326164318,0.09883633908684009,0.046735387892487726,0.0,0.0,0.0,
0.0,0.21979289574748637,0.09883633908684009,0.046735387892487726,0.0,0.0,0.0,
0.0,0.2217047448858073,0.09883633908684009,0.046735387892487726,0.0,0.0,0.0,
0.0,0.22362974521998552,0.09883633908684009,0.046735387892487726,0.0,0.0,0.0,
0.0,0.22556083387905715,0.09883633908684009,0.046735387892487726,0.0,0.0,0.0,
0.0,0.2269510548361489,0.09883633908684009,0.046735387892487726,0.0,0.0,0.0,
0.0,0.22077264747797087,0.09883633908684009,0.046735387892487726,0.0,0.0,0.0,
0.0,0.22344919958152398,0.09883633908684009,0.046735387892487726,0.0,0.0,0.0,
0.0,0.22600631128291684,0.09883633908684009,0.046735387892487726,0.0,0.0,0.0,
0.0,0.22844092627413654,0.09883633908684009,0.046735387892487726,0.0,0.0,0.0,
0.0,0.23242494468919792,0.09883633908684009,0.046735387892487726,0.0,0.0,0.0,
0.0,0.23393661484095815,0.09883633908684009,0.046735387892487726,0.0,0.0,0.0,
0.0,0.2347359723836278,0.09883633908684009,0.046735387892487726,0.0,0.0,0.0,
0.0,0.23529573431514794,0.09883633908684009,0.046735387892487726,0.0,0.0,0.0,
0.0,0.23596588977983282,0.09883633908684009,0.046735387892487726,0.0,0.0,0.0,
0.0,0.23610569258299302,0.09883633908684009,0.046735387892487726,0.0,0.0,0.0,
0.0,0.23638720911399372,0.09883633908684009,0.046735387892487726,0.0,0.0,0.0,
0.0,0.23145266224004526,0.09883633908684009,0.046735387892487726,0.0,0.0,0.0,
0.0,0.22423784888494092,0.09883633908684009,0.046735387892487726,0.0,0.0,0.0,
0.0,0.22596855424801707,0.09883633908684009,0.046735387892487726,0.0,0.0,0.0,
0.0,0.21929591223101558,0.09883633908684009,0.046735387892487726,0.0,0.0,0.0,
0.0,0.21960079400735222,0.09883633908684009,0.046735387892487726,0.0,0.0,0.0,
0.0,0.21747802702162009,0.09883633908684009,0.046735387892487726,0.0,0.0,0.0,
0.0,0.21364119566059492,0.09883633908684009,0.046735387892487726,0.0,0.0,0.0,
0.0,0.21445157164672093,0.09883633908684009,0.046735387892487726,0.0,0.0,0.0,
0.0,0.21504724196086422,0.09883633908684009,0.046735387892487726,0.0,0.0,0.0,
0.0,0.2164068611626893,0.09883633908684009,0.046735387892487726,0.0,0.0,0.0,
0.0,0.21721192002830572,0.09883633908684009,0.046735387892487726,0.0,0.0,0.0,
0.0,0.21184959135836648,0.09883633908684009,0.046735387892487726,0.0,0.0,0.0,
0.0,0.2151344243970843,0.09883633908684009,0.046735387892487726,0.0,0.0,0.0,
0.0,0.21664556818002687,0.09883633908684009,0.046735387892487726,0.0,0.0,0.0,
0.0,0.2183526101265576,0.09883633908684009,0.046735387892487726,0.0,0.0,0.0,
0.0,0.22020351724527953,0.09883633908684009,0.046735387892487726,0.0,0.0,0.0,
0.0,0.22218413094592437,0.09883633908684009,0.046735387892487726,0.0,0.0,0.0,
0.0,0.22428413546764708,0.09883633908684009,0.046735387892487726,0.0,0.0,0.0,
0.0,0.22649619882299948,0.09883633908684009,0.046735387892487726,0.0,0.0,0.0,
0.0,0.22310616411252623,0.09883633908684009,0.046735387892487726,0.0,0.0,0.0,
0.0,0.22607804421343727,0.09883633908684009,0.046735387892487726,0.0,0.0,0.0,
0.0,0.22659107195845624,0.09883633908684009,0.046735387892487726,0.0,0.0,0.0,
0.0,0.22946087835238602,0.09883633908684009,0.046735387892487726,0.0,0.0,0.0,
0.0,0.23230389343489505,0.09883633908684009,0.046735387892487726,0.0,0.0,0.0,
0.0,0.23512008389496236,0.09883633908684009,0.046735387892487726,0.0,0.0,0.0,
0.0,0.23791011078295332,0.09883633908684009,0.046735387892487726,0.0,0.0,0.0,
0.0,0.23988910020356552,0.09883633908684009,0.046735387892487726,0.0,0.0,0.0,
0.0,0.24183168788051423,0.09883633908684009,0.046735387892487726,0.0,0.0,0.0,
0.0,0.24375114204346937,0.09883633908684009,0.046735387892487726,0.0,0.0,0.0,
0.0,0.23851991738022146,0.09883633908684009,0.046735387892487726,0.0,0.0,0.0,
0.0,0.23894643094085188,0.09883633908684009,0.046735387892487726,0.0,0.0,0.0,
0.0,0.24164469397698654,0.09883633908684009,0.046735387892487726,0.0,0.0,0.0,
0.0,0.24395219590204265,0.09883633908684009,0.046735387892487726,0.0,0.0,0.0,
0.0,0.24618697071628493,0.09883633908684009,0.046735387892487726,0.0,0.0,0.0,
0.0,0.24833981821569193,0.09883633908684009,0.046735387892487726,0.0,0.0,0.0,
0.0,0.24917342599687944,0.09883633908684009,0.046735387892487726,0.0,0.0,0.0,
0.0,0.251151491028238,0.09883633908684009,0.046735387892487726,0.0,0.0,0.0,
0.0,0.2530420887860842,0.09883633908684009,0.046735387892487726,0.0,0.0,0.0,
0.0,0.2537796892725611,0.09883633908684009,0.046735387892487726,0.0,0.0,0.0,
0.0,0.2545565247411807,0.09883633908684009,0.046735387892487726,0.0,0.0,0.0,
0.0,0.2553177732890411,0.09883633908684009,0.046735387892487726,0.0,0.0,0.0,
0.0,0.25354687782425955,0.09883633908684009,0.046735387892487726,0.0,0.0,0.0,
0.0,0.25438337187652077,0.09883633908684009,0.046735387892487726,0.0,0.0,0.0,
0.0,0.2552709747204574,0.09883633908684009,0.046735387892487726,0.0,0.0,0.0,
0.0,0.25615040381925147,0.09883633908684009,0.046735387892487726,0.0,0.0,0.0,
0.0,0.25703638151914887,0.09883633908684009,0.046735387892487726,0.0,0.0,0.0,
0.0,0.24888049468119963,0.09883633908684009,0.046735387892487726,0.0,0.0,0.0,
0.0,0.2502026018452194,0.09883633908684009,0.046735387892487726,0.0,0.0,0.0,
0.0,0.25156958907121535,0.09883633908684009,0.046735387892487726,0.0,0.0,0.0,
0.0,0.25297979922353264,0.09883633908684009,0.046735387892487726,0.0,0.0,0.0,
0.0,0.25396813826378095,0.09883633908684009,0.046735387892487726,0.0,0.0,0.0,
0.0,0.2553103695744408,0.09883633908684009,0.046735387892487726,0.0,0.0,0.0,
0.0,0.25644707621845425,0.09883633908684009,0.046735387892487726,0.0,0.0,0.0,
0.0,0.2559978550794773,0.09883633908684009,0.046735387892487726,0.0,0.0,0.0,
0.0,0.25647537810151827,0.09883633908684009,0.046735387892487726,0.0,0.0,0.0,
0.0,0.2562555553259953,0.09883633908684009,0.046735387892487726,0.0,0.0,0.0,
0.0,0.25627016856965706,0.09883633908684009,0.046735387892487726,0.0,0.0,0.0,
0.0,0.2565584120717059,0.09883633908684009,0.046735387892487726,0.0,0.0,0.0,
0.0,0.256935764404773,0.09883633908684009,0.046735387892487726,0.0,0.0,0.0,
0.0,0.2572647278091771,0.09883633908684009,0.046735387892487726,0.0,0.0,0.0,
0.0,0.25524430847505897,0.09883633908684009,0.046735387892487726,0.0,0.0,0.0,
0.0,0.25575192394531515,0.09883633908684009,0.046735387892487726,0.0,0.0,0.0,
0.0,0.25622663413111574,0.09883633908684009,0.046735387892487726,0.0,0.0,0.0,
0.0,0.24868163962760212,0.09883633908684009,0.046735387892487726,0.0,0.0,0.0,
0.0,0.24992921965840945,0.09883633908684009,0.046735387892487726,0.0,0.0,0.0,
0.0,0.25109138072726866,0.09883633908684009,0.046735387892487726,0.0,0.0,0.0,
0.0,0.25158953172051646,0.09883633908684009,0.046735387892487726,0.0,0.0,0.0,
0.0,0.2520004958020345,0.09883633908684009,0.046735387892487726,0.0,0.0,0.0,
0.0,0.24276500341609258,0.09883633908684009,0.046735387892487726,0.0,0.0,0.0,
0.0,0.24438380897488599,0.09883633908684009,0.046735387892487726,0.0,0.0,0.0,
0.0,0.2448158482977807,0.09883633908684009,0.046735387892487726,0.0,0.0,0.0,
0.0,0.24521558507691424,0.09883633908684009,0.046735387892487726,0.0,0.0,0.0,
0.0,0.2455919269089894,0.09883633908684009,0.046735387892487726,0.0,0.0,0.0,
0.0,0.24573544400826966,0.09883633908684009,0.046735387892487726,0.0,0.0,0.0,
0.0,0.24591389787489612,0.09883633908684009,0.046735387892487726,0.0,0.0,0.0,
0.0,0.24571816621666137,0.09883633908684009,0.046735387892487726,0.0,0.0,0.0,
0.0,0.24524887289101008,0.09883633908684009,0.046735387892487726,0.0,0.0,0.0,
0.0,0.24141710396025254,0.09883633908684009,0.046735387892487726,0.0,0.0,0.0,
0.0,0.24082842168356144,0.09883633908684009,0.046735387892487726,0.0,0.0,0.0,
0.0,0.24051337225629843,0.09883633908684009,0.046735387892487726,0.0,0.0,0.0,
0.0,0.240072959299751,0.09883633908684009,0.046735387892487726,0.0,0.0,0.0,
0.0,0.2399600574082276,0.09883633908684009,0.046735387892487726,0.0,0.0,0.0,
0.0,0.23739520264498906,0.09883633908684009,0.046735387892487726,0.0,0.0,0.0,
0.0,0.2331700033023499,0.09883633908684009,0.046735387892487726,0.0,0.0,0.0,
0.0,0.2275371444828695,0.09883633908684009,0.046735387892487726,0.0,0.0,0.0,
0.0,0.22297698174085603,0.09883633908684009,0.046735387892487726,0.0,0.0,0.0,
0.0,0.22400028197471486,0.09883633908684009,0.046735387892487726,0.0,0.0,0.0,
0.0,0.2251688573520677,0.09883633908684009,0.046735387892487726,0.0,0.0,0.0,
0.0,0.22647579104842586,0.09883633908684009,0.046735387892487726,0.0,0.0,0.0,
0.0,0.22791291792394863,0.09883633908684009,0.046735387892487726,0.0,0.0,0.0,
0.0,0.22947102474917241,0.09883633908684009,0.046735387892487726,0.0,0.0,0.0,
0.0,0.23050944596995157,0.09883633908684009,0.046735387892487726,0.0,0.0,0.0,
0.0,0.23155943949572894,0.09883633908684009,0.046735387892487726,0.0,0.0,0.0,
0.0,0.23285123447681436,0.09883633908684009,0.046735387892487726,0.0,0.0,0.0,
0.0,0.22486505346692268,0.09883633908684009,0.046735387892487726,0.0,0.0,0.0,
0.0,0.22798104120219223,0.09883633908684009,0.046735387892487726,0.0,0.0,0.0,
0.0,0.22925790535641372,0.09883633908684009,0.046735387892487726,0.0,0.0,0.0,
0.0,0.22997527830673425,0.09883633908684009,0.046735387892487726,0.0,0.0,0.0,
0.0,0.22819150236455202,0.09883633908684009,0.046735387892487726,0.0,0.0,0.0,
0.0,0.22292658086775105,0.09883633908684009,0.046735387892487726,0.0,0.0,0.0,
0.0,0.22454796712177857,0.09883633908684009,0.046735387892487726,0.0,0.0,0.0,
0.0,0.22622148143354964,0.09883633908684009,0.046735387892487726,0.0,0.0,0.0,
0.0,0.2279500942013603,0.09883633908684009,0.046735387892487726,0.0,0.0,0.0,
0.0,0.2295160425690034,0.09883633908684009,0.046735387892487726,0.0,0.0,0.0,
0.0,0.2333377988881578,0.09883633908684009,0.046735387892487726,0.0,0.0,0.0,
0.0,0.2339225857125591,0.09883633908684009,0.046735387892487726,0.0,0.0,0.0,
0.0,0.23310598690503745,0.09883633908684009,0.046735387892487726,0.0,0.0,0.0,
0.0,0.2345728441442569,0.09883633908684009,0.046735387892487726,0.0,0.0,0.0,
0.0,0.23506841318444593,0.09883633908684009,0.046735387892487726,0.0,0.0,0.0,
0.0,0.23544632060525825,0.09883633908684009,0.046735387892487726,0.0,0.0,0.0,
0.0,0.23058243856016683,0.09883633908684009,0.046735387892487726,0.0,0.0,0.0,
0.0,0.2318192685911128,0.09883633908684009,0.046735387892487726,0.0,0.0,0.0,
0.0,0.23311659059186018,0.09883633908684009,0.046735387892487726,0.0,0.0,0.0,
0.0,0.23446231707525866,0.09883633908684009,0.046735387892487726,0.0,0.0,0.0,
0.0,0.23440058323656873,0.09883633908684009,0.046735387892487726,0.0,0.0,0.0,
0.0,0.23545145930245315,0.09883633908684009,0.046735387892487726,0.0,0.0,0.0,
0.0,0.23618545771971983,0.09883633908684009,0.046735387892487726,0.0,0.0,0.0,
0.0,0.23704780167650732,0.09883633908684009,0.046735387892487726,0.0,0.0,0.0,
0.0,0.23224324256708742,0.09883633908684009,0.046735387892487726,0.0,0.0,0.0,
0.0,0.23327879320830117,0.09883633908684009,0.046735387892487726,0.0,0.0,0.0,
0.0,0.23381577350692082,0.09883633908684009,0.046735387892487726,0.0,0.0,0.0,
0.0,0.234531412001709,0.09883633908684009,0.046735387892487726,0.0,0.0,0.0,
0.0,0.23541116712830162,0.09883633908684009,0.046735387892487726,0.0,0.0,0.0,
0.0,0.23432378523564304,0.09883633908684009,0.046735387892487726,0.0,0.0,0.0,
0.0,0.23509289680234943,0.09883633908684009,0.046735387892487726,0.0,0.0,0.0,
0.0,0.23585716859597491,0.09883633908684009,0.046735387892487726,0.0,0.0,0.0,
0.0,0.234451603079261,0.09883633908684009,0.046735387892487726,0.0,0.0,0.0,
0.0,0.234829946409066,0.09883633908684009,0.046735387892487726,0.0,0.0,0.0,
0.0,0.2355431863484933,0.09883633908684009,0.046735387892487726,0.0,0.0,0.0,
0.0,0.23652503755507176,0.09883633908684009,0.046735387892487726,0.0,0.0,0.0,
0.0,0.23772497468928716,0.09883633908684009,0.046735387892487726,0.0,0.0,0.0,
0.0,0.23888125547692898,0.09883633908684009,0.046735387892487726,0.0,0.0,0.0,
0.0,0.24006948192164337,0.09883633908684009,0.046735387892487726,0.0,0.0,0.0,
0.0,0.24013189891601427,0.09883633908684009,0.046735387892487726,0.0,0.0,0.0,
0.0,0.24054456211422712,0.09883633908684009,0.046735387892487726,0.0,0.0,0.0,
0.0,0.24122602629643036,0.09883633908684009,0.046735387892487726,0.0,0.0,0.0,
0.0,0.23465765240644154,0.09883633908684009,0.046735387892487726,0.0,0.0,0.0,
0.0,0.23753419557551012,0.09883633908684009,0.046735387892487726,0.0,0.0,0.0,
0.0,0.23831956102886467,0.09883633908684009,0.046735387892487726,0.0,0.0,0.0,
0.0,0.2393211979513152,0.09883633908684009,0.046735387892487726,0.0,0.0,0.0,
0.0,0.2399280145667822,0.09883633908684009,0.046735387892487726,0.0,0.0,0.0,
0.0,0.2355008438573693,0.09883633908684009,0.046735387892487726,0.0,0.0,0.0,
0.0,0.23682495114860153,0.09883633908684009,0.046735387892487726,0.0,0.0,0.0,
0.0,0.23862473165099962,0.09883633908684009,0.046735387892487726,0.0,0.0,0.0,
0.0,0.2404848357414967,0.09883633908684009,0.046735387892487726,0.0,0.0,0.0,
0.0,0.2380072783423661,0.09883633908684009,0.046735387892487726,0.0,0.0,0.0,
0.0,0.24152747069083472,0.09883633908684009,0.046735387892487726,0.0,0.0,0.0,
0.0,0.23691582832214814,0.09883633908684009,0.046735387892487726,0.0,0.0,0.0,
0.0,0.23790108740479962,0.09883633908684009,0.046735387892487726,0.0,0.0,0.0,
0.0,0.23376352349485954,0.09883633908684009,0.046735387892487726,0.0,0.0,0.0,
0.0,0.23554252776799534,0.09883633908684009,0.046735387892487726,0.0,0.0,0.0,
0.0,0.23786299097328506,0.09883633908684009,0.046735387892487726,0.0,0.0,0.0,
0.0,0.23230917165674703,0.09883633908684009,0.046735387892487726,0.0,0.0,0.0,
0.0,0.23368063225893745,0.09883633908684009,0.046735387892487726,0.0,0.0,0.0,
0.0,0.23524815550678033,0.09883633908684009,0.046735387892487726,0.0,0.0,0.0,
0.0,0.23723837450981916,0.09883633908684009,0.046735387892487726,0.0,0.0,0.0,
0.0,0.23929024357571638,0.09883633908684009,0.046735387892487726,0.0,0.0,0.0,
0.0,0.24143852967841856,0.09883633908684009,0.046735387892487726,0.0,0.0,0.0,
0.0,0.23934013556426778,0.09883633908684009,0.046735387892487726,0.0,0.0,0.0,
0.0,0.24205951575187948,0.09883633908684009,0.046735387892487726,0.0,0.0,0.0,
0.0,0.2433072591419978,0.09883633908684009,0.046735387892487726,0.0,0.0,0.0,
0.0,0.245879345187304,0.09883633908684009,0.046735387892487726,0.0,0.0,0.0,
0.0,0.24265929667577701,0.09883633908684009,0.046735387892487726,0.0,0.0,0.0,
0.0,0.24578062462517727,0.09883633908684009,0.046735387892487726,0.0,0.0,0.0,
0.0,0.24882035498971297,0.09883633908684009,0.046735387892487726,0.0,0.0,0.0,
0.0,0.25153721133108087,0.09883633908684009,0.046735387892487726,0.0,0.0,0.0,
0.0,0.25414031328860065,0.09883633908684009,0.046735387892487726,0.0,0.0,0.0,
0.0,0.2566329622241809,0.09883633908684009,0.046735387892487726,0.0,0.0,0.0,
0.0,0.2501392150768845,0.09883633908684009,0.046735387892487726,0.0,0.0,0.0,
0.0,0.2516816944419846,0.09883633908684009,0.046735387892487726,0.0,0.0,0.0,
0.0,0.2558876424202804,0.09883633908684009,0.046735387892487726,0.0,0.0,0.0,
0.0,0.2570763745610298,0.09883633908684009,0.046735387892487726,0.0,0.0,0.0,
0.0,0.2587333037939011,0.09883633908684009,0.046735387892487726,0.0,0.0,0.0,
0.0,0.2594185760132428,0.09883633908684009,0.046735387892487726,0.0,0.0,0.0,
0.0,0.25208424959070885,0.09883633908684009,0.046735387892487726,0.0,0.0,0.0,
0.0,0.2519219009275946,0.09883633908684009,0.046735387892487726,0.0,0.0,0.0,
0.0,0.25313983336813484,0.09883633908684009,0.046735387892487726,0.0,0.0,0.0,
0.0,0.25141661220661166,0.09883633908684009,0.046735387892487726,0.0,0.0,0.0,
0.0,0.2501743885600703,0.09883633908684009,0.046735387892487726,0.0,0.0,0.0,
0.0,0.24936109193816167,0.09883633908684009,0.046735387892487726,0.0,0.0,0.0,
0.0,0.24086052664871963,0.09883633908684009,0.046735387892487726,0.0,0.0,0.0,
0.0,0.24163009058173154,0.09883633908684009,0.046735387892487726,0.0,0.0,0.0,
0.0,0.24248646697696313,0.09883633908684009,0.046735387892487726,0.0,0.0,0.0,
0.0,0.24102732226472368,0.09883633908684009,0.046735387892487726,0.0,0.0,0.0,
0.0,0.2420848477290507,0.09883633908684009,0.046735387892487726,0.0,0.0,0.0,
0.0,0.2410353619142057,0.09883633908684009,0.046735387892487726,0.0,0.0,0.0,
0.0,0.24245432624931296,0.09883633908684009,0.046735387892487726,0.0,0.0,0.0,
0.0,0.23688868735619922,0.09883633908684009,0.046735387892487726,0.0,0.0,0.0,
0.0,0.23905076556303856,0.09883633908684009,0.046735387892487726,0.0,0.0,0.0,
0.0,0.24051069566680489,0.09883633908684009,0.046735387892487726,0.0,0.0,0.0,
0.0,0.2407851582485591,0.09883633908684009,0.046735387892487726,0.0,0.0,0.0,
0.0,0.24173518824199078,0.09883633908684009,0.046735387892487726,0.0,0.0,0.0,
0.0,0.24270258805498568,0.09883633908684009,0.046735387892487726,0.0,0.0,0.0,
0.0,0.2414485169201097,0.09883633908684009,0.046735387892487726,0.0,0.0,0.0,
0.0,0.24256677908871876,0.09883633908684009,0.046735387892487726,0.0,0.0,0.0,
0.0,0.24364287773390553,0.09883633908684009,0.046735387892487726,0.0,0.0,0.0,
0.0,0.2445748498429077,0.09883633908684009,0.046735387892487726,0.0,0.0,0.0,
0.0,0.24526230649635497,0.09883633908684009,0.046735387892487726,0.0,0.0,0.0,
0.0,0.24518654037749207,0.09883633908684009,0.046735387892487726,0.0,0.0,0.0,
0.0,0.24516594735610675,0.09883633908684009,0.046735387892487726,0.0,0.0,0.0,
0.0,0.24500787052457776,0.09883633908684009,0.046735387892487726,0.0,0.0,0.0,
0.0,0.24499802971166346,0.09883633908684009,0.046735387892487726,0.0,0.0,0.0,
0.0,0.2451802679917482,0.09883633908684009,0.046735387892487726,0.0,0.0,0.0,
0.0,0.23782985792726197,0.09883633908684009,0.046735387892487726,0.0,0.0,0.0,
0.0,0.2374974142813451,0.09883633908684009,0.046735387892487726,0.0,0.0,0.0,
0.0,0.23960093952618527,0.09883633908684009,0.046735387892487726,0.0,0.0,0.0,
0.0,0.23931922778810902,0.09883633908684009,0.046735387892487726,0.0,0.0,0.0,
0.0,0.23927291508662712,0.09883633908684009,0.046735387892487726,0.0,0.0,0.0,
0.0,0.24087086165922178,0.09883633908684009,0.046735387892487726,0.0,0.0,0.0,
0.0,0.2407597708118716,0.09883633908684009,0.046735387892487726,0.0,0.0,0.0,
0.0,0.24078656952491231,0.09883633908684009,0.046735387892487726,0.0,0.0,0.0,
0.0,0.24087632433445905,0.09883633908684009,0.046735387892487726,0.0,0.0,0.0,
0.0,0.23567292902506132,0.09883633908684009,0.046735387892487726,0.0,0.0,0.0,
0.0,0.23581999872031992,0.09883633908684009,0.046735387892487726,0.0,0.0,0.0,
0.0,0.2360890392265307,0.09883633908684009,0.046735387892487726,0.0,0.0,0.0,
0.0,0.23526434564516788,0.09883633908684009,0.046735387892487726,0.0,0.0,0.0,
0.0,0.23474196322397545,0.09883633908684009,0.046735387892487726,0.0,0.0,0.0,
0.0,0.23428527834004192,0.09883633908684009,0.046735387892487726,0.0,0.0,0.0,
0.0,0.23412127357311202,0.09883633908684009,0.046735387892487726,0.0,0.0,0.0,
0.0,0.23190766040012867,0.09883633908684009,0.046735387892487726,0.0,0.0,0.0,
0.0,0.23229725749244848,0.09883633908684009,0.046735387892487726,0.0,0.0,0.0,
0.0,0.23283776825384522,0.09883633908684009,0.046735387892487726,0.0,0.0,0.0,
0.0,0.23354466354952813,0.09883633908684009,0.046735387892487726,0.0,0.0,0.0,
0.0,0.22763896056997326,0.09883633908684009,0.046735387892487726,0.0,0.0,0.0,
0.0,0.22917198885032894,0.09883633908684009,0.046735387892487726,0.0,0.0,0.0,
0.0,0.2312858546778479,0.09883633908684009,0.046735387892487726,0.0,0.0,0.0,
0.0,0.2327719493253177,0.09883633908684009,0.046735387892487726,0.0,0.0,0.0,
0.0,0.234042435170758,0.09883633908684009,0.046735387892487726,0.0,0.0,0.0,
0.0,0.2370494585140665,0.09883633908684009,0.046735387892487726,0.0,0.0,0.0,
0.0,0.2386817125466331,0.09883633908684009,0.046735387892487726,0.0,0.0,0.0,
0.0,0.23858430197238037,0.09883633908684009,0.046735387892487726,0.0,0.0,0.0,
0.0,0.2383830614930159,0.09883633908684009,0.046735387892487726,0.0,0.0,0.0,
0.0,0.23279281480088346,0.09883633908684009,0.046735387892487726,0.0,0.0,0.0,
0.0,0.23470805813090279,0.09883633908684009,0.046735387892487726,0.0,0.0,0.0,
0.0,0.22835134896916184,0.09883633908684009,0.046735387892487726,0.0,0.0,0.0,
0.0,0.2288264873389289,0.09883633908684009,0.046735387892487726,0.0,0.0,0.0,
0.0,0.22944854407128637,0.09883633908684009,0.046735387892487726,0.0,0.0,0.0,
0.0,0.23021694305704085,0.09883633908684009,0.046735387892487726,0.0,0.0,0.0,
0.0,0.2329514244693806,0.09883633908684009,0.046735387892487726,0.0,0.0,0.0,
0.0,0.23264695492432616,0.09883633908684009,0.046735387892487726,0.0,0.0,0.0,
0.0,0.2320722095514578,0.09883633908684009,0.046735387892487726,0.0,0.0,0.0,
0.0,0.23188557430345103,0.09883633908684009,0.046735387892487726,0.0,0.0,0.0,
0.0,0.23230431231711202,0.09883633908684009,0.046735387892487726,0.0,0.0,0.0,
0.0,0.23272930563970456,0.09883633908684009,0.046735387892487726,0.0,0.0,0.0,
0.0,0.23463740624562654,0.09883633908684009,0.046735387892487726,0.0,0.0,0.0,
0.0,0.23653575764285112,0.09883633908684009,0.046735387892487726,0.0,0.0,0.0,
0.0,0.23683253070445914,0.09883633908684009,0.046735387892487726,0.0,0.0,0.0,