
0.0,0.0,0.0,0.0,0.0,0.0,
0.0,0.0,0.0,0.0,0.0,0.0,
0.0,0.0,0.0,0.0,0.0,0.0,
0.0,0.0,0.0,0.0,0.0,0.0,
0.0,0.0,0.0,0.0,0.0,0.0,
0.0,0.0,0.0,0.0,0.0,0.0,
0.0,0.0,0.0,0.0,0.0,0.0,
0.0,0.0,0.0,0.0,0.0,7.579180904911343E-6,
0.0,0.0,0.0,0.0,0.0,7.579180904911343E-6,
1.2346485694100579E-6,4.470058065744004E-6,1.8485622227078768E-6,6.821262814420209E-7,0.0,7.579180904911343E-6,
1.2346485694100579E-6,4.470058065744004E-6,1.8485622227078768E-6,6.821262814420209E-7,0.0,7.579180904911343E-6,
1.2346485694100579E-6,4.470058065744004E-6,1.8485622227078768E-6,6.821262814420209E-7,0.0,7.579180904911343E-6,
1.2346485694100579E-6,4.470058065744004E-6,1.8485622227078768E-6,6.821262814420209E-7,0.0,0.0010319517868332942,
1.2346485694100579E-6,4.470058065744004E-6,1.8485622227078768E-6,6.821262814420209E-7,0.0,0.0010319517868332942,
1.2346485694100579E-6,4.470058065744004E-6,1.8485622227078768E-6,6.821262814420209E-7,0.0,0.0010319517868332942,
1.2346485694100579E-6,4.470058065744004E-6,1.8485622227078768E-6,6.821262814420209E-7,0.0,0.0010319517868332942,
1.2346485694100579E-6,4.470058065744004E-6,1.8485622227078768E-6,6.821262814420209E-7,0.0,0.0010319517868332942,
1.2346485694100579E-6,4.470058065744004E-6,1.8485622227078768E-6,6.821262814420209E-7,0.0,0.0010319517868332942,
1.2346485694100579E-6,4.470058065744004E-6,1.8485622227078768E-6,6.821262814420209E-7,0.0,0.0010319517868332942,
1.2346485694100579E-6,4.470058065744004E-6,1.8485622227078768E-6,6.821262814420209E-7,0.0,0.0010319517868332942,
1.2346485694100579E-6,4.470058065744004E-6,1.8485622227078768E-6,6.821262814420209E-7,0.0,0.0010319517868332942,
1.2346485694100579E-6,4.470058065744004E-6,1.8485622227078768E-6,6.821262814420209E-7,0.0,0.0010319517868332942,
1.2346485694100579E-6,4.470058065744004E-6,1.8485622227078768E-6,6.821262814420209E-7,0.0,0.0010319517868332942,
1.2346485694100579E-6,4.470058065744004E-6,1.8485622227078768E-6,6.821262814420209E-7,0.0,0.0010319517868332942,
1.2346485694100579E-6,4.470058065744004E-6,1.8485622227078768E-6,6.821262814420209E-7,0.0,0.0010319517868332942,
1.2346485694100579E-6,4.470058065744004E-6,1.8485622227078768E-6,6.821262814420209E-7,0.0,0.0010319517868332942,
1.2346485694100579E-6,4.470058065744004E-6,1.8485622227078768E-6,6.821262814420209E-7,0.0,0.0010319517868332942,
1.2346485694100579E-6,0.0016875838849698004,1.7796109094888674E-4,6.821262814420209E-7,0.0,0.0010319517868332942,
1.2346485694100579E-6,0.0016875838849698004,1.7796109094888674E-4,6.821262814420209E-7,0.0,0.0010319517868332942,
1.2346485694100579E-6,0.0016875838849698004,1.7796109094888674E-4,6.821262814420209E-7,0.0,0.0010319517868332942,
1.2346485694100579E-6,0.0016875838849698004,1.7796109094888674E-4,6.821262814420209E-7,0.0,0.0010319517868332942,
1.2346485694100579E-6,0.0016875838849698004,1.7796109094888674E-4,6.821262814420209E-7,0.0,0.0010319517868332942,
1.2346485694100579E-6,0.0016875838849698004,1.7796109094888674E-4,6.821262814420209E-7,0.0,0.0010319517868332942,
1.2346485694100579E-6,0.0016875838849698004,1.7796109094888674E-4,6.821262814420209E-7,0.0,0.0010319517868332942,
1.2346485694100579E-6,0.0016875838849698004,1.7796109094888674E-4,6.821262814420209E-7,0.0,0.0010319517868332942,
1.2346485694100579E-6,0.0016875838849698004,1.7796109094888674E-4,6.821262814420209E-7,0.0,0.0010319517868332942,
1.2346485694100579E-6,0.0016875838849698004,1.7796109094888674E-4,6.821262814420209E-7,0.0,0.14626922666170622,
1.2346485694100579E-6,0.0016875838849698004,1.7796109094888674E-4,6.821262814420209E-7,0.0,0.14626922666170622,
1.2346485694100579E-6,0.0016875838849698004,1.7796109094888674E-4,6.821262814420209E-7,0.0,0.14626922666170622,
1.2346485694100579E-6,0.0016875838849698004,1.7796109094888674E-4,6.821262814420209E-7,0.0,0.14626922666170622,
1.2346485694100579E-6,0.0016875838849698004,1.7796109094888674E-4,6.821262814420209E-7,0.0,0.14626922666170622,
1.2346485694100579E-6,0.019041770405898568,1.7796109094888674E-4,6.821262814420209E-7,0.0,0.14626922666170622,
1.2346485694100579E-6,0.019041770405898568,1.7796109094888674E-4,6.821262814420209E-7,0.0,0.14626922666170622,
1.2346485694100579E-6,0.019041770405898568,1.7796109094888674E-4,6.821262814420209E-7,0.0,0.14626922666170622,
1.2346485694100579E-6,0.019041770405898568,1.7796109094888674E-4,6.821262814420209E-7,0.0,0.14626922666170622,
1.2346485694100579E-6,0.019041770405898568,1.7796109094888674E-4,6.821262814420209E-7,0.0,0.14626922666170622,
1.2346485694100579E-6,0.019041770405898568,1.7796109094888674E-4,6.821262814420209E-7,0.0,0.2545591548760868,
1.2346485694100579E-6,0.019041770405898568,1.7796109094888674E-4,6.821262814420209E-7,0.0,0.2545591548760868,
1.2346485694100579E-6,0.019041770405898568,1.7796109094888674E-4,6.821262814420209E-7,0.0,0.443607468146899,
1.2346485694100579E-6,0.019041770405898568,1.7796109094888674E-4,6.821262814420209E-7,0.0,0.443607468146899,
1.2346485694100579E-6,0.019041770405898568,1.7796109094888674E-4,6.821262814420209E-7,0.0,0.443607468146899,
1.2346485694100579E-6,0.019041770405898568,1.7796109094888674E-4,6.821262814420209E-7,0.0,0.5529219033705106,
1.2346485694100579E-6,0.019041770405898568,1.7796109094888674E-4,6.821262814420209E-7,0.0,0.5529219033705106,
1.2346485694100579E-6,0.019041770405898568,1.7796109094888674E-4,6.821262814420209E-7,0.0,0.5529219033705106,
1.2346485694100579E-6,0.019041770405898568,1.7796109094888674E-4,6.821262814420209E-7,0.0,0.5529219033705106,
0.04261365341128188,0.019041770405898568,1.7796109094888674E-4,6.821262814420209E-7,0.0,0.6729347973944217,
0.04261365341128188,0.019041770405898568,1.7796109094888674E-4,6.821262814420209E-7,0.0,0.7556747922147732,
0.04261365341128188,0.019041770405898568,1.7796109094888674E-4,6.821262814420209E-7,0.0,0.7556747922147732,
0.04261365341128188,0.019041770405898568,1.7796109094888674E-4,6.821262814420209E-7,0.0,0.7556747922147732,
0.04261365341128188,0.019041770405898568,1.7796109094888674E-4,6.821262814420209E-7,0.0,0.7556747922147732,
0.04261365341128188,0.019041770405898568,1.7796109094888674E-4,6.821262814420209E-7,0.0,0.8187264724031483,
0.04261365341128188,0.019041770405898568,1.7796109094888674E-4,6.821262814420209E-7,0.0,0.8187264724031483,
0.04261365341128188,0.019041770405898568,1.7796109094888674E-4,6.821262814420209E-7,0.0,0.8187264724031483,
0.04261365341128188,0.019041770405898568,1.7796109094888674E-4,6.821262814420209E-7,0.0,0.8187264724031483,
0.04261365341128188,0.019041770405898568,1.7796109094888674E-4,6.821262814420209E-7,0.0,0.8187264724031483,
0.04261365341128188,0.019041770405898568,1.7796109094888674E-4,6.821262814420209E-7,0.0,0.8187264724031483,
0.04261365341128188,0.019041770405898568,1.7796109094888674E-4,6.821262814420209E-7,0.0,0.995341025586054,
0.04261365341128188,0.019041770405898568,1.7796109094888674E-4,6.821262814420209E-7,0.0,0.995341025586054,
0.04261365341128188,0.019041770405898568,1.7796109094888674E-4,6.821262814420209E-7,0.0,0.995341025586054,
0.04261365341128188,0.019041770405898568,1.7796109094888674E-4,6.821262814420209E-7,0.0,0.995341025586054,
0.04261365341128188,0.019041770405898568,1.7796109094888674E-4,6.821262814420209E-7,0.0,0.995341025586054,
0.04261365341128188,0.019041770405898568,1.7796109094888674E-4,6.821262814420209E-7,0.0,0.995341025586054,
0.04261365341128188,0.019041770405898568,1.7796109094888674E-4,6.821262814420209E-7,0.0,0.995341025586054,
0.04261365341128188,0.019041770405898568,1.7796109094888674E-4,6.821262814420209E-7,0.0,1.1582234825049338,
0.04261365341128188,0.019041770405898568,1.7796109094888674E-4,6.821262814420209E-7,0.0,1.1582234825049338,
0.04261365341128188,0.019041770405898568,1.7796109094888674E-4,6.821262814420209E-7,0.0,1.1582234825049338,
0.04261365341128188,0.019041770405898568,1.7796109094888674E-4,6.821262814420209E-7,0.0,1.1582234825049338,
0.04261365341128188,0.019041770405898568,1.7796109094888674E-4,6.821262814420209E-7,0.0,1.1582234825049338,
0.04261365341128188,0.019041770405898568,1.7796109094888674E-4,6.821262814420209E-7,0.0,1.1582234825049338,
0.04261365341128188,0.019041770405898568,1.7796109094888674E-4,6.821262814420209E-7,0.0,1.1582234825049338,
0.04261365341128188,0.019041770405898568,1.7796109094888674E-4,6.821262814420209E-7,0.0,1.1582234825049338,
0.04261365341128188,0.019041770405898568,1.7796109094888674E-4,6.821262814420209E-7,0.0,1.1582234825049338,
0.04261365341128188,0.019041770405898568,1.7796109094888674E-4,6.821262814420209E-7,0.0,1.1582234825049338,
0.04261365341128188,0.019041770405898568,1.7796109094888674E-4,6.821262814420209E-7,0.0,1.1582234825049338,
0.04261365341128188,0.019041770405898568,1.7796109094888674E-4,6.821262814420209E-7,0.0,1.1582234825049338,
0.04261365341128188,0.019041770405898568,1.7796109094888674E-4,6.821262814420209E-7,0.0,1.1582234825049338,
0.04261365341128188,0.019041770405898568,1.7796109094888674E-4,6.821262814420209E-7,0.0,1.1582234825049338,
0.04261365341128188,0.019041770405898568,1.7796109094888674E-4,6.821262814420209E-7,0.0,1.1582234825049338,
0.04261365341128188,0.019041770405898568,1.7796109094888674E-4,6.821262814420209E-7,0.0,1.1582234825049338,
0.04261365341128188,0.019041770405898568,1.7796109094888674E-4,6.821262814420209E-7,0.0,1.1582234825049338,
0.04261365341128188,0.019041770405898568,1.7796109094888674E-4,6.821262814420209E-7,0.0,1.1582234825049338,
0.04261365341128188,0.019041770405898568,1.7796109094888674E-4,6.821262814420209E-7,0.0,1.1582234825049338,
0.04261365341128188,0.019041770405898568,1.7796109094888674E-4,6.821262814420209E-7,0.0,1.1582234825049338,
0.04261365341128188,0.019041770405898568,1.7796109094888674E-4,6.821262814420209E-7,0.0,1.1582234825049338,
0.04261365341128188,0.019041770405898568,1.7796109094888674E-4,6.821262814420209E-7,0.0,1.1582234825049338,
0.04261365341128188,0.019041770405898568,1.7796109094888674E-4,6.821262814420209E-7,0.0,1.1582234825049338,
0.04261365341128188,0.019041770405898568,1.7796109094888674E-4,0.10424072733909734,0.0,1.4161948705637006,
0.04261365341128188,0.019041770405898568,1.7796109094888674E-4,0.10424072733909734,0.0,1.4161948705637006,
0.04261365341128188,0.019041770405898568,1.7796109094888674E-4,0.10424072733909734,0.0,1.4161948705637006,
0.04261365341128188,0.019041770405898568,1.7796109094888674E-4,0.10424072733909734,0.0,1.4161948705637006,
0.04261365341128188,0.019041770405898568,1.7796109094888674E-4,0.10424072733909734,0.0,1.834703688834372,
0.04261365341128188,0.019041770405898568,1.7796109094888674E-4,0.10424072733909734,0.0,1.834703688834372,
0.04261365341128188,0.019041770405898568,1.7796109094888674E-4,0.10424072733909734,0.0,1.834703688834372,
0.04261365341128188,0.019041770405898568,1.7796109094888674E-4,0.2589399866002811,0.0,1.98767075037313,
0.04261365341128188,0.019041770405898568,1.7796109094888674E-4,0.2589399866002811,0.0,2.1283467791012196,
0.04261365341128188,0.019041770405898568,1.7796109094888674E-4,0.2589399866002811,0.0,2.1283467791012196,
0.04261365341128188,0.019041770405898568,1.7796109094888674E-4,0.2589399866002811,0.0,2.1283467791012196,
0.04261365341128188,0.019041770405898568,1.7796109094888674E-4,0.2589399866002811,0.0,2.1283467791012196,
0.04261365341128188,0.019041770405898568,1.7796109094888674E-4,0.2589399866002811,0.0,2.1283467791012196,
0.04261365341128188,0.019041770405898568,1.7796109094888674E-4,0.2589399866002811,0.0,2.1283467791012196,
0.04261365341128188,0.019041770405898568,1.7796109094888674E-4,0.2589399866002811,0.0,2.1283467791012196,
0.04261365341128188,0.019041770405898568,1.7796109094888674E-4,0.2589399866002811,0.0,2.4246618027759927,
0.04261365341128188,0.019041770405898568,1.7796109094888674E-4,0.2589399866002811,0.0,2.4246618027759927,
0.04261365341128188,0.019041770405898568,1.7796109094888674E-4,0.2589399866002811,0.0,2.4246618027759927,
0.04261365341128188,0.019041770405898568,1.7796109094888674E-4,0.2589399866002811,0.0,2.4246618027759927,
0.04261365341128188,0.019041770405898568,1.7796109094888674E-4,0.2589399866002811,0.0,2.4246618027759927,
0.04261365341128188,0.019041770405898568,1.7796109094888674E-4,0.2589399866002811,0.0,2.6449394628585496,
0.04261365341128188,0.019041770405898568,1.7796109094888674E-4,0.2589399866002811,0.0,2.6449394628585496,
0.04261365341128188,0.019041770405898568,1.7796109094888674E-4,0.2589399866002811,0.0,2.6449394628585496,
0.04261365341128188,0.019041770405898568,1.7796109094888674E-4,0.2589399866002811,0.0,2.6449394628585496,
0.04261365341128188,0.019041770405898568,1.7796109094888674E-4,0.2589399866002811,0.0,2.6449394628585496,
0.04261365341128188,0.019041770405898568,1.7796109094888674E-4,0.2589399866002811,0.0,2.6449394628585496,
0.04261365341128188,0.019041770405898568,1.7796109094888674E-4,0.2589399866002811,0.0,2.6449394628585496,
0.04261365341128188,0.019041770405898568,1.7796109094888674E-4,0.2589399866002811,0.0,2.6449394628585496,
0.04261365341128188,0.019041770405898568,1.7796109094888674E-4,0.2589399866002811,0.0,2.696009802289049,
0.04261365341128188,0.019041770405898568,1.7796109094888674E-4,0.2589399866002811,0.0,2.696009802289049,
0.04261365341128188,0.019041770405898568,1.7796109094888674E-4,0.2589399866002811,0.0,2.696009802289049,
0.04261365341128188,0.019041770405898568,1.7796109094888674E-4,0.2589399866002811,0.0,2.696009802289049,
0.04261365341128188,0.019041770405898568,0.24280104718786844,0.2589399866002811,0.0,2.6334462127189093,
0.04261365341128188,0.019041770405898568,0.24280104718786844,0.2589399866002811,0.0,2.6334462127189093,
0.04261365341128188,0.019041770405898568,0.24280104718786844,0.2589399866002811,0.0,2.6334462127189093,
0.04261365341128188,0.019041770405898568,0.24280104718786844,0.2589399866002811,0.0,2.6334462127189093,
0.04261365341128188,0.019041770405898568,0.24280104718786844,0.2589399866002811,0.0,2.7719095644970246,
0.04261365341128188,0.019041770405898568,0.24280104718786844,0.2589399866002811,0.0,2.7719095644970246,
0.04261365341128188,0.019041770405898568,0.24280104718786844,0.2589399866002811,0.0,2.7719095644970246,
0.04261365341128188,0.019041770405898568,0.24280104718786844,0.2589399866002811,0.0,2.882233981393258,
0.04261365341128188,0.019041770405898568,0.24280104718786844,0.2589399866002811,0.0,2.882233981393258,
0.04261365341128188,0.019041770405898568,0.24280104718786844,0.2589399866002811,0.0,2.882233981393258,
0.04261365341128188,0.019041770405898568,0.24280104718786844,0.2589399866002811,0.0,2.882233981393258,
0.04261365341128188,0.019041770405898568,0.24280104718786844,0.2589399866002811,0.0,2.882233981393258,
0.04261365341128188,0.019041770405898568,0.24280104718786844,0.2589399866002811,0.0,2.882233981393258,
0.04261365341128188,0.019041770405898568,0.24280104718786844,0.2589399866002811,0.0,2.882233981393258,
0.04261365341128188,0.019041770405898568,0.24280104718786844,0.2589399866002811,0.0,2.9232052441243166,
0.04261365341128188,0.019041770405898568,0.24280104718786844,0.2589399866002811,0.0,2.9232052441243166,
0.04261365341128188,0.019041770405898568,0.24280104718786844,0.2589399866002811,0.0,2.9232052441243166,
0.04261365341128188,0.019041770405898568,0.24280104718786844,0.2589399866002811,0.0,2.9232052441243166,
0.04261365341128188,0.019041770405898568,0.24280104718786844,0.2589399866002811,0.0,2.9232052441243166,
0.04261365341128188,0.019041770405898568,0.24280104718786844,0.2589399866002811,0.0,2.976162093619461,
0.04261365341128188,0.019041770405898568,0.24280104718786844,0.2589399866002811,0.0,2.976162093619461,
0.04261365341128188,0.019041770405898568,0.24280104718786844,0.2589399866002811,0.0,2.976162093619461,
0.04261365341128188,0.019041770405898568,0.24280104718786844,0.2589399866002811,0.0,2.976162093619461,
0.04261365341128188,0.019041770405898568,0.24280104718786844,0.2589399866002811,0.0,2.976162093619461,
0.04261365341128188,0.019041770405898568,0.24280104718786844,0.2589399866002811,0.0,2.976162093619461,
0.04261365341128188,0.019041770405898568,0.24280104718786844,0.2589399866002811,0.0,3.055597760072825,
0.04261365341128188,0.019041770405898568,0.24280104718786844,0.2589399866002811,0.0,2.9991630197302785,
0.04261365341128188,0.019041770405898568,0.24280104718786844,0.2589399866002811,0.0,2.9991630197302785,
0.04261365341128188,0.019041770405898568,0.24280104718786844,0.2589399866002811,0.0,2.9991630197302785,
0.04261365341128188,0.019041770405898568,0.24280104718786844,0.2589399866002811,0.0,2.9991630197302785,
0.04261365341128188,0.019041770405898568,0.24280104718786844,0.2589399866002811,0.0,2.9991630197302785,
0.04261365341128188,0.019041770405898568,0.24280104718786844,0.2589399866002811,0.0,3.1247063847862857,
0.04261365341128188,0.019041770405898568,0.24280104718786844,0.2589399866002811,0.0,3.1247063847862857,
0.04261365341128188,0.019041770405898568,0.24280104718786844,0.2589399866002811,0.0,3.1247063847862857,
0.04261365341128188,0.019041770405898568,0.24280104718786844,0.2589399866002811,0.0,3.1247063847862857,
0.04261365341128188,0.019041770405898568,0.24280104718786844,0.2589399866002811,0.0,3.1247063847862857,
0.04261365341128188,0.019041770405898568,0.24280104718786844,0.2589399866002811,0.0,3.1247063847862857,
0.04261365341128188,0.019041770405898568,0.24280104718786844,0.2589399866002811,0.0,3.1247063847862857,
0.04261365341128188,0.019041770405898568,0.24280104718786844,0.2589399866002811,0.0,3.1247063847862857,
0.04261365341128188,0.019041770405898568,0.24280104718786844,0.2589399866002811,0.0,3.1984015761376483,
0.04261365341128188,0.019041770405898568,0.24280104718786844,0.2589399866002811,0.0,3.1984015761376483,
0.04261365341128188,0.019041770405898568,0.24280104718786844,0.2589399866002811,0.0,3.1984015761376483,
0.04261365341128188,0.019041770405898568,0.24280104718786844,0.2589399866002811,0.0,3.1984015761376483,
0.04261365341128188,0.019041770405898568,0.24280104718786844,0.2589399866002811,0.0,3.1984015761376483,
0.04261365341128188,0.019041770405898568,0.24280104718786844,0.2589399866002811,0.0,3.1984015761376483,
0.04261365341128188,0.019041770405898568,0.24280104718786844,0.2589399866002811,0.0,3.1984015761376483,
0.04261365341128188,0.019041770405898568,0.24280104718786844,0.2589399866002811,0.0,3.1984015761376483,
0.04261365341128188,0.019041770405898568,0.24280104718786844,0.2589399866002811,0.0,3.1984015761376483,
0.04261365341128188,0.019041770405898568,0.24280104718786844,0.2589399866002811,0.0,3.1984015761376483,
0.04261365341128188,0.019041770405898568,0.24280104718786844,0.2589399866002811,0.0,3.1984015761376483,
0.04261365341128188,0.019041770405898568,0.24280104718786844,0.2589399866002811,0.0,3.1984015761376483,
0.04261365341128188,0.019041770405898568,0.24280104718786844,0.2589399866002811,0.0,3.1984015761376483,
0.04261365341128188,0.019041770405898568,0.24280104718786844,0.2589399866002811,0.0,3.163615544020752,
0.04261365341128188,0.019041770405898568,0.24280104718786844,0.2589399866002811,0.0,3.163615544020752,
0.04261365341128188,0.019041770405898568,0.24280104718786844,0.2589399866002811,0.0,3.163615544020752,
0.04261365341128188,0.019041770405898568,0.24280104718786844,0.2589399866002811,0.0,3.163615544020752,
0.04261365341128188,0.019041770405898568,0.24280104718786844,0.2589399866002811,0.0,3.0893002128255986,
0.04261365341128188,0.019041770405898568,0.24280104718786844,0.2589399866002811,0.0,3.0893002128255986,
0.04261365341128188,0.019041770405898568,0.24280104718786844,0.2589399866002811,0.0,3.0893002128255986,
0.04261365341128188,0.019041770405898568,0.24280104718786844,0.2589399866002811,0.0,3.0893002128255986,
0.04261365341128188,0.019041770405898568,0.24280104718786844,0.2589399866002811,0.0,3.0893002128255986,
0.04261365341128188,0.019041770405898568,0.24280104718786844,0.2589399866002811,0.0,3.0893002128255986,
0.04261365341128188,0.019041770405898568,0.24280104718786844,0.2589399866002811,0.0,3.0893002128255986,
0.04261365341128188,0.019041770405898568,0.24280104718786844,0.2589399866002811,0.0,3.0893002128255986,
0.04261365341128188,0.019041770405898568,0.24280104718786844,0.2589399866002811,0.0,3.0893002128255986,
0.04261365341128188,0.019041770405898568,0.24280104718786844,0.2589399866002811,0.0,3.0893002128255986,
0.04261365341128188,0.019041770405898568,0.24280104718786844,0.2589399866002811,0.0,3.0893002128255986,
0.04261365341128188,0.019041770405898568,0.24280104718786844,0.2589399866002811,0.0,3.0893002128255986,
0.04261365341128188,0.019041770405898568,0.24280104718786844,0.2589399866002811,0.0,3.0893002128255986,
0.04261365341128188,0.019041770405898568,0.24280104718786844,0.2589399866002811,0.0,3.0893002128255986,
0.04261365341128188,0.2951746125196126,0.24280104718786844,0.2589399866002811,0.0,3.184975668841247,
0.04261365341128188,0.2951746125196126,0.24280104718786844,0.2589399866002811,0.0,3.184975668841247,
0.04261365341128188,0.2951746125196126,0.24280104718786844,0.2589399866002811,0.0,3.184975668841247,
0.04261365341128188,0.2951746125196126,0.24280104718786844,0.2589399866002811,0.0,3.184975668841247,
0.04261365341128188,0.2951746125196126,0.24280104718786844,0.2589399866002811,0.0,3.184975668841247,
0.04261365341128188,0.2951746125196126,0.24280104718786844,0.2589399866002811,0.0,3.184975668841247,
0.04261365341128188,0.2951746125196126,0.24280104718786844,0.2589399866002811,0.0,3.2311136964946767,
0.04261365341128188,0.2951746125196126,0.24280104718786844,0.2589399866002811,0.0,3.2311136964946767,
0.04261365341128188,0.2951746125196126,0.24280104718786844,0.2589399866002811,0.0,3.2311136964946767,
0.04261365341128188,0.2951746125196126,0.24280104718786844,0.2589399866002811,0.0,3.2311136964946767,
0.04261365341128188,0.2951746125196126,0.24280104718786844,0.2589399866002811,0.0,3.2311136964946767,
0.04261365341128188,0.2951746125196126,0.24280104718786844,0.2589399866002811,0.0,3.2311136964946767,
0.04261365341128188,0.2951746125196126,0.24280104718786844,0.2589399866002811,0.0,3.2311136964946767,
0.04261365341128188,0.2951746125196126,0.24280104718786844,0.2589399866002811,0.0,3.2311136964946767,
0.04261365341128188,0.2951746125196126,0.24280104718786844,0.2589399866002811,0.0,3.3055169846262435,
0.04261365341128188,0.2951746125196126,0.24280104718786844,0.2589399866002811,0.0,3.3055169846262435,
0.04261365341128188,0.2951746125196126,0.24280104718786844,0.2589399866002811,0.0,3.3055169846262435,
0.04261365341128188,0.2951746125196126,0.24280104718786844,0.2589399866002811,0.0,3.3055169846262435,
0.04261365341128188,0.2951746125196126,0.24280104718786844,0.2589399866002811,0.0,3.416658460809896,
0.04261365341128188,0.2951746125196126,0.24280104718786844,0.2589399866002811,0.0,3.416658460809896,
0.04261365341128188,0.2951746125196126,0.24280104718786844,0.2589399866002811,0.0,3.416658460809896,
0.04261365341128188,0.2951746125196126,0.24280104718786844,0.2589399866002811,0.0,3.416658460809896,
0.04261365341128188,0.2951746125196126,0.24280104718786844,0.2589399866002811,0.0,3.416658460809896,
0.04261365341128188,0.2951746125196126,0.24280104718786844,0.2589399866002811,0.0,3.416658460809896,
0.04261365341128188,0.2951746125196126,0.24280104718786844,0.2589399866002811,0.0,3.416658460809896,
0.04261365341128188,0.2951746125196126,0.24280104718786844,0.2589399866002811,0.0,3.416658460809896,
0.04261365341128188,0.2951746125196126,0.24280104718786844,0.2589399866002811,0.0,3.416658460809896,
0.04261365341128188,0.2951746125196126,0.24280104718786844,0.2589399866002811,0.0,3.416658460809896,
0.04261365341128188,0.2951746125196126,0.24280104718786844,0.2589399866002811,0.0,3.416658460809896,
0.04261365341128188,0.2951746125196126,0.24280104718786844,0.2589399866002811,0.0,3.416658460809896,
0.34585154954304437,0.2951746125196126,0.24280104718786844,0.2589399866002811,0.0,3.3771292892870255,
0.34585154954304437,0.2951746125196126,0.24280104718786844,0.2589399866002811,0.0,3.3771292892870255,
0.34585154954304437,0.2951746125196126,0.24280104718786844,0.2589399866002811,0.0,3.3371406163076927,
0.6116090500564323,0.2951746125196126,0.24280104718786844,0.2589399866002811,0.0,3.332518091934938,
0.6116090500564323,0.2951746125196126,0.24280104718786844,0.2589399866002811,0.0,3.332518091934938,
0.6116090500564323,0.2951746125196126,0.24280104718786844,0.2589399866002811,0.0,3.332518091934938,
0.6116090500564323,0.2951746125196126,0.24280104718786844,0.2589399866002811,0.0,3.332518091934938,
0.6116090500564323,0.2951746125196126,0.24280104718786844,0.2589399866002811,0.0,3.332518091934938,
0.6116090500564323,0.2951746125196126,0.24280104718786844,0.2589399866002811,0.0,3.332518091934938,
0.6116090500564323,0.2951746125196126,0.24280104718786844,0.2589399866002811,0.0,3.332518091934938,
0.6116090500564323,0.2951746125196126,0.24280104718786844,0.2589399866002811,0.0,3.332518091934938,
0.6116090500564323,0.2951746125196126,0.24280104718786844,0.2589399866002811,0.0,3.332518091934938,
0.6116090500564323,0.2951746125196126,0.24280104718786844,0.2589399866002811,0.0,3.332518091934938,
0.6116090500564323,0.2951746125196126,0.24280104718786844,0.2589399866002811,0.0,3.332518091934938,
0.6116090500564323,0.2951746125196126,0.24280104718786844,0.2589399866002811,0.0,3.332518091934938,
0.6116090500564323,0.2951746125196126,0.24280104718786844,0.2589399866002811,0.0,3.332518091934938,
0.6116090500564323,0.2951746125196126,0.24280104718786844,0.2589399866002811,0.0,3.332518091934938,
0.6116090500564323,0.2951746125196126,0.24280104718786844,0.2589399866002811,0.0,3.332518091934938,
0.6116090500564323,0.2951746125196126,0.24280104718786844,0.2589399866002811,0.0,3.332518091934938,
0.6116090500564323,0.2951746125196126,0.24280104718786844,0.2589399866002811,0.0,3.332518091934938,
0.6116090500564323,0.2951746125196126,0.24280104718786844,0.2589399866002811,0.0,3.332518091934938,
0.6116090500564323,0.2951746125196126,0.24280104718786844,0.2589399866002811,0.0,3.2946076037116923,
0.6116090500564323,0.2951746125196126,0.24280104718786844,0.2589399866002811,0.0,3.2946076037116923,
0.6116090500564323,0.6164793953710908,0.24280104718786844,0.2589399866002811,0.0,3.2946076037116923,
0.6116090500564323,0.6164793953710908,0.24280104718786844,0.2589399866002811,0.0,3.2946076037116923,
0.6116090500564323,0.6164793953710908,0.515035626803134,0.2589399866002811,0.0,3.317184068231322,
0.6116090500564323,0.6164793953710908,0.515035626803134,0.2589399866002811,0.0,3.317184068231322,
0.6116090500564323,0.6164793953710908,0.515035626803134,0.2589399866002811,0.0,3.4194422746618787,
0.6116090500564323,0.6164793953710908,0.515035626803134,0.2589399866002811,0.0,3.4194422746618787,
0.6116090500564323,0.6164793953710908,0.515035626803134,0.2589399866002811,0.0,3.4194422746618787,
0.6116090500564323,0.6164793953710908,0.515035626803134,0.2589399866002811,0.0,3.4194422746618787,
0.6116090500564323,0.6164793953710908,0.515035626803134,0.2589399866002811,0.0,3.4194422746618787,
0.6116090500564323,0.6164793953710908,0.515035626803134,0.2589399866002811,0.0,3.4194422746618787,
0.6116090500564323,0.6164793953710908,0.515035626803134,0.2589399866002811,0.0,3.4194422746618787,
0.6116090500564323,0.6164793953710908,0.515035626803134,0.2589399866002811,0.0,3.4194422746618787,
0.6116090500564323,0.6164793953710908,0.515035626803134,0.2589399866002811,0.0,3.4194422746618787,
0.6116090500564323,0.6164793953710908,0.515035626803134,0.2589399866002811,0.0,3.4194422746618787,
0.6116090500564323,0.6164793953710908,0.515035626803134,0.2589399866002811,0.0,3.4194422746618787,
0.6116090500564323,0.6164793953710908,0.515035626803134,0.2589399866002811,0.0,3.4194422746618787,
0.6116090500564323,0.8625812605535508,0.515035626803134,0.2589399866002811,0.0,3.368655585153675,
0.7842005049731117,0.8625812605535508,0.515035626803134,0.2589399866002811,0.0,3.3819475772552368,
0.7842005049731117,0.8625812605535508,0.515035626803134,0.2589399866002811,0.0,3.3819475772552368,
0.7842005049731117,0.8625812605535508,0.515035626803134,0.2589399866002811,0.0,3.3819475772552368,
0.7842005049731117,0.8625812605535508,0.515035626803134,0.2589399866002811,0.0,3.4530691374301195,
0.7842005049731117,0.8625812605535508,0.515035626803134,0.2589399866002811,0.0,3.368775126196847,
0.7842005049731117,0.8625812605535508,0.515035626803134,0.2589399866002811,0.0,3.368775126196847,
0.7842005049731117,0.8625812605535508,0.515035626803134,0.2589399866002811,0.0,3.368775126196847,
0.7842005049731117,0.8625812605535508,0.515035626803134,0.2589399866002811,0.0,3.4410912008973837,
0.7842005049731117,0.8625812605535508,0.515035626803134,0.2589399866002811,0.0,3.4538728968968093,
0.7842005049731117,0.8625812605535508,0.515035626803134,0.2589399866002811,0.0,3.4538728968968093,
0.7842005049731117,0.8625812605535508,0.515035626803134,0.2589399866002811,0.0,3.4538728968968093,
0.7842005049731117,0.8625812605535508,0.515035626803134,0.2589399866002811,0.0,3.4538728968968093,
0.7842005049731117,0.8625812605535508,0.515035626803134,0.2589399866002811,0.0,3.4538728968968093,
0.7842005049731117,0.8625812605535508,0.515035626803134,0.2589399866002811,0.0,3.5104236751650877,
0.7842005049731117,0.8625812605535508,0.515035626803134,0.2589399866002811,0.0,3.5104236751650877,
0.7842005049731117,0.8625812605535508,0.515035626803134,0.2589399866002811,0.0,3.5104236751650877,
0.7842005049731117,0.8625812605535508,0.515035626803134,0.2589399866002811,0.0,3.5515789691034376,
0.7842005049731117,0.8625812605535508,0.515035626803134,0.2589399866002811,0.0,3.5515789691034376,
0.7842005049731117,0.8625812605535508,0.515035626803134,0.2589399866002811,0.0,3.5515789691034376,
0.7842005049731117,0.8625812605535508,0.515035626803134,0.2589399866002811,0.0,3.5515789691034376,
0.7842005049731117,0.8625812605535508,0.515035626803134,0.2589399866002811,0.0,3.5515789691034376,
0.7842005049731117,0.8625812605535508,0.515035626803134,0.2589399866002811,0.0,3.5515789691034376,
0.7842005049731117,0.8625812605535508,0.515035626803134,0.2589399866002811,0.0,3.5515789691034376,
0.7842005049731117,0.8625812605535508,0.515035626803134,0.2589399866002811,0.0,3.5515789691034376,
0.7842005049731117,0.8625812605535508,0.515035626803134,0.2589399866002811,0.0,3.5515789691034376,
0.7842005049731117,0.8625812605535508,0.515035626803134,0.2589399866002811,0.0,3.5515789691034376,
0.7842005049731117,0.8625812605535508,0.515035626803134,0.2589399866002811,0.0,3.5515789691034376,
0.7842005049731117,0.8625812605535508,0.515035626803134,0.2589399866002811,0.0,3.5515789691034376,
0.7842005049731117,0.8625812605535508,0.515035626803134,0.2589399866002811,0.0,3.5515789691034376,
0.7842005049731117,0.8625812605535508,0.515035626803134,0.2589399866002811,0.0,3.5515789691034376,
0.7842005049731117,0.8625812605535508,0.515035626803134,0.2589399866002811,0.0,3.5515789691034376,
0.7842005049731117,0.8625812605535508,0.515035626803134,0.2589399866002811,0.0,3.470527695653388,
0.7842005049731117,0.8625812605535508,0.515035626803134,0.2589399866002811,0.0,3.4981791212497937,
0.7842005049731117,0.8625812605535508,0.515035626803134,0.2589399866002811,0.0,3.4981791212497937,
0.7842005049731117,0.8625812605535508,0.515035626803134,0.2589399866002811,0.0,3.4981791212497937,
0.7842005049731117,0.8625812605535508,0.515035626803134,0.2589399866002811,0.0,3.4981791212497937,
0.7842005049731117,0.8625812605535508,0.515035626803134,0.2589399866002811,0.0,3.4981791212497937,
0.7842005049731117,0.8625812605535508,0.515035626803134,0.2589399866002811,0.0,3.4981791212497937,
0.7842005049731117,0.8625812605535508,0.515035626803134,0.2589399866002811,0.0,3.4981791212497937,
0.7842005049731117,0.8625812605535508,0.515035626803134,0.2589399866002811,0.0,3.4981791212497937,
0.7842005049731117,0.8625812605535508,0.515035626803134,0.2589399866002811,0.0,3.4981791212497937,
0.7842005049731117,0.8625812605535508,0.515035626803134,0.2589399866002811,0.0,3.4981791212497937,
0.7842005049731117,0.8625812605535508,0.515035626803134,0.2589399866002811,0.0,3.4981791212497937,
0.9565550047215372,0.8625812605535508,0.515035626803134,0.2589399866002811,0.0,3.5336944016113554,
0.9565550047215372,0.8625812605535508,0.515035626803134,0.2589399866002811,0.0,3.5336944016113554,
0.9565550047215372,0.8625812605535508,0.515035626803134,0.2589399866002811,0.0,3.5336944016113554,
0.9565550047215372,0.8625812605535508,0.515035626803134,0.2589399866002811,0.0,3.5336944016113554,
0.9565550047215372,0.8625812605535508,0.515035626803134,0.2589399866002811,0.0,3.5336944016113554,
0.9565550047215372,0.8625812605535508,0.515035626803134,0.2589399866002811,0.0,3.554907809915742,
0.9565550047215372,0.8625812605535508,0.515035626803134,0.2589399866002811,0.0,3.554907809915742,
0.9565550047215372,0.8625812605535508,0.515035626803134,0.2589399866002811,0.0,3.554907809915742,
0.9565550047215372,0.8625812605535508,0.515035626803134,0.2589399866002811,0.0,3.554907809915742,
0.9565550047215372,0.8625812605535508,0.515035626803134,0.2589399866002811,0.0,3.554907809915742,
0.9565550047215372,0.8625812605535508,0.515035626803134,0.2589399866002811,0.0,3.554907809915742,
0.9565550047215372,0.8625812605535508,0.515035626803134,0.2589399866002811,0.0,3.554907809915742,
0.9565550047215372,0.8625812605535508,0.515035626803134,0.2589399866002811,0.0,3.554907809915742,
0.9565550047215372,0.8625812605535508,0.515035626803134,0.2589399866002811,0.0,3.5950966987659747,
0.9565550047215372,0.8625812605535508,0.515035626803134,0.2589399866002811,0.0,3.5950966987659747,
0.9565550047215372,0.8625812605535508,0.515035626803134,0.2589399866002811,0.0,3.5950966987659747,
0.9565550047215372,0.8625812605535508,0.515035626803134,0.2589399866002811,0.0,3.5950966987659747,
0.9565550047215372,0.8625812605535508,0.515035626803134,0.2589399866002811,0.0,3.5950966987659747,
0.9565550047215372,0.8625812605535508,0.515035626803134,0.2589399866002811,0.0,3.5950966987659747,
0.9565550047215372,0.8625812605535508,0.515035626803134,0.2589399866002811,0.0,3.631200908222721,
0.9565550047215372,0.8625812605535508,0.515035626803134,0.2589399866002811,0.0,3.631200908222721,
0.9565550047215372,0.8625812605535508,0.515035626803134,0.2589399866002811,0.0,3.631200908222721,
0.9565550047215372,0.8625812605535508,0.515035626803134,0.2589399866002811,0.0,3.631200908222721,
0.9565550047215372,0.8625812605535508,0.515035626803134,0.2589399866002811,0.0,3.631200908222721,
0.9565550047215372,0.8625812605535508,0.515035626803134,0.2589399866002811,0.0,3.631200908222721,
0.9565550047215372,0.8625812605535508,0.515035626803134,0.2589399866002811,0.0,3.631200908222721,
0.9565550047215372,0.8625812605535508,0.515035626803134,0.2589399866002811,0.0,3.631200908222721,
0.9565550047215372,0.8625812605535508,0.515035626803134,0.2589399866002811,0.0,3.631200908222721,
0.9565550047215372,0.8625812605535508,0.515035626803134,0.2589399866002811,0.0,3.631200908222721,
0.9565550047215372,0.8625812605535508,0.515035626803134,0.2589399866002811,0.0,3.631200908222721,
0.9565550047215372,0.8625812605535508,0.515035626803134,0.2589399866002811,0.0,3.631200908222721,
0.9565550047215372,0.8625812605535508,0.515035626803134,0.2589399866002811,0.0,3.631200908222721,
0.9565550047215372,0.8625812605535508,0.515035626803134,0.2589399866002811,0.0,3.631200908222721,
0.9565550047215372,0.8625812605535508,0.515035626803134,0.2589399866002811,0.0,3.631200908222721,
0.9565550047215372,0.8625812605535508,0.515035626803134,0.2589399866002811,0.0,3.631200908222721,
0.9565550047215372,0.8625812605535508,0.515035626803134,0.2589399866002811,0.0,3.631200908222721,
0.9565550047215372,0.8625812605535508,0.515035626803134,0.2589399866002811,0.0,3.631200908222721,
0.9565550047215372,0.8625812605535508,0.515035626803134,0.2589399866002811,0.0,3.631200908222721,
0.9565550047215372,0.8625812605535508,0.515035626803134,0.2589399866002811,0.0,3.573972842977766,
0.9565550047215372,0.8625812605535508,0.515035626803134,0.2589399866002811,0.0,3.573972842977766,
0.9565550047215372,0.8625812605535508,0.515035626803134,0.2589399866002811,0.0,3.573972842977766,
0.9565550047215372,0.8625812605535508,0.515035626803134,0.2589399866002811,0.0,3.573972842977766,
0.9565550047215372,0.8625812605535508,0.515035626803134,0.2589399866002811,0.0,3.573972842977766,
0.9565550047215372,0.8625812605535508,0.515035626803134,0.2589399866002811,0.0,3.573972842977766,
0.9565550047215372,0.8625812605535508,0.515035626803134,0.2589399866002811,0.0,3.5649244877433244,
0.9565550047215372,0.8625812605535508,0.515035626803134,0.2589399866002811,0.0,3.5649244877433244,
0.9565550047215372,0.8625812605535508,0.515035626803134,0.2589399866002811,0.0,3.5649244877433244,
0.9565550047215372,0.8625812605535508,0.515035626803134,0.2589399866002811,0.0,3.5649244877433244,
0.9565550047215372,0.8625812605535508,0.515035626803134,0.2589399866002811,0.0,3.5649244877433244,
0.9565550047215372,0.8625812605535508,0.515035626803134,0.2589399866002811,0.0,3.5649244877433244,
0.9565550047215372,0.8625812605535508,0.515035626803134,0.2589399866002811,0.0,3.5649244877433244,
0.9565550047215372,0.8625812605535508,0.515035626803134,0.2589399866002811,0.0,3.5649244877433244,
0.9565550047215372,0.8625812605535508,0.515035626803134,0.2589399866002811,0.0,3.5649244877433244,
0.9565550047215372,0.8625812605535508,0.515035626803134,0.2589399866002811,0.0,3.5649244877433244,
0.9565550047215372,0.8625812605535508,0.515035626803134,0.2589399866002811,0.0,3.5649244877433244,
0.9565550047215372,0.8625812605535508,0.515035626803134,0.2589399866002811,0.0,3.5649244877433244,
0.9565550047215372,0.8625812605535508,0.515035626803134,0.2589399866002811,0.0,3.5649244877433244,
0.9565550047215372,0.8625812605535508,0.515035626803134,0.2589399866002811,0.0,3.5649244877433244,
0.9565550047215372,0.8625812605535508,0.515035626803134,0.2589399866002811,0.0,3.5649244877433244,
0.9565550047215372,0.8625812605535508,0.515035626803134,0.2589399866002811,0.0,3.562673678622142,
0.9565550047215372,0.8625812605535508,0.515035626803134,0.2589399866002811,0.0,3.562673678622142,
0.9565550047215372,0.8625812605535508,0.515035626803134,0.2589399866002811,0.0,3.562673678622142,
0.9565550047215372,0.8625812605535508,0.515035626803134,0.2589399866002811,0.0,3.562673678622142,
0.9565550047215372,0.8625812605535508,0.515035626803134,0.2589399866002811,0.0,3.562673678622142,
0.9565550047215372,0.8625812605535508,0.515035626803134,0.2589399866002811,0.0,3.562673678622142,
0.9565550047215372,0.8625812605535508,0.515035626803134,0.2589399866002811,0.0,3.562673678622142,
0.9565550047215372,0.8625812605535508,0.515035626803134,0.2589399866002811,0.0,3.562673678622142,
0.9565550047215372,0.8625812605535508,0.515035626803134,0.2589399866002811,0.0,3.562673678622142,
0.9565550047215372,0.8625812605535508,0.515035626803134,0.2589399866002811,0.0,3.562673678622142,
0.9565550047215372,0.8625812605535508,0.515035626803134,0.2589399866002811,0.0,3.562673678622142,
0.9565550047215372,0.8625812605535508,0.515035626803134,0.2589399866002811,0.0,3.562673678622142,
0.9565550047215372,0.8625812605535508,0.515035626803134,0.2589399866002811,0.0,3.562673678622142,
0.9565550047215372,0.8625812605535508,0.515035626803134,0.2589399866002811,0.0,3.562673678622142,
0.9565550047215372,0.8625812605535508,0.515035626803134,0.2589399866002811,0.0,3.602740706043989,
0.9565550047215372,0.8625812605535508,0.515035626803134,0.2589399866002811,0.0,3.602740706043989,
0.9565550047215372,0.8625812605535508,0.515035626803134,0.2589399866002811,0.0,3.602740706043989,
0.9565550047215372,0.8625812605535508,0.515035626803134,0.2589399866002811,0.0,3.602740706043989,
0.9565550047215372,0.8625812605535508,0.515035626803134,0.2589399866002811,0.0,3.602740706043989,
0.9565550047215372,0.8625812605535508,0.515035626803134,0.2589399866002811,0.0,3.602740706043989,
0.9565550047215372,0.8625812605535508,0.515035626803134,0.2589399866002811,0.0,3.602740706043989,
0.9565550047215372,0.8625812605535508,0.515035626803134,0.2589399866002811,0.0,3.602740706043989,
0.9565550047215372,0.8625812605535508,0.515035626803134,0.557292651484212,0.0,3.5646236540416814,
0.9565550047215372,0.8625812605535508,0.515035626803134,0.557292651484212,0.0,3.5646236540416814,
0.9565550047215372,0.8625812605535508,0.515035626803134,0.557292651484212,0.0,3.5646236540416814,
0.9565550047215372,0.8625812605535508,0.515035626803134,0.557292651484212,0.0,3.5646236540416814,
0.9565550047215372,0.8625812605535508,0.515035626803134,0.557292651484212,0.0,3.5646236540416814,
0.9565550047215372,0.8625812605535508,0.515035626803134,0.557292651484212,0.0,3.5646236540416814,
0.9565550047215372,0.8625812605535508,0.515035626803134,0.557292651484212,0.0,3.5646236540416814,
0.9565550047215372,0.8625812605535508,0.515035626803134,0.557292651484212,0.0,3.5646236540416814,
0.9565550047215372,0.8625812605535508,0.515035626803134,0.557292651484212,0.0,3.5646236540416814,
0.9565550047215372,0.8625812605535508,0.515035626803134,0.557292651484212,0.0,3.5646236540416814,
0.9565550047215372,0.8625812605535508,0.515035626803134,0.557292651484212,0.0,3.5646236540416814,
0.9565550047215372,0.8625812605535508,0.515035626803134,0.557292651484212,0.0,3.5646236540416814,
0.9565550047215372,0.8625812605535508,0.515035626803134,0.557292651484212,0.0,3.5646236540416814,
0.9565550047215372,0.8625812605535508,0.515035626803134,0.557292651484212,0.0,3.5646236540416814,
0.9565550047215372,0.8625812605535508,0.515035626803134,0.557292651484212,0.0,3.5646236540416814,
0.9565550047215372,0.8625812605535508,0.515035626803134,0.557292651484212,0.0,3.5646236540416814,
0.9565550047215372,0.8625812605535508,0.515035626803134,0.557292651484212,0.0,3.5646236540416814,
0.9565550047215372,0.8625812605535508,0.515035626803134,0.557292651484212,0.0,3.5646236540416814,
0.9565550047215372,0.8625812605535508,0.515035626803134,0.557292651484212,0.0,3.5646236540416814,
0.9565550047215372,0.8625812605535508,0.515035626803134,0.557292651484212,0.0,3.5646236540416814,
0.9565550047215372,0.8625812605535508,0.515035626803134,0.557292651484212,0.0,3.5646236540416814,
0.9565550047215372,0.8625812605535508,0.515035626803134,0.8223795151995422,0.0,3.603754912820364,
0.9565550047215372,0.8625812605535508,0.515035626803134,0.8223795151995422,0.0,3.603754912820364,
0.9565550047215372,0.8625812605535508,0.515035626803134,0.8223795151995422,0.0,3.603754912820364,
0.9565550047215372,0.8625812605535508,0.515035626803134,0.8223795151995422,0.0,3.603754912820364,
0.9565550047215372,0.8625812605535508,0.515035626803134,0.8223795151995422,0.0,3.603754912820364,
0.9565550047215372,0.8625812605535508,0.515035626803134,0.8223795151995422,0.0,3.603754912820364,
0.9565550047215372,0.8625812605535508,0.515035626803134,0.8223795151995422,0.0,3.603754912820364,
0.9565550047215372,0.8625812605535508,0.515035626803134,0.8223795151995422,0.0,3.600030292279313,
0.9565550047215372,0.8625812605535508,0.515035626803134,0.8223795151995422,0.0,3.600030292279313,
0.9565550047215372,0.8625812605535508,0.515035626803134,0.8223795151995422,0.0,3.600030292279313,
0.9565550047215372,0.8625812605535508,0.515035626803134,0.8223795151995422,0.0,3.600030292279313,
0.9565550047215372,0.8625812605535508,0.515035626803134,0.8223795151995422,0.0,3.600030292279313,
0.9565550047215372,0.8625812605535508,0.515035626803134,0.8223795151995422,0.0,3.600030292279313,
0.9565550047215372,0.8625812605535508,0.515035626803134,0.8223795151995422,0.0,3.630762043828437,
0.9565550047215372,0.8625812605535508,0.515035626803134,0.8223795151995422,0.0,3.630762043828437,
0.9565550047215372,0.8625812605535508,0.515035626803134,0.8223795151995422,0.0,3.630762043828437,
0.9565550047215372,0.8625812605535508,0.515035626803134,0.8223795151995422,0.0,3.5050303121941395,
0.9565550047215372,0.8625812605535508,0.515035626803134,0.8223795151995422,0.0,3.4666619526908433,
0.9565550047215372,0.8625812605535508,0.515035626803134,0.8223795151995422,0.0,3.4666619526908433,
0.9565550047215372,0.8625812605535508,0.515035626803134,0.8223795151995422,0.0,3.4666619526908433,
0.9565550047215372,0.8625812605535508,0.515035626803134,0.8223795151995422,0.0,3.4666619526908433,
0.9565550047215372,0.8625812605535508,0.515035626803134,0.8223795151995422,0.0,3.4666619526908433,
0.9565550047215372,0.8625812605535508,0.515035626803134,0.8223795151995422,0.0,3.4666619526908433,
0.9565550047215372,0.8625812605535508,0.515035626803134,0.8223795151995422,0.0,3.4666619526908433,
0.9565550047215372,0.8625812605535508,0.515035626803134,0.8223795151995422,0.0,3.4666619526908433,
0.9565550047215372,0.8625812605535508,0.7755316398649965,0.8223795151995422,0.0,3.4414762471494487,
0.9565550047215372,0.8625812605535508,0.7755316398649965,0.8223795151995422,0.0,3.4414762471494487,
0.9565550047215372,0.8625812605535508,0.7755316398649965,0.8223795151995422,0.0,3.4414762471494487,
0.9565550047215372,0.8625812605535508,0.7755316398649965,0.8223795151995422,0.0,3.4414762471494487,
0.9565550047215372,0.8625812605535508,0.7755316398649965,0.8223795151995422,0.0,3.4414762471494487,
0.9565550047215372,0.8625812605535508,0.7755316398649965,0.8223795151995422,0.0,3.4414762471494487,
0.9565550047215372,0.8625812605535508,0.7755316398649965,0.8223795151995422,0.0,3.4414762471494487,
0.9565550047215372,0.8625812605535508,0.7755316398649965,0.8223795151995422,0.0,3.4414762471494487,
0.9565550047215372,0.8625812605535508,0.7755316398649965,0.8223795151995422,0.0,3.4414762471494487,
0.9565550047215372,0.8625812605535508,0.7755316398649965,0.8223795151995422,0.0,3.4414762471494487,
0.9565550047215372,0.8625812605535508,0.7755316398649965,0.8223795151995422,0.0,3.4202858820835305,
0.9565550047215372,0.8625812605535508,0.7755316398649965,0.8223795151995422,0.0,3.4202858820835305,
0.9565550047215372,0.8625812605535508,0.7755316398649965,0.8223795151995422,0.0,3.4202858820835305,
0.9565550047215372,0.8625812605535508,1.0058042052660146,0.8223795151995422,0.0,3.428553984832798,
0.9565550047215372,0.8625812605535508,1.0058042052660146,0.8223795151995422,0.0,3.428553984832798,
0.9565550047215372,0.8625812605535508,1.0058042052660146,0.8223795151995422,0.0,3.4144908733157022,
0.9565550047215372,0.8625812605535508,1.0058042052660146,0.8223795151995422,0.0,3.4144908733157022,
0.9565550047215372,0.8625812605535508,1.0058042052660146,0.8223795151995422,0.0,3.4144908733157022,
0.9565550047215372,0.8625812605535508,1.0058042052660146,0.8223795151995422,0.0,3.4144908733157022,
0.9565550047215372,0.8625812605535508,1.0058042052660146,0.8223795151995422,0.0,3.4144908733157022,
0.9565550047215372,0.8625812605535508,1.0058042052660146,0.8223795151995422,0.0,3.4144908733157022,
0.9565550047215372,0.8625812605535508,1.0058042052660146,0.8223795151995422,0.0,3.4144908733157022,
0.9565550047215372,0.8625812605535508,1.0058042052660146,0.8223795151995422,0.0,3.4144908733157022,
1.1217661085658288,0.8625812605535508,1.0058042052660146,0.8223795151995422,0.0,3.426004048651591,
1.1217661085658288,0.8625812605535508,1.0058042052660146,0.8223795151995422,0.0,3.426004048651591,
1.1217661085658288,0.8625812605535508,1.0058042052660146,0.8223795151995422,0.0,3.426004048651591,
1.1217661085658288,0.8625812605535508,1.0058042052660146,0.8223795151995422,0.0,3.426004048651591,
1.1217661085658288,0.8625812605535508,1.0058042052660146,0.8223795151995422,0.0,3.426004048651591,
1.1217661085658288,0.8625812605535508,1.0058042052660146,0.8223795151995422,0.0,3.426004048651591,
1.1217661085658288,0.8625812605535508,1.0058042052660146,0.8223795151995422,0.0,3.426004048651591,
1.1217661085658288,0.8625812605535508,1.0058042052660146,0.8223795151995422,0.0,3.426004048651591,
1.1217661085658288,1.1314254986102223,1.0058042052660146,0.8223795151995422,0.0,3.426004048651591,
1.1217661085658288,1.1314254986102223,1.0058042052660146,0.8223795151995422,0.0,3.426004048651591,
1.1217661085658288,1.1314254986102223,1.0058042052660146,0.8223795151995422,0.0,3.426004048651591,
1.1217661085658288,1.1314254986102223,1.0058042052660146,0.8223795151995422,0.0,3.426004048651591,
1.1217661085658288,1.1314254986102223,1.0058042052660146,0.8223795151995422,0.0,3.426004048651591,
1.1217661085658288,1.1314254986102223,1.0058042052660146,0.8223795151995422,0.0,3.426004048651591,
1.3179298620878892,1.1314254986102223,1.0058042052660146,0.8223795151995422,0.0,3.3960228746192405,
1.3179298620878892,1.1314254986102223,1.0058042052660146,0.8223795151995422,0.0,3.3960228746192405,
1.3179298620878892,1.1314254986102223,1.0058042052660146,0.8223795151995422,0.0,3.3960228746192405,
1.3179298620878892,1.1314254986102223,1.0058042052660146,0.8223795151995422,0.0,3.3960228746192405,
1.3179298620878892,1.1314254986102223,1.0058042052660146,0.8223795151995422,0.0,3.3960228746192405,
1.3179298620878892,1.1314254986102223,1.0058042052660146,0.8223795151995422,0.0,3.3960228746192405,
1.3179298620878892,1.1314254986102223,1.0058042052660146,0.8223795151995422,0.0,3.3960228746192405,
1.3179298620878892,1.1314254986102223,1.0058042052660146,0.8223795151995422,0.0,3.3960228746192405,
1.3179298620878892,1.1314254986102223,1.0058042052660146,0.8223795151995422,0.0,3.398397004287238,
1.3179298620878892,1.1314254986102223,1.0058042052660146,0.8223795151995422,0.0,3.4380917995572005,
1.3179298620878892,1.1314254986102223,1.0058042052660146,0.8223795151995422,0.0,3.4380917995572005,
1.3179298620878892,1.1314254986102223,1.0058042052660146,0.8223795151995422,0.0,3.4380917995572005,
1.3179298620878892,1.1314254986102223,1.0058042052660146,0.8223795151995422,0.0,3.4380917995572005,
1.3179298620878892,1.1314254986102223,1.0058042052660146,0.8223795151995422,0.0,3.401574609171591,
1.3179298620878892,1.1314254986102223,1.0058042052660146,0.8223795151995422,0.0,3.401574609171591,
1.3179298620878892,1.1314254986102223,1.0058042052660146,0.8223795151995422,0.0,3.401574609171591,
1.3179298620878892,1.1314254986102223,1.0058042052660146,0.8223795151995422,0.0,3.401574609171591,
1.3179298620878892,1.1314254986102223,1.0058042052660146,0.8223795151995422,0.0,3.401574609171591,
1.3179298620878892,1.1314254986102223,1.0058042052660146,0.8223795151995422,0.0,3.401574609171591,
1.3179298620878892,1.1314254986102223,1.0058042052660146,0.8223795151995422,0.0,3.401574609171591,
1.3179298620878892,1.1314254986102223,1.0058042052660146,0.8223795151995422,0.0,3.45130133883,
1.3179298620878892,1.1314254986102223,1.0058042052660146,0.8223795151995422,0.0,3.45130133883,
1.3179298620878892,1.1314254986102223,1.0058042052660146,0.8223795151995422,0.0,3.45130133883,
1.3179298620878892,1.1314254986102223,1.0058042052660146,0.8223795151995422,0.0,3.45130133883,
1.3179298620878892,1.1314254986102223,1.0058042052660146,0.8223795151995422,0.0,3.45130133883,
1.3179298620878892,1.1314254986102223,1.0058042052660146,0.8223795151995422,0.0,3.45130133883,
1.3179298620878892,1.1314254986102223,1.0058042052660146,0.8223795151995422,0.0,3.45130133883,
1.3179298620878892,1.1314254986102223,1.0058042052660146,0.8223795151995422,0.0,3.45130133883,
1.3179298620878892,1.1314254986102223,1.0058042052660146,0.8223795151995422,0.0,3.45130133883,
1.3179298620878892,1.1314254986102223,1.0058042052660146,0.8223795151995422,0.0,3.45130133883,
1.3179298620878892,1.1314254986102223,1.0058042052660146,0.8223795151995422,0.0,3.45130133883,
1.3179298620878892,1.1314254986102223,1.0058042052660146,0.8223795151995422,0.0,3.45130133883,
1.3179298620878892,1.1314254986102223,1.0058042052660146,0.8223795151995422,0.0,3.45130133883,
1.3179298620878892,1.1314254986102223,1.0058042052660146,0.8223795151995422,0.0,3.45130133883,
1.3179298620878892,1.1314254986102223,1.0058042052660146,0.8223795151995422,0.0,3.45130133883,
1.3179298620878892,1.1314254986102223,1.0058042052660146,0.8223795151995422,0.0,3.45130133883,
1.3179298620878892,1.1314254986102223,1.0058042052660146,0.8223795151995422,0.0,3.45130133883,
1.3179298620878892,1.1314254986102223,1.215840905234113,0.8223795151995422,0.0,3.5027346719660915,
1.3179298620878892,1.1314254986102223,1.215840905234113,0.8223795151995422,0.0,3.5027346719660915,
1.3179298620878892,1.1314254986102223,1.215840905234113,0.8223795151995422,0.0,3.5027346719660915,
1.3179298620878892,1.1314254986102223,1.215840905234113,0.8223795151995422,0.0,3.5027346719660915,
1.3179298620878892,1.1314254986102223,1.215840905234113,0.8223795151995422,0.0,3.5027346719660915,
1.3179298620878892,1.1314254986102223,1.215840905234113,0.8223795151995422,0.0,3.5027346719660915,
1.3179298620878892,1.1314254986102223,1.215840905234113,0.8223795151995422,0.0,3.5027346719660915,
1.3179298620878892,1.1314254986102223,1.215840905234113,0.8223795151995422,0.0,3.5027346719660915,
1.3179298620878892,1.1314254986102223,1.215840905234113,0.8223795151995422,0.0,3.5027346719660915,
1.3179298620878892,1.1314254986102223,1.215840905234113,0.8223795151995422,0.0,3.5027346719660915,
1.3179298620878892,1.1314254986102223,1.215840905234113,0.8223795151995422,0.0,3.5027346719660915,
1.3179298620878892,1.1314254986102223,1.215840905234113,0.8223795151995422,0.0,3.5027346719660915,
1.3179298620878892,1.1314254986102223,1.215840905234113,0.8223795151995422,0.0,3.5027346719660915,
1.3179298620878892,1.1314254986102223,1.215840905234113,0.8223795151995422,0.0,3.5027346719660915,
1.3179298620878892,1.1314254986102223,1.215840905234113,0.8223795151995422,0.0,3.5027346719660915,
1.3179298620878892,1.1314254986102223,1.215840905234113,0.8223795151995422,0.0,3.5455979576125456,
1.3179298620878892,1.1314254986102223,1.215840905234113,0.8223795151995422,0.0,3.5455979576125456,
1.3179298620878892,1.1314254986102223,1.215840905234113,0.8223795151995422,0.0,3.5455979576125456,
1.3179298620878892,1.1314254986102223,1.215840905234113,0.8223795151995422,0.0,3.5455979576125456,
1.3179298620878892,1.1314254986102223,1.215840905234113,0.8223795151995422,0.0,3.5455979576125456,
1.3179298620878892,1.1314254986102223,1.215840905234113,0.8223795151995422,0.0,3.5455979576125456,
1.3179298620878892,1.1314254986102223,1.215840905234113,0.8223795151995422,0.0,3.5455979576125456,
1.3179298620878892,1.1314254986102223,1.215840905234113,0.8223795151995422,0.0,3.5792143939866428,
1.3179298620878892,1.1314254986102223,1.215840905234113,0.8223795151995422,0.0,3.5792143939866428,
1.3179298620878892,1.1314254986102223,1.215840905234113,0.8223795151995422,0.0,3.5792143939866428,
1.3179298620878892,1.1314254986102223,1.215840905234113,0.8223795151995422,0.0,3.5792143939866428,
1.3179298620878892,1.1314254986102223,1.215840905234113,0.8223795151995422,0.0,3.5792143939866428,
1.3179298620878892,1.1314254986102223,1.215840905234113,0.8223795151995422,0.0,3.5792143939866428,
1.3179298620878892,1.1314254986102223,1.215840905234113,0.8223795151995422,0.0,3.5792143939866428,
1.3179298620878892,1.1314254986102223,1.215840905234113,0.8223795151995422,0.0,3.5792143939866428,
1.3179298620878892,1.1314254986102223,1.215840905234113,0.8223795151995422,0.0,3.5792143939866428,
1.3179298620878892,1.1314254986102223,1.215840905234113,0.8223795151995422,0.0,3.5792143939866428,
1.3179298620878892,1.1314254986102223,1.215840905234113,0.8223795151995422,0.0,3.5792143939866428,
1.3179298620878892,1.1314254986102223,1.215840905234113,0.8223795151995422,0.0,3.5792143939866428,
1.3179298620878892,1.1314254986102223,1.215840905234113,0.8223795151995422,0.0,3.5792143939866428,
1.3179298620878892,1.1314254986102223,1.215840905234113,0.8223795151995422,0.0,3.5792143939866428,
1.3179298620878892,1.1314254986102223,1.215840905234113,0.8223795151995422,0.0,3.5792143939866428,
1.3179298620878892,1.1314254986102223,1.215840905234113,0.8223795151995422,0.0,3.5792143939866428,
1.3179298620878892,1.1314254986102223,1.215840905234113,0.8223795151995422,0.0,3.5792143939866428,
1.3179298620878892,1.1314254986102223,1.215840905234113,0.8223795151995422,0.0,3.5792143939866428,
1.3179298620878892,1.1314254986102223,1.215840905234113,0.8223795151995422,0.0,3.5792143939866428,
1.3179298620878892,1.1314254986102223,1.215840905234113,0.8223795151995422,0.0,3.5792143939866428,
1.3179298620878892,1.1314254986102223,1.215840905234113,0.8223795151995422,0.0,3.5792143939866428,
1.3179298620878892,1.1314254986102223,1.215840905234113,0.8223795151995422,0.0,3.5792143939866428,
1.3179298620878892,1.3813870648482862,1.215840905234113,0.8223795151995422,0.0,3.5792143939866428,
1.3179298620878892,1.3813870648482862,1.215840905234113,0.8223795151995422,0.0,3.5792143939866428,
1.3179298620878892,1.3813870648482862,1.215840905234113,0.8223795151995422,0.0,3.5792143939866428,
1.3179298620878892,1.3813870648482862,1.215840905234113,0.8223795151995422,0.0,3.5792143939866428,
1.3179298620878892,1.3813870648482862,1.215840905234113,0.8223795151995422,0.0,3.497659474240531,
1.3179298620878892,1.3813870648482862,1.215840905234113,0.8223795151995422,0.0,3.497659474240531,
1.3179298620878892,1.3813870648482862,1.215840905234113,0.8223795151995422,0.0,3.497659474240531,
1.3179298620878892,1.3813870648482862,1.215840905234113,0.8223795151995422,0.0,3.497659474240531,
1.3179298620878892,1.3813870648482862,1.215840905234113,0.8223795151995422,0.0,3.497659474240531,
1.3179298620878892,1.3813870648482862,1.215840905234113,0.8223795151995422,0.0,3.497659474240531,
1.3179298620878892,1.3813870648482862,1.215840905234113,0.8223795151995422,0.0,3.497659474240531,
1.3179298620878892,1.3813870648482862,1.215840905234113,0.8223795151995422,0.0,3.497659474240531,
1.3179298620878892,1.3813870648482862,1.215840905234113,0.8223795151995422,0.0,3.497659474240531,
1.3179298620878892,1.3813870648482862,1.215840905234113,0.8223795151995422,0.0,3.497659474240531,
1.3179298620878892,1.3813870648482862,1.215840905234113,0.8223795151995422,0.0,3.497659474240531,
1.3179298620878892,1.3813870648482862,1.215840905234113,0.8223795151995422,0.0,3.497659474240531,
1.3179298620878892,1.3813870648482862,1.215840905234113,0.8223795151995422,0.0,3.497659474240531,
1.3179298620878892,1.3813870648482862,1.215840905234113,0.8223795151995422,0.0,3.497659474240531,
1.3179298620878892,1.3813870648482862,1.215840905234113,0.8223795151995422,0.0,3.497659474240531,
1.3179298620878892,1.3813870648482862,1.215840905234113,0.8223795151995422,0.0,3.497659474240531,
1.3179298620878892,1.3813870648482862,1.215840905234113,0.8223795151995422,0.0,3.497659474240531,
1.3179298620878892,1.3813870648482862,1.215840905234113,0.8223795151995422,0.0,3.497659474240531,
1.3179298620878892,1.3813870648482862,1.215840905234113,0.8223795151995422,0.0,3.497659474240531,
1.3179298620878892,1.3813870648482862,1.215840905234113,0.8223795151995422,0.0,3.437257485382902,
1.3179298620878892,1.3813870648482862,1.215840905234113,0.8223795151995422,0.0,3.437257485382902,
1.3179298620878892,1.3813870648482862,1.215840905234113,0.8223795151995422,0.0,3.437257485382902,
1.3179298620878892,1.3813870648482862,1.215840905234113,0.8223795151995422,0.0,3.417258116475611,
1.3179298620878892,1.3813870648482862,1.215840905234113,0.8223795151995422,0.0,3.417258116475611,
1.3179298620878892,1.3813870648482862,1.215840905234113,0.8223795151995422,0.0,3.417258116475611,
1.3179298620878892,1.3813870648482862,1.215840905234113,0.8223795151995422,0.0,3.417258116475611,
1.3179298620878892,1.3813870648482862,1.215840905234113,0.8223795151995422,0.0,3.417258116475611,
1.3179298620878892,1.3813870648482862,1.215840905234113,0.8223795151995422,0.0,3.417258116475611,
1.3179298620878892,1.3813870648482862,1.215840905234113,0.8223795151995422,0.0,3.417258116475611,
1.3179298620878892,1.3813870648482862,1.215840905234113,0.8223795151995422,0.0,3.417258116475611,
1.4936901063619052,1.3813870648482862,1.215840905234113,0.8223795151995422,0.0,3.4598097395385268,
1.4936901063619052,1.3813870648482862,1.215840905234113,1.0515244402380555,0.0,3.5000357626500627,
1.4936901063619052,1.3813870648482862,1.215840905234113,1.0515244402380555,0.0,3.5000357626500627,
1.4936901063619052,1.3813870648482862,1.215840905234113,1.0515244402380555,0.0,3.5000357626500627,
1.4936901063619052,1.3813870648482862,1.215840905234113,1.0515244402380555,0.0,3.4703819658180923,
1.4936901063619052,1.3813870648482862,1.215840905234113,1.0515244402380555,0.0,3.4703819658180923,
1.4936901063619052,1.3813870648482862,1.215840905234113,1.2587063731378783,0.0,3.515207722319034,
1.4936901063619052,1.3813870648482862,1.215840905234113,1.2587063731378783,0.0,3.515207722319034,
1.4936901063619052,1.3813870648482862,1.215840905234113,1.2587063731378783,0.0,3.515207722319034,
1.4936901063619052,1.3813870648482862,1.215840905234113,1.2587063731378783,0.0,3.515207722319034,
1.4936901063619052,1.3813870648482862,1.215840905234113,1.2587063731378783,0.0,3.515207722319034,
1.4936901063619052,1.3813870648482862,1.215840905234113,1.2587063731378783,0.0,3.515207722319034,
1.4936901063619052,1.3813870648482862,1.215840905234113,1.2587063731378783,0.0,3.515207722319034,
1.4936901063619052,1.3813870648482862,1.215840905234113,1.2587063731378783,0.0,3.515207722319034,
1.4936901063619052,1.3813870648482862,1.215840905234113,1.2587063731378783,0.0,3.515207722319034,
1.4936901063619052,1.3813870648482862,1.215840905234113,1.2587063731378783,0.0,3.515207722319034,
1.4936901063619052,1.3813870648482862,1.215840905234113,1.2587063731378783,0.0,3.515207722319034,
1.4936901063619052,1.3813870648482862,1.215840905234113,1.2587063731378783,0.0,3.515207722319034,
1.4936901063619052,1.3813870648482862,1.215840905234113,1.2587063731378783,0.0,3.515207722319034,
1.4936901063619052,1.3813870648482862,1.215840905234113,1.2587063731378783,0.0,3.515207722319034,
1.4936901063619052,1.3813870648482862,1.215840905234113,1.2587063731378783,0.0,3.5196912933975986,
1.4936901063619052,1.3813870648482862,1.215840905234113,1.2587063731378783,0.0,3.5196912933975986,
1.4936901063619052,1.3813870648482862,1.215840905234113,1.2587063731378783,0.0,3.5196912933975986,
1.4936901063619052,1.3813870648482862,1.215840905234113,1.2587063731378783,0.0,3.5196912933975986,
1.4936901063619052,1.3813870648482862,1.215840905234113,1.2587063731378783,0.0,3.5196912933975986,
1.4936901063619052,1.6046087552354975,1.215840905234113,1.2587063731378783,0.0,3.5196912933975986,
1.4936901063619052,1.6046087552354975,1.215840905234113,1.2587063731378783,0.0,3.5196912933975986,
1.4936901063619052,1.6046087552354975,1.215840905234113,1.2587063731378783,0.0,3.5196912933975986,
1.4936901063619052,1.6046087552354975,1.215840905234113,1.2587063731378783,0.0,3.5196912933975986,
1.4936901063619052,1.6046087552354975,1.215840905234113,1.2587063731378783,0.0,3.5196912933975986,
1.4936901063619052,1.6046087552354975,1.215840905234113,1.2587063731378783,0.0,3.5196912933975986,
1.4936901063619052,1.6046087552354975,1.215840905234113,1.2587063731378783,0.0,3.5196912933975986,
1.4936901063619052,1.6046087552354975,1.215840905234113,1.2587063731378783,0.0,3.5196912933975986,
1.4936901063619052,1.6046087552354975,1.215840905234113,1.2587063731378783,0.0,3.5196912933975986,
1.4936901063619052,1.6046087552354975,1.215840905234113,1.2587063731378783,0.0,3.5196912933975986,
1.4936901063619052,1.6046087552354975,1.215840905234113,1.2587063731378783,0.0,3.5196912933975986,
1.4936901063619052,1.6046087552354975,1.215840905234113,1.2587063731378783,0.0,3.5196912933975986,
1.4936901063619052,1.6046087552354975,1.215840905234113,1.2587063731378783,0.0,3.5196912933975986,
1.4936901063619052,1.6046087552354975,1.215840905234113,1.2587063731378783,0.0,3.5196912933975986,
1.4936901063619052,1.6046087552354975,1.215840905234113,1.2587063731378783,0.0,3.5196912933975986,
1.4936901063619052,1.6046087552354975,1.215840905234113,1.2587063731378783,0.0,3.5196912933975986,
1.4936901063619052,1.6046087552354975,1.215840905234113,1.2587063731378783,0.0,3.5196912933975986,
1.4936901063619052,1.6046087552354975,1.215840905234113,1.2587063731378783,0.0,3.5196912933975986,
1.4936901063619052,1.6046087552354975,1.215840905234113,1.2587063731378783,0.0,3.5196912933975986,
1.6027882245701852,1.6046087552354975,1.215840905234113,1.2587063731378783,0.0,3.570254060934974,
1.6027882245701852,1.6046087552354975,1.215840905234113,1.2587063731378783,0.0,3.570254060934974,
1.6027882245701852,1.6046087552354975,1.215840905234113,1.2587063731378783,0.0,3.608064151451212,
1.6027882245701852,1.6046087552354975,1.215840905234113,1.2587063731378783,0.0,3.608064151451212,
1.6027882245701852,1.6046087552354975,1.215840905234113,1.2587063731378783,0.0,3.608064151451212,
1.6027882245701852,1.6046087552354975,1.215840905234113,1.2587063731378783,0.0,3.5351497323690184,
1.6027882245701852,1.6046087552354975,1.215840905234113,1.2587063731378783,0.0,3.5351497323690184,
1.6027882245701852,1.6046087552354975,1.215840905234113,1.2587063731378783,0.0,3.5351497323690184,
1.6027882245701852,1.6046087552354975,1.215840905234113,1.2587063731378783,0.0,3.5351497323690184,
1.6027882245701852,1.6046087552354975,1.215840905234113,1.2587063731378783,0.0,3.5351497323690184,
1.6027882245701852,1.6046087552354975,1.215840905234113,1.2587063731378783,0.0,3.5351497323690184,
1.6027882245701852,1.6046087552354975,1.215840905234113,1.2587063731378783,0.0,3.5351497323690184,
1.6027882245701852,1.6046087552354975,1.215840905234113,1.2587063731378783,0.0,3.5351497323690184,
1.6027882245701852,1.6046087552354975,1.215840905234113,1.2587063731378783,0.0,3.5351497323690184,
1.6027882245701852,1.6046087552354975,1.215840905234113,1.2587063731378783,0.0,3.5351497323690184,
1.6027882245701852,1.6046087552354975,1.215840905234113,1.2587063731378783,0.0,3.5351497323690184,
1.6027882245701852,1.6046087552354975,1.215840905234113,1.2587063731378783,0.0,3.5351497323690184,
1.6027882245701852,1.6046087552354975,1.215840905234113,1.2587063731378783,0.0,3.5351497323690184,
1.6027882245701852,1.6046087552354975,1.215840905234113,1.2587063731378783,0.0,3.5351497323690184,
1.6027882245701852,1.6046087552354975,1.215840905234113,1.2587063731378783,0.0,3.5351497323690184,
1.6027882245701852,1.6046087552354975,1.215840905234113,1.2587063731378783,0.0,3.5351497323690184,
1.6027882245701852,1.6046087552354975,1.215840905234113,1.2587063731378783,0.0,3.5351497323690184,
1.6027882245701852,1.6046087552354975,1.215840905234113,1.450999211737302,0.0,3.4918107341835722,
1.6027882245701852,1.6046087552354975,1.215840905234113,1.450999211737302,0.0,3.4918107341835722,
1.6027882245701852,1.6046087552354975,1.215840905234113,1.450999211737302,0.0,3.4918107341835722,
1.6027882245701852,1.6046087552354975,1.215840905234113,1.450999211737302,0.0,3.4918107341835722,
1.6027882245701852,1.6046087552354975,1.215840905234113,1.450999211737302,0.0,3.4918107341835722,
1.6027882245701852,1.6046087552354975,1.215840905234113,1.450999211737302,0.0,3.4918107341835722,
1.6027882245701852,1.6046087552354975,1.215840905234113,1.450999211737302,0.0,3.4918107341835722,
1.6027882245701852,1.6046087552354975,1.215840905234113,1.450999211737302,0.0,3.4918107341835722,
1.6027882245701852,1.6046087552354975,1.215840905234113,1.450999211737302,0.0,3.4918107341835722,
1.6027882245701852,1.6046087552354975,1.215840905234113,1.450999211737302,0.0,3.4918107341835722,
1.6027882245701852,1.6046087552354975,1.215840905234113,1.450999211737302,0.0,3.4918107341835722,
1.6027882245701852,1.6046087552354975,1.215840905234113,1.450999211737302,0.0,3.4918107341835722,
1.6027882245701852,1.6046087552354975,1.215840905234113,1.450999211737302,0.0,3.4918107341835722,
1.6027882245701852,1.6046087552354975,1.215840905234113,1.450999211737302,0.0,3.4918107341835722,
1.6027882245701852,1.6046087552354975,1.215840905234113,1.450999211737302,0.0,3.4918107341835722,
1.6027882245701852,1.6046087552354975,1.215840905234113,1.450999211737302,0.0,3.4918107341835722,
1.6027882245701852,1.6046087552354975,1.215840905234113,1.450999211737302,0.0,3.4918107341835722,
1.6027882245701852,1.6046087552354975,1.215840905234113,1.450999211737302,0.0,3.4918107341835722,
1.6027882245701852,1.6046087552354975,1.215840905234113,1.450999211737302,0.0,3.4918107341835722,
1.6027882245701852,1.6046087552354975,1.215840905234113,1.450999211737302,0.0,3.4918107341835722,
1.6027882245701852,1.6046087552354975,1.215840905234113,1.450999211737302,0.0,3.4918107341835722,
1.6027882245701852,1.6046087552354975,1.215840905234113,1.450999211737302,0.0,3.4918107341835722,
1.6027882245701852,1.6046087552354975,1.215840905234113,1.450999211737302,0.0,3.4918107341835722,
1.6027882245701852,1.6046087552354975,1.215840905234113,1.450999211737302,0.0,3.4918107341835722,
1.6027882245701852,1.6046087552354975,1.215840905234113,1.450999211737302,0.0,3.4918107341835722,
1.6027882245701852,1.6046087552354975,1.215840905234113,1.450999211737302,0.0,3.4918107341835722,
1.6027882245701852,1.6046087552354975,1.215840905234113,1.450999211737302,0.0,3.4918107341835722,
1.6027882245701852,1.6046087552354975,1.215840905234113,1.450999211737302,0.0,3.4918107341835722,
1.6027882245701852,1.6046087552354975,1.215840905234113,1.450999211737302,0.0,3.4918107341835722,
1.6027882245701852,1.6046087552354975,1.215840905234113,1.450999211737302,0.0,3.538875885855256,
1.6027882245701852,1.6046087552354975,1.215840905234113,1.450999211737302,0.0,3.538875885855256,
1.6027882245701852,1.6046087552354975,1.215840905234113,1.450999211737302,0.0,3.538875885855256,
1.6027882245701852,1.6046087552354975,1.215840905234113,1.450999211737302,0.0,3.538875885855256,
1.6027882245701852,1.6046087552354975,1.215840905234113,1.450999211737302,0.0,3.538875885855256,
1.6027882245701852,1.6046087552354975,1.215840905234113,1.450999211737302,0.0,3.538875885855256,
1.6027882245701852,1.6046087552354975,1.215840905234113,1.450999211737302,0.0,3.5841883997896304,
1.6027882245701852,1.6046087552354975,1.215840905234113,1.450999211737302,0.0,3.5841883997896304,
1.6027882245701852,1.6046087552354975,1.215840905234113,1.450999211737302,0.0,3.5841883997896304,
1.6027882245701852,1.6046087552354975,1.215840905234113,1.450999211737302,0.0,3.5841883997896304,
1.6027882245701852,1.6046087552354975,1.215840905234113,1.450999211737302,0.0,3.5841883997896304,
1.6027882245701852,1.6046087552354975,1.215840905234113,1.450999211737302,0.0,3.5841883997896304,
1.6027882245701852,1.6046087552354975,1.215840905234113,1.450999211737302,0.0,3.5841883997896304,
1.6027882245701852,1.6046087552354975,1.215840905234113,1.450999211737302,0.0,3.5841883997896304,
1.6027882245701852,1.6046087552354975,1.215840905234113,1.450999211737302,0.0,3.5841883997896304,
1.6027882245701852,1.6046087552354975,1.215840905234113,1.450999211737302,0.0,3.5841883997896304,
1.6027882245701852,1.6046087552354975,1.215840905234113,1.450999211737302,0.0,3.5841883997896304,
1.6027882245701852,1.6046087552354975,1.215840905234113,1.450999211737302,0.0,3.5841883997896304,
1.6027882245701852,1.6046087552354975,1.215840905234113,1.450999211737302,0.0,3.5841883997896304,
1.6027882245701852,1.6046087552354975,1.215840905234113,1.450999211737302,0.0,3.5841883997896304,
1.6027882245701852,1.6046087552354975,1.215840905234113,1.450999211737302,0.0,3.5841883997896304,
1.6027882245701852,1.6046087552354975,1.215840905234113,1.450999211737302,0.0,3.5841883997896304,
1.6027882245701852,1.6046087552354975,1.215840905234113,1.450999211737302,0.0,3.5841883997896304,
1.6027882245701852,1.6046087552354975,1.215840905234113,1.450999211737302,0.0,3.546078723233874,
1.7106956850119126,1.6046087552354975,1.215840905234113,1.450999211737302,0.0,3.58498473022701,
1.7106956850119126,1.6046087552354975,1.215840905234113,1.450999211737302,0.0,3.58498473022701,
1.7106956850119126,1.6046087552354975,1.215840905234113,1.450999211737302,0.0,3.58498473022701,
1.7106956850119126,1.6046087552354975,1.215840905234113,1.450999211737302,0.0,3.58498473022701,
1.7106956850119126,1.6046087552354975,1.215840905234113,1.450999211737302,0.0,3.58498473022701,
1.7106956850119126,1.6046087552354975,1.215840905234113,1.450999211737302,0.0,3.474974633376692,
1.7106956850119126,1.6046087552354975,1.215840905234113,1.450999211737302,0.0,3.474974633376692,
1.7106956850119126,1.6046087552354975,1.215840905234113,1.450999211737302,0.0,3.474974633376692,
1.7106956850119126,1.6046087552354975,1.215840905234113,1.450999211737302,0.0,3.474974633376692,
1.7106956850119126,1.6046087552354975,1.215840905234113,1.450999211737302,0.0,3.474974633376692,
1.7106956850119126,1.6046087552354975,1.215840905234113,1.450999211737302,0.0,3.474974633376692,
1.7106956850119126,1.6046087552354975,1.215840905234113,1.450999211737302,0.0,3.474974633376692,
1.7106956850119126,1.6046087552354975,1.215840905234113,1.450999211737302,0.0,3.474974633376692,
1.7106956850119126,1.6046087552354975,1.215840905234113,1.450999211737302,0.0,3.474974633376692,
1.7106956850119126,1.6046087552354975,1.215840905234113,1.450999211737302,0.0,3.474974633376692,
1.7106956850119126,1.6046087552354975,1.215840905234113,1.450999211737302,0.0,3.474974633376692,
1.7106956850119126,1.6046087552354975,1.215840905234113,1.6186470075674741,0.0,3.3863307002945477,
1.7106956850119126,1.6046087552354975,1.215840905234113,1.6186470075674741,0.0,3.3863307002945477,
1.7106956850119126,1.6046087552354975,1.215840905234113,1.6186470075674741,0.0,3.40167474449221,
1.7106956850119126,1.6046087552354975,1.215840905234113,1.6186470075674741,0.0,3.40167474449221,
1.7106956850119126,1.6046087552354975,1.215840905234113,1.6186470075674741,0.0,3.40167474449221,
1.7106956850119126,1.6046087552354975,1.215840905234113,1.6186470075674741,0.0,3.40167474449221,
1.7106956850119126,1.6046087552354975,1.215840905234113,1.6186470075674741,0.0,3.40167474449221,
1.7106956850119126,1.6046087552354975,1.215840905234113,1.6186470075674741,0.0,3.40167474449221,
1.7106956850119126,1.6046087552354975,1.215840905234113,1.6186470075674741,0.0,3.40167474449221,
1.7106956850119126,1.6046087552354975,1.215840905234113,1.6186470075674741,0.0,3.40167474449221,
1.7106956850119126,1.6046087552354975,1.215840905234113,1.6186470075674741,0.0,3.40167474449221,
1.7106956850119126,1.6046087552354975,1.215840905234113,1.6186470075674741,0.0,3.40167474449221,
1.7106956850119126,1.6046087552354975,1.215840905234113,1.6186470075674741,0.0,3.40167474449221,
1.7106956850119126,1.6046087552354975,1.215840905234113,1.6186470075674741,0.0,3.40167474449221,
1.7106956850119126,1.6046087552354975,1.215840905234113,1.6186470075674741,0.0,3.40167474449221,
1.7106956850119126,1.6046087552354975,1.215840905234113,1.6186470075674741,0.0,3.40167474449221,
1.7106956850119126,1.6046087552354975,1.215840905234113,1.6186470075674741,0.0,3.40167474449221,
1.7106956850119126,1.6046087552354975,1.215840905234113,1.6186470075674741,0.0,3.462205522831013,
1.7106956850119126,1.6046087552354975,1.215840905234113,1.6186470075674741,0.0,3.462205522831013,
1.7106956850119126,1.6046087552354975,1.215840905234113,1.6186470075674741,0.0,3.462205522831013,
1.7106956850119126,1.6046087552354975,1.215840905234113,1.6186470075674741,0.0,3.462205522831013,
1.7106956850119126,1.6046087552354975,1.215840905234113,1.6186470075674741,0.0,3.5164672217891533,
1.7106956850119126,1.6046087552354975,1.215840905234113,1.6186470075674741,0.0,3.5164672217891533,
1.7106956850119126,1.6046087552354975,1.215840905234113,1.6186470075674741,0.0,3.5164672217891533,
1.7106956850119126,1.6046087552354975,1.215840905234113,1.6186470075674741,0.0,3.5164672217891533,
1.7106956850119126,1.6046087552354975,1.215840905234113,1.6186470075674741,0.0,3.5164672217891533,
1.7106956850119126,1.6046087552354975,1.215840905234113,1.6186470075674741,0.0,3.5164672217891533,
1.7106956850119126,1.6046087552354975,1.215840905234113,1.6186470075674741,0.0,3.5164672217891533,
1.7106956850119126,1.6046087552354975,1.215840905234113,1.6186470075674741,0.0,3.5164672217891533,
1.7106956850119126,1.6046087552354975,1.215840905234113,1.6186470075674741,0.0,3.5164672217891533,
1.7106956850119126,1.6046087552354975,1.215840905234113,1.6186470075674741,0.0,3.5164672217891533,
1.7106956850119126,1.6046087552354975,1.215840905234113,1.6186470075674741,0.0,3.567010316964794,
1.7106956850119126,1.6046087552354975,1.215840905234113,1.6186470075674741,0.0,3.567010316964794,
1.7106956850119126,1.6046087552354975,1.215840905234113,1.6186470075674741,0.0,3.567010316964794,
1.7106956850119126,1.6046087552354975,1.215840905234113,1.6186470075674741,0.0,3.567010316964794,
1.7106956850119126,1.6046087552354975,1.215840905234113,1.6186470075674741,0.0,3.567010316964794,
1.7106956850119126,1.6046087552354975,1.215840905234113,1.6186470075674741,0.0,3.6156550872567657,
1.7106956850119126,1.6046087552354975,1.215840905234113,1.6186470075674741,0.0,3.6156550872567657,
1.7106956850119126,1.6046087552354975,1.215840905234113,1.6186470075674741,0.0,3.6156550872567657,
1.7106956850119126,1.6046087552354975,1.215840905234113,1.6186470075674741,0.0,3.6156550872567657,
1.7106956850119126,1.6046087552354975,1.215840905234113,1.6186470075674741,0.0,3.6156550872567657,
1.7106956850119126,1.6046087552354975,1.215840905234113,1.6186470075674741,0.0,3.6156550872567657,
1.7106956850119126,1.6046087552354975,1.215840905234113,1.6186470075674741,0.0,3.6156550872567657,
1.7106956850119126,1.6046087552354975,1.215840905234113,1.6186470075674741,0.0,3.6156550872567657,
1.7106956850119126,1.6046087552354975,1.215840905234113,1.6186470075674741,0.0,3.6156550872567657,
1.7106956850119126,1.6046087552354975,1.215840905234113,1.7821912646638356,0.0,3.496331999789923,
1.7106956850119126,1.6046087552354975,1.215840905234113,1.7821912646638356,0.0,3.496331999789923,
1.7106956850119126,1.6046087552354975,1.4089266946917949,1.7821912646638356,0.0,3.5324357599152147,
1.7106956850119126,1.6046087552354975,1.4089266946917949,1.7821912646638356,0.0,3.5324357599152147,
1.7106956850119126,1.6046087552354975,1.4089266946917949,1.7821912646638356,0.0,3.5324357599152147,
1.7106956850119126,1.6046087552354975,1.4089266946917949,1.7821912646638356,0.0,3.5324357599152147,
1.7106956850119126,1.6046087552354975,1.4089266946917949,1.7821912646638356,0.0,3.5324357599152147,
1.7106956850119126,1.6046087552354975,1.4089266946917949,1.7821912646638356,0.0,3.5324357599152147,
1.7106956850119126,1.6046087552354975,1.4089266946917949,1.7821912646638356,0.0,3.5324357599152147,
1.7106956850119126,1.6046087552354975,1.4089266946917949,1.7821912646638356,0.0,3.5669536204400023,
1.7106956850119126,1.6046087552354975,1.4089266946917949,1.7821912646638356,0.0,3.5669536204400023,
1.7106956850119126,1.6046087552354975,1.4089266946917949,1.7821912646638356,0.0,3.5594297100618455,
1.7106956850119126,1.6046087552354975,1.4089266946917949,1.7821912646638356,0.0,3.5594297100618455,
1.7106956850119126,1.6046087552354975,1.4089266946917949,1.7821912646638356,0.0,3.5594297100618455,
1.7106956850119126,1.6046087552354975,1.4089266946917949,1.7821912646638356,0.0,3.5594297100618455,
1.7106956850119126,1.6046087552354975,1.4089266946917949,1.7821912646638356,0.0,3.549532333498069,
1.7106956850119126,1.6046087552354975,1.4089266946917949,1.7821912646638356,0.0,3.549532333498069,
1.7106956850119126,1.6046087552354975,1.4089266946917949,1.7821912646638356,0.0,3.4405963553743697,
1.7106956850119126,1.6046087552354975,1.4089266946917949,1.7821912646638356,0.0,3.4405963553743697,
1.7106956850119126,1.6046087552354975,1.4089266946917949,1.7821912646638356,0.0,3.4405963553743697,
1.7106956850119126,1.6046087552354975,1.4089266946917949,1.7821912646638356,0.0,3.4405963553743697,
1.7106956850119126,1.6046087552354975,1.4089266946917949,1.7821912646638356,0.0,3.4405963553743697,
1.7106956850119126,1.6046087552354975,1.4089266946917949,1.7821912646638356,0.0,3.303521543611857,
1.7106956850119126,1.6046087552354975,1.4089266946917949,1.7821912646638356,0.0,3.303521543611857,
1.7106956850119126,1.6046087552354975,1.4089266946917949,1.7821912646638356,0.0,3.303521543611857,
1.7106956850119126,1.6046087552354975,1.4089266946917949,1.7821912646638356,0.0,3.303521543611857,
1.7106956850119126,1.6046087552354975,1.4089266946917949,1.7821912646638356,0.0,3.303521543611857,
1.7106956850119126,1.6046087552354975,1.4089266946917949,1.7821912646638356,0.0,3.303521543611857,
1.7106956850119126,1.6046087552354975,1.4089266946917949,1.7821912646638356,0.0,3.303521543611857,
1.7106956850119126,1.6046087552354975,1.4089266946917949,1.7821912646638356,0.0,3.303521543611857,
1.7106956850119126,1.6046087552354975,1.4089266946917949,1.7821912646638356,0.0,3.303521543611857,
1.7106956850119126,1.6046087552354975,1.4089266946917949,1.7821912646638356,0.0,3.303521543611857,
1.7106956850119126,1.6046087552354975,1.4089266946917949,1.7821912646638356,0.0,3.303521543611857,
1.7106956850119126,1.6046087552354975,1.4089266946917949,1.7821912646638356,0.0,3.303521543611857,
1.7106956850119126,1.6046087552354975,1.4089266946917949,1.7821912646638356,0.0,3.303521543611857,
1.7106956850119126,1.6046087552354975,1.4089266946917949,1.7821912646638356,0.0,3.303521543611857,
1.7106956850119126,1.6046087552354975,1.4089266946917949,1.7821912646638356,0.0,3.303521543611857,
1.7106956850119126,1.6046087552354975,1.4089266946917949,1.7821912646638356,0.0,3.303521543611857,
1.7106956850119126,1.6046087552354975,1.4089266946917949,1.7821912646638356,0.0,3.303521543611857,
1.7106956850119126,1.6046087552354975,1.4089266946917949,1.7821912646638356,0.0,3.303521543611857,
1.7106956850119126,1.6046087552354975,1.4089266946917949,1.7821912646638356,0.0,3.303521543611857,
1.7106956850119126,1.6046087552354975,1.4089266946917949,1.7821912646638356,0.0,3.303521543611857,
1.7106956850119126,1.6046087552354975,1.4089266946917949,1.7821912646638356,0.0,3.296240581354159,
1.7106956850119126,1.6046087552354975,1.4089266946917949,1.7821912646638356,0.0,3.296240581354159,
1.7106956850119126,1.6046087552354975,1.4089266946917949,1.7821912646638356,0.0,3.296240581354159,
1.7106956850119126,1.6046087552354975,1.4089266946917949,1.7821912646638356,0.0,3.296240581354159,
1.7106956850119126,1.6046087552354975,1.4089266946917949,1.7821912646638356,0.0,3.296240581354159,
1.7106956850119126,1.6046087552354975,1.4089266946917949,1.7821912646638356,0.0,2.9919528833575386,
1.7106956850119126,1.6046087552354975,1.4089266946917949,1.7821912646638356,0.0,2.9919528833575386,
1.7106956850119126,1.6046087552354975,1.4089266946917949,1.7821912646638356,0.0,2.9919528833575386,
1.7106956850119126,1.6046087552354975,1.4089266946917949,1.7821912646638356,0.0,2.9919528833575386,
1.7106956850119126,1.6046087552354975,1.4089266946917949,1.7821912646638356,0.0,2.9919528833575386,
1.7106956850119126,1.6046087552354975,1.4089266946917949,1.7821912646638356,0.0,2.9919528833575386,
1.7106956850119126,1.6046087552354975,1.4089266946917949,1.7821912646638356,0.0,2.9919528833575386,
1.7106956850119126,1.6046087552354975,1.4089266946917949,1.7821912646638356,0.0,2.9919528833575386,
1.7106956850119126,1.6046087552354975,1.4089266946917949,1.7821912646638356,0.0,2.9919528833575386,
1.7106956850119126,1.6046087552354975,1.4089266946917949,1.7821912646638356,0.0,2.9919528833575386,
1.7106956850119126,1.6046087552354975,1.4089266946917949,1.7821912646638356,0.0,2.9919528833575386,
1.7106956850119126,1.6046087552354975,1.4089266946917949,1.7821912646638356,0.0,2.9919528833575386,
1.7106956850119126,1.6046087552354975,1.4089266946917949,1.7821912646638356,0.0,2.9919528833575386,
1.7106956850119126,1.6046087552354975,1.5373097847247938,1.7821912646638356,0.0,2.985126971543133,
1.7106956850119126,1.6046087552354975,1.5373097847247938,1.7821912646638356,0.0,2.985126971543133,
1.7106956850119126,1.6046087552354975,1.5373097847247938,1.7821912646638356,0.0,2.985126971543133,
1.7106956850119126,1.6046087552354975,1.5373097847247938,1.7821912646638356,0.0,3.1499978300501135,
1.7106956850119126,1.6046087552354975,1.5373097847247938,1.7821912646638356,0.0,3.191274064390116,
1.7106956850119126,1.6046087552354975,1.5373097847247938,1.7821912646638356,0.0,3.191274064390116,
1.7106956850119126,1.6046087552354975,1.5373097847247938,1.7821912646638356,0.0,3.191274064390116,
1.7106956850119126,1.6046087552354975,1.5373097847247938,1.7821912646638356,0.0,3.191274064390116,
1.7106956850119126,1.6046087552354975,1.5373097847247938,1.7821912646638356,0.0,3.191274064390116,
1.7106956850119126,1.6046087552354975,1.5373097847247938,1.7821912646638356,0.0,3.191274064390116,
1.7106956850119126,1.6046087552354975,1.5373097847247938,1.7821912646638356,0.0,3.191274064390116,
1.7106956850119126,1.6046087552354975,1.5373097847247938,1.7821912646638356,0.0,3.191274064390116,
1.7106956850119126,1.6046087552354975,1.5373097847247938,1.7821912646638356,0.0,3.191274064390116,
1.7106956850119126,1.6046087552354975,1.5373097847247938,1.7821912646638356,0.0,3.191274064390116,
1.7106956850119126,1.6046087552354975,1.5373097847247938,1.7821912646638356,0.0,3.191274064390116,
1.7106956850119126,1.6046087552354975,1.5373097847247938,1.7821912646638356,0.0,3.191274064390116,
1.7106956850119126,1.6046087552354975,1.5373097847247938,1.7821912646638356,0.0,3.191274064390116,
1.7106956850119126,1.6046087552354975,1.5373097847247938,1.7821912646638356,0.0,3.191274064390116,
1.7106956850119126,1.6046087552354975,1.5373097847247938,1.7821912646638356,0.0,3.191274064390116,
1.7106956850119126,1.6046087552354975,1.5373097847247938,1.7821912646638356,0.0,3.191274064390116,
1.7106956850119126,1.6046087552354975,1.5373097847247938,1.7821912646638356,0.0,3.191274064390116,
1.7106956850119126,1.6046087552354975,1.5373097847247938,1.7821912646638356,0.0,3.191274064390116,
1.7106956850119126,1.6046087552354975,1.5373097847247938,1.7821912646638356,0.0,3.191274064390116,
1.7106956850119126,1.6046087552354975,1.5373097847247938,1.7821912646638356,0.0,3.191274064390116,
1.7106956850119126,1.6046087552354975,1.5373097847247938,1.7821912646638356,0.0,3.191274064390116,
1.7915915152756297,1.6046087552354975,1.5373097847247938,1.7821912646638356,0.0,3.2453228225510022,
1.7915915152756297,1.6046087552354975,1.5373097847247938,1.7821912646638356,0.0,3.2453228225510022,
1.7915915152756297,1.6046087552354975,1.5373097847247938,1.7821912646638356,0.0,3.2210372108906458,
1.7915915152756297,1.6046087552354975,1.5373097847247938,1.7821912646638356,0.0,3.311311681526985,
1.7915915152756297,1.6046087552354975,1.5373097847247938,1.7821912646638356,0.0,3.311311681526985,
1.7915915152756297,1.6046087552354975,1.5373097847247938,1.7821912646638356,0.0,3.311311681526985,
1.7915915152756297,1.6046087552354975,1.5373097847247938,1.7821912646638356,0.0,3.311311681526985,
1.7915915152756297,1.6046087552354975,1.5373097847247938,1.7821912646638356,0.0,3.311311681526985,
1.7915915152756297,1.6046087552354975,1.5373097847247938,1.7821912646638356,0.0,3.3458359537826836,
1.7915915152756297,1.6046087552354975,1.5373097847247938,1.7821912646638356,0.0,3.3458359537826836,
1.7915915152756297,1.6046087552354975,1.5373097847247938,1.7821912646638356,0.0,3.3458359537826836,
1.7915915152756297,1.6046087552354975,1.5373097847247938,1.7821912646638356,0.0,3.3458359537826836,
1.7915915152756297,1.6046087552354975,1.5373097847247938,1.7821912646638356,0.0,3.3458359537826836,
1.7915915152756297,1.6046087552354975,1.5373097847247938,1.7821912646638356,0.0,3.3458359537826836,
1.7915915152756297,1.6046087552354975,1.5373097847247938,1.9050973740378936,0.0,3.376929798921972,
1.7915915152756297,1.6046087552354975,1.5373097847247938,1.9050973740378936,0.0,3.376929798921972,
1.7915915152756297,1.6046087552354975,1.5373097847247938,1.9050973740378936,0.0,3.376929798921972,
1.7915915152756297,1.6046087552354975,1.5373097847247938,1.9050973740378936,0.0,3.376929798921972,
1.7915915152756297,1.6046087552354975,1.5373097847247938,1.9050973740378936,0.0,3.376929798921972,
1.7915915152756297,1.6046087552354975,1.5373097847247938,1.9050973740378936,0.0,3.376929798921972,
1.7915915152756297,1.6046087552354975,1.5373097847247938,1.9050973740378936,0.0,3.376929798921972,
1.7915915152756297,1.6046087552354975,1.5373097847247938,1.9050973740378936,0.0,3.376929798921972,
1.7915915152756297,1.6046087552354975,1.5373097847247938,1.9050973740378936,0.0,3.376929798921972,
1.7915915152756297,1.6046087552354975,1.5373097847247938,1.9050973740378936,0.0,3.376929798921972,
1.7915915152756297,1.6046087552354975,1.5373097847247938,1.9050973740378936,0.0,3.376929798921972,
1.7915915152756297,1.6046087552354975,1.5373097847247938,1.9050973740378936,0.0,3.376929798921972,
1.7915915152756297,1.6046087552354975,1.5373097847247938,1.9050973740378936,0.0,3.376929798921972,
1.7915915152756297,1.6046087552354975,1.5373097847247938,1.9050973740378936,0.0,3.376929798921972,
1.7915915152756297,1.6046087552354975,1.5373097847247938,1.9050973740378936,0.0,3.376929798921972,
1.7915915152756297,1.6046087552354975,1.5373097847247938,1.9050973740378936,0.0,3.376929798921972,
1.7915915152756297,1.6046087552354975,1.5373097847247938,1.9050973740378936,0.0,3.376929798921972,
1.7915915152756297,1.6046087552354975,1.5373097847247938,1.9050973740378936,0.0,3.376929798921972,
1.7915915152756297,1.6046087552354975,1.5373097847247938,1.9050973740378936,0.0,3.376929798921972,
1.7915915152756297,1.6046087552354975,1.5373097847247938,1.9050973740378936,0.0,3.376929798921972,
1.7915915152756297,1.6046087552354975,1.5373097847247938,1.9050973740378936,0.0,3.376929798921972,
1.7915915152756297,1.6046087552354975,1.5373097847247938,1.9050973740378936,0.0,3.376929798921972,
1.7915915152756297,1.6046087552354975,1.5373097847247938,1.9050973740378936,0.0,3.376929798921972,
1.7915915152756297,1.6046087552354975,1.5373097847247938,1.9050973740378936,0.0,3.376929798921972,
1.7915915152756297,1.6046087552354975,1.5373097847247938,1.9050973740378936,0.0,3.376929798921972,
1.7915915152756297,1.6046087552354975,1.5373097847247938,1.9050973740378936,0.0,3.376929798921972,
1.7915915152756297,1.6046087552354975,1.5373097847247938,1.9050973740378936,0.0,3.376929798921972,
1.7915915152756297,1.6046087552354975,1.5373097847247938,1.9050973740378936,0.0,3.376929798921972,
1.7915915152756297,1.6046087552354975,1.5373097847247938,1.9050973740378936,0.0,3.376929798921972,
1.7915915152756297,1.6046087552354975,1.5373097847247938,1.9050973740378936,0.0,3.376929798921972,
1.7915915152756297,1.6046087552354975,1.5373097847247938,1.9050973740378936,0.0,3.438967240919771,
1.7915915152756297,1.6046087552354975,1.5373097847247938,1.9050973740378936,0.0,3.438967240919771,
1.7915915152756297,1.6046087552354975,1.5373097847247938,1.9050973740378936,0.0,3.438967240919771,
1.7915915152756297,1.6046087552354975,1.5373097847247938,1.9050973740378936,0.0,3.4926213804818147,
1.7915915152756297,1.6046087552354975,1.5373097847247938,1.9050973740378936,0.0,3.541502355690667,
1.7915915152756297,1.816949287470858,1.5373097847247938,1.9050973740378936,0.0,3.541502355690667,
1.7915915152756297,1.816949287470858,1.5373097847247938,1.9050973740378936,0.0,3.541502355690667,
1.7915915152756297,1.816949287470858,1.7023140182644745,1.9050973740378936,0.0,3.4488759372491127,
1.7915915152756297,1.816949287470858,1.7023140182644745,1.9050973740378936,0.0,3.4488759372491127,
1.7915915152756297,1.816949287470858,1.7023140182644745,1.9050973740378936,0.0,3.4488759372491127,
1.7915915152756297,1.816949287470858,1.7023140182644745,1.9050973740378936,0.0,3.4488759372491127,
1.7915915152756297,1.816949287470858,1.7023140182644745,1.9050973740378936,0.0,3.4488759372491127,
1.7915915152756297,1.816949287470858,1.7023140182644745,1.9050973740378936,0.0,3.4488759372491127,
1.7915915152756297,1.816949287470858,1.7023140182644745,1.9050973740378936,0.0,3.4488759372491127,
1.7915915152756297,1.816949287470858,1.7023140182644745,1.9050973740378936,0.0,3.4488759372491127,
1.7915915152756297,1.816949287470858,1.7023140182644745,1.9050973740378936,0.0,3.4488759372491127,
1.7915915152756297,1.816949287470858,1.7023140182644745,1.9050973740378936,0.0,3.4488759372491127,
1.7915915152756297,1.816949287470858,1.7023140182644745,1.9050973740378936,0.0,3.4159216394269794,
1.7915915152756297,1.816949287470858,1.7023140182644745,1.9050973740378936,0.0,3.4608221089991007,
1.7915915152756297,1.816949287470858,1.7023140182644745,1.9050973740378936,0.0,3.4608221089991007,
1.7915915152756297,1.816949287470858,1.7023140182644745,1.9050973740378936,0.0,3.4608221089991007,
1.7915915152756297,1.816949287470858,1.7023140182644745,1.9050973740378936,0.0,3.4608221089991007,
1.7915915152756297,1.816949287470858,1.7023140182644745,1.9050973740378936,0.0,3.4608221089991007,
1.7915915152756297,1.816949287470858,1.7023140182644745,1.9050973740378936,0.0,3.4608221089991007,
1.7915915152756297,1.816949287470858,1.7023140182644745,1.9050973740378936,0.0,3.4608221089991007,
1.7915915152756297,1.816949287470858,1.7023140182644745,1.9050973740378936,0.0,3.4608221089991007,
1.7915915152756297,1.816949287470858,1.7023140182644745,1.9050973740378936,0.0,3.4608221089991007,
1.7915915152756297,1.816949287470858,1.7023140182644745,1.9050973740378936,0.0,3.4608221089991007,
1.7915915152756297,1.816949287470858,1.7023140182644745,1.9050973740378936,0.0,3.4608221089991007,
1.7915915152756297,1.816949287470858,1.7023140182644745,1.9050973740378936,0.0,3.4608221089991007,
1.7915915152756297,1.816949287470858,1.7023140182644745,1.9050973740378936,0.0,3.4608221089991007,
1.7915915152756297,1.816949287470858,1.7023140182644745,1.9050973740378936,0.0,3.4608221089991007,
1.7915915152756297,1.816949287470858,1.7023140182644745,1.9050973740378936,0.0,3.4608221089991007,
1.7915915152756297,1.816949287470858,1.7023140182644745,1.9050973740378936,0.0,3.4608221089991007,
1.7915915152756297,1.816949287470858,1.7023140182644745,1.9050973740378936,0.0,3.440466446908618,
1.7915915152756297,1.816949287470858,1.7023140182644745,1.9050973740378936,0.0,3.440466446908618,
1.7915915152756297,1.816949287470858,1.7023140182644745,1.9050973740378936,0.0,3.440466446908618,
1.7915915152756297,1.816949287470858,1.7023140182644745,1.9050973740378936,0.0,3.440466446908618,
1.7915915152756297,1.816949287470858,1.7023140182644745,1.9050973740378936,0.0,3.440466446908618,
1.7915915152756297,1.816949287470858,1.7023140182644745,1.9050973740378936,0.0,3.440466446908618,
1.7915915152756297,1.816949287470858,1.7023140182644745,1.9050973740378936,0.0,3.440466446908618,
1.7915915152756297,1.816949287470858,1.7023140182644745,1.9050973740378936,0.0,3.422006631046489,
1.7915915152756297,1.816949287470858,1.7023140182644745,1.9050973740378936,0.0,3.422006631046489,
1.7915915152756297,1.816949287470858,1.7023140182644745,1.9050973740378936,0.0,3.422006631046489,
1.7915915152756297,1.816949287470858,1.7023140182644745,1.9050973740378936,0.0,3.422006631046489,
1.7915915152756297,1.816949287470858,1.7023140182644745,1.9050973740378936,0.0,3.422006631046489,
1.7915915152756297,1.816949287470858,1.7023140182644745,1.9050973740378936,0.0,3.422006631046489,
1.7915915152756297,1.816949287470858,1.7023140182644745,1.9050973740378936,0.0,3.422006631046489,
1.7915915152756297,1.816949287470858,1.7023140182644745,1.9050973740378936,0.0,3.422006631046489,
1.7915915152756297,1.816949287470858,1.7023140182644745,1.9050973740378936,0.0,3.422006631046489,
1.7915915152756297,1.816949287470858,1.7023140182644745,1.9050973740378936,0.0,3.422006631046489,
1.7915915152756297,1.816949287470858,1.7023140182644745,1.9050973740378936,0.0,3.422006631046489,
1.7915915152756297,1.816949287470858,1.7023140182644745,1.9050973740378936,0.0,3.422006631046489,
1.7915915152756297,1.816949287470858,1.7023140182644745,1.9050973740378936,0.0,3.422006631046489,
1.7915915152756297,1.816949287470858,1.7023140182644745,1.9050973740378936,0.0,3.422006631046489,
1.7915915152756297,1.816949287470858,1.7023140182644745,1.9050973740378936,0.0,3.422006631046489,
1.7915915152756297,1.816949287470858,1.7023140182644745,1.9050973740378936,0.0,3.422006631046489,
1.7915915152756297,1.816949287470858,1.7023140182644745,1.9050973740378936,0.0,3.422006631046489,
1.7915915152756297,1.816949287470858,1.7023140182644745,1.9050973740378936,0.0,3.422006631046489,
1.7915915152756297,1.9988038512598258,1.7023140182644745,1.9050973740378936,0.0,3.422006631046489,
1.7915915152756297,1.9988038512598258,1.7023140182644745,1.9050973740378936,0.0,3.422006631046489,
1.7915915152756297,1.9988038512598258,1.7023140182644745,1.9050973740378936,0.0,3.422006631046489,
1.7915915152756297,1.9988038512598258,1.7023140182644745,1.9050973740378936,0.0,3.422006631046489,
1.7915915152756297,1.9988038512598258,1.7023140182644745,1.9050973740378936,0.0,3.4391072924394757,
1.7915915152756297,1.9988038512598258,1.7023140182644745,1.9050973740378936,0.0,3.4391072924394757,
1.7915915152756297,1.9988038512598258,1.7023140182644745,1.9050973740378936,0.0,3.4391072924394757,
1.7915915152756297,1.9988038512598258,1.7023140182644745,1.9050973740378936,0.0,3.4391072924394757,
1.7915915152756297,1.9988038512598258,1.7023140182644745,1.9050973740378936,0.0,3.4391072924394757,
1.7915915152756297,1.9988038512598258,1.7023140182644745,2.024107292953657,0.0,3.497382537556484,
1.7915915152756297,1.9988038512598258,1.7023140182644745,2.024107292953657,0.0,3.547107037495384,
1.7915915152756297,1.9988038512598258,1.7023140182644745,2.024107292953657,0.0,3.547107037495384,
1.7915915152756297,1.9988038512598258,1.7023140182644745,2.024107292953657,0.0,3.547107037495384,
1.7915915152756297,1.9988038512598258,1.7023140182644745,2.024107292953657,0.0,3.517872972256146,
1.7915915152756297,1.9988038512598258,1.7023140182644745,2.024107292953657,0.0,3.517872972256146,
1.7915915152756297,1.9988038512598258,1.7023140182644745,2.024107292953657,0.0,3.517872972256146,
1.7915915152756297,1.9988038512598258,1.7023140182644745,2.024107292953657,0.0,3.517872972256146,
1.7915915152756297,1.9988038512598258,1.7023140182644745,2.024107292953657,0.0,3.517872972256146,
1.7915915152756297,1.9988038512598258,1.7023140182644745,2.024107292953657,0.0,3.517872972256146,
1.7915915152756297,1.9988038512598258,1.7023140182644745,2.024107292953657,0.0,3.517872972256146,
1.7915915152756297,1.9988038512598258,1.7023140182644745,2.024107292953657,0.0,3.517872972256146,
1.7915915152756297,1.9988038512598258,1.7023140182644745,2.024107292953657,0.0,3.517872972256146,
1.7915915152756297,1.9988038512598258,1.7023140182644745,2.024107292953657,0.0,3.517872972256146,
1.7915915152756297,1.9988038512598258,1.7023140182644745,2.024107292953657,0.0,3.517872972256146,
1.7915915152756297,1.9988038512598258,1.7023140182644745,2.024107292953657,0.0,3.517872972256146,
1.7915915152756297,1.9988038512598258,1.7023140182644745,2.024107292953657,0.0,3.517872972256146,
1.7915915152756297,1.9988038512598258,1.7023140182644745,2.024107292953657,0.0,3.517872972256146,
1.7915915152756297,1.9988038512598258,1.7023140182644745,2.024107292953657,0.0,3.517872972256146,
1.7915915152756297,1.9988038512598258,1.7023140182644745,2.024107292953657,0.0,3.517872972256146,
1.7915915152756297,1.9988038512598258,1.7023140182644745,2.024107292953657,0.0,3.517872972256146,
1.7915915152756297,1.9988038512598258,1.7023140182644745,2.024107292953657,0.0,3.517872972256146,
1.7915915152756297,1.9988038512598258,1.7023140182644745,2.024107292953657,0.0,3.517872972256146,
1.7915915152756297,1.9988038512598258,1.7023140182644745,2.024107292953657,0.0,3.517872972256146,
1.7915915152756297,1.9988038512598258,1.7023140182644745,2.024107292953657,0.0,3.517872972256146,
1.7915915152756297,1.9988038512598258,1.7023140182644745,2.024107292953657,0.0,3.517872972256146,
1.7915915152756297,1.9988038512598258,1.7023140182644745,2.024107292953657,0.0,3.517872972256146,
1.7915915152756297,1.9988038512598258,1.7023140182644745,2.024107292953657,0.0,3.517872972256146,
1.7915915152756297,2.161096250405351,1.7023140182644745,2.024107292953657,0.0,3.517872972256146,
1.7915915152756297,2.161096250405351,1.7023140182644745,2.024107292953657,0.0,3.3371103685275663,
1.7915915152756297,2.161096250405351,1.7023140182644745,2.024107292953657,0.0,3.4030007721058046,
1.7915915152756297,2.161096250405351,1.7023140182644745,2.024107292953657,0.0,3.4030007721058046,
1.7915915152756297,2.161096250405351,1.8383526859275494,2.024107292953657,0.0,3.483204610506859,