
0.0
9.07352273412382E-59
1.0596274125896782E-26
1.2148155435304067E-10
4.690189320518903E-11
1.2660631592546352E-11
1.1841297252604173E-11
5.616505658096338E-12
8.36597643489554E-12
6.844789385605926E-11
1.8106294008774343E-10
1.8764686705053619E-10
2.41827408452025E-10
2.1185139837748425E-10
2.1566632322358208E-10
1.831011825722089E-10
1.7013781381080046E-10
1.3718082115044072E-10
1.1723739706225161E-10
9.084808321759649E-11
7.33057493932009E-11
5.511162359158295E-11
4.2690407639340167E-11
2.8550438986782548E-11
2.0846759882384476E-11
1.5026136094335206E-11
1.1301242528487203E-11
8.31420028160901E-12
6.21908095666323E-12
4.581365949114432E-12
3.4007003680832705E-12
2.226797443539095E-12
1.6059846551701796E-12
1.1965185393868062E-12
1.0065489124162685E-12
8.67062643465942E-13
7.61349350312515E-13
6.424683416973503E-13
5.327202347982622E-13
4.3180048920305625E-13
3.476535142924728E-13
2.7868198414613034E-13
2.4451577920027183E-13
2.1537431299999262E-13
1.9261876909144148E-13
2.9134232757084137E-13
3.336133475274646E-13
3.868881390978008E-13
4.1380565296551534E-13
4.743475291715908E-13
5.01641964076057E-13
4.833780973165903E-13
4.915995169214008E-13
4.501471992910979E-13
5.081379207077439E-13
5.284555492042318E-13
5.663695940176069E-13
5.700547701107059E-13
5.704840391900486E-13
5.525602963870218E-13
5.331674107804283E-13
5.070079296445552E-13
4.799930408652133E-13
4.5047490528628107E-13
4.212759155864821E-13
3.907234355724506E-13
3.610024808627108E-13
3.34895971994217E-13
3.147228827690652E-13
2.9489142143338085E-13
2.4007214648570604E-13
2.1490141462865273E-13
1.9499488067076334E-13
2.617904580104572E-13
3.196014958328119E-13
3.2961925699331704E-13
4.1550532790328085E-13
4.510277087778334E-13
4.878509953063221E-13
4.904212244756352E-13
4.883844995860639E-13
4.706576432745592E-13
4.502546488497009E-13
4.24231193265588E-13
3.9823003915248753E-13
3.7181302217888243E-13
3.461441071419565E-13
3.212788444787471E-13
2.977757576345238E-13
2.757298715183325E-13
2.5535335833657474E-13
1.9677897004970674E-13
1.7032903319221257E-13
1.4455024013616457E-13
2.489530568946702E-13
2.644545615233271E-13
3.364103666349369E-13
3.3797983000368085E-13
3.841471603970062E-13
3.9441131545786447E-13
4.3660323175589584E-13
3.685008900503926E-13
3.768004720195875E-13
3.3200881653054223E-13
4.0413906190022933E-13
4.123354867525398E-13
3.8663942986470944E-13
3.8228082434855683E-13
3.5288267039507527E-13
4.1781746396183835E-13
4.31528127324906E-13
4.5150034725398685E-13
4.383903043275868E-13
4.293417441974603E-13
4.196693373299856E-13
4.113910850000702E-13
3.980821144190551E-13
3.8302960222454707E-13
3.6487416434467786E-13
3.4558094748734743E-13
3.2545539732407605E-13
3.0506868201687643E-13
2.856924221917092E-13
2.679486970925815E-13
2.507967581010314E-13
2.352366574632553E-13
2.202865964425039E-13
2.0663429399940182E-13
1.9376740818581693E-13
1.492795516612436E-13
1.299793719559947E-13
1.1606042181181565E-13
2.191838522060927E-13
2.1722618455894355E-13
2.5902755470976204E-13
2.084471361408933E-13
2.964220857150605E-13
3.1476113891817063E-13
4.098855772139941E-13
4.426090379114333E-13
4.867928611194416E-13
4.915866565117648E-13
4.972376264584149E-13
4.835399473349238E-13
4.700157274858464E-13
4.4778554178976946E-13
4.256410689641829E-13
4.0049828715409515E-13
3.7661983623242924E-13
3.5195122219076623E-13
3.283947552858674E-13
3.0537462863527616E-13
2.837388263202912E-13
2.633521304572348E-13
2.4452275812733474E-13
2.271808230521334E-13
2.1137126383691846E-13
1.9674770742242518E-13
1.6514447345165388E-13
1.452245475559241E-13
1.2554213323112754E-13
1.9875450887809464E-13
2.2031136103537159E-13
2.963537183925196E-13
3.1599108150446787E-13
3.5023784103212543E-13
3.499522017954055E-13
3.3869114118876054E-13
3.223971341164931E-13
3.0893188443613513E-13
3.326506776091807E-13
3.4429359064686146E-13
3.6200992972939293E-13
3.653353868003914E-13
3.674506002970069E-13
3.615594054120356E-13
3.6042423532876895E-13
3.535496389854106E-13
3.4820414366485633E-13
3.0437346864417185E-13
2.7549381580894636E-13
2.3759965800408397E-13
2.8797853566421426E-13
3.145038404549191E-13
3.8420162087556513E-13
4.149065018982238E-13
4.4724847728511503E-13
4.5445719048730645E-13
4.586921635399775E-13
4.2580831054438253E-13
4.0463508455631454E-13
3.7425926010233277E-13
3.854717810511316E-13
3.8076235620871027E-13
3.9275738347612845E-13
3.911098289786542E-13
3.3844780482345346E-13
3.0843564197913566E-13
2.6426559295880747E-13
3.3569800490765276E-13
3.677485302633381E-13
4.550300169033794E-13
4.896045910816534E-13
5.168871521716879E-13
5.151979753443354E-13
5.050434532258633E-13
4.3856220937079984E-13
4.0181503159205525E-13
3.4840249481517314E-13
3.938116324144324E-13
4.160952170604306E-13
4.835482054427801E-13
5.102092672187161E-13
5.561262285151567E-13
6.317394971455228E-13
7.770188454175953E-13
1.0427338649827945E-12
1.3161854782342844E-12
1.7398999227093736E-12
2.044722304489126E-12
2.365600682466598E-12
2.561734964781844E-12
2.6770895601444538E-12
2.6993495614716085E-12
2.6564259538858424E-12
2.56391695898916E-12
2.439699948519971E-12
2.3216970560030783E-12
2.3841957524660587E-12
2.3598805391843075E-12
2.4766769834863215E-12
2.4269630650210564E-12
2.4061055278347427E-12
2.285150102433283E-12
2.1620095587005694E-12
2.01955317730873E-12
1.8812057709050503E-12
1.760557352780957E-12
1.6459311043382522E-12
1.5407552263209574E-12
1.437966977891007E-12
1.3402444356673827E-12
1.2068257261738537E-12
1.1917187514104685E-12
1.1315045032744691E-12
1.1778586451081973E-12
1.1625800722726536E-12
1.1451980248574815E-12
1.1110409174326313E-12
1.0485888661247055E-12
1.0240985124584762E-12
9.86034443514142E-13
9.570666183078234E-13
9.197284202625543E-13
8.711088411440662E-13
8.281527588235206E-13
7.445744444616983E-13
7.467927876949819E-13
7.135565513696394E-13
7.413210133528095E-13
7.867204507823442E-13
7.686295367748607E-13
8.208748912297859E-13
8.220605692663822E-13
8.252070373927759E-13
8.000111524437273E-13
7.711222516213593E-13
7.293439800632697E-13
6.854685825850584E-13
5.727947835102634E-13
5.394334789189257E-13
4.853936957495748E-13
5.724988803110206E-13
5.706021489921251E-13
6.384547365807631E-13
6.437748729639587E-13
6.456450654620054E-13
5.688877890355682E-13
5.449284536405559E-13
5.09151360002964E-13
5.524771530387054E-13
5.60233137245454E-13
5.774802100626413E-13
5.677751444156878E-13
5.563449406691787E-13
4.590608514356818E-13
4.315633762472753E-13
3.881679681266732E-13
4.136902280349376E-13
4.417358345589717E-13
4.330018023979527E-13
5.04260239994091E-13
5.216642670031136E-13
5.365762050939659E-13
5.240837594027362E-13
5.09035768379951E-13
4.951654046540327E-13
4.748514167188733E-13
4.5329845076436225E-13
3.7160642287024E-13
3.3356716924294047E-13
2.8026437361321965E-13
3.440108630219917E-13
3.393766080948421E-13
4.065777355668014E-13
4.1781068785765076E-13
4.4351808616214044E-13
4.345294056599411E-13
4.3032766713307007E-13
4.123248451451227E-13
4.018134160910056E-13
3.2246828105664634E-13
2.966071811139336E-13
2.601633989729603E-13
3.3527264352253357E-13
3.4914170045601914E-13
3.917585234818524E-13
3.8914817089370814E-13
3.944832671121969E-13
3.7844243588260497E-13
3.649668004979791E-13
3.4351513059232947E-13
3.2126426035423904E-13
2.8300235158187397E-13
2.5321057574298865E-13
2.365565646434282E-13
2.2307285162537432E-13
2.285726917840768E-13
2.224381514292107E-13
2.9702532814213085E-13
3.2264916140783433E-13
3.505243825924942E-13
3.4976936243243884E-13
3.491968430339564E-13
2.9798586077263247E-13
2.877734046786198E-13
2.604827665354706E-13
3.294499266953138E-13
3.4760200912215097E-13
3.802617303112581E-13
3.7933873332322355E-13
3.795502299956216E-13
3.6405266118841645E-13
3.4878456814706613E-13
3.209282380388194E-13
2.960401713895242E-13
2.335003886299144E-13
2.2331770760196445E-13
1.89605403819541E-13
2.7113451366434426E-13
2.6682303291923624E-13
3.258045087378733E-13
3.286249641579538E-13
3.730202777013277E-13
3.901089170981402E-13
4.0421499086269064E-13
3.3946060672198307E-13
3.2748489225437085E-13
2.8989958581838975E-13
3.5826927954755066E-13
3.693866250403623E-13
4.038165042011175E-13
3.3131562326974177E-13
3.271436107573065E-13
2.8484167836490104E-13
3.602304970774082E-13
3.7055968971200986E-13
4.056710549518453E-13
3.9002413338630935E-13
3.8364879365372226E-13
3.4181203129912596E-13
3.2918968223839435E-13
2.9638889274229497E-13
3.098880998235341E-13
3.0140109425141376E-13
3.240628416338981E-13
3.300687184298592E-13
3.1033395227173044E-13
3.0338915444542986E-13
2.781745403759545E-13
3.3114936215915443E-13
3.6184253997922746E-13
4.3002779472108583E-13
4.671226370995013E-13
5.02711764158272E-13
5.133109080392123E-13
5.262006741310784E-13
5.252444580829389E-13
5.307553871777982E-13
5.250136514887852E-13
4.873931698413187E-13
4.945490829208695E-13
4.851615577133316E-13
5.597578766723252E-13
5.860824203895226E-13
6.21334647474908E-13
6.138971784016031E-13
6.137142897956999E-13
5.90606460470253E-13
5.774342352761558E-13
5.028860458008522E-13
4.886451530252546E-13
4.577773107567647E-13
5.220575421776029E-13
5.384958109206557E-13
5.67688365022651E-13
4.998501102447724E-13
5.009755366495331E-13
4.582758349411361E-13
4.857673248610263E-13
5.224416628569448E-13
5.127989376742419E-13
5.829228584679541E-13
6.006964686405311E-13
6.212416242587467E-13
6.101930481587573E-13
5.948045937074455E-13
5.651385006635987E-13
4.591900557685176E-13
4.2196378428336644E-13
3.84036367703707E-13
4.54736221691128E-13
4.70568284143876E-13
4.969370823125196E-13
4.841985945295563E-13
4.722901309659864E-13
4.4618297733180576E-13
4.256607674944766E-13
3.978460988265737E-13
3.745357152651233E-13
3.5025064800241584E-13
3.3083645305201914E-13
3.100683114264082E-13
2.814741425956924E-13
2.5662369136288896E-13
2.3399368024936576E-13
2.4888845701013337E-13
2.417867074122306E-13
2.69506741378323E-13
2.722264239382955E-13
2.9071784780411257E-13
2.5330221178027755E-13
2.5759304540575644E-13
2.374782190127817E-13
3.19602786377116E-13
3.4167729963797855E-13
3.855508651102171E-13
3.870508953437403E-13
3.9526245898053227E-13
3.8240615478674843E-13
3.7179220555465896E-13
3.524401113355515E-13
3.344385753596022E-13
3.141547059422881E-13
2.9492873260732953E-13
2.5576778500089624E-13
2.292892829904445E-13
2.075143059496244E-13
2.4671263458495723E-13
2.4740591454900455E-13
2.8031904572175176E-13
2.8278976044487847E-13
2.951268890279887E-13
2.8958177134058975E-13
2.870707607071286E-13
2.642327637171362E-13
2.4897944622985037E-13
2.3276945606811454E-13
2.525039005380899E-13
2.4870579121681416E-13
2.629538497917375E-13
2.586119150502782E-13
2.6346962192236616E-13
2.579757667250776E-13
2.5635770542863653E-13
2.487278910135862E-13
2.4255838185692843E-13
2.3303608685429117E-13
2.245016910782945E-13
2.143805459910909E-13
2.0470556357171344E-13
1.9454050859470808E-13
1.8294469605048156E-13
1.7120557938879726E-13
1.512205999070452E-13
1.5276003552187846E-13
1.3761182746969158E-13
1.906478086959976E-13
1.836848848200566E-13
2.3780568259544527E-13
2.4661037526225605E-13
2.982058238106265E-13
3.081589714551076E-13
3.418214322474852E-13
3.522326726713365E-13
3.37660936853023E-13
3.464057618929813E-13
3.380502674424005E-13
4.0513830691955107E-13
4.039175724744707E-13
4.507538224345489E-13
4.4166199044009317E-13
4.966779503533168E-13
5.480117052009503E-13
5.838811709971633E-13
6.193367532192689E-13
6.415549333578093E-13
6.523677299329742E-13
6.475935802711833E-13
6.371686467411537E-13
6.181718304167574E-13
6.011466075829678E-13
5.789598181394161E-13
4.976154477910112E-13
4.681906038788583E-13
4.298065834375677E-13
4.850640535259448E-13
4.606857067869986E-13
5.030675582468511E-13
4.2991050006508046E-13
5.174649639193277E-13
4.525549893507212E-13
5.614046600780246E-13
5.202186733851698E-13
6.057322066729684E-13
5.768119889883959E-13
6.023394822952734E-13
5.608370468999298E-13
5.852297101012217E-13
5.162509603586499E-13
5.227398328944243E-13
4.765560384636715E-13
5.240547183012226E-13
5.250564557776916E-13
5.407584546338089E-13
5.28167585091021E-13
5.164949696555567E-13
4.91166839819087E-13
3.886673688704754E-13
3.468436676310671E-13
3.0845828320073644E-13
3.787139422643142E-13
3.9639228782950313E-13
4.247464696513418E-13
4.1876457750196356E-13
3.3820142842810376E-13
3.079986198520113E-13
2.7238933115177723E-13
3.483080517305554E-13
3.677374606534977E-13
3.9911929889932363E-13
3.825671284608788E-13
3.735100931998432E-13
3.5053418012769515E-13
3.5167080459256695E-13
3.3650337916199975E-13
3.3050159418309733E-13
3.1421276508206757E-13
3.0113077827955196E-13
2.840924169883899E-13
2.68507255657036E-13
2.5173958118796883E-13
2.361551159456297E-13
2.2082324299515838E-13
2.0668601439977716E-13
1.9340083742124254E-13
1.8129089842665816E-13
1.701878222146227E-13
1.6016204909739355E-13
1.5110300457756846E-13
1.407620568292324E-13
1.3089634664160947E-13
1.2637527773350046E-13
1.395912961380284E-13
1.4080726263175405E-13
1.4690565956979623E-13
1.4430045356063425E-13
1.447814795198212E-13
1.5069946728804574E-13
1.5111522114054807E-13
1.5316214159858484E-13
1.508272143386179E-13
1.4869226010887643E-13
1.443840260602652E-13
1.401367349842869E-13
1.3448645261726553E-13
1.2849937426858735E-13
1.2506736398339927E-13
1.2885284604852502E-13
1.2732022936539942E-13
1.2928765748755116E-13
1.309898982045701E-13
1.3117955935400368E-13
1.0760156507737214E-13
9.595580081011749E-14
8.473025937502001E-14
1.8189678036219269E-13
2.4587378698979774E-13
3.1834553819796626E-13
3.4554069242926495E-13
3.6514525033968093E-13
3.620365191698563E-13
3.547261925465389E-13
3.3820943419672365E-13
3.2090254411933527E-13
3.009874960372468E-13
2.810791493883406E-13
2.605545198436391E-13
2.4345708632328463E-13
2.307591761642104E-13
2.1798714137481482E-13
1.9667540076759233E-13
1.7771707477733216E-13
1.6427647333476072E-13
1.8962450022740533E-13
1.942638036485811E-13
2.1489024971727985E-13
2.1226006474498147E-13
2.224283390656853E-13
2.1944225900051873E-13
2.417016433392894E-13
2.467299905711524E-13
2.5538111011529535E-13
2.5425474167475305E-13
2.590062322241995E-13
2.2591570421603606E-13
2.1523133997677623E-13
1.9903019637879202E-13
2.2959083661094575E-13
2.469765403449298E-13
2.4631488684307716E-13
3.0246830487776664E-13
3.5737817110199567E-13
4.095081548786404E-13
4.350708950516198E-13
4.484470155826894E-13
4.4536792726623907E-13
4.348619702683728E-13
4.1633567765600985E-13
3.950145997135447E-13
3.712768499493474E-13
3.480441621589549E-13
3.2453409069477087E-13
3.0205967555470017E-13
2.804636166736339E-13
2.6030504224931776E-13
2.415360303944389E-13
2.2433141524573484E-13
2.086202988918725E-13
1.5711748590652286E-13
1.2981376693450858E-13
1.1427412034109148E-13
2.1350190024990223E-13
2.721781952158137E-13
3.2185097380583205E-13
3.370983495982752E-13
3.380918784575475E-13
3.258811759237566E-13
2.658472882458528E-13
2.426929034964809E-13
2.0351944048524046E-13
2.662055639661305E-13
2.8035165567061043E-13
3.3916233709126683E-13
3.624882073692432E-13
3.7872517075418757E-13
3.756453454339461E-13
3.34185119556446E-13
3.1992925296632173E-13
2.802036100260309E-13
3.162404123950594E-13
3.153422817410982E-13
3.6146220391221595E-13
3.774435178089018E-13
3.4923828530036797E-13
3.465873580180913E-13
3.1903880760868726E-13
3.3210887518841587E-13
3.491523023862266E-13
3.416318762094742E-13
3.5760376837646587E-13
3.874919821445124E-13
3.412179350784598E-13
4.0986221622232326E-13
3.9193177194755404E-13
4.57048390425338E-13
4.68435453835784E-13
4.947146791061976E-13
4.903202287526709E-13
4.877314643972307E-13
3.9217741503523554E-13
3.421208818055411E-13
2.8627341916946787E-13
3.423721525112612E-13
3.7570141987495035E-13
4.3326467857647455E-13
4.480588239848518E-13
4.617359461010511E-13
4.5241968696553775E-13
4.4056702576648377E-13
3.9684473850048996E-13
3.5313487171012617E-13
3.0518793488013993E-13
2.981242888607346E-13
2.872006721394932E-13
3.021554952465142E-13
3.095303937118239E-13
3.243249713118689E-13
3.43790526866212E-13
3.6667653880368696E-13
3.986946744375572E-13
4.2937468980521797E-13
4.541260626552006E-13
4.4244234678393947E-13
4.736270684209005E-13
4.729384812656974E-13
5.50878849605257E-13
5.828535669192976E-13
6.248944827397417E-13
6.262607291541887E-13
6.398612048620853E-13
6.293965658131833E-13
6.225639285384909E-13
6.03190371977766E-13
5.83962657574208E-13
5.584176877194539E-13
5.314703436473756E-13
5.014220979601213E-13
4.715580567488375E-13
4.4174937444541145E-13
4.1249391464079157E-13
3.8405542968837143E-13
3.5682368457161634E-13
3.310121742880559E-13
3.0680930889044047E-13
2.842919781662629E-13
2.635072047506899E-13
2.0862451578332906E-13
1.8380912748403242E-13
1.6676303053482047E-13
2.6679937217373314E-13
3.124923921907676E-13
3.601213956201856E-13
3.693071473289062E-13
3.754222315248812E-13
3.8037216192727417E-13
3.5416953513974395E-13
3.346216855458481E-13
3.055119624992357E-13
3.322562087377826E-13
3.4729217181123497E-13
3.8980169319121025E-13
4.085306006560715E-13
4.3339920321684335E-13
4.4591667608724534E-13
4.553314658110601E-13
4.0291062801141984E-13
4.0390453108867657E-13
3.8010938499524145E-13
4.565518485123505E-13
4.876451741755203E-13
5.319341796540909E-13
5.373898349115082E-13
5.425926709188694E-13
5.279287055921657E-13
5.124236462522374E-13
4.877314646032621E-13
4.624356742439563E-13
4.3427323997636073E-13
3.9601145825605185E-13
3.6173927385419816E-13
3.370401629861548E-13
3.4339835239420874E-13
3.380595444408246E-13
3.4169959052369437E-13
2.8775433393911887E-13
2.7539183966355915E-13
2.4880119259409344E-13
3.306213995831233E-13
3.6230324619056816E-13
3.534364743405905E-13
3.655431451809791E-13
3.13844585574994E-13
3.795097430658148E-13
3.8265829302546585E-13
4.399738108764977E-13
4.920085313885414E-13
5.443611526524854E-13
5.651686605493142E-13
5.764926801816721E-13
5.687303859939709E-13
5.543683985558363E-13
5.314345013821713E-13
5.048988963604618E-13
4.750564484191021E-13
4.449496720232438E-13
4.152145111419882E-13
3.8606537969286435E-13
3.5803715370075015E-13
3.313783563269296E-13
3.063831686748479E-13
2.831630514390722E-13
2.617988246300045E-13
2.422771388958777E-13
2.2455274908529938E-13
2.08535925400965E-13
1.941242764150258E-13
1.8119819814735647E-13
1.6963660423080768E-13
1.5931728680095912E-13
1.5012372618256298E-13
1.1546654861195306E-13
9.871224177386419E-14
7.99455067080921E-14
1.8744961066229473E-13
2.1918880484648313E-13
2.923288692448429E-13
3.3381183406005837E-13
3.9095729559801296E-13
4.2591129174772707E-13
4.897992790406494E-13
5.110434295851816E-13
6.078650978609948E-13
6.839525266304028E-13
7.59259778247123E-13
8.889231402853619E-13
9.403015840174582E-13
1.0616537929237023E-12
1.119394950893561E-12
1.1674385768374306E-12
1.1503788114989304E-12
1.1884904057981598E-12
1.1400386695552956E-12
1.1653634604377004E-12
1.1059506539641822E-12
1.1401657965909037E-12
1.0586480083870142E-12
1.0841926002262197E-12
1.0460250349882468E-12
1.0287461111855357E-12
9.778277118259663E-13
8.641625040444823E-13
8.09718206038755E-13
7.101771400695497E-13
7.415727549460696E-13
6.86878750229737E-13
7.392279991114909E-13
7.052343706606259E-13
7.412630435080481E-13
7.280249461503908E-13
7.272708793681415E-13
7.02540024514433E-13
6.801821925649821E-13
5.703904888822463E-13
5.155630721447593E-13
4.319527500261958E-13
4.736480752532935E-13
4.926382920357039E-13
5.415054742176841E-13
5.959115230508589E-13
6.402081313407654E-13
5.977293023471803E-13
5.95056052721677E-13
5.318784914400976E-13
5.82891787026707E-13
6.397235993832669E-13
6.898791901733131E-13
7.862641868850848E-13
8.393907054410736E-13
8.71405566649146E-13
8.778112619700856E-13
8.676491612979306E-13
8.429215213946517E-13
8.089611491470224E-13
6.86479933465491E-13
6.427321415194328E-13
5.838526801730669E-13
6.283352830228978E-13
6.449530862033608E-13
6.071848512601995E-13
6.139297999360794E-13
5.605116090985934E-13
6.092384321141569E-13
5.560791991674086E-13
5.885799521766411E-13
5.324168525048057E-13
5.930377015539059E-13
5.955172353405459E-13
5.918196176040123E-13
5.644581761362758E-13
5.21028830691585E-13
5.055301190845868E-13
4.747126260041474E-13
4.725319807452279E-13
4.644163592870078E-13
4.743368305959608E-13
4.788014449591257E-13
4.775580903266498E-13
4.725840731280585E-13
4.604505667287059E-13
3.789208976762405E-13
3.497975937499967E-13
3.144738261268071E-13
3.820843317366119E-13
4.0447606585199813E-13
4.3491656222552E-13
4.3309077590446366E-13
4.2900781483847827E-13
4.099578152682664E-13
3.902520372375403E-13
3.658064262856937E-13
2.8047428021229466E-13
2.4225229269655445E-13
2.138244195996855E-13
2.623546228073579E-13
3.091125986708858E-13
3.010096056694312E-13
3.8933275345629936E-13
4.164503476094709E-13
4.5026931926949923E-13
4.3420132825700066E-13
4.237620294685682E-13
3.968756136137177E-13
3.932373928819802E-13
3.751935029522208E-13
3.680256574501592E-13
3.5033361935369963E-13
3.368174464724301E-13
3.1783475248808364E-13
3.0145198372872595E-13
2.828729559468201E-13
2.6581656571645077E-13
2.4432487133486494E-13
2.2418832301291057E-13
2.105576785798709E-13
2.1313399934532073E-13
2.0758626677838153E-13
2.096220813508161E-13
2.0158244013432605E-13
1.9654250084463238E-13
1.8926414769990914E-13
1.9247549699623124E-13
1.8717934993610489E-13
1.8666340273932992E-13
1.8149237896960614E-13
1.829081296578815E-13
1.7910948766861796E-13
1.803653413831706E-13
1.762451980511348E-13
1.744899221066546E-13
1.6968232153172102E-13
1.6793996581395616E-13
1.6322789421847536E-13
1.6004852752870077E-13
1.5492078941337444E-13
1.5041610668354218E-13
1.4485931694275714E-13
1.3928046721344318E-13
1.346101041474945E-13
1.3215169376693528E-13
1.2854088705986167E-13
1.1877186368219147E-13
1.1055349028150268E-13
1.056785008141576E-13
1.43332627426505E-13
1.610058676385691E-13
1.924761103677394E-13
2.0379531051245876E-13
1.889432728176808E-13
1.8497843139703215E-13
1.6283762493970286E-13
2.38467218581747E-13
2.435178367406816E-13
3.003190552804899E-13
3.426201883346331E-13
3.380442829717936E-13
4.0928876533496744E-13
4.338830715528051E-13
4.625754353528569E-13
4.618018267713588E-13
4.570683502114391E-13
4.303586649766979E-13
4.04847176508033E-13
3.781489175171719E-13
3.653709453773513E-13
3.466773323821372E-13
3.3293532506620234E-13
3.145898413258906E-13
2.9855309712866525E-13
2.8040753493781604E-13
2.6350442612535284E-13
2.436897952566893E-13
2.245831547411809E-13
2.1073769517096437E-13
1.7317258670774148E-13
1.496365540852308E-13
1.25393880891953E-13
2.1289174811948948E-13
2.56289555990802E-13
3.4087323690353537E-13