
0.0
2.958998600054731E-4
1.3433047518424603E-4
5.321191059065996E-5
2.226260157552318E-5
1.0539191436005005E-5
6.076701978305135E-6
4.105824717494111E-6
3.165733829445871E-6
2.577463484217107E-6
2.2038942245459187E-6
2.298798653080102E-6
2.6394020267371897E-6
3.3701479499681276E-6
4.576113649615106E-6
5.523649433278896E-6
5.184543922362713E-6
4.48577946581602E-6
3.6979091138236855E-6
2.979631922649055E-6
2.3869647922987718E-6
1.9110607854417177E-6
1.4385207317668174E-6
1.1442756747844862E-6
9.430717186015351E-7
8.290182801976153E-7
7.531514170769619E-7
6.838278383860175E-7
6.215389387504762E-7
5.697021022579721E-7
5.222283270123135E-7
4.6837388747116713E-7
4.6904999900615515E-7
4.3201466261196536E-7
3.997171124964748E-7
3.728478568593226E-7
3.4405998713887754E-7
3.156158303894332E-7
2.957380124731139E-7
2.870681799957756E-7
2.699266976635573E-7
2.6381138419736923E-7
2.552112037185197E-7
2.7478688986235633E-7
2.411638272264978E-7
2.1247028193216819E-7
2.1639278047741103E-7
1.9442474053448052E-7
1.7625894697090737E-7
1.6245673760923102E-7
1.5605927374913282E-7
1.4836809589666876E-7
1.3838321151719639E-7
1.1944364937860868E-7
1.5128762055406394E-7
1.5520930844116766E-7
1.4226965949617737E-7
1.2720676274781227E-7
1.1240370497650752E-7
9.9714641459358E-8
8.854567113200939E-8
7.852693070146722E-8
1.1601685818239371E-7
1.186243465045057E-7
1.0543992603623274E-7
9.539605363188031E-8
8.091464505941543E-8
6.83328114956039E-8
5.7931900199851845E-8
4.959211601822231E-8
4.250485588479059E-8
3.893917768517939E-8
3.363780372899534E-8
2.9016483002215803E-8
2.5106767694527196E-8
2.1885819654372405E-8
1.9102469865447118E-8
1.668864517428203E-8
1.4592601669206737E-8
1.2775290490151642E-8
1.1202823057939475E-8
9.86868166133371E-9
8.682367720001604E-9
7.645198384061699E-9
6.742591171071508E-9
5.953905722723496E-9
5.256804585709568E-9
6.212196607009827E-9
7.024645593226748E-9
7.90392337231755E-9
8.53361851580698E-9
8.925712361723085E-9
9.043915712626873E-9
9.094623930511295E-9
8.923173640044588E-9
8.645561810990948E-9
8.20929045979818E-9
7.703465945898585E-9
7.123325596032195E-9
6.594416064552583E-9
6.0942101554634715E-9
5.690843322682784E-9
8.708595473742643E-9
1.1334874456541438E-8
1.387672606383208E-8
1.5049541124960106E-8
1.5583752418126862E-8
1.5445882453818565E-8
1.4847855267437554E-8
1.3999345413103515E-8
1.3200875810302343E-8
1.210313266958897E-8
1.123465590748012E-8
1.0406439928091797E-8
9.74666333044149E-9
9.061882220393075E-9
8.509995393020824E-9
7.854407884493503E-9
7.651352764072403E-9
7.418540002229811E-9
7.257438115618916E-9
7.051657514768086E-9
6.79971668949682E-9
6.659486594883407E-9
6.387045236417854E-9
6.14711305535813E-9
5.862047695084178E-9
5.577620396045549E-9
5.498882007757639E-9
5.404821704631857E-9
5.804551541268712E-9
6.184396193065842E-9
6.622296333858527E-9
6.901341661296506E-9
7.224912749938848E-9
7.257956184997591E-9
7.2953396463527655E-9
7.180848349434336E-9
6.9960722479675065E-9
6.7050241092617136E-9
6.453091252147041E-9
6.064736856084013E-9
5.6755693804779774E-9
5.4275242437409175E-9
5.7038274010202286E-9
5.933229972437958E-9
6.258743768907103E-9
6.5244776194595904E-9
6.590030950040697E-9
6.633234366584302E-9
6.4878907510689786E-9
6.236850245774469E-9
6.086710095834197E-9
5.750494715576368E-9
5.57410301429357E-9
5.349946123600851E-9
5.140083698163278E-9
4.946787268602471E-9
4.691694205813716E-9
4.505277747296947E-9
4.270313168464056E-9
4.08147479424335E-9
3.928683200754811E-9
3.76226901388033E-9
3.6042184894488726E-9
3.464455104960051E-9
3.314634893911894E-9
3.1682680029559573E-9
3.1054657028225953E-9
2.9417452823283345E-9
2.795822370467707E-9
2.673338491171074E-9
2.565185925928073E-9
2.430401888856947E-9
2.345045606769665E-9
2.262883542986887E-9
2.6799714137450687E-8
2.8681737581069082E-8
2.4233434980640595E-8
1.9418553933961695E-8
1.5411119102727077E-8
1.237298472338311E-8
1.0110550841918866E-8
8.519169090029396E-9
7.378954260457363E-9
6.536985480556974E-9
5.871460344630402E-9
5.33075391533246E-9
4.880729661396571E-9
4.48429972985804E-9
4.126691150576472E-9
3.7954174116302456E-9
3.527050791889559E-9
3.2717453052830518E-9
3.018741940122457E-9
2.7689236199233803E-9
2.5166624025534187E-9
2.3358182939181353E-9
3.5391593201864505E-9
4.8408765817995835E-9
5.980232889326415E-9
6.618454602212939E-9
6.928813220199669E-9
6.902664249784404E-9
9.992885017562841E-9
1.0148680027798522E-8
9.490788051584478E-9
8.688700057345E-9
7.905439497549654E-9
7.162395231823863E-9
7.288212931641171E-9
6.785203057189856E-9
6.181861835376381E-9
5.865419542827745E-9
5.373489896880213E-9
4.919447364871258E-9
4.482580675735954E-9
4.229639615551465E-9
4.003344047778645E-9
3.805477894303512E-9
3.679945776575437E-9
3.5526544261307632E-9
3.4347453387412452E-9
3.4571069221796935E-9
3.344134255147489E-9
3.19788708309038E-9
3.0327412648032036E-9
2.8553477840083283E-9
2.668519854468813E-9
2.4713695423973017E-9
2.5356042122749226E-9
2.4578269930446136E-9
2.4278882445955227E-9
2.3969756594742674E-9
2.3599645608111745E-9
2.2944942725729166E-9
2.205306868233257E-9
3.2825059395467515E-9
4.659154607632725E-9
6.0383163191906E-9
7.3565706527887325E-9
8.504952257999875E-9
9.449993295162006E-9
1.016936299281174E-8
1.0676742237136484E-8
1.1004188986787599E-8
1.118721848414974E-8
1.1259240199457938E-8
1.1247975878100856E-8
1.1176867457376652E-8
1.1062664926788243E-8
1.091660563202764E-8
1.074826417145071E-8
1.0565155364258645E-8
1.0367289103805807E-8
1.01537404524385E-8
9.928916222146833E-9
9.823152755887206E-9
9.708835957828514E-9
9.607745444489586E-9
9.484447612620711E-9
9.364376209729137E-9
9.21273094153233E-9
9.03678296285011E-9
8.82841069158358E-9
8.594752124319137E-9
8.350187918504592E-9
9.255758502483244E-9
1.0212355498421175E-8
1.1453623959259663E-8
1.2534348339865414E-8
1.3512618006923241E-8
1.4251715042977184E-8
1.4771836793522927E-8
1.50707612674434E-8
1.5189073332966707E-8
1.515380463796837E-8
1.4999183301040998E-8
1.4748935628351145E-8
1.4425700767088178E-8
1.4072233399374536E-8
1.3680244228263732E-8
1.3254723778805689E-8
1.2792826325402052E-8
1.2307507290040804E-8
1.2034487076907281E-8
1.1798378179465083E-8
1.1609546806363016E-8
1.1375727441566662E-8
1.108487457551641E-8
1.072261364983492E-8
1.03772095946483E-8
9.959430626758141E-9
9.485662776673783E-9
8.943273378553858E-9
8.357325867275322E-9
7.737798920887975E-9
7.109044825464128E-9
6.508100355388196E-9
5.892582670305174E-9
5.338925912535955E-9
4.81218947007687E-9
4.347710805634736E-9
3.955031668843401E-9
4.278139002984557E-9
4.787916561758501E-9
5.408955493360309E-9
5.938746512576656E-9
6.383741340332908E-9
6.609812325913141E-9
6.678522146393434E-9
6.60986483231069E-9
7.116083580196948E-9
7.658110138561082E-9
8.452951616356248E-9
9.138832690976159E-9
9.679810263198831E-9
9.996668651133566E-9
1.0061716202911006E-8
9.91651898445623E-9
9.548619439959962E-9
9.019195671504027E-9
1.2275031595464202E-8
1.6515064283222224E-8
1.6125837115924293E-8
1.4228953866300427E-8
1.2119064248495364E-8
1.0208405071328795E-8
9.067152339863708E-9
7.759883692576094E-9
6.9815881668518085E-9
6.061033079257607E-9
5.301072376004599E-9
4.680723015520374E-9
4.163920079632897E-9
3.734762659496484E-9
3.359402563937047E-9
3.2630320559963695E-9
2.987220394971507E-9
2.7206011525695037E-9
2.4770539346615012E-9
2.2595840444593505E-9
2.0626499824922104E-9
1.881888788012123E-9
1.7229129196088916E-9
1.580314402034848E-9
1.4552256477264035E-9
1.342149679155008E-9
1.2358853217641626E-9
1.4148401762576592E-9
1.6620244837004151E-9
1.8295844125015726E-9
1.9525870699030885E-9
1.99696038391271E-9
1.9834865430846095E-9
1.929131090289134E-9
1.845659278048996E-9
1.7721583329664577E-9
1.8521563186089172E-9
1.7937807222620144E-9
1.714112327926091E-9
1.6269980930501469E-9
1.5373069279690759E-9
1.446376044171976E-9
1.3553703891425761E-9
1.3173346550537223E-9
1.2827455079154153E-9
1.2523315388642934E-9
1.2120111974082086E-9
1.2314524059380478E-9
1.1853615528816588E-9
1.118266080125893E-9
1.042224876125627E-9
9.631723224563696E-10
8.850364717635171E-10
8.105975861113173E-10
7.63301483991237E-10
7.210211245865505E-10
6.813652090399153E-10
6.396324903882554E-10
5.965315962332067E-10
5.508476756520922E-10
5.271460088379938E-10
5.046198766409395E-10
4.821970350855045E-10
4.5647336868090753E-10
4.269899256580088E-10
3.937632741686952E-10
3.581949312903393E-10
3.553893504342879E-10
3.497608852798993E-10
3.379481532921472E-10
3.150820958859791E-10
2.8487758379785903E-10
2.5037617516731914E-10
2.1717770108338371E-10
1.8722720357149958E-10
1.612669422431392E-10
1.4100301760821454E-10
1.2510938429639021E-10
1.1175998179789289E-10
1.002428215013006E-10
9.297542288377308E-11
8.645314101583308E-11
8.080193058583368E-11
7.366767358880079E-11
6.664085235022865E-11
6.06485132967804E-11
5.4852367902435294E-11
4.92413318359437E-11
4.426440104086564E-11
4.004347628055374E-11
3.5607848427705683E-11
3.1982750909688706E-11
2.814989717280515E-11
3.054249782957942E-11
3.2337540590534E-11
3.452358881634616E-11
3.60374705057243E-11
3.66020863390586E-11
3.9877037868209764E-11
4.267268009561795E-11
4.509319614051925E-11
4.5697156177105903E-11
4.466903733387386E-11
4.430279267677719E-11
4.306433809702865E-11
4.081254978885969E-11
3.764028272347569E-11
3.4677307740621745E-11
3.1664561334235225E-11
2.7988197397944493E-11
2.528411593850225E-11
2.2917036556135612E-11
2.0402856095523534E-11
1.835250557641458E-11
1.6291472174492286E-11
1.4097292353667826E-11
1.2578014619342768E-11
1.2096812198089218E-11
1.07597705633232E-11
9.842669776865291E-12
9.144854631016334E-12
1.293118937537336E-9
1.3333312815443298E-9
1.0902481031275548E-9
8.354364852178947E-10
6.276171679775076E-10
4.731567145121336E-10
3.6058720061062026E-10
2.811753067339953E-10
2.2400702694777257E-10
1.8555260098294417E-10
1.571567629204426E-10
1.3468124503856381E-10
1.1587199000328074E-10
9.95085344145399E-11
8.501257586688242E-11
7.23370677970358E-11
7.231910630590786E-11
7.331687633287338E-11
7.424213033522048E-11
7.336822232321334E-11
7.09121608135973E-11
6.709220182236589E-11
6.32093510976539E-11
9.520547109433963E-11
1.294025524461729E-10
1.6009665071969398E-10
1.819060829927756E-10
1.9462122790972418E-10
1.9758018964851452E-10
1.9752915431962102E-10
2.2722166417918355E-10
2.4962631096599915E-10
2.68436739963745E-10
3.010859591452428E-10
3.2904853864291516E-10
3.44123928018032E-10
3.4379700494496135E-10
3.3176833402921697E-10
3.1278338751696286E-10
2.910306615932509E-10
2.63704107574106E-10
2.379595960891387E-10
1.2746250448442062E-9
1.6263629362902952E-9
1.5806721325682658E-9
1.3820012860264807E-9
1.140071443864459E-9
4.3647520980385936E-9
4.161176216458514E-9
3.348128941766926E-9
2.5737814037933235E-9
1.970701452801532E-9
1.5654999150205248E-9
1.3288099929170732E-9
1.101049356218011E-9
9.289402666023779E-10
7.967836837513644E-10
6.929791051682494E-10
6.106039829545933E-10
5.432033119983864E-10
4.895994994217969E-10
4.429533506323682E-10
4.0200182128065307E-10
3.6534346847375024E-10
3.3258731039270203E-10
3.49092334776365E-10
3.8536500410261607E-10
4.208511023937389E-10
4.930598032779989E-10
5.575360231777084E-10
6.050568163457872E-10
6.295867364496696E-10
6.329402533578561E-10
6.181013898091858E-10
5.902147347816485E-10
5.533741399968267E-10
5.112361703400162E-10
4.66760514711014E-10
4.221968871758786E-10
3.7930816266256833E-10
3.4101580475562107E-10
3.06914009804588E-10
2.767100483452672E-10
2.496951513627457E-10
2.252045579936561E-10
2.0314373558629598E-10
1.8317122964737495E-10
1.6502957952287133E-10
1.486007650381131E-10
1.3388826444056034E-10
1.6917332957623684E-10
2.0128854207188337E-10
2.300411801466195E-10
2.467505112936344E-10
2.5365090522872996E-10
2.5264523586793624E-10
2.4622375296243245E-10
2.366745587803269E-10
3.2769979012753684E-10
4.2430464335144283E-10
5.240149910598188E-10
6.045622131946914E-10
6.597159616265446E-10
6.898075932888596E-10
6.961631581144608E-10
6.853048618662549E-10
6.611715839763896E-10
7.452753654695469E-10
7.794198004253857E-10
7.566663042087533E-10
7.040592042054638E-10
6.396464125147416E-10
5.748339324667129E-10
5.154615141977819E-10
4.622180948890631E-10
4.1534964232966994E-10
3.7357292199929E-10
3.365362019238919E-10
3.034973447771894E-10
2.7382163088908827E-10
2.470550390505429E-10
2.2304488892607242E-10
2.014232080603826E-10
1.8184576351187693E-10
1.6389148639749185E-10
1.4780480771147406E-10
1.714185095296843E-10
1.6010376312547624E-10
1.419933959251742E-10
1.2427454504002425E-10
1.0833188079246295E-10
9.441819101477729E-11
8.231574319500686E-11
7.196788715828158E-11
9.450618774371214E-11
8.265342280237256E-10
4.226346954047116E-9
6.836593486292008E-9
8.182261581399639E-9
7.465102767673559E-9
6.418765290308233E-9
5.231615699727562E-9
1.0098572495320382E-8
9.554398913304587E-9
7.958661615503762E-9
6.5168004787805895E-9
5.3414493539921405E-9
4.482731989969099E-9
3.865399388301089E-9
3.441512200289978E-9
3.1167196796085175E-9
2.851136698936662E-9
2.622502591988939E-9
2.4204289282438336E-9
2.24115612852761E-9
2.0818996451246346E-9
1.939383315908277E-9
1.8111631833260292E-9
1.6951196566501898E-9
1.5894833647250881E-9
1.4927066872652005E-9
1.404082344205092E-9
1.3241858546121737E-9
1.2473042554235304E-9
1.1786418941399762E-9
1.115624490691034E-9
1.056813054539928E-9
1.0016675547269544E-9
9.496933531335472E-10
9.295825132560052E-10
9.104297725857928E-10
8.926056574797541E-10
8.684593278253786E-10
8.398742720617654E-10
8.060174713190775E-10
7.692534799576606E-10
7.306458563252753E-10
7.247771169831188E-10
7.166409673703628E-10
7.072501030221313E-10
6.865352884855273E-10
6.574225920095454E-10
6.220484515629303E-10
5.832737605519879E-10
5.424257624986264E-10
5.021569290591401E-10
5.216417451713162E-10
5.39981495366428E-10
5.413792857988684E-10
5.296172200395663E-10
5.083232905479713E-10
5.099402101372258E-10
5.030034078181205E-10
4.89906168692059E-10
4.705089396578128E-10
8.184620111142901E-10
8.432941645235423E-10
7.739394404172644E-10
6.88009337856578E-10
6.123909964045051E-10
5.440472336824223E-10
4.81355073693658E-10
4.3965576741802405E-10
4.027746971033179E-10
3.701311504265026E-10
3.3969967539752126E-10
3.130698087503539E-10
2.89335540719033E-10
2.6736026953065556E-10
3.312526438894087E-10
3.4425585621419123E-10
3.287037936967602E-10
3.0216816011266683E-10
2.715207909489553E-10
2.4367091137626964E-10
2.368686421316982E-10
2.278156685885832E-10
2.1733135327948136E-10
2.0725967443888334E-10
1.9750802616345224E-10
1.8710035424763915E-10
1.7577015979447123E-10
1.888877378275203E-10
2.2765162658020997E-10
2.6323739857615645E-10
2.951553024194167E-10
3.1628933106814734E-10
3.250863692014573E-10
3.2347984082231655E-10
3.1636082201265545E-10
3.069887177487794E-10
2.9386310920713064E-10
2.776159192394473E-10
2.587864970706046E-10
2.4115244679147435E-10
2.2299419604361541E-10
2.0461822331400883E-10
1.8630076215007202E-10
1.6856866829786215E-10
1.5188094004951397E-10
1.3654706417937292E-10
1.2263027240352607E-10
1.101126682816918E-10
9.891907886533684E-11
9.543346038177343E-11
9.501660395013171E-11
9.818234253271525E-11
1.0101122702683136E-10
1.0289830894072644E-10
1.0299710217713023E-10
1.0129857810805287E-10
9.790432707255006E-11
9.317076238571905E-11
8.755049231673863E-11
9.226326236566659E-11
9.711966812449244E-11
1.0190493815742706E-10
1.0406300549112012E-10
1.0366946150583152E-10
1.0085633499630357E-10
9.621197358584287E-11
9.036423675030337E-11
8.813909132886494E-11
8.599545659074578E-11
8.354082848294505E-11
8.0346498688219E-11
7.667138704721505E-11
7.252011098057115E-11
6.802618765428463E-11
6.329008874631883E-11
5.835984135241316E-11
5.345827812326471E-11
4.867108099080686E-11
4.408171860534013E-11
3.9767433018575956E-11
3.588468999129737E-11
3.260943491572802E-11
2.980632196680953E-11
2.7284051845828386E-11
2.4920041063864073E-11
2.269976045797564E-11
2.0616707137035986E-11
1.890462672764699E-11
1.7356606302674166E-11
1.5933312481707676E-11
1.464195635770504E-11
1.3338675199268254E-11
1.2140315364331527E-11
1.0957800817173529E-11
9.881614608843023E-12
1.0846534678119622E-11
1.8359573953117805E-11
2.998148881032108E-11
4.100119758827618E-11
4.862101166085275E-11
5.263052959053939E-11
7.899274042307694E-11
1.0924451406719993E-10
1.3955222116804648E-10
1.6399850419468287E-10
1.8203581605814908E-10
1.935991793575549E-10
1.991294789598939E-10
1.9928801985305755E-10
1.9530052628616207E-10
1.8776629439426146E-10
1.7773860079677342E-10
1.6605671162136894E-10
1.5392492251463296E-10
1.430453479665547E-10
1.3395976589450392E-10
1.303846099097793E-10
1.2810401707121665E-10
1.2623079518623332E-10
1.3185432091559787E-10
1.6111991943839354E-10
1.9191641316392356E-10
2.0965142065791096E-10
2.1228199771474298E-10
2.0343937259883533E-10
1.8715553870626782E-10
1.6805009966191232E-10
1.4836177449512537E-10
1.2959177163978262E-10
1.129911814935862E-10
9.887519230307701E-11
9.502085628559334E-11
9.313780968256045E-11
9.32995521960314E-11
9.349001408180293E-11
9.371442718276321E-11
9.316366170531504E-11
9.252650263042212E-11
9.157283867463676E-11
9.028905872917953E-11
8.86859784366658E-11
8.685931380893143E-11
8.476379145938345E-11
8.243648255277077E-11
8.008025858156947E-11
7.745869716939982E-11
7.479196019824928E-11
7.203562555996558E-11
6.921957745805184E-11
6.650943540584428E-11
6.366713563119198E-11
6.090462788695848E-11
5.815009877789924E-11
5.5492152723559286E-11
5.279148676416555E-11
5.009292320527712E-11
4.7563951069810025E-11
4.505695754933828E-11
4.263224886875286E-11
4.038537038230193E-11
3.8574272169939074E-11
3.721175816266565E-11
3.62327840590045E-11
3.539925334893987E-11
3.4692770289103044E-11
3.4578256612695646E-11
3.6271757156819486E-11
3.864514552492578E-11
4.068426610335E-11
4.1804392385147684E-11
4.229234603824224E-11
4.1880405412978764E-11
4.0807394330313795E-11
3.906954344778937E-11
3.681478600663436E-11
3.420413433684127E-11
3.143374722927007E-11
2.8522703605709212E-11
2.5663745389849065E-11
2.2916135401436908E-11
2.0337145887610203E-11
1.8016815860248013E-11
1.9573970652004866E-11
2.1073020140482875E-11
2.2554237391737848E-11
2.319775562846737E-11
2.3175760972424128E-11
2.273237979453182E-11
2.205454237210448E-11
2.1192621301149288E-11
2.143505302011636E-11
2.1531620745949228E-11
2.1733054867721217E-11
2.1490523464772197E-11
2.0909638750302802E-11
2.0206329739976354E-11
1.9294275147728277E-11
1.8371594519801495E-11
1.738940279645554E-11
1.6323380441669205E-11
1.5305864744985343E-11
1.4258473155749653E-11
1.327662909519832E-11
1.2626215541618507E-11
1.2773624895579991E-11
1.3079030112386546E-11
1.336106237846557E-11
1.3559867240296975E-11
1.354990681980685E-11
1.3348378104091788E-11
1.2965643768371319E-11
1.3046487888360877E-11
1.291942349260019E-11
1.2813391420545423E-11
1.2512028870544013E-11
1.2155777888320926E-11
1.1672037787874932E-11
1.0972665315627412E-11
1.038629509117013E-11
9.835891579090994E-12
9.312146816130563E-12
8.80871163692398E-12
8.33030840457724E-12
7.87900897994941E-12
7.456218763175326E-12
7.063882006749406E-12
6.704517671725339E-12
6.589092982371593E-12
6.478864964292214E-12
6.673606984119894E-12
6.804894156333725E-12
7.163966609959443E-12
7.79814661768469E-12
9.888449357862753E-12
1.2515924914006776E-11
1.4967780311440505E-11
1.6959735386048812E-11
1.860148750129951E-11
1.9866308901815765E-11
2.0708742809928626E-11
2.1072955331903307E-11
2.100735167367478E-11
2.061282594839577E-11
1.9879759818496996E-11
1.89394348613881E-11
1.8036730687879862E-11
1.7231820586923476E-11
1.7016264863617012E-11
1.7022554771048563E-11
1.6883903638690577E-11
6.258895549984433E-10
9.104008560364664E-10
8.250908579597039E-10
6.763203318479722E-10
5.217187851567113E-10
4.0171613326820907E-10
3.141147712363615E-10
2.511688843279617E-10
2.0532482057005225E-10
1.7101632657563595E-10
1.4462196718842662E-10
1.2368609587762135E-10
1.0677913688800757E-10
9.262029418379204E-11
8.068761845704994E-11
7.03758655741144E-11
8.213063520222753E-11
1.0666477910139982E-10
1.5074890469223743E-10
3.707217927034903E-10
6.341932232691685E-10
8.891254421653023E-10
1.0834517455207576E-9
1.207825780770837E-9
1.2646823269802418E-9
1.2658262288163142E-9
1.2239071855291319E-9
1.1530098543900128E-9
1.062561564423838E-9
9.626860246996074E-10
8.602172604526767E-10
7.602369964308816E-10
6.660120262138462E-10
5.792302881226362E-10
5.008049190001163E-10
4.307914733653989E-10
3.697249179610092E-10
3.1688526665564106E-10
2.7155624702072336E-10
2.330546035529731E-10
2.0006972156654236E-10
1.7275068891859292E-10
1.9723135801898852E-10
2.1176099997267544E-10
2.1926479912862794E-10
2.1964682605017595E-10
2.1528691841318373E-10
2.0686043080470446E-10
1.9473286826000829E-10
1.8082915676157714E-10
1.6636267234096617E-10
1.5301397406077477E-10
1.4025616508954925E-10
1.28474073854855E-10
1.1748651360287045E-10
1.0738971606058994E-10
9.825753794513777E-11
8.997126735522629E-11
8.260321030757116E-11
7.596566837029314E-11
7.002123712884737E-11
6.462697486394337E-11
5.968925983761539E-11
5.5137933779348123E-11
5.092220088048628E-11
4.7004392007543346E-11
4.335664382767743E-11
3.9957670780587715E-11
3.678014688458472E-11
3.379469414633602E-11
3.103511907869511E-11
2.847819818648795E-11
2.63318336939849E-11
2.45148993674753E-11
2.3424156229691732E-11
2.256810940677416E-11
2.177380992237219E-11
2.0907570458724365E-11
1.9943244069511095E-11
1.888911967974385E-11
1.7771126858464817E-11
1.6613115760322786E-11
1.5465629308899533E-11
1.4366648718127846E-11
1.3314943498903748E-11
1.2746137184477646E-11
1.2308650092381321E-11
1.2056817146120099E-11
1.1824716827064385E-11
1.1571817596869124E-11
1.1307587272196202E-11
1.0982563087877523E-11
1.0601067935836263E-11
1.0181112932399962E-11
9.724453886950368E-12
9.330997249564049E-12
8.913239237442576E-12
8.458223596328568E-12
7.962618029374688E-12
7.433653687550091E-12
6.883193489179703E-12
6.333365731694007E-12
6.1953066515269636E-12
6.071237070634592E-12
5.926516449743884E-12
5.693255716939138E-12
5.393156637221704E-12
5.041059960939201E-12
4.660736551756368E-12
4.273390305787165E-12
3.898849797391796E-12
3.5422277603400277E-12