
0.1876350934944277, 0.1876350934944277, 0.2494596260222892, 0.1876350934944277, 0.1876350934944277, 0.0, 0.0, 0.0, 0.0, 
0.18034837823377117, 0.18034837823377117, 0.2534620842961237, 0.18034837823377117, 0.20549278100256294, 0.0, 0.0, 0.0, 0.0, 
0.15031944313199713, 0.15990378673776565, 0.11415508457662085, 0.14266578673677588, 0.30799856847501206, 0.0, 0.0, 0.1249573303418284, 0.0, 
0.15032749110408075, 0.18690076443912954, 0.16318626021933857, 0.12719174840884656, 0.19598144929667397, 0.0, 0.0, 0.17641228653193058, 0.0, 
0.0, 0.0, 0.0, 0.0, 0.0, 0.0, 0.0, 0.0, 0.0, 
0.15476529831336414, 0.16851523338121494, 0.15613787291812073, 0.12193675316740908, 0.2349055227868525, 0.0, 0.0, 0.16373931943303868, 0.0, 
0.18207595039862337, 0.19423326941086455, 0.14623958044581983, 0.11239285262736005, 0.19471321963465227, 0.0, 0.0, 0.17034512748267996, 0.0, 
0.0, 0.0, 0.0, 0.0, 0.0, 0.0, 0.0, 0.0, 0.0, 
0.0, 0.0, 0.0, 0.0, 0.0, 0.0, 0.0, 0.0, 0.0, 
0.0, 0.0, 0.0, 0.0, 0.0, 0.0, 0.0, 0.0, 0.0, 
0.0, 0.0, 0.0, 0.0, 0.0, 0.0, 0.0, 0.0, 0.0, 
0.0, 0.0, 0.0, 0.0, 0.0, 0.0, 0.0, 0.0, 0.0, 
0.15599148143252356, 0.1830762345599046, 0.1648625815039367, 0.10369654065406203, 0.22045676987651977, 0.0, 0.0, 0.17191639197305328, 0.0, 
0.0, 0.0, 0.0, 0.0, 0.0, 0.0, 0.0, 0.0, 0.0, 
0.15766731887531277, 0.1318257621740621, 0.17449898961029914, 0.10555678359788594, 0.23761032441036326, 0.0, 0.0, 0.19284082133207686, 0.0, 
0.0, 0.0, 0.0, 0.0, 0.0, 0.0, 0.0, 0.0, 0.0, 
0.1716105919167229, 0.1430038548107589, 0.14973289419126184, 0.1344876285060113, 0.1548922385726083, 0.0, 0.0, 0.24627279200263683, 0.0, 
0.16307694228102054, 0.08833163580949005, 0.1696649493390853, 0.09426482193034073, 0.2866137441900346, 0.0, 0.0, 0.19804790645002882, 0.0, 
0.21497017245415015, 0.13001401651342875, 0.2367986783109192, 0.10785195991523643, 0.15483904334808685, 0.0, 0.0, 0.15552612945817879, 0.0, 
0.0, 0.0, 0.0, 0.0, 0.0, 0.0, 0.0, 0.0, 0.0, 
0.0, 0.0, 0.0, 0.0, 0.0, 0.0, 0.0, 0.0, 0.0, 
0.0, 0.0, 0.0, 0.0, 0.0, 0.0, 0.0, 0.0, 0.0, 
0.18031290998763994, 0.09102832845706725, 0.15834891139822954, 0.1242138284512507, 0.23185242302037437, 0.0, 0.0, 0.21424359868543805, 0.0, 
0.14480157668387372, 0.10485839602427811, 0.1457489983221289, 0.09192581436386965, 0.26920719997126064, 0.0, 0.0, 0.24345801463458888, 0.0, 
0.0, 0.0, 0.0, 0.0, 0.0, 0.0, 0.0, 0.0, 0.0, 
0.0, 0.0, 0.0, 0.0, 0.0, 0.0, 0.0, 0.0, 0.0, 
0.0, 0.0, 0.0, 0.0, 0.0, 0.0, 0.0, 0.0, 0.0, 
0.0, 0.0, 0.0, 0.0, 0.0, 0.0, 0.0, 0.0, 0.0, 
0.0, 0.0, 0.0, 0.0, 0.0, 0.0, 0.0, 0.0, 0.0, 
0.0, 0.0, 0.0, 0.0, 0.0, 0.0, 0.0, 0.0, 0.0, 
0.1084370021984339, 0.11897784281380776, 0.1805441813098701, 0.13070902797308057, 0.2417199779306607, 0.0, 0.0, 0.219611967774147, 0.0, 
0.1012726270714931, 0.14253958227745678, 0.1509956733355167, 0.10689793345784698, 0.2513795834687494, 0.0, 0.0, 0.24691460038893706, 0.0, 
0.0, 0.0, 0.0, 0.0, 0.0, 0.0, 0.0, 0.0, 0.0, 
0.0, 0.0, 0.0, 0.0, 0.0, 0.0, 0.0, 0.0, 0.0, 
0.0, 0.0, 0.0, 0.0, 0.0, 0.0, 0.0, 0.0, 0.0, 
0.0, 0.0, 0.0, 0.0, 0.0, 0.0, 0.0, 0.0, 0.0, 
0.0, 0.0, 0.0, 0.0, 0.0, 0.0, 0.0, 0.0, 0.0, 
0.11020094008917432, 0.11474913882995158, 0.13673684730241967, 0.10562230012656745, 0.2743211199531966, 0.0, 0.0, 0.25836965369869036, 0.0, 
0.12765772480032134, 0.12101166042832964, 0.16031505382585096, 0.12225033093180215, 0.18572387612337338, 0.0, 0.0, 0.2830413538903225, 0.0, 
0.10088153658562211, 0.11218975371777733, 0.12903888824014176, 0.12542898680154901, 0.24664054420294826, 0.0, 0.0, 0.2858202904519616, 0.0, 
0.12289164368827145, 0.11461506795174112, 0.14691532291729212, 0.13481048772822948, 0.1939487846487766, 0.0, 0.0, 0.28681869306568936, 0.0, 
0.1474736047547751, 0.13024464833564334, 0.15315677491064233, 0.1267079047650627, 0.2513819942875501, 0.0, 0.0, 0.1910350729463265, 0.0, 
0.0, 0.0, 0.0, 0.0, 0.0, 0.0, 0.0, 0.0, 0.0, 
0.1387548712206945, 0.07326791397093022, 0.12383785436808367, 0.06401075070668594, 0.29933736227083624, 0.0, 0.0, 0.30079124746276936, 0.0, 
0.14351897264345997, 0.1034244933393542, 0.1788265980751844, 0.11306254806995734, 0.22145007526992583, 0.0, 0.0, 0.23971731260211818, 0.0, 
0.0, 0.0, 0.0, 0.0, 0.0, 0.0, 0.0, 0.0, 0.0, 
0.0, 0.0, 0.0, 0.0, 0.0, 0.0, 0.0, 0.0, 0.0, 
0.0, 0.0, 0.0, 0.0, 0.0, 0.0, 0.0, 0.0, 0.0, 
0.0, 0.0, 0.0, 0.0, 0.0, 0.0, 0.0, 0.0, 0.0, 
0.0, 0.0, 0.0, 0.0, 0.0, 0.0, 0.0, 0.0, 0.0, 
0.13042521916100228, 0.09436371336314553, 0.14540456483956704, 0.09763170125631185, 0.21852243794984705, 0.0, 0.0, 0.3136523634301263, 0.0, 
0.0, 0.0, 0.0, 0.0, 0.0, 0.0, 0.0, 0.0, 0.0, 
0.11225538550581024, 0.08272679394521401, 0.14255403647100828, 0.09785248847416256, 0.27683332873296435, 0.0, 0.0, 0.2877779668708405, 0.0, 
0.0, 0.0, 0.0, 0.0, 0.0, 0.0, 0.0, 0.0, 0.0, 
0.1135640761708767, 0.10359551657393644, 0.14668019905688875, 0.15342473755200778, 0.17371821227687775, 0.0, 0.0, 0.30901725836941263, 0.0, 
0.0, 0.0, 0.0, 0.0, 0.0, 0.0, 0.0, 0.0, 0.0, 
0.13275466418595802, 0.12032339324191398, 0.14118793221379017, 0.07569565466158445, 0.2609254793601159, 0.0, 0.0, 0.2691128763366374, 0.0, 
0.0, 0.0, 0.0, 0.0, 0.0, 0.0, 0.0, 0.0, 0.0, 
0.13571513465191049, 0.1175520324830018, 0.1612388386357912, 0.08503519486256719, 0.22192288597047627, 0.0, 0.0, 0.278535913396253, 0.0, 
0.0, 0.0, 0.0, 0.0, 0.0, 0.0, 0.0, 0.0, 0.0, 
0.11535783368562494, 0.09232617524134383, 0.12582154606386844, 0.10827717314193472, 0.2669396931368307, 0.0, 0.0, 0.29127757873039745, 0.0, 
0.15281754220189336, 0.12551013213432116, 0.1486398918062508, 0.12599841366242195, 0.16103936494224005, 0.0, 0.0, 0.2859946552528727, 0.0, 
0.0, 0.0, 0.0, 0.0, 0.0, 0.0, 0.0, 0.0, 0.0, 
0.0, 0.0, 0.0, 0.0, 0.0, 0.0, 0.0, 0.0, 0.0, 
0.0, 0.0, 0.0, 0.0, 0.0, 0.0, 0.0, 0.0, 0.0, 
0.0, 0.0, 0.0, 0.0, 0.0, 0.0, 0.0, 0.0, 0.0, 
0.132433095702095, 0.10326573248388217, 0.15860316821528783, 0.10055325175093653, 0.25087997486032176, 0.0, 0.0, 0.2542647769874768, 0.0, 
0.0, 0.0, 0.0, 0.0, 0.0, 0.0, 0.0, 0.0, 0.0, 
0.0, 0.0, 0.0, 0.0, 0.0, 0.0, 0.0, 0.0, 0.0, 
0.09332697648953052, 0.09586556772883642, 0.1338985067971329, 0.08590322209218146, 0.22326909776521425, 0.0, 0.0, 0.36773662912710436, 0.0, 
0.0, 0.0, 0.0, 0.0, 0.0, 0.0, 0.0, 0.0, 0.0, 
0.0, 0.0, 0.0, 0.0, 0.0, 0.0, 0.0, 0.0, 0.0, 
0.0, 0.0, 0.0, 0.0, 0.0, 0.0, 0.0, 0.0, 0.0, 
0.0, 0.0, 0.0, 0.0, 0.0, 0.0, 0.0, 0.0, 0.0, 
0.13750222168438256, 0.08162383207286897, 0.17320502464343246, 0.09624820591805869, 0.18352543412533043, 0.0, 0.0, 0.32789528155592684, 0.0, 
0.0, 0.0, 0.0, 0.0, 0.0, 0.0, 0.0, 0.0, 0.0, 
0.11687407147801783, 0.06120106051229424, 0.1778039909344864, 0.08684897335750277, 0.18387301883646695, 0.0, 0.0, 0.37339888488123174, 0.0, 
0.1455979183804631, 0.11488896193743287, 0.19911362836234733, 0.13074804712501675, 0.14259342134127942, 0.0, 0.0, 0.2670580228534605, 0.0, 
0.0, 0.0, 0.0, 0.0, 0.0, 0.0, 0.0, 0.0, 0.0, 
0.0, 0.0, 0.0, 0.0, 0.0, 0.0, 0.0, 0.0, 0.0, 
0.10871409852020876, 0.12199922702879716, 0.18013349165572196, 0.08380569072384204, 0.2582594046041287, 0.0, 0.0, 0.24708808746730143, 0.0, 
0.0, 0.0, 0.0, 0.0, 0.0, 0.0, 0.0, 0.0, 0.0, 
0.0, 0.0, 0.0, 0.0, 0.0, 0.0, 0.0, 0.0, 0.0, 
0.0, 0.0, 0.0, 0.0, 0.0, 0.0, 0.0, 0.0, 0.0, 
0.0, 0.0, 0.0, 0.0, 0.0, 0.0, 0.0, 0.0, 0.0, 
0.10803466292242477, 0.15338945140537907, 0.17551277914216687, 0.12017458317164252, 0.17889604194490863, 0.0, 0.0, 0.26399248141347814, 0.0, 
0.0, 0.0, 0.0, 0.0, 0.0, 0.0, 0.0, 0.0, 0.0, 
0.11912701894107276, 0.13330582787931336, 0.14536464278114852, 0.11682894126523871, 0.22421845096963058, 0.0, 0.0, 0.26115511816359616, 0.0, 
0.0, 0.0, 0.0, 0.0, 0.0, 0.0, 0.0, 0.0, 0.0, 
0.0, 0.0, 0.0, 0.0, 0.0, 0.0, 0.0, 0.0, 0.0, 
0.0, 0.0, 0.0, 0.0, 0.0, 0.0, 0.0, 0.0, 0.0, 
0.0, 0.0, 0.0, 0.0, 0.0, 0.0, 0.0, 0.0, 0.0, 
0.0, 0.0, 0.0, 0.0, 0.0, 0.0, 0.0, 0.0, 0.0, 
0.0, 0.0, 0.0, 0.0, 0.0, 0.0, 0.0, 0.0, 0.0, 
0.11445949316572501, 0.13380283292623082, 0.14203930765788889, 0.09649378622863812, 0.2226176187219098, 0.0, 0.0, 0.2905869612996073, 0.0, 
0.0, 0.0, 0.0, 0.0, 0.0, 0.0, 0.0, 0.0, 0.0, 
0.0, 0.0, 0.0, 0.0, 0.0, 0.0, 0.0, 0.0, 0.0, 
0.0, 0.0, 0.0, 0.0, 0.0, 0.0, 0.0, 0.0, 0.0, 
0.14685940264201824, 0.11596189460662722, 0.14050120998909285, 0.10221318415695121, 0.24030929280852537, 0.0, 0.0, 0.2541550157967852, 0.0, 
0.0, 0.0, 0.0, 0.0, 0.0, 0.0, 0.0, 0.0, 0.0, 
0.0, 0.0, 0.0, 0.0, 0.0, 0.0, 0.0, 0.0, 0.0, 
0.0, 0.0, 0.0, 0.0, 0.0, 0.0, 0.0, 0.0, 0.0, 
0.0, 0.0, 0.0, 0.0, 0.0, 0.0, 0.0, 0.0, 0.0, 
0.0, 0.0, 0.0, 0.0, 0.0, 0.0, 0.0, 0.0, 0.0, 
0.14948328353844997, 0.10137520860851969, 0.16069562904900886, 0.09960050719247864, 0.23041289760333805, 0.0, 0.0, 0.25843247400820474, 0.0, 
0.0, 0.0, 0.0, 0.0, 0.0, 0.0, 0.0, 0.0, 0.0, 
0.0, 0.0, 0.0, 0.0, 0.0, 0.0, 0.0, 0.0, 0.0, 
0.0, 0.0, 0.0, 0.0, 0.0, 0.0, 0.0, 0.0, 0.0, 
0.0, 0.0, 0.0, 0.0, 0.0, 0.0, 0.0, 0.0, 0.0, 
0.0, 0.0, 0.0, 0.0, 0.0, 0.0, 0.0, 0.0, 0.0, 
0.0, 0.0, 0.0, 0.0, 0.0, 0.0, 0.0, 0.0, 0.0, 
0.0, 0.0, 0.0, 0.0, 0.0, 0.0, 0.0, 0.0, 0.0, 
0.0, 0.0, 0.0, 0.0, 0.0, 0.0, 0.0, 0.0, 0.0, 
0.0, 0.0, 0.0, 0.0, 0.0, 0.0, 0.0, 0.0, 0.0, 
0.10075583178901631, 0.12052721788447775, 0.1634405813529364, 0.10823022829717854, 0.26952637271276153, 0.0, 0.0, 0.23751976796362947, 0.0, 
0.0, 0.0, 0.0, 0.0, 0.0, 0.0, 0.0, 0.0, 0.0, 
0.0, 0.0, 0.0, 0.0, 0.0, 0.0, 0.0, 0.0, 0.0, 
0.0, 0.0, 0.0, 0.0, 0.0, 0.0, 0.0, 0.0, 0.0, 
0.0, 0.0, 0.0, 0.0, 0.0, 0.0, 0.0, 0.0, 0.0, 
0.0, 0.0, 0.0, 0.0, 0.0, 0.0, 0.0, 0.0, 0.0, 
0.0, 0.0, 0.0, 0.0, 0.0, 0.0, 0.0, 0.0, 0.0, 
0.0, 0.0, 0.0, 0.0, 0.0, 0.0, 0.0, 0.0, 0.0, 
0.0, 0.0, 0.0, 0.0, 0.0, 0.0, 0.0, 0.0, 0.0, 
0.0, 0.0, 0.0, 0.0, 0.0, 0.0, 0.0, 0.0, 0.0, 
0.12285763162153285, 0.09840001551921745, 0.17623211378527737, 0.11477816486770027, 0.2450575595248291, 0.0, 0.0, 0.24267451468144285, 0.0, 
0.0, 0.0, 0.0, 0.0, 0.0, 0.0, 0.0, 0.0, 0.0, 
0.0, 0.0, 0.0, 0.0, 0.0, 0.0, 0.0, 0.0, 0.0, 
0.0, 0.0, 0.0, 0.0, 0.0, 0.0, 0.0, 0.0, 0.0, 
0.0, 0.0, 0.0, 0.0, 0.0, 0.0, 0.0, 0.0, 0.0, 
0.0, 0.0, 0.0, 0.0, 0.0, 0.0, 0.0, 0.0, 0.0, 
0.0, 0.0, 0.0, 0.0, 0.0, 0.0, 0.0, 0.0, 0.0, 
0.0, 0.0, 0.0, 0.0, 0.0, 0.0, 0.0, 0.0, 0.0, 
0.0, 0.0, 0.0, 0.0, 0.0, 0.0, 0.0, 0.0, 0.0, 
0.0, 0.0, 0.0, 0.0, 0.0, 0.0, 0.0, 0.0, 0.0, 
0.0, 0.0, 0.0, 0.0, 0.0, 0.0, 0.0, 0.0, 0.0, 
0.0, 0.0, 0.0, 0.0, 0.0, 0.0, 0.0, 0.0, 0.0, 
0.0, 0.0, 0.0, 0.0, 0.0, 0.0, 0.0, 0.0, 0.0, 
0.0, 0.0, 0.0, 0.0, 0.0, 0.0, 0.0, 0.0, 0.0, 
0.0, 0.0, 0.0, 0.0, 0.0, 0.0, 0.0, 0.0, 0.0, 
0.0, 0.0, 0.0, 0.0, 0.0, 0.0, 0.0, 0.0, 0.0, 
0.0, 0.0, 0.0, 0.0, 0.0, 0.0, 0.0, 0.0, 0.0, 
0.0, 0.0, 0.0, 0.0, 0.0, 0.0, 0.0, 0.0, 0.0, 
0.0, 0.0, 0.0, 0.0, 0.0, 0.0, 0.0, 0.0, 0.0, 
0.0, 0.0, 0.0, 0.0, 0.0, 0.0, 0.0, 0.0, 0.0, 
0.0, 0.0, 0.0, 0.0, 0.0, 0.0, 0.0, 0.0, 0.0, 
0.0, 0.0, 0.0, 0.0, 0.0, 0.0, 0.0, 0.0, 0.0, 
0.0, 0.0, 0.0, 0.0, 0.0, 0.0, 0.0, 0.0, 0.0, 
0.0, 0.0, 0.0, 0.0, 0.0, 0.0, 0.0, 0.0, 0.0, 
0.0, 0.0, 0.0, 0.0, 0.0, 0.0, 0.0, 0.0, 0.0, 
0.0, 0.0, 0.0, 0.0, 0.0, 0.0, 0.0, 0.0, 0.0, 
0.0, 0.0, 0.0, 0.0, 0.0, 0.0, 0.0, 0.0, 0.0, 
0.0, 0.0, 0.0, 0.0, 0.0, 0.0, 0.0, 0.0, 0.0, 
0.0, 0.0, 0.0, 0.0, 0.0, 0.0, 0.0, 0.0, 0.0, 
0.0, 0.0, 0.0, 0.0, 0.0, 0.0, 0.0, 0.0, 0.0, 
0.0, 0.0, 0.0, 0.0, 0.0, 0.0, 0.0, 0.0, 0.0, 
0.0, 0.0, 0.0, 0.0, 0.0, 0.0, 0.0, 0.0, 0.0, 
0.0, 0.0, 0.0, 0.0, 0.0, 0.0, 0.0, 0.0, 0.0, 
0.10570185253323622, 0.09898450562817589, 0.12356530608866087, 0.1280097662013261, 0.19318505790958634, 0.0, 0.20492773764635222, 0.14562577399266238, 0.0, 
0.09641939796828568, 0.09473549524861043, 0.10915960836869486, 0.1142406754267744, 0.22040008916075718, 0.0, 0.21534639368092331, 0.14969834014595415, 0.0, 
0.09948477239730619, 0.12835466366117262, 0.14737328127298446, 0.10865661363074695, 0.2612845704107747, 0.0, 1.273887564135541E-18, 0.2548460986270151, 0.0, 
0.085682600726527, 0.13656093904633837, 0.13906730528936653, 0.12763719365818327, 0.21664699733771284, 0.0, 0.0, 0.29440496394187204, 0.0, 
0.09816501756392014, 0.11045488878464159, 0.14844642366474886, 0.12675225175740357, 0.24224452263086363, 0.0, 0.0, 0.2739368955984222, 0.0, 
0.0, 0.0, 0.0, 0.0, 0.0, 0.0, 0.0, 0.0, 0.0, 
0.0, 0.0, 0.0, 0.0, 0.0, 0.0, 0.0, 0.0, 0.0, 
0.10347597784159107, 0.126594589782508, 0.13953736137582395, 0.14143709236967794, 0.24574876034918247, 0.0, 0.0, 0.2432062182812166, 0.0, 
0.1060696504664679, 0.1318016304802463, 0.0941806568974966, 0.13566102779204575, 0.2533779344046918, 0.0, 0.0, 0.27890909995905155, 0.0, 
0.1100264798325128, 0.13184653499328683, 0.10735594147764958, 0.14073815982476331, 0.24075222041701191, 0.0, 0.0, 0.26928066345477547, 0.0, 
0.11964682595994018, 0.12742644240136042, 0.14018833936833255, 0.13894493403877486, 0.28249177854131896, 0.0, 0.0, 0.19130167969027295, 0.0, 
0.10795165456978247, 0.14643046383098263, 0.1105518031041463, 0.10292082870752514, 0.2712437940224065, 0.0, 0.0, 0.26090145576515694, 0.0, 
0.0, 0.0, 0.0, 0.0, 0.0, 0.0, 0.0, 0.0, 0.0, 
0.0, 0.0, 0.0, 0.0, 0.0, 0.0, 0.0, 0.0, 0.0, 
0.0, 0.0, 0.0, 0.0, 0.0, 0.0, 0.0, 0.0, 0.0, 
0.0881282360611833, 0.15248561469454913, 0.1130583139253447, 0.12642946374988878, 0.27075574261073804, 0.0, 0.0, 0.24914262895829617, 0.0, 
0.10761516581355679, 0.15373790791175848, 0.11671577045120472, 0.13390086637306883, 0.21517284429876088, 0.0, 0.0, 0.2728574451516503, 0.0, 
0.0784290525266558, 0.13686358273472368, 0.11156369419494712, 0.11986886401626895, 0.29681807500268825, 0.0, 0.0, 0.2564567315247161, 0.0, 
0.1045591953430906, 0.15162196927985477, 0.13147018215622028, 0.1403367466870888, 0.28608955956320725, 0.0, 0.0, 0.18592234697053817, 0.0, 
0.12259370380668522, 0.13633102846515754, 0.1286427701838922, 0.09554248376330525, 0.23911681083617375, 0.0, 0.0, 0.27777320294478586, 0.0, 
0.13384427790272654, 0.1508359253361305, 0.13591256581911149, 0.11478077160238422, 0.28143717700008397, 0.0, 0.0, 0.1831892823395633, 0.0, 
0.0, 0.0, 0.0, 0.0, 0.0, 0.0, 0.0, 0.0, 0.0, 
0.0, 0.0, 0.0, 0.0, 0.0, 0.0, 0.0, 0.0, 0.0, 
0.10796620013619491, 0.11437034911583252, 0.11328580813285226, 0.12783757741097398, 0.30104174468555017, 0.0, 0.0, 0.23549832051859598, 0.0, 
0.11775308857893714, 0.10991068526962144, 0.14238728930099404, 0.13457587096224138, 0.2413292344388929, 0.0, 0.0, 0.2540438314493131, 0.0, 
0.08529420677784424, 0.09843028690308685, 0.13512745246500044, 0.14037671667134674, 0.28605333565114577, 0.0, 0.0, 0.2547180015315759, 0.0, 
0.10984068878047798, 0.14930952956328844, 0.13801325518316684, 0.1416568868563227, 0.1740137775633589, 0.0, 0.0, 0.2871658620533851, 0.0, 
0.09845770347416188, 0.15447548561886174, 0.10721656555491912, 0.13246002614412256, 0.18114857867286627, 0.0, 0.0, 0.3262416405350684, 0.0, 
0.09545044522718446, 0.13329605820289975, 0.10134999185396898, 0.12058024621224384, 0.2492833818742198, 0.0, 0.0, 0.30003987662948306, 0.0, 
0.10421147378576583, 0.11681925345173678, 0.099217948993657, 0.12300752403884767, 0.277896615838178, 0.0, 0.0, 0.2788471838918147, 0.0, 
0.09984443607351974, 0.1187817502656106, 0.09562507583850732, 0.0992612527069116, 0.2636127878780718, 0.0, 0.0, 0.32287469723737905, 0.0, 
0.15697033579416203, 0.15320600823743385, 0.19826223615238195, 0.15680765543731154, 0.33475376437871046, 0.0, 0.0, 0.0, 0.0, 
0.16675832855430456, 0.12307613515937914, 0.2164126055528336, 0.18072163246324183, 0.31303129827024084, 0.0, 0.0, 0.0, 0.0, 
0.1864326356411616, 0.14091068130175802, 0.20535667145296171, 0.19531599839297434, 0.2719840132111444, 0.0, 0.0, 0.0, 0.0, 
0.15851515803599237, 0.16042998535740616, 0.18573970760317846, 0.18002494724563745, 0.3152902017577857, 0.0, 0.0, 0.0, 0.0, 
0.15799762467944797, 0.1495023389784814, 0.1806513740509051, 0.17106169545420988, 0.34078696683695564, 0.0, 0.0, 0.0, 0.0, 
0.1782457312807812, 0.16659303446017787, 0.19411465714406612, 0.20058318662047256, 0.26046339049450223, 0.0, 0.0, 0.0, 0.0, 
0.15719528666392726, 0.12856706858103983, 0.17275923677870347, 0.17845242320440277, 0.36302598477192655, 0.0, 0.0, 0.0, 0.0, 
0.17660422193308675, 0.14917364571683026, 0.19732977271502067, 0.16788143354808155, 0.3090109260869808, 0.0, 0.0, 0.0, 0.0, 
0.1835075661983576, 0.17124970608645942, 0.18538594653165888, 0.11152252730723307, 0.348334253876291, 0.0, 0.0, 0.0, 0.0, 
0.20354421642767165, 0.13705476266112218, 0.14468024485657388, 0.19040439938423384, 0.32431637667039837, 0.0, 0.0, 0.0, 0.0, 
0.19211260571994423, 0.13967689429842783, 0.15808442541117584, 0.17531283828942876, 0.3348132362810234, 0.0, 0.0, 0.0, 0.0, 
0.15056712209064124, 0.14990051364292226, 0.1761246174566002, 0.18398150521181814, 0.33942624159801804, 0.0, 0.0, 0.0, 0.0, 
0.18090346220412554, 0.15870145930553636, 0.20477131293936549, 0.1567395175703814, 0.2988842479805912, 0.0, 0.0, 0.0, 0.0, 
0.18847941813626096, 0.17817600388547863, 0.19681609983211606, 0.16698320070393782, 0.26954527744220663, 0.0, 0.0, 0.0, 0.0, 
0.19064118444604786, 0.18387061952871037, 0.22147843650648427, 0.16777376071159525, 0.23623599880716237, 0.0, 0.0, 0.0, 0.0, 
0.12066155135745935, 0.23703022385404982, 0.1818940086544697, 0.1308379639707286, 0.32957625216329267, 0.0, 0.0, 0.0, 0.0, 
0.1340391327031523, 0.1694363719340923, 0.1823754213902118, 0.17069671449486243, 0.3434523594776812, 0.0, 0.0, 0.0, 0.0, 
0.1867589753519296, 0.16724691211556428, 0.1545866154203291, 0.16727925910916233, 0.32412823800301466, 0.0, 0.0, 0.0, 0.0, 
0.1771632473770917, 0.1541677168319931, 0.15905927889566007, 0.20865422081534854, 0.3009555360799066, 0.0, 0.0, 0.0, 0.0, 
0.0, 0.0, 0.0, 0.0, 0.0, 0.0, 0.0, 0.0, 0.0, 
0.189749649695212, 0.15369659257854107, 0.18303695469736012, 0.19429214010437487, 0.27922466292451187, 0.0, 0.0, 0.0, 0.0, 
0.18208972067246476, 0.13766103247341008, 0.18977737977943246, 0.1644975321472994, 0.32597433492739325, 0.0, 0.0, 0.0, 0.0, 
0.17605188105815364, 0.17830593416471746, 0.18665857220537924, 0.17085985375166488, 0.28812375882008473, 0.0, 0.0, 0.0, 0.0, 
0.17752903783823304, 0.1635720853354046, 0.18591562365288686, 0.15415813899124148, 0.31882511418223397, 0.0, 0.0, 0.0, 0.0, 
0.16131241847021088, 0.16145048138319198, 0.17445348327892818, 0.15550976580817746, 0.3472738510594916, 0.0, 0.0, 0.0, 0.0, 
0.19947051200683102, 0.1620923650293589, 0.16417274434877294, 0.20541775947424257, 0.26884661914079455, 0.0, 0.0, 0.0, 0.0, 
0.14508152913487848, 0.17695875978563583, 0.17455805865000865, 0.15631374744577425, 0.3470879049837029, 0.0, 0.0, 0.0, 0.0, 
0.18327933455962456, 0.21392280750034876, 0.15883401463121602, 0.16549602219851925, 0.2784678211102915, 0.0, 0.0, 0.0, 0.0, 
0.16841156523827458, 0.18790865624206693, 0.1792915116372385, 0.1576849538841873, 0.30670331299823267, 0.0, 0.0, 0.0, 0.0, 
0.18948028223397817, 0.16353046257591447, 0.20831656562591513, 0.14360123029354027, 0.29507145927065204, 0.0, 0.0, 0.0, 0.0, 
0.1877818083725614, 0.13047219657838954, 0.17226808151493897, 0.16595250676709658, 0.3435254067670135, 0.0, 0.0, 0.0, 0.0, 
0.20019980967209333, 0.12944088209190494, 0.16877747972740192, 0.18851474139156518, 0.3130670871170346, 0.0, 0.0, 0.0, 0.0, 
0.0, 0.0, 0.0, 0.0, 0.0, 0.0, 0.0, 0.0, 0.0, 
0.20483431703727167, 0.16681543636219467, 0.1979017887906892, 0.16899278879576612, 0.26145566901407835, 0.0, 0.0, 0.0, 0.0, 
0.1963900285641194, 0.16039426697808007, 0.16584418115343957, 0.16441315676889728, 0.31295836653546366, 0.0, 0.0, 0.0, 0.0, 
0.20602102696285446, 0.1585034613665359, 0.16639851971335115, 0.15909517968878428, 0.30998181226847416, 0.0, 0.0, 0.0, 0.0, 
0.1949581011114931, 0.17771173009385222, 0.1678522163960648, 0.12181985905030711, 0.3376580933482827, 0.0, 0.0, 0.0, 0.0, 
0.2006438172384648, 0.11917890238605489, 0.20419718464319161, 0.13945485948664404, 0.3365252362456447, 0.0, 0.0, 0.0, 0.0, 
0.21189222991243933, 0.15876798541534715, 0.16815661739768392, 0.1726418667804806, 0.288541300494049, 0.0, 0.0, 0.0, 0.0, 
0.2049710921431238, 0.16218581733871928, 0.16099106558641152, 0.17159444822472306, 0.30025757670702224, 0.0, 0.0, 0.0, 0.0, 
0.18824270618458588, 0.13592511864330845, 0.1732940694013252, 0.21431000090202867, 0.28822810486875183, 0.0, 0.0, 0.0, 0.0, 
0.19217009529787005, 0.12561039372708566, 0.18064673085246039, 0.20221323755783646, 0.29935954256474734, 0.0, 0.0, 0.0, 0.0, 
0.2019859710417048, 0.1691441525078149, 0.16060821018934146, 0.17247396874873355, 0.29578769751240536, 0.0, 0.0, 0.0, 0.0, 
0.1517857238088823, 0.14532284622325264, 0.2137429886402531, 0.1695206702278514, 0.31962777109976054, 0.0, 0.0, 0.0, 0.0, 
0.1348199524144343, 0.1993433187065108, 0.20201517176553319, 0.12818279921035175, 0.33563875790317, 0.0, 0.0, 0.0, 0.0, 
0.2136778849690877, 0.20429326111650034, 0.1752710690227408, 0.1777811321323937, 0.22897665275927745, 0.0, 0.0, 0.0, 0.0, 
0.21476649247509727, 0.1821549357613794, 0.1777955610935822, 0.1211087950507533, 0.3041742156191879, 0.0, 0.0, 0.0, 0.0, 
0.1773581758570312, 0.1886343681332266, 0.19362794173618728, 0.14466133497774195, 0.295718179295813, 0.0, 0.0, 0.0, 0.0, 
0.17192819334307502, 0.17082570985034026, 0.16338329582345337, 0.15840654605410867, 0.33545625492902253, 0.0, 0.0, 0.0, 0.0, 
0.1799192827510693, 0.18009523677932407, 0.1656415236012508, 0.16638790837170897, 0.3079560484966469, 0.0, 0.0, 0.0, 0.0, 
0.18003969123837574, 0.1617992652731581, 0.16955160578527342, 0.1674634354931543, 0.32114600221003853, 0.0, 0.0, 0.0, 0.0, 
0.1650940628811239, 0.14976240978134428, 0.17269787352138827, 0.19506582286894125, 0.3173798309472022, 0.0, 0.0, 0.0, 0.0, 
0.15679865101814333, 0.16330460787705778, 0.16659095149476502, 0.19633422800247777, 0.3169715616075561, 0.0, 0.0, 0.0, 0.0, 
0.15162177243003416, 0.20691638307410432, 0.15196312540811063, 0.2293732055484911, 0.2601255135392596, 0.0, 0.0, 0.0, 0.0, 
0.15932293885831927, 0.18455213256532013, 0.17643845572646288, 0.2006420908665196, 0.2790443819833782, 0.0, 0.0, 0.0, 0.0, 
0.17247638436879312, 0.18661784674244358, 0.15456729400362523, 0.17148629045111577, 0.31485218443402213, 0.0, 0.0, 0.0, 0.0, 
0.183008332165708, 0.17381157942964698, 0.17825778759759422, 0.17147804061926925, 0.29344426018778164, 0.0, 0.0, 0.0, 0.0, 
0.0, 0.0, 0.0, 0.0, 0.0, 0.0, 0.0, 0.0, 0.0, 
0.17842474972041483, 0.20387940170704202, 0.1309832056865016, 0.16690631446595475, 0.31980632842008677, 0.0, 0.0, 0.0, 0.0, 
0.19102488178302474, 0.17261747524803453, 0.13044018043725383, 0.16894773751552286, 0.336969725016164, 0.0, 0.0, 0.0, 0.0, 
0.19480014099458362, 0.19432625782604962, 0.16187173162044455, 0.19248843226000717, 0.25651343729891507, 0.0, 0.0, 0.0, 0.0, 
0.17403395523477982, 0.18537317716840299, 0.19331933403390844, 0.15485376057535047, 0.2924197729875581, 0.0, 0.0, 0.0, 0.0, 
0.1742818279469886, 0.18563647599761293, 0.16690748908038033, 0.17539282933086997, 0.29778137764414814, 0.0, 0.0, 0.0, 0.0, 
0.1891614772769059, 0.1847319592622501, 0.16921964800965336, 0.18178738302140385, 0.27509953242978674, 0.0, 0.0, 0.0, 0.0, 
0.18776192829629926, 0.14201023801886278, 0.17654319677629748, 0.18235892222720013, 0.31132571468134035, 0.0, 0.0, 0.0, 0.0, 
0.17737047706396594, 0.15230091358559886, 0.18275424732252338, 0.18580952861863811, 0.3017648334092736, 0.0, 0.0, 0.0, 0.0, 
0.2072760479580337, 0.22646956694800516, 0.15792309073047203, 0.12444526496955054, 0.2838860293939386, 0.0, 0.0, 0.0, 0.0, 
0.15450732718167587, 0.19862352471334985, 0.17903536623187166, 0.17915306804265282, 0.28868071383044974, 0.0, 0.0, 0.0, 0.0, 
0.20927002322644, 0.1738142736725179, 0.1665131882698891, 0.13315643320738174, 0.31724608162377127, 0.0, 0.0, 0.0, 0.0, 
0.16607326347055681, 0.17480986596505357, 0.16950545032069267, 0.14699327135167337, 0.34261814889202363, 0.0, 0.0, 0.0, 0.0, 
0.23288947136674878, 0.17275020265508573, 0.19705491977099318, 0.18636662575594123, 0.21093878045123116, 0.0, 0.0, 0.0, 0.0, 
0.19112206658428335, 0.1232569785748016, 0.1803371429087441, 0.16585978394453565, 0.3394240279876354, 0.0, 0.0, 0.0, 0.0, 
0.1940528880353615, 0.1255641453999791, 0.19542790396552268, 0.18834768951753206, 0.2966073730816047, 0.0, 0.0, 0.0, 0.0, 
0.20094520729039, 0.18297677235869447, 0.190747673382373, 0.16604764575289424, 0.25928270121564845, 0.0, 0.0, 0.0, 0.0, 
0.19151945217274732, 0.20169522229365014, 0.17478652907558342, 0.1890663253879259, 0.24293247107009316, 0.0, 0.0, 0.0, 0.0, 
0.19121076411087995, 0.14073467972832426, 0.16953129847085724, 0.1649133599899066, 0.3336098977000319, 0.0, 0.0, 0.0, 0.0, 
0.1523662294117039, 0.15857399067004832, 0.19749546932443204, 0.145060687951008, 0.34650362264280776, 0.0, 0.0, 0.0, 0.0, 
0.1839992837148805, 0.176314212830135, 0.16080573635847056, 0.16175068323187541, 0.31713008386463853, 0.0, 0.0, 0.0, 0.0, 
0.19296225037486525, 0.17212066549861135, 0.1548499095474164, 0.1555508705590448, 0.32451630402006215, 0.0, 0.0, 0.0, 0.0, 
0.17752002241173545, 0.16856040028202995, 0.1598110754102662, 0.18062868105297084, 0.3134798208429976, 0.0, 0.0, 0.0, 0.0, 
0.18123459987809298, 0.15983155034342908, 0.15191482917203283, 0.18904851907014966, 0.31797050153629536, 0.0, 0.0, 0.0, 0.0, 
0.1900821252487557, 0.15354559725173292, 0.1723431192535865, 0.19185570396531806, 0.2921734542806067, 0.0, 0.0, 0.0, 0.0, 
0.19834083947784814, 0.15671788866916744, 0.19206382107544448, 0.1671460055057799, 0.28573144527176, 0.0, 0.0, 0.0, 0.0, 
0.21880299802053138, 0.1719530538552428, 0.16463645542137983, 0.1323976097401211, 0.31220988296272484, 0.0, 0.0, 0.0, 0.0, 
0.21577783619295487, 0.17001598820921277, 0.18849725635325398, 0.18491460097147586, 0.24079431827310252, 0.0, 0.0, 0.0, 0.0, 
0.18661437754597002, 0.15981813433530961, 0.17852132942221216, 0.1693892717151162, 0.305656886981392, 0.0, 0.0, 0.0, 0.0, 
0.19827635654873796, 0.1910132535695299, 0.2051617944018466, 0.1407518497080789, 0.2647967457718067, 0.0, 0.0, 0.0, 0.0, 
0.19461384554762576, 0.20035856777558975, 0.1588278317540443, 0.12888426894369948, 0.3173154859790409, 0.0, 0.0, 0.0, 0.0, 
0.19474037215209675, 0.1865029848570955, 0.18012981242968937, 0.13866172336359878, 0.2999651071975196, 0.0, 0.0, 0.0, 0.0, 
0.20355048394764588, 0.19398748001203392, 0.15623104588606626, 0.17621571030801203, 0.2700152798462418, 0.0, 0.0, 0.0, 0.0, 
0.19524012686252423, 0.19190801182883116, 0.18967624808639122, 0.1598744632859465, 0.2633011499363069, 0.0, 0.0, 0.0, 0.0, 
0.18392696431061678, 0.1954325614060907, 0.1868835506320913, 0.13747841648758533, 0.2962785071636159, 0.0, 0.0, 0.0, 0.0, 
0.22332696036585092, 0.16558709976511798, 0.16685662323101977, 0.11786957082542764, 0.32635974581258376, 0.0, 0.0, 0.0, 0.0, 
0.18863114532206987, 0.19437571679461565, 0.17793556886143738, 0.15342185947478576, 0.2856357095470914, 0.0, 0.0, 0.0, 0.0, 
0.16744627644503698, 0.17693695823242658, 0.16802577199422236, 0.15007874485994993, 0.3375122484683642, 0.0, 0.0, 0.0, 0.0, 
0.1565725377754096, 0.17876685236225887, 0.163098983745209, 0.17488858090915826, 0.32667304520796425, 0.0, 0.0, 0.0, 0.0, 
0.19075529745007283, 0.1947336473895684, 0.18716282250306016, 0.1798518684429761, 0.24749636421432253, 0.0, 0.0, 0.0, 0.0, 
0.18275438757163653, 0.1647392849171305, 0.1787349513409297, 0.1644899823954277, 0.30928139377487557, 0.0, 0.0, 0.0, 0.0, 
0.20616683527482801, 0.18219885414600628, 0.21675282771596066, 0.17567554307679603, 0.21920593978640898, 0.0, 0.0, 0.0, 0.0, 
0.2166269002722426, 0.1422721943735915, 0.18497942095403136, 0.13416338369280084, 0.32195810070733366, 0.0, 0.0, 0.0, 0.0, 
0.21498220445218721, 0.13235988668307877, 0.21430079889261938, 0.18101108888950457, 0.2573460210826101, 0.0, 0.0, 0.0, 0.0, 
0.17549577638411126, 0.14229361366044935, 0.16386081620999804, 0.16175484207272203, 0.3565949516727193, 0.0, 0.0, 0.0, 0.0, 
0.19327019916469407, 0.16103929036923859, 0.19518381301278584, 0.16098861838788586, 0.2895180790653957, 0.0, 0.0, 0.0, 0.0, 
0.0, 0.0, 0.0, 0.0, 0.0, 0.0, 0.0, 0.0, 0.0, 
0.18286615320000651, 0.17207145068217958, 0.18068518632999553, 0.1464546266629895, 0.31792258312482885, 0.0, 0.0, 0.0, 0.0, 
0.1770070199455459, 0.17025692825279318, 0.17698500323753993, 0.15105214457699956, 0.32469890398712137, 0.0, 0.0, 0.0, 0.0, 
0.20120260172705384, 0.13329961693200668, 0.19489100548339905, 0.1559158772502232, 0.3146908986073172, 0.0, 0.0, 0.0, 0.0, 
0.19594562581911162, 0.14518251462282045, 0.21098678659491668, 0.20308732273330252, 0.24479775022984882, 0.0, 0.0, 0.0, 0.0, 
0.19921199698138164, 0.1381143841721245, 0.1689064822112914, 0.1776712727830259, 0.3160958638521765, 0.0, 0.0, 0.0, 0.0, 
0.1872454163753308, 0.1592447376305982, 0.14523372879017646, 0.15896982032088736, 0.34930629688300724, 0.0, 0.0, 0.0, 0.0, 
0.169809976936061, 0.16436126099745443, 0.12306333614051276, 0.20551018144591712, 0.33725524448005473, 0.0, 0.0, 0.0, 0.0, 
0.13401556205972823, 0.15931710479293612, 0.1281658631533329, 0.2356963435617537, 0.3428051264322489, 0.0, 0.0, 0.0, 0.0, 
0.0, 0.0, 0.0, 0.0, 0.0, 0.0, 0.0, 0.0, 0.0, 
0.14424084191174177, 0.17066560422604296, 0.16355043244280135, 0.2248341126563331, 0.2967090087630808, 0.0, 0.0, 0.0, 0.0, 
0.14274122298664074, 0.16496607441988376, 0.20407069215218684, 0.19320884381128028, 0.29501316663000837, 0.0, 0.0, 0.0, 0.0, 
0.1510081026225291, 0.22568250628239833, 0.1643715481528896, 0.18011583681209783, 0.2788220061300851, 0.0, 0.0, 0.0, 0.0, 
0.14769668848349843, 0.1884409366444317, 0.20060722367812311, 0.20822867107257562, 0.255026480121371, 0.0, 0.0, 0.0, 0.0, 
0.16539259381239846, 0.15843794280692072, 0.16408657078472233, 0.219027019300312, 0.2930558732956465, 0.0, 0.0, 0.0, 0.0, 
0.17996841464446742, 0.16469424433676622, 0.17428403116971808, 0.19922744578207957, 0.28182586406696863, 0.0, 0.0, 0.0, 0.0, 
0.20262879227451383, 0.15984374167344934, 0.1702710401546453, 0.17531923122607335, 0.29193719467131823, 0.0, 0.0, 0.0, 0.0, 
0.19435308947729207, 0.16004322946856844, 0.19037795799599286, 0.14782053457187727, 0.30740518848626935, 0.0, 0.0, 0.0, 0.0, 
0.0, 0.0, 0.0, 0.0, 0.0, 0.0, 0.0, 0.0, 0.0, 
0.15839218248806466, 0.1883497504315647, 0.17629604053346215, 0.1528260631440179, 0.3241359634028906, 0.0, 0.0, 0.0, 0.0, 
0.1594235591191784, 0.15244651666578446, 0.2065811673408523, 0.12222725601026532, 0.35932150086391945, 0.0, 0.0, 0.0, 0.0, 
0.13779418746168243, 0.19182441050552856, 0.20347613939306633, 0.1858429575065113, 0.2810623051332114, 0.0, 0.0, 0.0, 0.0, 
0.12888028870611168, 0.16874352052847172, 0.21288004154152437, 0.1663769652000565, 0.3231191840238357, 0.0, 0.0, 0.0, 0.0, 
0.13679323260422666, 0.17872030730628444, 0.24902844385198578, 0.17367837132728603, 0.26177964491021716, 0.0, 0.0, 0.0, 0.0, 
0.14715151493971593, 0.1646083104550423, 0.18281819575536934, 0.192271913628403, 0.31315006522146943, 0.0, 0.0, 0.0, 0.0, 
0.13855748133626142, 0.1811568883626571, 0.1662482028313828, 0.1812245924761515, 0.33281283499354725, 0.0, 0.0, 0.0, 0.0, 
0.12063979433382124, 0.1865057630997478, 0.1999475661933161, 0.19501073265024893, 0.2978961437228658, 0.0, 0.0, 0.0, 0.0, 
0.10309190390551343, 0.18153797891206128, 0.187934065815451, 0.19891896764372954, 0.32851708372324484, 0.0, 0.0, 0.0, 0.0, 
0.13728088610728387, 0.15863319762806274, 0.16916834590980687, 0.2068122463371067, 0.32810532401773984, 0.0, 0.0, 0.0, 0.0, 
0.13460571141251643, 0.18279603086987717, 0.1838642870671326, 0.22469370728010027, 0.2740402633703735, 0.0, 0.0, 0.0, 0.0, 
0.1432794339381787, 0.17916839861064052, 0.18467745043898579, 0.21494238359219206, 0.27793233342000284, 0.0, 0.0, 0.0, 0.0, 
0.20111189483486777, 0.16638302670198832, 0.20794606560621157, 0.16469277953668837, 0.2598662333202438, 0.0, 0.0, 0.0, 0.0, 
0.2131912675724302, 0.167629874885136, 0.19430438590743407, 0.1571252521198435, 0.2677492195151562, 0.0, 0.0, 0.0, 0.0, 
0.17170937700421562, 0.22947423169816142, 0.16903656047985174, 0.16644515942377788, 0.2633346713939933, 0.0, 0.0, 0.0, 0.0, 
0.1706433711666578, 0.19569648516676186, 0.17730467700566901, 0.17262819720385625, 0.2837272694570551, 0.0, 0.0, 0.0, 0.0, 
0.1542646380106408, 0.18548071961710383, 0.17087108507644366, 0.18267711890988406, 0.30670643838592776, 0.0, 0.0, 0.0, 0.0, 
0.17674361377555603, 0.1858279133433405, 0.1671755735803339, 0.15557424360155467, 0.3146786556992149, 0.0, 0.0, 0.0, 0.0, 
0.14735308250746465, 0.19525491787896315, 0.1943583463838107, 0.15832229419566832, 0.3047113590340932, 0.0, 0.0, 0.0, 0.0, 
0.0, 0.0, 0.0, 0.0, 0.0, 0.0, 0.0, 0.0, 0.0, 
0.18792716846500204, 0.16245589572011065, 0.1515048189595617, 0.15867058638819515, 0.3394415304671305, 0.0, 0.0, 0.0, 0.0, 
0.210293635071113, 0.19370136030354168, 0.16446065523199238, 0.1706533736462404, 0.2608909757471124, 0.0, 0.0, 0.0, 0.0, 
0.224414994980209, 0.19250913439786396, 0.14742444316935777, 0.13268345841053175, 0.30296796904203743, 0.0, 0.0, 0.0, 0.0, 
0.20794952921199353, 0.20818694963524992, 0.155558453374295, 0.14139726035166802, 0.2869078074267936, 0.0, 0.0, 0.0, 0.0, 
0.18797991163772168, 0.19772282226823149, 0.14124406230678885, 0.12473906946936887, 0.34831413431788905, 0.0, 0.0, 0.0, 0.0, 
0.20375918471003604, 0.2010818242353234, 0.15902403617484528, 0.1461691564019824, 0.2899657984778129, 0.0, 0.0, 0.0, 0.0, 
0.2316121270142023, 0.19201853079642586, 0.1675416987884845, 0.13007749237531951, 0.2787501510255677, 0.0, 0.0, 0.0, 0.0, 
0.15096948731633875, 0.20635835796132534, 0.2220929066764838, 0.12914278448877362, 0.2914364635570784, 0.0, 0.0, 0.0, 0.0, 
0.0, 0.0, 0.0, 0.0, 0.0, 0.0, 0.0, 0.0, 0.0, 
0.18696467868877956, 0.1714607188133062, 0.17717723501568436, 0.1499905857816797, 0.3144067817005503, 0.0, 0.0, 0.0, 0.0, 
0.1776418599322422, 0.1927731545277818, 0.16610121379830556, 0.17734569203920408, 0.28613807970246635, 0.0, 0.0, 0.0, 0.0, 
0.1744910678094724, 0.1673052359482925, 0.1625483780759813, 0.16421558474516737, 0.33143973342108646, 0.0, 0.0, 0.0, 0.0, 
0.17762001180778825, 0.1540007749659979, 0.20603531787482285, 0.17072724348316717, 0.29161665186822383, 0.0, 0.0, 0.0, 0.0, 
0.1888119114823781, 0.16119344338319724, 0.17657397286156123, 0.1598804849944868, 0.3135401872783766, 0.0, 0.0, 0.0, 0.0, 
0.16803513010039986, 0.15439296456027962, 0.18364645918300562, 0.1725661053020502, 0.32135934085426465, 0.0, 0.0, 0.0, 0.0, 
0.18744272905757114, 0.17098509452196167, 0.17907835581319761, 0.159509302693007, 0.3029845179142626, 0.0, 0.0, 0.0, 0.0, 
0.1796737403549358, 0.18892612436498152, 0.15118138538453618, 0.18013648666870985, 0.30008226322683673, 0.0, 0.0, 0.0, 0.0, 
0.1685348167454392, 0.17369979885426673, 0.15244817071331995, 0.19539017608060066, 0.3099270376063735, 0.0, 0.0, 0.0, 0.0, 
0.16521481308995897, 0.2070835091662631, 0.1413722272596408, 0.1728461826545224, 0.31348326782961466, 0.0, 0.0, 0.0, 0.0, 
0.1705039920515244, 0.18613765383065178, 0.14033623653966212, 0.17878243169289135, 0.32423968588527036, 0.0, 0.0, 0.0, 0.0, 
0.2047204680215864, 0.1781974194027361, 0.16150814454267404, 0.19921125264283096, 0.2563627153901725, 0.0, 0.0, 0.0, 0.0, 
0.1739457690873882, 0.18054393014388218, 0.22324473179260532, 0.19622606641783474, 0.22603950255828953, 0.0, 0.0, 0.0, 0.0, 
0.17439282953569887, 0.16846173759777677, 0.18073434786747672, 0.17049247949931554, 0.305918605499732, 0.0, 0.0, 0.0, 0.0, 
0.15623937002835997, 0.15746446829330968, 0.17699423916350612, 0.174004859232901, 0.33529706328192316, 0.0, 0.0, 0.0, 0.0, 
0.1722914438896513, 0.2009953618217193, 0.17261511948285083, 0.16247782795535728, 0.2916202468504212, 0.0, 0.0, 0.0, 0.0, 
0.14365158666048336, 0.20428506596953444, 0.15484614267903393, 0.17017544596056206, 0.3270417587303862, 0.0, 0.0, 0.0, 0.0, 
0.1710048000044274, 0.1918329108498886, 0.16975101307818816, 0.1723134009592484, 0.2950978751082474, 0.0, 0.0, 0.0, 0.0, 
0.15204278714190153, 0.19013101925799816, 0.17788414910579442, 0.18597810017542585, 0.29396394431888007, 0.0, 0.0, 0.0, 0.0, 
0.14168516498567674, 0.21329664769919748, 0.2132537572419887, 0.2153461736431474, 0.2164182564299897, 0.0, 0.0, 0.0, 0.0, 
0.1713726597713096, 0.15864677917701703, 0.18592134753590844, 0.20155023115858822, 0.28250898235717675, 0.0, 0.0, 0.0, 0.0, 
0.1530156741879545, 0.20147624202566025, 0.12528785749275193, 0.18109639067041908, 0.3391238356232143, 0.0, 0.0, 0.0, 0.0, 
0.17333639347547347, 0.19871581347807257, 0.18496989724418222, 0.18200112835964902, 0.26097676744262277, 0.0, 0.0, 0.0, 0.0, 
0.19360456638179807, 0.19151178671399904, 0.16913474348192378, 0.154404195842595, 0.29134470757968417, 0.0, 0.0, 0.0, 0.0, 
0.2358095375692918, 0.19263796980712503, 0.1262413007417577, 0.18220922799772532, 0.2631019638841002, 0.0, 0.0, 0.0, 0.0, 
0.0, 0.0, 0.0, 0.0, 0.0, 0.0, 0.0, 0.0, 0.0, 
0.223149186697833, 0.19575580035098766, 0.15194655035684732, 0.12644056138068435, 0.30270790121364777, 0.0, 0.0, 0.0, 0.0, 
0.19865783679390925, 0.18533356026342268, 0.2029947554563908, 0.1391071104440798, 0.2739067370421974, 0.0, 0.0, 0.0, 0.0, 
0.17290987340930403, 0.17854857689277392, 0.17488773647632078, 0.15539697574838263, 0.31825683747321876, 0.0, 0.0, 0.0, 0.0, 
0.20638327221645061, 0.20094822851693547, 0.153723049346956, 0.17132506842519402, 0.2676203814944638, 0.0, 0.0, 0.0, 0.0, 
0.1785216834457441, 0.18364291540326777, 0.14580207436527942, 0.15995180935277775, 0.33208151743293096, 0.0, 0.0, 0.0, 0.0, 
0.1478683270505377, 0.1506546499372666, 0.16072711425422115, 0.21154879109111516, 0.32920111766685933, 0.0, 0.0, 0.0, 0.0, 
0.18265950040532233, 0.17086375467593812, 0.1411746375103714, 0.20210980089981975, 0.3031923065085484, 0.0, 0.0, 0.0, 0.0, 
0.20143505702026307, 0.1830520272066723, 0.16838643569604242, 0.1902639253943219, 0.2568625546827004, 0.0, 0.0, 0.0, 0.0, 
0.18930699706075313, 0.18275090037543376, 0.16223507904508025, 0.14873596367976893, 0.316971059838964, 0.0, 0.0, 0.0, 0.0, 
0.19441886275389214, 0.17940791187923427, 0.18155426892530319, 0.20385409441994817, 0.24076486202162228, 0.0, 0.0, 0.0, 0.0, 
0.21060198317431755, 0.19306364476385787, 0.16990666901593077, 0.18926497761725097, 0.2371627254286429, 0.0, 0.0, 0.0, 0.0, 
0.18115291507013626, 0.18173441424160952, 0.15286139642883073, 0.19870867064373943, 0.2855426036156842, 0.0, 0.0, 0.0, 0.0, 
0.2102065790196881, 0.13437424481329935, 0.14734793516212316, 0.17879079029629502, 0.3292804507085943, 0.0, 0.0, 0.0, 0.0, 
0.24682060627384758, 0.09275913484046568, 0.13099321949161102, 0.20388705148269537, 0.3255399879113803, 0.0, 0.0, 0.0, 0.0, 
0.23438658633219184, 0.1512129993215188, 0.1653861363348008, 0.2057831750900099, 0.24323110292147868, 0.0, 0.0, 0.0, 0.0, 
0.18652092988768376, 0.12462727458485341, 0.17200417511154853, 0.22638438360792387, 0.2904632368079904, 0.0, 0.0, 0.0, 0.0, 
0.17558645568349454, 0.18316201446687388, 0.1771024165621768, 0.22250868711008273, 0.2416404261773721, 0.0, 0.0, 0.0, 0.0, 
0.18037164032828962, 0.15625730273045135, 0.16970219350666457, 0.20721993950732662, 0.2864489239272678, 0.0, 0.0, 0.0, 0.0, 
0.2040847473796093, 0.17456383958104504, 0.16687709940971582, 0.20323206321134962, 0.25124225041828013, 0.0, 0.0, 0.0, 0.0, 
0.15115536132679738, 0.19949383192339193, 0.14169101295888858, 0.20577623879981996, 0.30188355499110214, 0.0, 0.0, 0.0, 0.0, 
0.17621440024866764, 0.1840178343151015, 0.19060146889938767, 0.19011417361493507, 0.25905212292190816, 0.0, 0.0, 0.0, 0.0, 
0.13067541747804143, 0.17021934172406428, 0.20191649606189682, 0.15656920091544205, 0.3406195438205555, 0.0, 0.0, 0.0, 0.0, 
0.14495960009399123, 0.17859375779607917, 0.17123634417627923, 0.1865526189271292, 0.3186576790065212, 0.0, 0.0, 0.0, 0.0, 
0.16679522709185968, 0.19836266397525218, 0.15007283237794145, 0.16531877381635646, 0.3194505027385903, 0.0, 0.0, 0.0, 0.0, 
0.15524261919518964, 0.18666592485554295, 0.1686236380047115, 0.10567922403305569, 0.3837885939115003, 0.0, 0.0, 0.0, 0.0, 
0.14089721499451233, 0.20744691425710962, 0.21205815611958773, 0.13965059689905496, 0.29994711772973526, 0.0, 0.0, 0.0, 0.0, 
0.17101366760646164, 0.22324093787557278, 0.22286414837122923, 0.1696701802309237, 0.21321106591581254, 0.0, 0.0, 0.0, 0.0, 
0.14888449118238992, 0.20540801577676343, 0.1974314285167359, 0.13788850238886066, 0.31038756213525015, 0.0, 0.0, 0.0, 0.0, 
0.14889122006755398, 0.20184002234577444, 0.1973588265387872, 0.17463008532971652, 0.2772798457181678, 0.0, 0.0, 0.0, 0.0, 
0.18654373348733244, 0.1356577489317978, 0.1872490042345012, 0.17547888730725458, 0.31507062603911395, 0.0, 0.0, 0.0, 0.0, 
0.17535063033548245, 0.13890567339145582, 0.19406504015938628, 0.18972998468237157, 0.3019486714313038, 0.0, 0.0, 0.0, 0.0, 
0.188704196510254, 0.13260638187923077, 0.19120741018813528, 0.16375079273464216, 0.32373121868773785, 0.0, 0.0, 0.0, 0.0, 
0.18356372479438407, 0.13039023752171616, 0.20388302287923613, 0.19170595643703203, 0.2904570583676315, 0.0, 0.0, 0.0, 0.0, 
0.18277073053968323, 0.16780076732492008, 0.22408863606302273, 0.18944127601626923, 0.23589859005610472, 0.0, 0.0, 0.0, 0.0, 
0.21507910856458473, 0.17695502946475272, 0.20716247103548516, 0.18830098193269593, 0.21250240900248143, 0.0, 0.0, 0.0, 0.0, 
0.20139167141941156, 0.1647841959340064, 0.18361999124889947, 0.19906979270903755, 0.251134348688645, 0.0, 0.0, 0.0, 0.0, 
0.17902404596390709, 0.19146409141799467, 0.1889309119331598, 0.16720322061662354, 0.2733777300683149, 0.0, 0.0, 0.0, 0.0, 
0.17003354758254813, 0.18319960185069956, 0.1906936805099743, 0.15386535816549288, 0.3022078118912852, 0.0, 0.0, 0.0, 0.0, 
0.16305100742672404, 0.16859800089359786, 0.19718110503647018, 0.1640632399550093, 0.3071066466881986, 0.0, 0.0, 0.0, 0.0, 
0.15755251360357392, 0.15968970950368952, 0.135585732306126, 0.1447689807419857, 0.4024030638446249, 0.0, 0.0, 0.0, 0.0, 
0.16258457315906907, 0.18688990372175754, 0.17492289352538215, 0.20306029354616736, 0.27254233604762385, 0.0, 0.0, 0.0, 0.0, 
0.178808238637308, 0.15613799160470346, 0.17627922966761406, 0.1865960057969189, 0.3021785342934556, 0.0, 0.0, 0.0, 0.0, 
0.170599660067073, 0.16867832145360415, 0.19585202371862104, 0.19274543778583764, 0.27212455697486415, 0.0, 0.0, 0.0, 0.0, 
0.18646663330665733, 0.11681581181674022, 0.21590883835016172, 0.16294005994757854, 0.31786865657886215, 0.0, 0.0, 0.0, 0.0, 
0.1690964978585492, 0.1552945919827514, 0.1750461414427727, 0.19359125373298933, 0.3069715149829375, 0.0, 0.0, 0.0, 0.0, 
0.15437105674742904, 0.17156735554790564, 0.17172050177681067, 0.190051603739217, 0.31228948218863756, 0.0, 0.0, 0.0, 0.0, 
0.09231910781136232, 0.15983379832393263, 0.19045314726221493, 0.1847638900529971, 0.37263005654949305, 0.0, 0.0, 0.0, 0.0, 
0.15929645136336695, 0.20428655709140967, 0.1779384375804068, 0.21311616663406382, 0.24536238733075272, 0.0, 0.0, 0.0, 0.0, 
0.14303523582288177, 0.1926084996810664, 0.15143453042644386, 0.1921251540328135, 0.3207965800367944, 0.0, 0.0, 0.0, 0.0, 
0.1475613505887097, 0.20378557943689277, 0.16191333305537048, 0.17144461912206238, 0.3152951177969646, 0.0, 0.0, 0.0, 0.0, 
0.1711117158567678, 0.18557894953082818, 0.15849811494005303, 0.19090643605712626, 0.2939047836152247, 0.0, 0.0, 0.0, 0.0, 
0.12538854645204844, 0.193385559991907, 0.1864689471983472, 0.1808415281259757, 0.3139154182317217, 0.0, 0.0, 0.0, 0.0, 
0.13987045363114908, 0.1592430856839996, 0.19975998270305795, 0.20484615252423888, 0.2962803254575544, 0.0, 0.0, 0.0, 0.0, 
0.16956109632927627, 0.16412465746633725, 0.19465537532558638, 0.17162824176291286, 0.3000306291158874, 0.0, 0.0, 0.0, 0.0, 
0.18724037577520725, 0.18185328947319518, 0.19245992213293925, 0.17782659603696532, 0.26061981658169303, 0.0, 0.0, 0.0, 0.0, 
0.1673662106437839, 0.185564513138314, 0.10610295876385671, 0.178216173450597, 0.3627501440034483, 0.0, 0.0, 0.0, 0.0, 
0.19177855507382302, 0.16941215184469102, 0.15030278998019453, 0.1901094098275636, 0.2983970932737278, 0.0, 0.0, 0.0, 0.0, 
0.0, 0.0, 0.0, 0.0, 0.0, 0.0, 0.0, 0.0, 0.0, 
0.0, 0.0, 0.0, 0.0, 0.0, 0.0, 0.0, 0.0, 0.0, 
0.189802594908147, 0.15161744746328526, 0.1524314983799268, 0.17545322477971292, 0.33069523446892796, 0.0, 0.0, 0.0, 0.0, 
0.2258196572392122, 0.14025845341833737, 0.185598822250768, 0.17793971610435247, 0.27038335098733013, 0.0, 0.0, 0.0, 0.0, 
0.1836645611847298, 0.1349190899956359, 0.18726265914449677, 0.16184379540682237, 0.3323098942683152, 0.0, 0.0, 0.0, 0.0, 
0.19924797585407314, 0.12495278822359014, 0.15943188479886866, 0.19330716976617776, 0.3230601813572902, 0.0, 0.0, 0.0, 0.0, 
0.16118721492976212, 0.13554073125972252, 0.18912456788492932, 0.14922616958372786, 0.36492131634185804, 0.0, 0.0, 0.0, 0.0, 
0.15304839656186756, 0.1359024727962263, 0.20012810459165453, 0.16240099127389826, 0.3485200347763533, 0.0, 0.0, 0.0, 0.0, 
0.13717352930094123, 0.165380596695484, 0.22236276119058337, 0.17941569162478413, 0.29566742118820727, 0.0, 0.0, 0.0, 0.0, 
0.14662419887954803, 0.13555312413868334, 0.22282571407790655, 0.18691586604080365, 0.30808109686305846, 0.0, 0.0, 0.0, 0.0, 
0.14174178485826033, 0.1492823673593071, 0.2109306795217809, 0.18854898735774916, 0.30949618090290243, 0.0, 0.0, 0.0, 0.0, 
0.12293876620752565, 0.16059350052488183, 0.1672242038975716, 0.2300975289869173, 0.31914600038310365, 0.0, 0.0, 0.0, 0.0, 
0.1886267246390187, 0.1479443085234012, 0.1878641176603125, 0.18194629752875138, 0.29361855164851625, 0.0, 0.0, 0.0, 0.0, 
0.0, 0.0, 0.0, 0.0, 0.0, 0.0, 0.0, 0.0, 0.0, 
0.18676319221469392, 0.13944568585760195, 0.18485564713140032, 0.1760236198170344, 0.3129118549792693, 0.0, 0.0, 0.0, 0.0, 
0.17413096143845017, 0.13166839700725225, 0.17523537140625975, 0.1967644300249694, 0.3222008401230685, 0.0, 0.0, 0.0, 0.0, 
0.16160124970869402, 0.15455918910909913, 0.23915522420025812, 0.16277444267786034, 0.2819098943040884, 0.0, 0.0, 0.0, 0.0, 
0.2213798486469641, 0.14625431090388222, 0.22354236251304027, 0.20773224986924232, 0.2010912280668711, 0.0, 0.0, 0.0, 0.0, 
0.18868589905104305, 0.12229233883943434, 0.20062927962530172, 0.18587422768676623, 0.30251825479745453, 0.0, 0.0, 0.0, 0.0, 
0.19784211606188679, 0.12253545623391227, 0.20860934538511922, 0.18297165998886572, 0.28804142233021623, 0.0, 0.0, 0.0, 0.0, 
0.1890698705294365, 0.16134480747353147, 0.16592422780646954, 0.19824824087930737, 0.2854128533112552, 0.0, 0.0, 0.0, 0.0, 
0.19378243150494176, 0.1643674116985254, 0.15770374704644363, 0.2187258942159089, 0.26542051553418033, 0.0, 0.0, 0.0, 0.0, 
0.16341039483605055, 0.13563731037697027, 0.17658972262773992, 0.17897640801604817, 0.34538616414319107, 0.0, 0.0, 0.0, 0.0, 
0.16479710972773204, 0.15008248947704325, 0.1693321453737898, 0.16198532627236073, 0.3538029291490742, 0.0, 0.0, 0.0, 0.0, 
0.20073662393092742, 0.1338009238802452, 0.18978747357339157, 0.19216023212464345, 0.28351474649079234, 0.0, 0.0, 0.0, 0.0, 
0.16821686133767608, 0.1295645447543906, 0.1824785129449982, 0.20378048335639087, 0.3159595976065442, 0.0, 0.0, 0.0, 0.0, 
0.15991603331602275, 0.17219958875827585, 0.2088500486619352, 0.18220106396457975, 0.27683326529918656, 0.0, 0.0, 0.0, 0.0, 
0.1541435351952658, 0.17194170336862202, 0.1982029512503714, 0.18222053994141674, 0.2934912702443241, 0.0, 0.0, 0.0, 0.0, 
0.19910599265298137, 0.18228647072981705, 0.21694652456391245, 0.15148752413807218, 0.2501734879152171, 0.0, 0.0, 0.0, 0.0, 
0.19983878821892984, 0.12367046949402602, 0.15617264007990078, 0.19736295014997343, 0.32295515205717, 0.0, 0.0, 0.0, 0.0, 
0.18420144822306436, 0.1608189306816699, 0.18074262086930085, 0.2145239192080462, 0.2597130810179186, 0.0, 0.0, 0.0, 0.0, 
0.18366446076329088, 0.19836952814309822, 0.1824243815992268, 0.20721197143562922, 0.22832965805875477, 0.0, 0.0, 0.0, 0.0, 
0.19506430018072698, 0.15428330100602264, 0.17093280155806284, 0.16763533185246793, 0.3120842654027197, 0.0, 0.0, 0.0, 0.0, 
0.18605486240809002, 0.13987103369289758, 0.18353952475586782, 0.21533767146903826, 0.2751969076741064, 0.0, 0.0, 0.0, 0.0, 
0.21009153446321255, 0.1645487303876049, 0.18795598970249597, 0.18897110501459807, 0.24843264043208854, 0.0, 0.0, 0.0, 0.0, 
0.18833129966296835, 0.16219085252963822, 0.15001771738761951, 0.1721993040187695, 0.32726082640100435, 0.0, 0.0, 0.0, 0.0, 
0.1438660260255653, 0.1744313735005779, 0.19754689335621592, 0.21990734314787952, 0.2642483639697613, 0.0, 0.0, 0.0, 0.0, 
0.0, 0.0, 0.0, 0.0, 0.0, 0.0, 0.0, 0.0, 0.0, 
0.16852085600398692, 0.2081894354061738, 0.1684901621869276, 0.19815465471104385, 0.2566448916918679, 0.0, 0.0, 0.0, 0.0, 
0.15509212735495626, 0.19218939891471637, 0.16594800507391808, 0.18564660392558066, 0.30112386473082864, 0.0, 0.0, 0.0, 0.0, 
0.15692032571250217, 0.17330060019997312, 0.14758139181831212, 0.16347995387098044, 0.358717728398232, 0.0, 0.0, 0.0, 0.0, 
0.13961548209545172, 0.2081479260402118, 0.19453568731300827, 0.20841249874828469, 0.24928840580304346, 0.0, 0.0, 0.0, 0.0, 
0.15103707785501744, 0.17030124029001714, 0.18577936234004702, 0.19203381097960365, 0.3008485085353147, 0.0, 0.0, 0.0, 0.0, 
0.19284792495450181, 0.15927467071182533, 0.19479028268328719, 0.15488139226312397, 0.2982057293872617, 0.0, 0.0, 0.0, 0.0, 
0.14741839993767444, 0.16177008580965582, 0.2147048778698448, 0.17462087653642366, 0.30148575984640114, 0.0, 0.0, 0.0, 0.0, 
0.13923278519117874, 0.1775132673541763, 0.17190779084118443, 0.18754145189600901, 0.3238047047174515, 0.0, 0.0, 0.0, 0.0, 
0.0, 0.0, 0.0, 0.0, 0.0, 0.0, 0.0, 0.0, 0.0, 
0.14192329451956906, 0.18833252940094297, 0.21282699362372226, 0.16739373648352707, 0.2895234459722387, 0.0, 0.0, 0.0, 0.0, 
0.1528367019456557, 0.1703574236774713, 0.18586146856099092, 0.18714569775793924, 0.3037987080579428, 0.0, 0.0, 0.0, 0.0, 
0.2033584120050324, 0.17040571198210866, 0.1814846243810744, 0.17639773935735148, 0.268353512274433, 0.0, 0.0, 0.0, 0.0, 
0.16543378609855489, 0.15957938724297924, 0.15672699670049572, 0.16767327221618372, 0.35058655774178643, 0.0, 0.0, 0.0, 0.0, 
0.1864067386507448, 0.18888092159262007, 0.17822338185185124, 0.2069658402218103, 0.23952311768297357, 0.0, 0.0, 0.0, 0.0, 
0.1559538853894473, 0.192564298528993, 0.19597462688073974, 0.1849446361017742, 0.2705625530990458, 0.0, 0.0, 0.0, 0.0, 
0.1881771801871809, 0.17701613727034865, 0.1731348832208501, 0.18800333954523743, 0.2736684597763828, 0.0, 0.0, 0.0, 0.0, 
0.16825756008911188, 0.1896550663043585, 0.19253207659592825, 0.23145101023120873, 0.2181042867793926, 0.0, 0.0, 0.0, 0.0, 
0.12357923000347543, 0.18278323542603536, 0.17849034162201474, 0.1696838085899127, 0.3454633843585618, 0.0, 0.0, 0.0, 0.0, 
0.14651390249666071, 0.19358971813151962, 0.21476727096816722, 0.1488391826665532, 0.2962899257370991, 0.0, 0.0, 0.0, 0.0, 
0.16268944761011123, 0.20184596676651595, 0.20399939694932842, 0.2235757789295268, 0.20788940974451747, 0.0, 0.0, 0.0, 0.0, 
0.16200762708667396, 0.17332088052396916, 0.19569784447954483, 0.19412604184405371, 0.27484760606575825, 0.0, 0.0, 0.0, 0.0, 
0.17254796298759556, 0.13285361028138007, 0.19172333896569935, 0.2106157909722834, 0.29225929679304163, 0.0, 0.0, 0.0, 0.0, 
0.1921308437713674, 0.17113538896731503, 0.16246854143661407, 0.18274135595299645, 0.2915238698717069, 0.0, 0.0, 0.0, 0.0, 
0.18850073839595713, 0.14072665095018214, 0.15278652837646978, 0.1945882594619336, 0.3233978228154574, 0.0, 0.0, 0.0, 0.0, 