
0.0
2.8067775910203933E-5
2.0053908345193553E-5
1.827049546294454E-5
1.563802351342076E-5
1.4276959491864379E-5
1.2134681166732082E-5
1.0328476397791768E-5
8.454569819523257E-6
6.876948646569999E-6
5.498609612633972E-6
4.402331209728613E-6
3.5483678228218936E-6
3.00941920940327E-6
2.705226669571211E-6
2.85870799116152E-6
4.183403257473593E-6
7.052820332980983E-6
1.1341904385820592E-5
1.7005373466078152E-5
2.3101934444924923E-5
2.907146122273664E-5
3.411128717456916E-5
3.797343980605585E-5
4.027855836942363E-5
4.111343923099286E-5
4.0580617821862125E-5
3.897517307725396E-5
3.658744870221492E-5
3.3704811839162696E-5
3.05397972735195E-5
2.7311058543753904E-5
2.4127046855954116E-5
2.113075365934622E-5
1.8364181233469854E-5
1.587969863953488E-5
1.3676874091927952E-5
1.1752557462580072E-5
1.0083307550655156E-5
8.649329453582785E-6
7.423483939312791E-6
6.369880290136777E-6
5.482328392430193E-6
4.728605634825532E-6
4.086612549863598E-6
3.551497599448226E-6
3.092614784936112E-6
2.711057431761345E-6
2.3821810777256973E-6
2.1069592274916627E-6
1.8709264067784637E-6
1.6715039532350775E-6
1.499756088872446E-6
1.353192160952065E-6
1.2238415577100812E-6
1.1144359830599327E-6
1.018330282094514E-6
9.339049792290707E-7
8.589883619237223E-7
7.930612356944856E-7
7.343513790174652E-7
6.812861434990508E-7
6.33491550088524E-7
5.898130716853261E-7
5.501866226601665E-7
5.140523672404929E-7
4.81423136759514E-7
4.509095765247159E-7
4.2264250821727954E-7
3.9624350686778935E-7
3.721149966882769E-7
3.4993015684663314E-7
3.2892252082710665E-7
3.099203517644553E-7
2.9094842678945165E-7
2.746221333917738E-7
2.5833751754673416E-7
2.432500544856111E-7
2.2951009712671873E-7
2.168292267472261E-7
2.0370654453375066E-7
1.930941901302039E-7
1.8138723736630657E-7
1.7209373536725104E-7
1.620584630549149E-7
1.530509721894092E-7
1.4439659357267469E-7
1.3625035088517134E-7
1.287345819526304E-7
1.2179746545748758E-7
1.1500348194938154E-7
1.087440609687265E-7
1.025584119448301E-7
9.747075637056232E-8
9.086578564501026E-8
8.643739915448587E-8
8.128058083590488E-8
7.763924374791272E-8
7.306542339112544E-8
6.836387859014956E-8
6.524561857573214E-8
6.171990875898321E-8
5.844893049922316E-8
5.537127838413781E-8
5.24512461608496E-8
4.9480435324507745E-8
4.7395649990624296E-8
4.433585148752453E-8
4.220361875968892E-8
3.961867938124165E-8
3.779658942696856E-8
3.573676688267577E-8
3.4060146951263285E-8
3.253623160625209E-8
3.047085388719968E-8
3.002386450829672E-8
2.7314130141240935E-8
2.6455347306297658E-8
2.5128004694242146E-8
2.3515982678236825E-8
2.3230430772574723E-8
2.172030771855922E-8
1.9938986544311633E-8
1.9440268130225516E-8
1.890971662178527E-8
1.700936640477556E-8
1.79049595792281E-8
1.6603564774419682E-8
1.623559328441545E-8
1.5286027348066862E-8
1.4049441582941343E-8
1.3967509782222404E-8
1.3806747838883476E-8
1.3152771022875036E-8
1.2978288281110048E-8
1.2440317228208683E-8
1.1699914356026187E-8
1.150453508019332E-8
1.1222430492775422E-8
1.0542975729559174E-8
1.0251349943501305E-8
9.980475475684894E-9
9.043266119022068E-9
9.125468352267263E-9
6.2932905134287376E-9
6.503636785131223E-9
5.776659120810342E-9
5.4886986017618395E-9
4.964807877790355E-9
4.876041818962222E-9
4.434023635040816E-9
4.2585186665208365E-9
3.924058689880262E-9
3.4475029551242818E-9
4.603830335796612E-9
4.3153874818460494E-9
4.1918338475526434E-9
4.090534699776248E-9
3.98814687560305E-9
3.784222744769155E-9
3.793356789108007E-9
3.669285070362482E-9
3.562864819643091E-9
3.1982477716761744E-9
3.089790063713956E-9
3.0069503560421312E-9
2.9136145928195636E-9
2.8074996272355097E-9
2.695703154735412E-9
2.5827447306576552E-9
2.4756831611814107E-9
2.357375699902988E-9
2.24723396524674E-9
2.127739497051806E-9
2.027547715454817E-9
1.9214489190413866E-9
1.6064646145357933E-9
1.5163709932016589E-9
1.453098712861799E-9
1.408924812801275E-9
1.3593200411705797E-9
1.3081155142379634E-9
1.256187622608913E-9
1.1950789402090124E-9
1.1388502562734872E-9
1.0826560458998907E-9
1.0236335730477138E-9
9.727218771067177E-10
9.203313333525509E-10
8.647561085785735E-10
8.197716707378738E-10
7.687085296911258E-10
7.309656502049583E-10
6.868902159614246E-10
6.154223738053801E-10
4.980753557643375E-10
4.6410825358610726E-10
4.2272905907716174E-10
3.769144481208304E-10
3.5153956914129084E-10
3.4019468887547954E-10
3.328710826366716E-10
3.305435062849856E-10
2.839912097201029E-10
2.714506435386377E-10
2.613703404144004E-10
2.604306956620564E-10
2.5852545528392013E-10
2.557570173927629E-10
2.529905793746374E-10
2.5421650381299843E-10
2.0889346737285226E-10
1.979497645160611E-10
1.8861421544967647E-10
1.8689566654839271E-10
1.8162990508056324E-10
1.6582860822966484E-10
1.6166104628921575E-10
1.5627660392700222E-10
1.5270003460701233E-10
1.453197500190465E-10
1.3676502332571062E-10
1.3020308678933639E-10
1.2700017357541712E-10
1.3102592013337283E-10
1.3016308846325595E-10
1.2630476774569193E-10
1.2040329309632503E-10
1.0422496019166599E-10
1.013623167572256E-10
9.858966068078496E-11
9.810248758669315E-11
9.673673397908883E-11
9.553708274792638E-11
9.250023624252577E-11
9.131211603931359E-11
8.689523329409408E-11
7.588707349051271E-11
7.403876941543411E-11
6.568482078205523E-11
6.354398188702757E-11
6.113997010399793E-11
6.016268632902718E-11
5.881288330893485E-11
5.778004317346489E-11
5.6290713220481734E-11
5.46767643780716E-11
5.299680313005726E-11
5.060198115893106E-11
4.847053049383978E-11
4.185284966306779E-11
3.954555466154052E-11
3.8636002159164615E-11
3.7958911089092505E-11
3.720660273996215E-11
3.646340354218313E-11
3.54965851263259E-11
3.437903100913509E-11
3.334566470562826E-11
3.1684744920080976E-11
3.0472304371670574E-11
2.935056564901393E-11
2.8425980873893555E-11
2.7492399912232967E-11
2.7120688546180578E-11
2.6439056415565916E-11
2.5863277790196837E-11
2.5280700997882992E-11
2.452908719500393E-11
2.5715697765798638E-11
2.606982531635595E-11
2.7742047469383886E-11
2.8706184390514353E-11
3.0606593111839106E-11
3.200782983493242E-11
3.3250588589707914E-11
3.4851023944939095E-11
3.558670137558327E-11
3.652790679365198E-11
3.700427630784476E-11
3.743644074962991E-11
3.761571648071731E-11
3.734878002587318E-11
3.6861276969641415E-11
3.613815035807805E-11
3.566966564387313E-11
3.468209203202659E-11
3.292970812381556E-11
3.347134937919851E-11
3.5518719069347353E-11
3.602023325352949E-11
3.8448459316008665E-11
3.921529678638942E-11
4.298679004737846E-11
4.573761446953429E-11
5.171317332260553E-11
5.783013374331323E-11
6.88937901396525E-11
8.003575488958902E-11
9.628865999449351E-11
1.1241788709364642E-10
1.329250097923806E-10
1.5299658111061537E-10
1.761194450069839E-10
1.972383485386897E-10
2.222260827155736E-10
2.4540553650018117E-10
2.704963050265826E-10
2.9432311297787055E-10
3.1984808645494487E-10
3.4332984233840547E-10
3.6905765850508625E-10
3.915372524979817E-10
4.182769909178187E-10
4.4029110136765213E-10
4.637674612552215E-10
4.829795774451651E-10
5.0672459498962E-10
5.228555779016096E-10
5.456009160777379E-10
5.601782469949616E-10
5.794325803125981E-10
5.972363045395144E-10
6.059683981673026E-10
6.200907023219771E-10
6.263812008846214E-10
6.373522302114032E-10
6.387559444123337E-10
6.401347462259462E-10
6.35604415615481E-10
6.322573356229084E-10
6.204821469151422E-10
6.038714848763868E-10
5.872186760636013E-10
5.674065747658547E-10
5.305745796989543E-10
5.035311968561052E-10
4.763386225991708E-10
4.405805469849851E-10
4.173107071896441E-10
3.829586928543566E-10
3.5293550177727105E-10
3.328327590332871E-10
2.9853973968691065E-10
2.8209909723177526E-10
2.559611078191798E-10
2.3514918527474116E-10
2.094204977750543E-10
1.8778399327058305E-10
1.6980353438584215E-10
1.514360396799862E-10
1.4045197465332028E-10
1.2565226436562835E-10
1.1252973190768357E-10
1.0251989703586285E-10
8.932003646918761E-11
8.00490839114722E-11
7.371927625303262E-11
6.55391223661961E-11
5.741886669133681E-11
5.212968688906147E-11
4.614558282300594E-11
4.174561799390282E-11
4.613696252946598E-11
4.6678726583864927E-11
4.807018142493673E-11
4.989483981001678E-11
5.171357827357962E-11
5.308972574019111E-11
5.489999206416932E-11
5.664884921091887E-11
5.886383194005578E-11
6.088454556581035E-11
6.349298968458658E-11
6.570950523594203E-11
6.839846997442816E-11
7.669742899818237E-11
6.487189071190794E-11
6.019543846287373E-11
5.195355225167951E-11
4.720334525003402E-11
4.200639612559057E-11
3.842025633136627E-11
3.498476920750845E-11
3.227731936097418E-11
2.9848158074538294E-11
2.7792772794279254E-11
2.5984960683542115E-11
2.4398684265438395E-11
2.2978300821205795E-11
2.1736151137864443E-11
2.0541765006282503E-11
1.9490941261638933E-11
1.8712530553939504E-11
1.769464816909536E-11
1.7014692604560026E-11
1.598042780814879E-11
1.5233027528415278E-11
1.4396769319537668E-11
1.3707883054485907E-11
1.3015042798846825E-11
1.1813783822513209E-11
1.1209636082050975E-11
1.0573195835601862E-11
1.002101713608939E-11
9.501967337767615E-12
9.015738278639675E-12
8.465329793924292E-12
8.095019744445531E-12
7.722728291242426E-12
7.300855037317443E-12
8.150391650611001E-12
9.89747860257784E-12
1.2626403629303057E-11
1.562106752136696E-11
1.8927433543868885E-11
2.2279444377873215E-11
2.5761954320832803E-11
2.8559151202874043E-11
3.078046079823659E-11
3.1919184792434353E-11
3.238840571946416E-11
3.223056853475796E-11
3.148818845783094E-11
3.125801649552633E-11
3.0187860431766566E-11
2.876499396685393E-11
2.699728850827741E-11
2.5140490398746022E-11
2.3162042803382045E-11
2.1298232986158433E-11
1.9482774135952603E-11
1.7823522992684574E-11
1.632907080114783E-11
1.491381204098068E-11
1.3529987063808922E-11
1.2320423478028701E-11
1.1308613408669628E-11
1.0375249334927826E-11
9.598117830416952E-12
8.8194918135516E-12
8.054687913912773E-12
7.638069918718347E-12
8.942322124561639E-12
1.3326143247430755E-11
1.8777655155454013E-11
2.5330504573452726E-11
3.2901290617791685E-11
3.932297950370671E-11
4.518728140596752E-11
5.0292802669264884E-11
5.5069103364880415E-11
6.310758716938362E-11
7.084939294322505E-11
7.49553027419211E-11
7.81207038926956E-11
7.978408765209085E-11
8.252832913731527E-11
8.464056008661515E-11
8.554913307192324E-11
8.655154634744418E-11
8.71072171656407E-11
8.574878039802197E-11
8.354557847947035E-11
8.093397006192188E-11
7.849497182410483E-11
7.60330971348464E-11
7.374702219372448E-11
7.020793736508751E-11
6.753843892669704E-11
6.40180248379054E-11
6.182207264701426E-11
5.98971063373255E-11
5.885845124863372E-11
6.664302131690972E-11
7.830922135095987E-11
7.87432867585216E-11
8.174547533799726E-11
8.010120195675568E-11
7.966300888173167E-11
7.670081441871812E-11
7.398419562847983E-11
7.022071079284698E-11
6.627285182706784E-11
6.189884713787123E-11
5.7647377976207295E-11
5.335372586673666E-11
4.9148747135849074E-11
4.522945013993678E-11
4.1427278399884536E-11
3.7890848704933066E-11
3.45865907882001E-11
4.73644972519076E-11
3.977224428571236E-11
3.66780068169217E-11
3.327623633190113E-11
3.1260587427995915E-11
2.911115639142536E-11
2.7422277059072987E-11
2.576217622908512E-11
2.4390775232638267E-11
2.3115393317958375E-11
2.2078139292540222E-11
2.1121288046895813E-11
2.0317182160178355E-11
1.959680906118789E-11
1.883468716794618E-11
1.8201328174204227E-11
1.7568659887773384E-11
1.7042443356815403E-11
1.6565742853279452E-11
1.6113068172691434E-11
1.5685347867589993E-11
1.526596053526345E-11
1.6049598847934965E-11
1.8864310579714388E-11
2.219215594381494E-11
2.8403652022450116E-11
3.402149908482844E-11
4.081418710171562E-11
4.6627991844874777E-11
5.2669618003726083E-11
5.7976091801600493E-11
6.342374304348206E-11
6.840983258210847E-11
7.314586672378702E-11
7.716977514171511E-11
7.994905958461195E-11
8.205645567674451E-11
8.33373703876994E-11
8.395733323712432E-11
8.403420652546123E-11
8.37058693936631E-11
8.293453252664289E-11
8.192748556066427E-11
8.082361283089526E-11
7.922663407097947E-11
7.768711610835077E-11
7.641894357615564E-11
7.437973975561152E-11
7.265858913847898E-11
7.063165765416347E-11
6.894389324047125E-11
6.710067061072392E-11
6.519750481800541E-11
6.361938067887958E-11
6.192159187811214E-11
6.054317841165221E-11
5.89918550800551E-11
5.773270949439062E-11
5.62290760177839E-11
5.500277756698544E-11
5.35325188005417E-11
5.2245043149516794E-11
5.099203271677177E-11
4.9736872879164434E-11
4.839231461925784E-11
4.700876828319657E-11
4.5543889975578696E-11
4.371324801888167E-11
4.212361849609581E-11
4.029710499625797E-11
3.872210913852013E-11
3.706077607010054E-11
3.56576975843825E-11
3.415592701245267E-11
3.283061989443733E-11
3.1703888088148566E-11
3.069725793780595E-11
2.9499071447995955E-11
2.8342413881020858E-11
2.851705865996556E-11
3.10797340793383E-11
3.415209643381354E-11
4.036493317527883E-11
4.568126512446482E-11
5.217569763938588E-11
5.715813227231658E-11
6.248058196462682E-11
6.609677190795399E-11
7.204213101698159E-11
7.88972402219313E-11
8.620643758208778E-11
9.796016753921575E-11
1.0856331417594164E-10
1.2061264556148687E-10
1.316951360763024E-10
1.4246449352962795E-10
1.5211068735902763E-10
1.614027463725995E-10
1.6890827676901146E-10
1.7578532592300476E-10
1.822606695996797E-10
1.8809421704066458E-10
1.9036717362047498E-10
1.9482373233985862E-10
1.9545262063482322E-10
1.97485743575783E-10
1.959319285658259E-10
1.9624845729326968E-10
1.9825506724905547E-10
1.9446135475020638E-10
1.900416730852183E-10
1.8669069684672536E-10
1.8311370129149288E-10
1.770632513324227E-10
1.7209652271372312E-10
1.6905003842017418E-10
1.6566047545839736E-10
1.6069980206009033E-10
1.568206153178531E-10
1.5075734780432794E-10
1.4578398742958306E-10
1.3965749802961317E-10
1.3780414805850077E-10
1.3345789169178994E-10
1.3171515320612405E-10
1.2882272682387213E-10
1.276953468350106E-10
1.2460857231221046E-10
1.2532183796258554E-10
1.21992354957816E-10
1.2032190091876865E-10
1.1651185509965356E-10
1.1368210411797985E-10
1.0978824854413886E-10
1.0590165712685315E-10
1.0158489298419722E-10
9.721050412268196E-11
9.313625431785226E-11
8.917556485842841E-11
8.540212201160667E-11
8.229955025522371E-11
8.479246564294488E-11
8.53167995475087E-11
8.520983483765613E-11
8.385705243670257E-11
8.40628054774656E-11
8.184857343248786E-11
8.145483564773876E-11
7.961134047337558E-11
7.868547643326177E-11
7.525868816016397E-11
7.571556849311462E-11
7.123622312001436E-11
7.113456498788684E-11
6.819916675238166E-11
6.507567687059649E-11
6.153466739112198E-11
5.815389156035865E-11
5.560837428552047E-11
5.243791641258107E-11
4.9674389135996805E-11
4.6790070874846504E-11
4.382187234605692E-11
4.1774987890598435E-11
3.9187116297228856E-11
3.690561641613398E-11
3.467178476149022E-11
3.220643728933413E-11
2.9908991541096193E-11
2.8872300779247176E-11
2.7278812202538563E-11
2.5858659690747568E-11
2.4519461988302612E-11
2.3249783299136906E-11
2.2075757308706024E-11
2.0997192778268033E-11
2.001914894724219E-11
1.9111109174615853E-11
1.814714131478696E-11
1.7240872881443075E-11
1.64623601642904E-11
1.5603036317866314E-11
1.4970120828066752E-11
1.4231820751080535E-11
1.3622256120505317E-11
1.3498039643040133E-11
1.3005184770297926E-11
1.2763968113644132E-11
1.270582465104234E-11
1.2167795534044863E-11
1.3040545620201845E-11
1.3924231143229726E-11
1.2411468811601231E-11
1.4932464565428337E-11
1.3990241645363243E-11
1.6241950469762437E-11
1.5812378792708185E-11
1.6787545311322777E-11
1.71958662476327E-11
1.9091834968491222E-11
1.69653996969757E-11
1.9430020450090384E-11
1.859324244927177E-11
2.043533406147921E-11
2.0247376065611584E-11
2.1599117480657244E-11
2.1554058379300438E-11
2.2668207743908004E-11
2.2560930913787157E-11
2.4153453258903627E-11
2.305660667459383E-11
2.2425965173324467E-11
2.198287728049506E-11
2.1629604038465767E-11
2.1241895253922887E-11
1.994206212509425E-11
2.125914691956224E-11
2.1046543093345968E-11
2.179014955681131E-11
2.1963531896368048E-11
2.2484344033012914E-11
2.2799039672948114E-11
2.3247661596659248E-11
2.3722402053356652E-11
2.4296503878600596E-11
2.4911679298030122E-11
2.5522019770181046E-11
2.6208104932914496E-11
3.144120774756089E-11
3.7626819857530157E-10
5.963547544922175E-10
1.2334571683659194E-9
1.5331474873248963E-9
2.0624464236012973E-9
2.3165204031122814E-9
2.712432104760126E-9
2.908572654820057E-9
3.1831619701491898E-9
3.326781668165718E-9
3.505881955451067E-9
3.5978906599534123E-9
3.7021257416824415E-9
3.752539133864773E-9
3.798673428515518E-9
3.810105508403054E-9
4.476752777185747E-9
1.1144121568205924E-7
2.652146326234479E-7
4.6564117094333E-7
6.797524290924112E-7
8.824514152042098E-7
1.0697725221413562E-6
1.2437425048994036E-6
1.39596040863718E-6
1.5160337275151627E-6
1.6026172843034984E-6
1.6566317943043045E-6
1.6801062817556976E-6
1.6812762787611044E-6
1.6572700749978311E-6
1.6208364036608384E-6
1.5676742302920114E-6
1.508382943268478E-6
1.4389572757991413E-6
1.3670382054388382E-6
1.2912931498166906E-6
1.4225283081388381E-6
1.2859079573695315E-6
1.297846153463687E-6
1.1869994595513863E-6
1.176910797814708E-6
1.0898534585122034E-6
1.0748589684757082E-6
1.007412059700279E-6
9.955629702323924E-7
9.557237800009814E-7
9.506141937470649E-7
9.21759057972992E-7
9.204814666181938E-7
8.972595316020173E-7
8.943256853115739E-7
8.845509658543592E-7
8.796112512093238E-7
8.669831999366983E-7
8.541695739407331E-7
8.442569732446488E-7
8.22887337672107E-7
8.023368575717159E-7
7.89234415202281E-7
7.793376247167149E-7
7.757670987212888E-7
7.563584554685893E-7
7.384734213762497E-7
7.310321598108954E-7
7.167770622086464E-7
6.98123133605796E-7
6.929562247974591E-7
6.836730016441078E-7
6.771518004396047E-7
6.65888191713313E-7
6.53287863138502E-7
6.368507107486679E-7
6.187721735674106E-7
5.994218457526964E-7
5.797048100913763E-7
5.639261989425556E-7
5.531040837210026E-7
5.304042154812234E-7
5.095995355648434E-7
4.900886196942662E-7
4.763200677706697E-7
4.883193533861111E-7
4.597713391007102E-7
4.5214496343176496E-7
4.3854837446794086E-7
4.3192392626511175E-7
4.243379620147165E-7
3.9770049938912284E-7
3.805634386310647E-7
3.6123308894498176E-7
3.397375000341296E-7
3.2070692531061755E-7
3.0357543492952033E-7
3.023277339185972E-7
2.96269844973062E-7
2.796382009004002E-7
2.6491711199497087E-7
2.443280674881624E-7
2.3379478566678936E-7
2.2706401662894097E-7
2.3050132294150582E-7
2.1945914543235037E-7
2.116991957734934E-7
2.0374201482539903E-7
1.9284054646542853E-7
1.94360328594257E-7
1.913198450954487E-7
1.8527970407403252E-7
1.81324385058384E-7
1.764146142076839E-7
1.710113792203983E-7
1.6421672587441424E-7
1.5695804624498562E-7
1.4889200184214735E-7
1.414828540998687E-7
1.3329950287946907E-7
1.2630453905781488E-7
1.2189150421849248E-7
1.1474252076125308E-7
1.0912088297452088E-7
1.0318904370901E-7
9.727862363409669E-8
9.245194042511855E-8
8.42408197835509E-8
8.151096784055383E-8
7.990808279116184E-8
7.841752133838096E-8
7.519788670774621E-8
7.113691919010984E-8
6.620895508349645E-8
6.071113257295451E-8
5.652951205096843E-8
6.148746818102677E-8
5.589080169842101E-8
5.4317013657405865E-8
4.760891788034594E-8
4.422602832329592E-8
4.05330050763394E-8
3.635034347693108E-8
3.349377999556886E-8
3.2372686087503527E-8
2.9813159693458705E-8
2.864736122518481E-8
2.8824897937141277E-8
3.603316612848101E-8
4.0542125084829274E-8
4.576499694829422E-8
5.2516020252744995E-8
6.026285315704112E-8
6.823553893423014E-8
7.547020236126E-8
8.098283062019064E-8
8.41898276408329E-8
8.595531200850839E-8
8.682527012282303E-8
8.559294906673703E-8
8.474921914802792E-8
8.321677477294048E-8
8.11504236852723E-8
7.824965971443625E-8
7.485177471028141E-8
7.100759715737395E-8
6.666115301049827E-8
6.090562088561076E-8
5.951944799964907E-8
5.6346776934334016E-8
5.459097316731575E-8
5.207591692477199E-8
5.078467682225618E-8
5.299443491751847E-8
5.246389854691066E-8
5.1174514651793286E-8
5.152733341140987E-8
5.0451129124753664E-8
4.955882786761857E-8
4.88342816233848E-8
4.747021474767038E-8
4.609224527400935E-8
4.2911935002034404E-8
4.0974540967781895E-8
3.910642036017312E-8
3.6312815266958024E-8
3.420667657259215E-8
3.2263001674130507E-8
3.016100900647758E-8
2.840612414224667E-8
2.6709550317248773E-8
2.525911650097117E-8
2.4029203400152415E-8
2.2839627676218333E-8
2.177064324050286E-8
2.061970940132192E-8
1.9519160713384395E-8
1.85044106038495E-8
1.7466966781754443E-8
1.6160628113547168E-8
1.5406635611176686E-8
1.4776177032645887E-8
1.4149253265806894E-8
1.3289789157557294E-8
1.2558419701859206E-8
1.1888101058076289E-8
1.0916490877947814E-8
9.023196516814961E-9
7.975974062631287E-9
7.123359862121157E-9
6.486458164198131E-9
6.070782443195097E-9
5.882262467203151E-9
5.775585561896875E-9
6.089839371966136E-9
6.1293900537869355E-9
4.997955658021372E-9
4.562744693125178E-9
4.2279215397571065E-9
4.0166412099415135E-9
3.847527224921295E-9
3.7123833869875566E-9
3.614791645641291E-9
3.539096918607653E-9
3.4927901126789863E-9
3.4621044728922454E-9
3.4914256386055036E-9
3.3819904244073486E-9
3.3853369266954337E-9
3.4488634264967596E-9
3.5045262889703826E-9
3.495507923275614E-9
3.489157469174411E-9
3.409607382348973E-9
3.3972238318272377E-9
3.3083219179997423E-9
3.2677691667326147E-9
3.0688214757041104E-9
2.95836419952754E-9
2.7851308048318185E-9
3.74611873851526E-9
3.829230902546501E-9
3.7106799711373025E-9
3.406022404989226E-9
3.1589530549888188E-9
3.001904534370083E-9
2.987100464794718E-9
3.109146485586015E-9
3.414989345181175E-9
3.862651890523511E-9
4.4638707983176475E-9
5.069450224311646E-9
5.8480953582172605E-9
6.8175953573102205E-9
7.827476684814164E-9
8.783805779777769E-9
9.610271024947872E-9
1.0257064024955413E-8
1.0672632717397303E-8
1.104703530474205E-8
1.1788257468230094E-8
1.2488782837504709E-8
1.3198137860142904E-8
1.3748396118702594E-8
1.4185241810079623E-8
1.454692842407545E-8
1.4694085290550828E-8
1.4772173613737596E-8
1.5007808902783937E-8
1.500390143998575E-8
1.497993877352951E-8
1.4821263750378795E-8
1.4240916419149836E-8
1.365286998706907E-8
1.2982234629995531E-8
1.2709521240541636E-8
1.2205864839988568E-8
1.1713227822224596E-8
1.113789681999254E-8
1.0541395517581347E-8
1.1579199508591594E-8
1.0620089756571344E-8