
0.0
1.463808974882957E-23
3.259232832158665E-19
1.2497962931204473E-18
3.1259256269422767E-6
2.9323293816664337E-6
5.213788588649394E-6
5.398551790922654E-6
6.983563066995423E-5
1.455843966082086E-4
2.765366172017801E-4
3.632876279309669E-4
4.437838651145055E-4
4.960542449632313E-4
5.131852970080388E-4
5.197489620798236E-4
5.108629777580436E-4
4.96677551190028E-4
4.684193954244868E-4
4.360948715962894E-4
4.009383769306135E-4
3.6504113152435193E-4
3.3056766734528454E-4
2.968474565958817E-4
2.6621636917139593E-4
2.3693065459885447E-4
2.092309522958036E-4
1.8375304920301312E-4
1.6147151084561673E-4
1.417433205536494E-4
1.246659160757499E-4
1.0969212515526925E-4
9.671563663923283E-5
8.5376532198681E-5
7.551570202682128E-5
6.703837315008988E-5
5.983924658981434E-5
5.344821517477652E-5
4.81175837859272E-5
4.408576616085661E-5
4.078147189245337E-5
3.7791636411153375E-5
3.520543242691946E-5
3.237896894025725E-5
3.0838557508936625E-5
3.386829443416879E-5
3.203503192709441E-5
2.8593404763301024E-5
2.4617134169440076E-5
2.0797572439349107E-5
1.7340257759975758E-5
1.4356754015656628E-5
1.1846827664000276E-5
9.7738317893862E-6
8.086759003542422E-6
6.728317229611252E-6
5.696823591914462E-6
4.906591385660282E-6
4.306279941677537E-6
3.825321628605633E-6
3.451635120020519E-6
3.140485610908016E-6
2.8845157459907265E-6
2.6543125361085734E-6
2.4457469662887197E-6
2.2470454616708593E-6
2.0609620521004524E-6
1.893254889747777E-6
1.7399409477067629E-6
1.6012444567523333E-6
1.472498845828722E-6
1.3539139859740357E-6
1.2438839423139734E-6
1.1431122358994062E-6
1.1513530128054003E-6
1.4350200113094435E-6
2.58335251642242E-6
2.7176762048914585E-6
2.5119150484601155E-6
2.172987252080944E-6
1.814591085259292E-6
1.4841083692249604E-6
1.198125746320534E-6
9.61232739939186E-7
7.692201922528805E-7
6.16616736628171E-7
4.965114413944256E-7
4.028387845525131E-7
3.3008461756925534E-7
2.737746326484638E-7
2.301980285590913E-7
1.964632398768418E-7
1.9595466311576993E-7
2.5160143821319817E-7
4.3559633639295786E-7
4.77888151844246E-7
4.6770254313563597E-7
4.1419294425607316E-7
3.786222554618636E-7
3.772057455997615E-7
3.714363168610429E-7
3.374710089118802E-7
3.0520379632674816E-7
2.8324076329052865E-7
2.580871471332716E-7
2.2699524057197935E-7
1.9499941480912389E-7
1.637111385238318E-7
1.352388990517346E-7
1.1011988711378893E-7
8.868332948792004E-8
7.056883994751357E-8
5.5779880473600594E-8
4.4579287103792744E-8
3.638696470950513E-8
2.9383575393311617E-8
2.4334465870565148E-8
2.092550415183281E-8
1.967717159529554E-8
1.9549720100015764E-8
1.8521113566247955E-8
1.723369861136285E-8
1.5639428738098405E-8
1.3990059451880415E-8
1.2379368166171636E-8
1.10228231804509E-8
1.0272722131213944E-8
9.236841232584142E-9
8.293533342933948E-9
7.48892691267304E-9
6.608540388745476E-9
5.787273250027316E-9
5.016356217798104E-9
4.33653812852744E-9
3.7776646946496235E-9
3.2559774021962793E-9
2.799732697445992E-9
2.395815309760504E-9
2.045542401376387E-9
1.7427006013947801E-9
1.482897688563473E-9
1.2607339352317161E-9
1.0714095906543242E-9
9.103119492634786E-10
7.734675312736747E-10
6.5730403269677E-10
5.588030186295697E-10
4.752392034033271E-10
4.0450621345368306E-10
3.4308168174215994E-10
2.9453146884715114E-10
2.6212512904556367E-10
2.3061355033160408E-10
2.043352876487954E-10
1.791928098506477E-10
1.563489198327937E-10
1.3553887333460962E-10
1.1702407377748546E-10
1.0068137347273097E-10
8.641250250425952E-11
7.403054533964455E-11
6.335603266285508E-11
5.418507687100108E-11
4.6338540172445304E-11
3.963417380110555E-11
3.3919906746102005E-11
2.905466835803455E-11
2.4914080159925805E-11
2.13976352782295E-11
1.8407126859075533E-11
1.5823335896689497E-11
1.385343567919968E-11
1.3084996484374056E-11
1.192345470504697E-11
1.0858005089287367E-11
9.71893194239488E-12
8.649177480302911E-12
7.6327784841642E-12
6.704946282952198E-12
5.864768197897152E-12
5.1161862844255435E-12
4.454493053246837E-12
3.87702810320847E-12
3.3743145690090073E-12
2.9423425279057058E-12
2.570268529809921E-12
2.253121153229901E-12
1.9876951894519796E-12
1.7963529142300987E-12
1.8094139475855296E-12
1.7208109551986902E-12
1.6288124101945371E-12
1.5032660537301692E-12
1.3737657740381165E-12
1.2487858637568295E-12
1.1391939996976396E-12
1.1013440458748302E-12
1.0365550206721956E-12
9.782211527841543E-13
9.045781450994928E-13
8.299962922365478E-13
7.532274004684526E-13
6.823818648778562E-13
6.182101063859483E-13
5.649579687076816E-13
5.198231475479149E-13
4.913218663739893E-13
4.733022623516191E-13
4.736728385844652E-13
4.810466000107192E-13
4.986675792272843E-13
5.165405203198839E-13
5.352743076374367E-13
5.507484001800903E-13
5.628590163427691E-13
5.700028222221082E-13
5.75886346596363E-13
5.775991308223043E-13
5.797632085668668E-13
5.795538132405867E-13
5.85595202755986E-13
5.976407499948741E-13
6.18476638730783E-13
6.623483521505402E-13
7.124379964440215E-13
8.31644962408894E-13
9.187873816441296E-13
9.86835179468906E-13
1.0160997239128681E-12
1.0323760470479106E-12
1.0203226756632803E-12
1.023412731517964E-12
1.0013405865926293E-12
9.889720404464243E-13
9.636806811488915E-13
9.44402207478543E-13
9.165216119039254E-13
8.919128181809427E-13
8.637139769035922E-13
8.50928353744211E-13
8.416721248627105E-13
8.564280333421658E-13
8.647842351327849E-13
8.872934046116097E-13
8.964033875089091E-13
9.395227600040592E-13
9.564988587128739E-13
9.873352384927823E-13
9.967799890857053E-13
1.0025122113866686E-12
9.979968986223057E-13
9.877387039896103E-13
9.926475201930142E-13
9.842309579971931E-13
1.0185985592325248E-12
1.0145505240899328E-12
1.002432803145996E-12
9.795896239237765E-13
9.549359800613775E-13
9.385118228687234E-13
9.242370481523813E-13
9.019387593332459E-13
8.71524196390236E-13
8.356786417792118E-13
8.02325214272436E-13
7.673296521397461E-13
7.491797955362323E-13
7.208606374634284E-13
6.88763039728846E-13
6.533782921178956E-13
6.169967500805919E-13
5.910391227412322E-13
5.706635756636662E-13
5.825984083647177E-13
5.855891312418965E-13
5.87647588019804E-13
5.784818397335891E-13
5.632328829216919E-13
5.434701816004518E-13
5.207482204582951E-13
4.959830435185009E-13
4.703411726307098E-13
4.440718281645379E-13
4.182400823900712E-13
3.9289448781377875E-13
3.693703075414056E-13
3.4878406533189885E-13
3.378496695968797E-13
3.311472244604328E-13
3.549788368228462E-13
3.6617803894803095E-13
3.7026530593089747E-13
3.7744327650098327E-13
3.707428615142324E-13
3.576871867657094E-13
3.477030720126923E-13
3.28748755934474E-13
3.0902699754803505E-13
2.8760419996287503E-13
2.668809355551942E-13
2.507610496954956E-13
2.3518848950833744E-13
2.3072365842106056E-13
2.2049474902379103E-13
2.106286819272279E-13
1.990569504432775E-13
1.872855606314238E-13
1.752414853304986E-13
1.6334409079295407E-13
1.5171505766232316E-13
1.406122193364847E-13
1.3008576959962196E-13
1.2326490460201065E-13
1.1823441218083598E-13
1.2863554036125358E-13
1.299858178649239E-13
1.295716791767732E-13
1.3130967115359731E-13
1.2611063652747763E-13
1.192593082068489E-13
1.1117539579201046E-13
1.0272962603842168E-13
9.800992481417098E-14
9.05130766131368E-14
8.325180496693735E-14
7.560355816004621E-14
6.834982090387753E-14
6.19587021113053E-14
5.635923003646164E-14
5.3345760236219445E-14
4.9764475476559446E-14
4.68448373633061E-14
4.364180033505874E-14
4.048945150871244E-14
3.73488243492736E-14
3.4384057935651545E-14
3.16431601482075E-14
2.967049184320879E-14
2.8720757435745136E-14
2.976735640232925E-14
3.3023364160582856E-14
3.8691654142669385E-14
4.5902775036030443E-14
5.448266550932279E-14
6.358925985323505E-14
7.269923090875987E-14
8.171590418248974E-14
9.015039911411264E-14
9.878921833639753E-14
1.0664280598565674E-13
1.1455414398714683E-13
1.2155370069719104E-13
1.2826258524844114E-13
1.3398292681545886E-13
1.3913013092795346E-13
1.4323781749034144E-13
1.4658176849604157E-13
1.4890843911257432E-13
1.5040308373297845E-13
1.5097959130518164E-13
1.5515651200021193E-13
1.629441124854411E-13
1.8475801902738564E-13
2.0190506396188537E-13
2.3255798272123505E-13
2.435173840931617E-13
2.4708800091814677E-13
2.4114388764925667E-13
2.3252891033752854E-13
2.215334842701347E-13
2.2028066366875716E-13
2.1054743363483959E-13
2.0040034927396517E-13
1.8799050962928305E-13
1.7599418544320449E-13
1.6414062943986225E-13
1.5323525202577943E-13
1.4304736677015303E-13
1.3377445663011569E-13
1.2521883084782276E-13
1.1746807113802966E-13
1.1426345209164132E-13
1.1201168613426314E-13
1.2369382625443E-13
1.255900029563036E-13
1.2577944200540617E-13
1.2172936332124094E-13
1.160374176681465E-13
1.1044954484205221E-13
1.0485918902728895E-13
1.078763688013921E-13
1.049917963419765E-13
1.0348054821962103E-13
9.964081967425622E-14
9.405974035713171E-14
8.722440118230158E-14
7.999607713087036E-14
7.273611856606493E-14
6.57967827859471E-14
5.933297711260463E-14
5.3764567681839997E-14
4.885595503375825E-14
4.5594469802966894E-14
4.324269747436111E-14
4.3484296941899464E-14
4.3451113554253844E-14
4.495332216560261E-14
4.557434395209877E-14
4.718891653169604E-14
4.7565614603567646E-14
4.7622157379362515E-14
4.713165012505119E-14
4.6693222241954E-14
4.6038907867013065E-14
4.5617968982611194E-14
4.512251496422167E-14
4.482114947733007E-14
4.5985814152031935E-14
4.719334353458409E-14
5.133516569247242E-14
5.378874535868859E-14
5.60182929794736E-14
5.699859506829998E-14
5.728335689875521E-14
5.814897104101832E-14
5.825909106358913E-14
6.224406147228414E-14
6.292836450300748E-14
6.294816752375902E-14
6.161093434150051E-14
6.021748587279085E-14
5.855118867896611E-14
5.806397936710898E-14
5.6608054752358785E-14
5.4769359665964086E-14
5.2398160231290104E-14
4.981045383991737E-14
4.704231201093397E-14
4.4251341876999784E-14
4.147408191834608E-14
3.893065952929783E-14
3.6537522442848425E-14
3.443663205390711E-14
3.2934127718197314E-14
3.241228761434834E-14
3.341951739434565E-14
3.3946261965807027E-14
3.442587060741053E-14
3.489782456115127E-14
3.488703833877826E-14
3.449414265427982E-14
3.368171309352372E-14
3.2500531213982534E-14
3.1144823520382436E-14
2.998740742271644E-14
2.911366284095889E-14
3.05910526540187E-14
3.0388120609509536E-14
2.9892915502183026E-14
2.878504108431743E-14
2.7489279460163507E-14
2.6064954168540848E-14
2.462879200888832E-14
2.3862074736898954E-14
2.3127881849752663E-14
2.4479227577520374E-14
2.4347678443500173E-14
2.402393631462879E-14
2.3106077073273214E-14
2.197159162462484E-14
2.064297725695354E-14
1.9247197291614112E-14
1.815540363880589E-14
1.722623503635625E-14
1.8118746020253166E-14
1.7696429593463942E-14
1.7258563498492285E-14
1.6461466624225314E-14
1.6376054612941108E-14
1.569173468995691E-14
1.4805358483302173E-14
1.365431354485004E-14
1.244651082682333E-14
1.122619584342373E-14
1.006031752325609E-14
8.966163075887534E-15
7.965580080484866E-15
7.0586389628693696E-15
6.251423060066328E-15
5.5350804248370244E-15
4.913126083666847E-15
4.417344555841105E-15
4.034726836302328E-15
3.72251038073269E-15
3.462943553341921E-15
3.215169384092263E-15
2.9956483027426394E-15
2.8172558666469064E-15
2.8969017826850264E-15
2.827803765547936E-15
2.7674336893192314E-15
2.678176440837586E-15
2.6465243596241037E-15
2.637338317080249E-15
2.685134880501956E-15
2.7516959181800838E-15
2.876268190830619E-15
3.0212782742585366E-15
3.188324768316145E-15
3.343389249223749E-15
3.4809520761001718E-15
3.575497026780689E-15
3.626505066184131E-15
3.6301476479196685E-15
3.598440794109787E-15
3.5359082795719994E-15
3.4834253458822533E-15
3.425556836843569E-15
3.583401241936669E-15
3.8115835220221626E-15
4.831607375308941E-15
5.291087468144403E-15
5.605677246826788E-15
5.6669740572017415E-15
5.611513752192942E-15
5.46691043666456E-15
5.289633376179621E-15
5.099373979479865E-15
4.8956853858222105E-15
4.680430724059317E-15
4.447907994520846E-15
4.2841687409390985E-15
4.172084709112064E-15
4.6066504922371345E-15
4.645848006295419E-15
4.608872258503904E-15
4.424231677821024E-15
4.2120954282725295E-15
3.970278004264986E-15
3.7437010137191205E-15
3.5257371632625982E-15
3.3303733819451293E-15
3.149887216262939E-15
3.035138778972906E-15
2.9782786536817943E-15
3.0292024033961885E-15
3.045187751443945E-15
3.04910702998721E-15
3.002268213813289E-15
2.9164442053563996E-15
2.7948724956300422E-15
2.6608239413656446E-15
2.5199983179655295E-15
2.444800254304973E-15
2.425410257002856E-15
2.5310468200836387E-15
2.721139472627026E-15
3.1163580589286653E-15
3.5362098681692585E-15
4.3164413310110634E-15
4.986817082267945E-15
5.591511844359552E-15
6.062468198565753E-15
6.376145178224449E-15
6.577533881775764E-15
6.683077717386618E-15
6.797868446268892E-15
6.972279235448301E-15
7.608993213963507E-15
8.507391880244969E-15
1.0011427245231544E-14
1.1825839298746006E-14
1.4386765672534644E-14
1.7241942047106998E-14
2.03849963097638E-14
2.3471559135946154E-14
2.639681293482398E-14
2.916925647793098E-14
3.16563938114356E-14
3.387429517615432E-14
3.562924176610177E-14
3.687328529741267E-14
3.760357714554001E-14
3.924000479354586E-14
4.0884442792051835E-14
4.805621795743662E-14
5.138489359665145E-14
5.3286354137685485E-14
5.3002419670556894E-14
5.1612413504454323E-14
4.9343853255182374E-14
4.6673283853594876E-14
4.377893871915387E-14
4.1036937919804776E-14
3.9470324839239317E-14
3.853354358381062E-14
4.1659203685896925E-14
4.2523610249455714E-14
4.387493585776566E-14
4.38237077128705E-14
4.514301367420135E-14
4.459573473708495E-14
4.367703434509857E-14
4.207558121982558E-14
4.0298515585058253E-14
3.830455163929338E-14
3.636439908087462E-14
3.472341940056372E-14
3.352740342930611E-14
3.366881179140251E-14
3.3821633703147966E-14
3.5672315862475733E-14
3.621227205833839E-14
3.6250931511557086E-14
3.556994017421321E-14
3.447131904214039E-14
3.303458575455868E-14
3.1550455504193463E-14
3.0096464442699865E-14
2.886300061645382E-14
2.7614725111170674E-14
2.6429359949620757E-14
2.5227238564761238E-14
2.406143853850495E-14
2.290963493124798E-14
2.1802335815306364E-14
2.0731751171053327E-14
1.9735650671529773E-14
1.9431603943304305E-14
1.9575437614926622E-14
2.3567582681288778E-14
2.4721999259085127E-14
2.5263907068283243E-14
2.4644597138475345E-14
2.3613274425427685E-14
2.230276014205047E-14
2.082173278217305E-14
1.926254757223601E-14
1.7759541906867677E-14
1.6391004552299158E-14
1.5253714682125003E-14
1.437675871662538E-14
1.3869343576390961E-14
1.3499336835924324E-14
1.3159762818546402E-14
1.2770260294505138E-14
1.2351765552815015E-14
1.1896506719364564E-14
1.1445273185084199E-14
1.097766967158889E-14
1.054159433955518E-14
1.0097140606948162E-14
9.682278207915113E-15
9.279818166608202E-15
8.91547265233296E-15
8.576958990681546E-15
8.274179652237602E-15
7.984949757772637E-15
7.716471323949552E-15
7.452110743299049E-15
7.198729349171611E-15
7.203728911440496E-15
7.348704917243655E-15
8.803867189871908E-15
9.360016958657828E-15
9.611336357109136E-15
9.440086912696796E-15
9.069977692732166E-15
8.553625932895198E-15
7.977658702218944E-15
7.495363993388747E-15
7.109977182342931E-15
7.447842772871382E-15
7.32688068311004E-15
7.11869651338562E-15
6.751800151400157E-15
6.3347519835869745E-15
5.887000560515949E-15
5.4419431948553715E-15
5.011514925762051E-15
4.616309946396416E-15
4.253290458409101E-15
3.93400518461737E-15
3.649594361351553E-15
3.478189578410594E-15
3.398313279282246E-15
3.694761411374142E-15
3.789726411464858E-15
3.812689796142292E-15
3.713933798410255E-15
3.553388398658399E-15
3.3445954388804506E-15
3.1153817019550776E-15
2.8776519180852036E-15
2.6512156340229308E-15
2.4375995306069284E-15
2.250321025677265E-15
2.0841284046591933E-15
1.943873323431161E-15
1.8232319478469145E-15
1.7220572478460604E-15
1.635432720049637E-15
1.5618877385915143E-15
1.4985204040439158E-15
1.444401768091665E-15
1.3985579917800912E-15
1.3612579737179949E-15
1.3332142135697658E-15
1.3159925455754072E-15
1.1416116841019005E-15
1.1787699982228972E-15
1.2307697362987774E-15
1.289561375614078E-15
1.325528425028773E-15
1.3281858950776526E-15
1.2986192896760909E-15
1.2442091374724651E-15
1.1770800873122945E-15
1.1037036755954577E-15
1.0505970470329767E-15
1.0074945831195456E-15
9.949558180148517E-16
9.984850893452538E-16
1.0244297817908574E-15
1.0609960079112358E-15
1.1073091666983992E-15
1.1558164948376027E-15
1.2045770453230818E-15
1.250122104508634E-15
1.2921031589803855E-15
1.330486741350787E-15
1.3671529182848778E-15
1.4047716672376107E-15
1.4472278847107666E-15
1.4990580935300676E-15
1.5652858296394E-15
1.2122023453460195E-15
1.3080261511475843E-15
1.3054067103901221E-15
1.3440739904654785E-15
1.3404634189325174E-15
1.316948033195713E-15
1.2707634255436837E-15
1.2114014515331455E-15
1.1462193081942874E-15
1.0793681459952537E-15
1.028504114187708E-15
9.852649480413056E-16
9.615326751417977E-16
9.468907298655366E-16
9.455840091193904E-16
9.502049687210118E-16
9.4471369710636E-16
9.867705348811273E-16
1.032311106856321E-15
1.077869603731234E-15
1.1110807206618886E-15
1.1256464867432955E-15
1.122235280529714E-15
1.104385952357503E-15
1.0853780888365085E-15
1.0598373419604834E-15
1.0644079016395563E-15
1.1017040911322234E-15
1.3612455059245943E-15
1.4678678402393642E-15
1.538198298979912E-15
1.5426313073780399E-15
1.5212026754588292E-15
1.4795295372686654E-15
1.4294773184572371E-15
1.3759209673139163E-15
1.3245854644319704E-15
1.275364199397117E-15
1.2313799277408005E-15
1.1905277777211219E-15
1.153799248606567E-15
1.1193228487841166E-15
1.0872042630637877E-15
1.056470727797166E-15
1.027281734628276E-15
1.0230754872069726E-15
1.0569112673670726E-15
1.3371391445691909E-15
1.4205505318011614E-15
1.460897664817066E-15
1.4357408668259897E-15
1.3898393734884773E-15
1.4235314908113726E-15
1.3624502755344776E-15
1.2859705484767914E-15
1.1859490073365195E-15
1.0824048551737252E-15
9.815485588932323E-16
8.871771050099693E-16
8.022601966924695E-16
7.278552239163435E-16
6.631644839676356E-16
6.084037438534908E-16
5.617209918632248E-16
5.257903438050448E-16
4.944576897788391E-16
4.6754885862207E-16
4.4292311322993865E-16
4.2011866357668046E-16
3.9856083548502867E-16
3.7813137640622053E-16
3.5924998454633706E-16
3.3915943047090547E-16
3.2879303363395985E-16
3.186780313922041E-16
3.252893043994301E-16
3.4097765300555655E-16
4.3298630404099564E-16
4.691809388359602E-16
4.932259758234602E-16
4.955274319180631E-16
4.927658306261338E-16
4.897886855753678E-16
4.856729058962957E-16
5.078695417037221E-16
5.166246534124037E-16
5.417777190401569E-16
5.589816303675956E-16
5.806181929563405E-16
6.006999618315714E-16
6.204005709784805E-16
6.424605650881258E-16
6.660476193859626E-16
7.877428270224561E-16
1.3931819791208868E-15
2.7042057569963157E-15
4.8086360988223426E-15
7.755131839794577E-15
1.146958021963718E-14
1.589856627866727E-14
2.0773545922193846E-14
2.5974314699472654E-14
3.1234104207724244E-14
3.6688771492342315E-14
4.1823015549412015E-14
4.789488865559984E-14
5.372929982816849E-14
6.102257001993484E-14
6.790584044078082E-14
7.425082012544527E-14
7.913133979768841E-14
8.241960860344949E-14
8.407889769438936E-14
8.471969262496788E-14
8.415576643228302E-14
8.28527358140086E-14
8.194951607533193E-14
8.040190873046272E-14
8.2282173181537E-14
8.146074703891653E-14
8.199504489571288E-14
7.995418943737431E-14
7.862297716661583E-14
7.542954699933871E-14
7.27054444794683E-14
6.919180829130858E-14
6.68502315665881E-14
6.340618320685402E-14
6.011426144272652E-14
5.6498112812884E-14
5.2970008217865395E-14
4.941911603575681E-14
4.5982713709374473E-14
4.2640752160558866E-14
3.9454138502998316E-14
3.6420731020308263E-14
3.357447343443044E-14
3.091298835456401E-14
2.845205772888787E-14
2.618477765969693E-14
2.4112712160960067E-14
2.2690237523090925E-14
2.190806243247415E-14
2.4370325073568442E-14
2.5330693654003902E-14
2.5688909494920183E-14
2.5016223660422446E-14
2.390557006898405E-14
2.3105968236905253E-14
2.1609828716307826E-14
1.996097003903296E-14
1.818203521107965E-14
1.64265110258727E-14
1.4759791475129874E-14
1.3227465412936367E-14
1.1874766556022317E-14
1.071358538647416E-14
9.686357311198897E-15
8.776681460965071E-15
7.962827580132854E-15
7.286981300818862E-15
6.74910323322635E-15
6.4546916660497905E-15
6.208625611877861E-15
6.0013760321481255E-15
6.041254157857666E-15
5.857453245332759E-15
5.605985258646705E-15
5.26957838229851E-15
4.902379356885163E-15
4.526775518837057E-15
4.157388225734499E-15
3.810716890667699E-15
3.507424361426127E-15
3.2650611664036163E-15
3.097506604528655E-15
2.9343100128755133E-15
2.7758591794370056E-15
2.6141766392925235E-15
2.4545185654079406E-15
2.2978030619828514E-15
2.1475254366849758E-15
2.0045516954699397E-15
1.874762607455559E-15
1.7551388199615022E-15
1.6495237560157745E-15
1.5572552770857804E-15
1.5195452739693947E-15
1.513109846897185E-15
1.4981490346379417E-15
1.4680638615151278E-15
1.4199547563108926E-15
1.3593055456260686E-15
1.3129969577544907E-15
1.3082522807355091E-15
1.5843522157693987E-15
1.7082786470666908E-15
1.7709869485818119E-15
1.7851543443353163E-15
1.7528852979212843E-15
1.6811303533826526E-15
1.5744213453176378E-15
1.4563923616495949E-15
1.3399592776355158E-15
1.2405273007778535E-15
1.1808471999246448E-15
1.261702369918226E-15
1.415796121727446E-15
1.707116986531672E-15
2.0526723039626454E-15
2.4890857806335677E-15
2.949287015268552E-15
3.442616626746425E-15
4.152236660012152E-15
4.7354298046954245E-15
5.529805359932488E-15
6.12014421923392E-15
6.639582514906513E-15
7.011005754048387E-15
7.269455769382947E-15
7.44198616862975E-15
7.528433717724158E-15
7.583273806342558E-15
7.56471172415425E-15
7.490947453787468E-15
7.361616029047068E-15
7.255732176855598E-15
7.22535018634718E-15
7.378691717771881E-15
7.574865823851087E-15
7.788321172267409E-15
7.866791783948328E-15
7.835578614226665E-15
7.68806579394163E-15
9.188005311046897E-15
1.561324029557616E-14
3.841284511424637E-14
6.724740872583658E-14
1.0880919338117604E-13
1.5647885040860917E-13
2.3721349189710306E-13
3.070464309961365E-13
3.9228362195142847E-13
4.670534931750908E-13
5.628016068173693E-13
6.362607839294088E-13
7.437953498878157E-13
8.154593897167405E-13
8.948358740803361E-13
9.407272269296112E-13
9.88815523283509E-13
1.0059886969649545E-12
1.0410234657457135E-12
1.0373208165094762E-12
1.0279669515140099E-12
1.005697233958857E-12
9.869057624101144E-13
9.641063456849448E-13
9.456044224706902E-13
9.257724225597061E-13
9.085579688022403E-13
8.904320509026041E-13
8.777144879463114E-13
8.680577487951135E-13