
0.25499391192565773,0.2521026857424548,0.24169799722331553,0.25120540510857214,
0.0023899261976425158,0.00469158818089028,0.0020449693591698126,0.9908735162622975,
0.023465332003281568,0.024680726924839077,0.024828714698137515,0.9270252263737419,
0.015949983880246165,0.021914696928257715,0.018456206071840984,0.9436791131196551,
0.013779871745466892,0.01600123075254604,0.010263744543353218,0.9599551529586338,
6.680754570037524E-4,4.346905160279549E-4,6.279989395499851E-4,0.9982692350874184,
0.0064190084617739085,0.013299392830528325,0.009848920171531933,0.9704326785361657,
0.007395351051610857,0.013369543053616439,0.006604444876339428,0.9726306610184331,
0.0019709560518500154,0.029988926942253885,0.0029483254347303636,0.965091791571166,
0.0017941493607101053,0.008066305346454378,0.0031194465263800686,0.9870200987664542,
0.0017136646657583022,0.020838939939942517,0.0016892579758655127,0.9757581374184332,
2.7443165037583587E-4,0.016718875903416225,4.551542529450615E-4,0.9825515381932637,
2.1839296821839135E-4,0.012006028025799417,1.8363423115449893E-4,0.9875919447748271,
6.429007798181257E-5,0.0039882187888200795,1.1892511694724468E-4,0.9958285660162515,
2.152819249937976E-5,0.0032807705980558584,2.0663944906955616E-5,0.9966770372645378,
1.4213206341014429E-5,0.0029128905087151755,1.205966456659897E-5,0.9970608366203773,
1.8014068124859385E-5,0.001909893163050543,2.1171991117437227E-5,0.9980509207777075,
3.1782575419280726E-6,0.001302165930359348,5.804753306459553E-6,0.9986888510587927,
1.0289183102677352E-6,5.903224992973351E-4,1.3003576620024204E-6,0.9994073482247311,
1.3104438983317131E-6,5.427708187972119E-4,8.610678244238458E-7,0.9994550576694805,
3.349188446579561E-7,2.724975485325918E-4,1.2342621505890166E-7,0.9997270441064083,
6.175809889700034E-7,2.3119335788603608E-4,4.117937309484816E-7,0.9997677772673945,
1.9452414601280902E-7,2.292442538232985E-4,3.0499007846681987E-7,0.999770256231953,
1.4763999404686506E-7,2.0071751237164495E-4,2.3681576677078592E-7,0.9997988980318674,
8.233322175006449E-8,1.2400438306047788E-4,1.244133394219625E-7,0.9998757888703791,
7.710986392880774E-8,1.0776911055934331E-4,1.1157712273332642E-7,0.9998920422024539,
4.918894635939843E-8,1.0920705507428506E-4,9.391752633346672E-8,0.9998906498384522,
4.768412589290521E-8,9.227541118540867E-5,3.763630993540528E-8,0.9999076392683799,
3.3212969168516326E-8,8.5422824700713E-5,3.065898277650284E-8,0.9999145133033459,
1.734037784521434E-8,5.307740644861585E-5,1.0033559969423748E-8,0.999946895219613,
1.490764641144911E-8,4.9873987557768785E-5,1.4096501566819816E-8,0.9999500970082928,
3.2813181767426746E-9,1.9159893948683108E-5,5.034330418483306E-9,0.9999808317904061,
3.870119562522601E-9,1.2704741557452421E-5,3.230546849710362E-9,0.9999872881577744,
2.4585217001023587E-9,1.1765872146739516E-5,2.5504050505369157E-9,0.9999882291189243,
1.4773922743860514E-9,5.2863027538607005E-6,1.040993289082995E-9,0.9999947111788577,
8.186571965526645E-10,4.901166116395552E-6,1.0756224196228949E-9,0.9999950969396044,
7.451109597998462E-10,4.556865851914495E-6,3.44016245046461E-10,0.9999954420450223,
5.378860300015193E-10,4.235079684054159E-6,8.388828440253711E-10,0.9999957635435482,
1.007976579740553E-9,3.949290234895413E-6,5.955834370842508E-10,0.9999960491062024,
2.3676821235816623E-10,2.349895849754755E-6,2.835437110039397E-10,0.9999976495838379,
2.8574207193291435E-10,2.192106679509106E-6,3.5748467769506536E-10,0.9999978072500955,
3.218312156021212E-10,2.137968401171662E-6,3.1282135878570974E-10,0.999997861396946,
3.815582880216798E-10,1.6332198502678152E-6,3.199510890196977E-10,0.9999983660786399,
1.1983229379497913E-10,5.414222761961405E-7,3.042276571870354E-11,0.9999994584274684,
5.072073859253502E-10,4.602608292519902E-6,5.325107712108002E-10,0.9999953963519905,
8.741442871302548E-10,4.2196992565971145E-6,4.827238389680741E-10,0.9999957789438734,
6.911377004661591E-10,3.951006935044527E-6,6.571415281366418E-10,0.999996047644787,
5.680087389353419E-10,3.73267480408499E-6,5.719738984888567E-10,0.9999962661852141,
5.352259529180113E-10,3.5390778436631035E-6,5.339809375195736E-10,0.9999964598529492,
2.845344584844577E-10,3.360906220697759E-6,6.82813173992089E-10,0.9999966381264299,
6.473432256906511E-10,4.596062883345433E-6,5.890919614840963E-10,0.9999954027006838,
2.0084086125879485E-10,2.269459223975895E-6,2.5181463126680956E-10,0.9999977300881208,
1.1576078632798275E-10,1.2368934484211568E-6,1.3581215763748904E-10,0.9999987628549821,
6.7603051781367E-11,1.2009872499702985E-6,1.3927184659140373E-10,0.9999987988058747,
1.4808108532349829E-10,1.145166692841661E-6,6.054418828007597E-11,0.9999988546246787,
5.0210383981638577E-11,5.654087581849518E-7,6.300367599271279E-11,0.9999994344780276,
1.448326004280889E-14,5.299867234899479E-7,8.67373344383931E-15,0.9999994700132541,
1.8519083748504367E-11,2.958322996782994E-7,4.129705364750267E-11,0.999999704107885,
2.6890492594571308E-11,2.806803011974929E-7,3.0596956256245455E-11,0.9999997192622118,
1.370818272510446E-11,1.2059422096726534E-7,1.2679991000742244E-11,0.9999998793793934,
1.0779892034856893E-11,1.1429383704197921E-7,7.332951852871763E-12,0.9999998856880529,
7.70889394786979E-12,1.0838872559540213E-7,9.06170633812004E-12,0.9999998915945044,
8.424610530259617E-12,1.0296536158367345E-7,4.2402703477790975E-12,0.9999998970219721,
2.12809952769175E-12,2.606009569571402E-8,1.824430679191065E-12,0.9999999739359534,
1.2988678825616343E-12,2.6882459853193318E-8,9.136612184228019E-13,0.9999999731153263,
3.8068159782614186E-17,1.754655943628915E-8,1.190403487628451E-16,0.9999999824534386,
5.254132229593872E-17,1.3041688864960861E-8,8.089621795653016E-17,0.9999999869583062,
6.210386748900193E-13,1.2317896757470312E-8,6.090171757747544E-13,0.9999999876808748,
4.406337002541192E-13,1.1737545664268E-8,5.000937719730289E-13,0.9999999882615144,
3.9158142489774446E-17,1.1015041581066264E-8,6.500570160182728E-17,0.9999999889849606,
6.023844847468845E-17,1.0452405903706989E-8,3.9266089596732176E-17,0.9999999895475966,
6.061358912010794E-13,1.0133268314634503E-8,4.4115462201263584E-13,0.9999999898656853,
3.0261988220507615E-17,9.449817973691425E-9,4.752185178873179E-17,0.9999999905501777,
4.753000658806766E-13,9.119697679703588E-9,3.1610434093223335E-13,0.9999999908795125,
1.0259224095926655E-25,3.821190035916677E-9,7.931530474143843E-26,0.9999999961788095,
3.8647184281867347E-22,3.5599051944494805E-9,5.875825164876212E-22,0.9999999964400992,
8.292545917007741E-14,3.746273160324362E-9,1.5645787713571913E-13,0.9999999962534858,
5.583124319307606E-14,2.22835021765794E-9,6.368755135479689E-14,0.9999999977715266,
2.6173119806572195E-22,1.722152759687359E-9,1.931410031100799E-22,0.9999999982778505,
3.0493868589842895E-18,1.4730319231032848E-9,4.191885274051016E-18,0.999999998526965,
5.054389340410134E-18,2.8450340894430525E-9,8.169280935411243E-18,0.9999999971549638,
4.589130280360621E-18,2.8094380464351994E-9,9.312137112918316E-18,0.9999999971905602,
1.2015839722488688E-22,1.4713798453463515E-9,1.0583065832946711E-22,0.9999999985286259,
3.700010002487169E-18,1.5548362166876695E-9,3.414156058751054E-18,0.9999999984451637,
3.1179749744811384E-18,1.1350773964064546E-9,3.698153235263748E-18,0.9999999988649204,
1.4404077018923844E-22,1.0664153425249786E-9,1.992762221276201E-22,0.9999999989335819,
1.52913886614004E-18,1.0377055005414267E-9,2.9051231493532167E-18,0.9999999989622967,
3.833272833855663E-18,1.3986008214590015E-9,4.0353955896399256E-18,0.9999999986013961,
3.460668715873086E-18,1.327037386146315E-9,3.3232556281240496E-18,0.9999999986729637,
3.648932463518643E-18,1.2984223275083527E-9,2.4315675445142267E-18,0.9999999987015791,
2.2407348774023585E-18,1.240754156956456E-9,2.0202737482101956E-18,0.9999999987592432,
1.0770193282776687E-22,1.0620507058171527E-9,1.4599533603080696E-22,0.9999999989379553,
2.7061537066514236E-18,1.0417807295673401E-9,1.2039775233215026E-18,0.9999999989582165,
2.337140774146919E-18,8.530958837839238E-10,2.208237298125268E-18,0.9999999991468975,
1.5881345924686038E-18,8.15919569237775E-10,1.9971770063800895E-18,0.9999999991840856,
1.9601258680113433E-18,7.810750461512531E-10,1.3660450552341288E-18,0.9999999992189181,
1.5341912085046804E-18,6.375546762369341E-10,1.8089893620922112E-18,0.9999999993624442,
1.3645052371389404E-18,6.115693411900158E-10,1.839670492250253E-18,0.9999999993884252,
1.2280778911108535E-18,4.5004545930116675E-10,1.1234045356669565E-18,0.9999999995499529,
1.0343026174864487E-18,4.318033895445538E-10,1.521711681113E-18,0.9999999995681961,
1.1133450674774692E-18,4.14466341036613E-10,9.959108099471233E-19,0.9999999995855333,
7.498334420723208E-19,3.9799563459619743E-10,8.328909018716949E-19,0.9999999996020001,
1.3160400375994756E-14,3.823961150681306E-10,1.436341024959497E-14,0.9999999996175752,
4.777478905313488E-19,3.674224049243633E-10,8.518405832456541E-19,0.9999999996325819,
1.1635225499849092E-14,3.534274844826437E-10,1.079427546332629E-14,0.9999999996465476,
6.300388747363128E-19,3.3969684338054836E-10,6.339905488041989E-19,0.9999999996603037,
6.9695797959648605E-19,3.268429753652812E-10,5.576071645709794E-19,0.9999999996731574,
8.260137839800894E-19,3.1454116331510785E-10,7.350866162034353E-19,0.9999999996854605,
3.889886455128646E-19,1.7685806110962395E-10,1.5606227874070253E-19,0.9999999998231353,
5.233987968923014E-15,1.7030674510120886E-10,4.688686546159739E-15,0.9999999998296865,
4.0681317713616025E-19,1.635603234489157E-10,2.7013987069114934E-19,0.9999999998364366,
1.2181972232952262E-23,1.5524157642550983E-10,2.0224703864311356E-23,0.9999999998447606,
2.431137412440468E-19,9.46327033241938E-11,1.260744715285634E-19,0.9999999999053681,
1.3363817894470037E-19,7.067095476240736E-11,2.1664019887384691E-19,0.9999999999293294,
1.1836544865912574E-19,6.501912754804584E-11,1.2133785458220753E-19,0.9999999999349818,
1.1660651368893487E-19,6.227552654641359E-11,1.4209441685803928E-19,0.9999999999377192,
1.0756233471830964E-19,5.985283644362876E-11,1.2021885166207953E-19,0.9999999999401403,
1.0968132315524014E-19,5.76417492118305E-11,1.036433318356199E-19,0.9999999999423572,
3.6869258259281834E-20,5.5524015676243E-11,7.334264105624878E-20,0.9999999999444746,
6.679271523303621E-20,5.351204383039096E-11,3.596352749666756E-20,0.9999999999464926,
5.952145363906159E-20,5.158489589540835E-11,1.0062708699341235E-19,0.9999999999484146,
2.0083301121600114E-24,4.521904840590072E-11,6.048474730674954E-24,0.9999999999547828,
4.627686326453181E-20,3.687564308526504E-11,4.468988907103657E-20,0.9999999999631246,
3.3741060795258585E-20,3.9407687948663064E-11,7.46227122677716E-20,0.9999999999605915,
9.131863075712664E-25,3.655833070153415E-11,1.0781120207260576E-24,0.9999999999634444,
3.442429943624085E-20,3.639181629395935E-11,4.2561774384761726E-20,0.9999999999636024,
3.8322632856317093E-20,3.4193775824029864E-11,6.765915020966574E-20,0.9999999999658051,
7.894793690596377E-20,7.207872618030458E-11,1.1238801083303294E-19,0.9999999999279261,
3.99051073298012E-20,6.929333699177949E-11,1.5568647570608384E-19,0.9999999999307043,
7.612063158848142E-20,6.469875181305576E-11,1.215421315275579E-19,0.9999999999352962,
4.3932302934854885E-20,6.258228909321629E-11,7.659713103191182E-20,0.9999999999374154,
9.159924799658055E-20,6.057455120154207E-11,6.148158815261612E-20,0.999999999939428,
4.215035408971054E-20,5.1856334048911195E-11,4.4483699448071524E-20,0.9999999999481428,
2.036633528562378E-20,3.971583541765158E-11,6.80248014085091E-20,0.9999999999602789,
1.1725878896331756E-20,3.844943993114835E-11,4.388107890720485E-20,0.9999999999615543,
2.821917761893053E-20,2.6581859208200453E-11,1.8960169311242568E-20,0.9999999999734204,
1.6168155656069544E-20,1.7895587157668405E-11,7.000858655158453E-21,0.9999999999821014,
1.3244137748425247E-20,1.572566342719587E-11,2.1244553439114075E-20,0.9999999999842775,
8.249655817728469E-21,1.522671237756334E-11,1.3074125244534385E-20,0.9999999999847766,
1.078751672564393E-20,1.4671608626074976E-11,9.86466356489439E-21,0.9999999999853273,
9.355846748855374E-21,1.422044355106713E-11,1.174604578897113E-20,0.9999999999857803,
1.394339967168336E-20,1.3750177281110274E-11,1.122029621023551E-20,0.9999999999862546,
1.2757467172677624E-20,1.4200507870323279E-11,5.835029278861231E-21,0.9999999999857998,
1.1784855480369928E-20,1.3581004356942989E-11,1.0729489809045839E-20,0.9999999999864198,
1.0014946584997814E-20,1.2176247355666225E-11,9.263966187160452E-21,0.9999999999878231,
9.950715712488277E-21,1.1854304158649596E-11,6.851340259169998E-21,0.9999999999881499,
1.5442267173558296E-20,1.4171523974133974E-11,9.940770115598348E-21,0.99999999998583,
1.464539906986125E-20,2.0478936479478845E-11,1.6579022788409555E-20,0.9999999999795239,
1.704630288827599E-20,1.9842809866412838E-11,2.0951013903441864E-20,0.9999999999801528,
9.301659015558414E-21,1.8692514985145377E-11,1.079684907666263E-20,0.9999999999813074,
1.2263675761418505E-20,1.6811263247270202E-11,1.5914306905292656E-20,0.9999999999831886,
1.6645060223411115E-20,1.6326702186972044E-11,1.1297561185949922E-20,0.9999999999836682,
9.310313267474865E-21,1.41021231750116E-11,1.910910388140548E-20,0.999999999985894,
9.602149886308814E-21,1.3264510259205309E-11,1.2895352401132657E-20,0.9999999999867342,
1.3663995074580036E-20,1.2886907187270115E-11,1.3191851895856915E-20,0.9999999999871125,
8.711365287055358E-21,1.2520990382692115E-11,1.0412672898485765E-20,0.9999999999874785,
9.756357086927337E-21,1.217030180806769E-11,4.724548562990461E-21,0.9999999999878284,
9.340936936868272E-21,1.1866865683846056E-11,9.103367391294581E-21,0.9999999999881339,
1.876122505357966E-20,2.0963245268968834E-11,1.606088786989019E-20,0.999999999979039,
2.3635192880399485E-20,2.0270498657030528E-11,9.482379863762547E-21,0.9999999999797264,
1.9598437918844133E-20,1.9657867095615997E-11,1.7139209541625477E-20,0.9999999999803357,
1.012505597898946E-20,1.9139442543767987E-11,1.7688396030672187E-20,0.9999999999808615,
1.2211124878962695E-20,2.201143662855049E-11,2.299952984363941E-20,0.9999999999779838,
1.7157222423719428E-20,2.1405761879422664E-11,2.079549805348302E-20,0.9999999999785896,
1.4564313888529402E-20,2.0855251910398092E-11,2.3495106562971926E-20,0.9999999999791456,
1.631527811605273E-20,2.0345305419183592E-11,1.5551843990395766E-20,0.9999999999796589,
1.4186185374325636E-20,1.98009158415696E-11,1.8185650604822435E-20,0.9999999999801972,
1.508240076759736E-20,1.9296585835578005E-11,2.893232363948339E-20,0.9999999999807017,
1.6372189011475646E-20,1.8809021128022082E-11,1.5558985193053893E-20,0.9999999999811919,
1.138317817563667E-20,1.4552843238387133E-11,4.220532662102915E-21,0.9999999999854499,
1.1139625135565725E-20,1.4187396672237141E-11,7.06076195404406E-21,0.9999999999858105,
1.674891978513023E-20,1.3830560706421587E-11,6.32261496197032E-21,0.9999999999861764,
1.2070069592723428E-20,1.5208085907714863E-11,6.627254915387223E-21,0.9999999999847979,
6.878468536009631E-21,1.4335106449873469E-11,1.101419121143179E-20,0.9999999999856701,
6.574031346026744E-21,1.3279883456180793E-11,1.1254487316369034E-20,0.99999999998672,
7.609352798602168E-21,1.369965265093982E-11,1.0919264730019292E-20,0.9999999999863025,
2.0875006100842106E-20,2.3969120184838792E-11,1.520249329415737E-20,0.9999999999760298,
2.6389812224066263E-20,2.3394892963617062E-11,1.4443197483076363E-20,0.9999999999766,
2.240305420780471E-20,2.284049636702019E-11,1.8067624710819325E-20,0.999999999977156,
2.2456439871206977E-20,2.2309572390474634E-11,1.7000300935869932E-20,0.9999999999776907,
1.2125642484430884E-20,1.52640862064618E-11,9.118497655121769E-21,0.9999999999847358,
1.2072509827686042E-20,1.4906487124373162E-11,8.995795759529906E-21,0.9999999999850946,
1.5213968531822138E-20,1.4558539168775385E-11,9.797730224029364E-21,0.9999999999854374,
1.1756012136041153E-20,1.422465934571148E-11,8.486299421923993E-21,0.9999999999857714,
9.906234901767871E-21,1.3905435914741351E-11,1.162353920641919E-20,0.9999999999860929,
1.175430162342333E-20,1.358036926486857E-11,9.591287304351767E-21,0.9999999999864233,
5.76544467867481E-21,1.3271239329831202E-11,1.613140242985234E-20,0.9999999999867235,
8.830831712353336E-21,1.3214241020258764E-11,5.6541853825842076E-21,0.9999999999867821,
1.1131364418408786E-20,1.2811060023918596E-11,7.225677065730262E-21,0.9999999999871925,
1.068385792110219E-20,1.2441094625615987E-11,1.0317376136835524E-20,0.9999999999875602,
1.0432891078503897E-20,1.1061063686125716E-11,8.125780535036319E-21,0.9999999999889368,
7.880273582214367E-21,1.0779712601763384E-11,7.709695598897799E-21,0.9999999999892211,
5.8854001841113924E-21,1.0747858234940618E-11,1.0459168014127087E-20,0.9999999999892513,
5.263063117528464E-21,1.0486702194960648E-11,9.978456728224287E-21,0.9999999999895142,
5.57361024936363E-21,1.028342838407619E-11,6.122394719517622E-21,0.9999999999897149,
6.286015782022506E-21,1.0175810314343301E-11,7.58981489604668E-21,0.9999999999898233,
1.1182586932712342E-20,9.81047089855764E-12,7.729221563111022E-21,0.9999999999901839,
7.314555385721174E-21,9.612743103318923E-12,8.930333924713353E-21,0.9999999999903881,
5.335352284114075E-21,9.43323307007514E-12,6.607306825282171E-21,0.9999999999905658,
5.691098003396534E-21,9.23414938251812E-12,6.549108805191111E-21,0.9999999999907647,
5.921126470108725E-21,8.990108129836139E-12,1.1714926951877408E-20,0.9999999999910152,
4.597939533205519E-21,8.851730153480386E-12,7.858932053631864E-21,0.9999999999911449,
1.0152376512198712E-20,8.638106509083585E-12,2.2417572440328622E-21,0.9999999999913562,
1.4091332951560447E-20,2.8721632067622064E-11,2.482880528677266E-20,0.9999999999712834,
1.6265350197925872E-20,2.8462948606367973E-11,1.7340119747052565E-20,0.9999999999715374,
2.0201507848644482E-20,2.7613909552406642E-11,3.310215768728168E-20,0.9999999999723901,
1.571648240342562E-20,2.4746265294162167E-11,2.927630203216258E-20,0.9999999999752536,
1.2911385310595328E-20,2.087997915312716E-11,1.6198703473424187E-20,0.9999999999791171,
1.4631029216507852E-20,1.8496576266126668E-11,8.572810411567566E-21,0.9999999999815063,
1.7021553639007885E-20,1.7776889770649764E-11,1.3723594415106475E-20,0.9999999999822222,
9.860168938579399E-21,1.7622400649829815E-11,1.3094166600338741E-20,0.9999999999823768,
1.100921298614368E-20,1.3158544376317169E-11,7.6526779768619E-21,0.9999999999868407,
7.489397616366258E-21,1.2869602096464513E-11,6.493648464766513E-21,0.9999999999871338,
1.1168570226162405E-20,1.1597580851107409E-11,1.037023023099817E-20,0.9999999999884057,
5.35099634322932E-21,1.1353711887914174E-11,1.0423005699225969E-20,0.9999999999886455,
7.542882998032854E-21,1.1110423361350866E-11,7.53174216139749E-21,0.9999999999888836,
5.878110099449197E-21,1.0896742422807634E-11,1.102075406798844E-20,0.999999999989102,
5.89308445649122E-21,9.175649271175835E-12,9.861665291548378E-21,0.9999999999908251,
1.998859263165751E-20,2.0565360133328593E-11,8.13211632041476E-21,0.9999999999794404,
2.2628430752700234E-20,2.0042421266879938E-11,7.996092634519659E-21,0.9999999999799538,
1.2122723194961797E-20,2.2834528790265057E-11,1.8333965704634835E-20,0.9999999999771649,
4.8027743590597366E-20,4.6956073147679754E-11,3.252797964473358E-20,0.9999999999530456,
3.539100100035407E-20,4.581111682600017E-11,2.3062285822902568E-20,0.9999999999541895,
3.292501387425593E-20,4.5406891841694786E-11,2.807890274705859E-20,0.9999999999545928,
4.565212681624457E-20,4.4645252428376613E-11,1.5106180789252546E-20,0.9999999999553602,
1.5820158953098205E-20,4.184929041403789E-11,6.001375010234997E-20,0.9999999999581526,
2.465782213174653E-20,4.1131019223047467E-11,2.572910212774888E-20,0.9999999999588667,
3.294570855384119E-20,4.042363688221591E-11,2.520621181416542E-20,0.9999999999595772,
2.0278439034802994E-20,3.5941936909746234E-11,4.157372514335985E-20,0.9999999999640625,
3.191235377397194E-20,3.5330929007611557E-11,2.703286953492955E-20,0.9999999999646736,
1.7863128818911135E-20,3.030524793239483E-11,2.532088023780397E-20,0.9999999999696936,
1.7390801032991903E-20,2.618473101099393E-11,2.6053063499441693E-20,0.9999999999738147,
1.1383632224250667E-20,2.574045428750302E-11,2.0190626500413977E-20,0.9999999999742588,
1.4103307678213487E-20,2.5275035396419687E-11,1.8073386075355917E-20,0.9999999999747224,
1.0498761748518375E-20,2.4917819748081923E-11,5.473334174258635E-21,0.9999999999750813,
1.4041229609663155E-20,2.4455560312754626E-11,7.804645467490743E-21,0.9999999999755431,
4.964065905021207E-21,1.8691394110313646E-11,7.702528123162558E-21,0.9999999999813038,
3.819406315209714E-21,1.8376046894085886E-11,4.696113590555715E-21,0.9999999999816254,
3.1429281853553293E-21,1.1635944710948924E-11,6.211616930180647E-21,0.9999999999883595,
5.102516012280533E-21,1.1437391313413134E-11,4.7022876719569E-21,0.9999999999885603,
3.3995366230667326E-21,1.1242981394535175E-11,6.7472338490507244E-21,0.9999999999887574,
4.541054619736815E-21,1.1052672087348327E-11,2.557912321007173E-21,0.9999999999889457,
4.711467294973647E-21,1.0865611853666579E-11,2.9041450976828643E-21,0.999999999989134,
2.759152443050843E-21,8.126031020285764E-12,4.0878390474059285E-21,0.9999999999918749,
2.791675939348665E-21,7.988309715142769E-12,2.1083320613084204E-21,0.9999999999920117,
2.0837860305936806E-21,7.853736553588768E-12,4.079956477932358E-21,0.9999999999921503,
3.243313416628152E-21,7.715401897654034E-12,3.5468325640170916E-21,0.9999999999922835,
1.9590150421297255E-21,5.4876442866528914E-12,9.493899761670692E-22,0.9999999999945182,
1.1494703302228522E-21,4.4062978245423715E-12,1.4314830635128893E-21,0.9999999999955929,
1.6923002956949621E-21,4.332201799096415E-12,1.2177349023370103E-21,0.9999999999956675,
1.6845486709224722E-21,4.008553401530786E-12,1.3325560716911216E-21,0.9999999999959943,
1.8303012666168256E-21,3.9409429141826235E-12,8.813479572650691E-22,0.9999999999960529,
1.1351275471018957E-21,3.3700850962007375E-12,1.3514889219595278E-21,0.9999999999966285,
4.624489371308958E-22,2.551179836604355E-12,1.7949113636238782E-21,0.9999999999974456,
7.388496157020527E-22,2.5079298499740934E-12,6.809456163349881E-22,0.99999999999749,
1.0280740267492133E-21,2.465586970527028E-12,7.408559379354304E-22,0.999999999997538,
2.76764679544161E-22,1.3506295076880327E-12,6.52466412057113E-22,0.9999999999986535,
4.776064994391593E-22,1.3274595942146441E-12,5.033698862153267E-22,0.9999999999986713,
3.5688306934175916E-22,1.3047712229467745E-12,7.156393618306054E-22,0.9999999999986908,
3.8272809213433515E-22,1.2825562025941119E-12,5.275582786347514E-22,0.9999999999987157,
4.439987449769601E-22,1.2608035411173413E-12,4.261661886116395E-22,0.9999999999987441,
4.999160643396793E-22,1.2391225288698287E-12,4.849930158124599E-22,0.9999999999987672,
4.050837550273326E-22,1.2186348114319515E-12,3.2414420920837597E-22,0.9999999999987814,
5.148423488304505E-22,1.1981767179705079E-12,3.170929670161453E-22,0.9999999999987974,
2.2753564965399956E-22,8.142622364111178E-13,2.543174725245922E-22,0.9999999999991847,
2.1238606329620713E-22,6.235425770852854E-13,1.792120135992488E-22,0.9999999999993712,
2.2072744234511845E-22,6.129472742885562E-13,1.3483499142724846E-22,0.9999999999993889,
2.352292505360649E-22,6.024495250484677E-13,2.7068343198681298E-22,0.999999999999396,
1.8739906487876754E-22,5.97184284042906E-13,1.2125025369315863E-22,0.9999999999994014,
1.1803071973559225E-22,4.659294798587716E-13,1.2908417042822487E-22,0.9999999999995293,
9.154622686699675E-23,4.582321585541916E-13,1.5809379733774376E-22,0.9999999999995435,
1.2659130460486112E-22,4.040697293576289E-13,2.707868114253953E-22,0.9999999999995968,
6.056367576090536E-23,4.470397910368409E-13,1.8654481926592234E-22,0.9999999999995506,
1.4797298970745214E-22,4.607199766138976E-13,8.013932893129038E-23,0.9999999999995346,
2.1311059039870667E-22,4.5313781602150595E-13,1.16316163715653E-22,0.9999999999995453,
1.5151460975550626E-22,4.4343395038416205E-13,1.4009354913865034E-22,0.9999999999995577,
1.1471612463370646E-22,4.3611766153293103E-13,1.4336472554194232E-22,0.9999999999995666,
1.2009915165374027E-22,4.289452795708481E-13,1.6012805556940766E-22,0.9999999999995737,
8.15147580454948E-23,4.219233131260262E-13,1.257386484144867E-22,0.999999999999579,
1.6149669481344778E-22,4.150892459856762E-13,1.0358077033810041E-22,0.9999999999995914,
9.600213305668653E-23,4.0830348114357585E-13,8.849251389247893E-23,0.9999999999995914,
1.4062080419594686E-22,4.0161190872215773E-13,1.2152430372102398E-22,0.9999999999995968,
8.426863823037501E-23,3.949937469196572E-13,1.4551820517648983E-22,0.9999999999996003,
8.743968568740314E-23,3.8883901062202437E-13,1.3365278801702945E-22,0.9999999999996074,
1.3751711054256696E-22,3.473919124501361E-13,1.1488572421578218E-22,0.9999999999996536,
1.0920070995640855E-22,3.418217738615237E-13,1.0932840413822787E-22,0.9999999999996589,
8.724239413416314E-23,2.8644784744781563E-13,3.576947844570798E-23,0.9999999999997122,
1.190817769951157E-22,2.886729193599117E-13,5.685075158948221E-23,0.9999999999997105,
1.8612278423717294E-22,6.066736812214661E-13,1.736266988000527E-22,0.9999999999993978,
1.89508188068795E-22,5.973316839211674E-13,2.1610357781829543E-22,0.9999999999994014,
1.8439114500126707E-22,5.961902056162365E-13,1.363994761082781E-22,0.9999999999994049,
3.7050450056281344E-22,1.4673066019817006E-12,4.269408224203219E-22,0.9999999999985256,
3.3343300419580513E-22,1.4456907675759323E-12,5.609876657958243E-22,0.999999999998554,
4.96391856330272E-22,1.1771846564110974E-12,3.480454410590321E-22,0.999999999998824,
8.36813774199661E-22,2.0795282520278667E-12,5.228049464415668E-22,0.9999999999979163,
4.104057458164621E-22,1.662396471856306E-12,6.595506659055964E-22,0.9999999999983391,
2.9796394461901685E-22,1.6383940452272333E-12,6.301132864968423E-22,0.9999999999983569,
2.886451619468507E-22,1.1460369528988477E-12,4.2201784339555326E-22,0.9999999999988578,
3.333223549364374E-22,1.1288849399078001E-12,3.181466836190186E-22,0.999999999998872,
4.8825006227012E-22,1.1114477501228197E-12,5.447585199313912E-22,0.9999999999988933,
3.24653691124803E-22,1.0968357835145679E-12,4.358678028459425E-22,0.9999999999989093,
3.3749646024555487E-22,1.0810057857555856E-12,3.0652466766393553E-22,0.9999999999989235,
3.695491638900725E-22,1.6006672464840085E-12,6.129631044819431E-22,0.999999999998403,
5.185112766641449E-22,1.5773963286662307E-12,4.575291776395216E-22,0.9999999999984208,
4.496270287517167E-22,1.4040671045492327E-12,5.056095702473383E-22,0.9999999999985913,
1.1548538392128332E-21,2.5805095979745805E-12,7.821442874044965E-22,0.999999999997419,
5.18845612341638E-22,2.432166762825483E-12,1.24451281971609E-21,0.9999999999975682,
6.210689419659589E-22,2.394992164418994E-12,7.504057989222879E-22,0.9999999999976055,
5.737905049362828E-22,2.3628788840945425E-12,7.192527405310347E-22,0.9999999999976321,
7.173607290236625E-22,3.88514941169797E-12,1.5732275603125072E-21,0.9999999999961098,
6.99546060543698E-22,3.326116721314926E-12,1.4479593462841068E-21,0.9999999999966782,
6.554479750457693E-22,1.8637494617066014E-12,6.687822828077867E-22,0.9999999999981384,
5.74520421288273E-22,1.6645166724478547E-12,6.335199109085826E-22,0.9999999999983356,
1.1056025862113126E-21,3.0042390424047076E-12,1.215117465673664E-21,0.9999999999969926,
7.133585744222118E-22,2.1425935998621615E-12,5.168411695223162E-22,0.9999999999978524,
4.210342861360389E-22,1.9855238678172886E-12,5.401553085961262E-22,0.9999999999980194,
5.280643246470574E-22,2.0871007177254028E-12,9.35296777742909E-22,0.9999999999979128,
6.743112238967234E-22,1.9150498396747615E-12,5.632921688658498E-22,0.9999999999980833,
9.665205837661263E-22,2.0323193759346576E-12,5.690982702003631E-22,0.9999999999979696,
9.415661614947466E-22,3.162477125781609E-12,1.0121942866843593E-21,0.9999999999968399,
9.673692474455968E-22,3.121459638162242E-12,9.297170053360976E-22,0.9999999999968843,
1.0415157880206751E-21,2.2806580661484087E-12,2.954693096887537E-22,0.9999999999977192,
8.719206757959534E-22,2.250614788891899E-12,5.732198449086669E-22,0.9999999999977494,
4.8329278876558805E-27,1.8129147030150262E-12,7.32503835951005E-27,0.9999999999981881,
6.86298532928613E-22,2.087122497184496E-12,4.793388656425423E-22,0.9999999999979128,
6.440541960819669E-22,2.0078655244693287E-12,8.44928366475232E-22,0.9999999999979909,
2.0641725196780654E-22,1.972201032650145E-12,1.0205598355980481E-21,0.9999999999980211,
3.2317602635968717E-22,1.944530538156794E-12,7.038967265030118E-22,0.9999999999980549,
1.0357607122233727E-21,2.3828686551237792E-12,1.0262261727289708E-21,0.9999999999976161,
7.944615814543313E-22,2.3529122756862433E-12,9.87213741116851E-22,0.9999999999976499,
7.711373260126037E-22,2.323398970778203E-12,1.0530165927969137E-21,0.9999999999976765,
8.079043965503521E-22,2.29437486318299E-12,4.796282109508022E-22,0.9999999999977067,
5.454208847844426E-22,2.265785311221461E-12,7.144914502294231E-22,0.9999999999977369,
8.477991262608353E-22,2.2379764254565303E-12,5.825952112431627E-22,0.9999999999977618,
2.5956344551063706E-22,1.6818320600935322E-12,5.64777441249817E-22,0.999999999998316,
4.012592683385884E-22,1.660717931902212E-12,6.013095063050076E-22,0.9999999999983356,
5.390334168260985E-22,1.4140267032199977E-12,4.633908534634009E-22,0.9999999999985878,
5.004075197316444E-22,1.3963633625264508E-12,5.559677382761875E-22,0.999999999998602,
5.533647880098715E-22,1.2737590368805218E-12,3.7465086111795984E-22,0.9999999999987264,
2.7022510844033064E-22,1.257895907042917E-12,3.136530017929819E-22,0.9999999999987406,
1.9878312644277837E-22,1.1351576778461569E-12,5.54443736247549E-22,0.9999999999988631,
5.453151257827699E-22,2.0055055918036655E-12,7.707670103643321E-22,0.9999999999979945,
3.8974126365754955E-22,1.981235106986948E-12,5.22844848383004E-22,0.999999999998014,
2.8675553194566438E-22,1.957326924554831E-12,4.335432582936549E-22,0.999999999998046,
6.504379269348909E-22,1.933774369973734E-12,6.262703113541941E-22,0.9999999999980691,
8.163782287419032E-22,1.9105736293377106E-12,5.563451418302157E-22,0.9999999999980869,
5.278307497405771E-22,1.8877176976598986E-12,8.076907037287549E-22,0.9999999999981117,
4.302915666014634E-22,1.8652117035238165E-12,5.702568463042537E-22,0.9999999999981348,
3.929789766814178E-22,1.045565293689245E-12,2.447850586441116E-22,0.9999999999989555,
2.5498633150504045E-22,6.904749755128624E-13,3.1298386577450215E-22,0.9999999999993143,
3.3450834220865875E-22,6.819852213962963E-13,2.58629677425101E-22,0.9999999999993161,
1.9517878942282766E-22,6.73626032526541E-13,2.817735655959052E-22,0.9999999999993214,
1.5267223900877717E-22,6.654143543393631E-13,2.5817803788141836E-22,0.9999999999993321,
3.767448009342677E-23,6.57276574509864E-13,2.3016892491552983E-22,0.9999999999993499,
1.5395684624485763E-22,6.492865554781907E-13,2.4570672302564083E-22,0.9999999999993534,
1.9426273120924724E-22,6.414170272972459E-13,2.0654970139831877E-22,0.999999999999357,
1.6746598242817738E-22,5.965247039968473E-13,2.2122585835136944E-22,0.9999999999994049,
1.6388390285435547E-22,5.893165032961579E-13,1.5685211655351743E-22,0.9999999999994138,
2.376993235754052E-22,5.822141727972265E-13,1.820854108650768E-22,0.9999999999994191,
1.3690536458442901E-22,4.521985566283711E-13,1.409665236104828E-22,0.9999999999995453,
1.5530844232535485E-22,4.4668489757989033E-13,1.1126280005932887E-22,0.9999999999995541,
8.529647948169133E-23,4.4127726476518715E-13,1.6927083055242162E-22,0.9999999999995612,
1.1177851283094778E-22,4.359688158707109E-13,1.944669035569415E-22,0.9999999999995666,
6.990851789932615E-23,4.3073846942445387E-13,1.4104985919401806E-22,0.9999999999995648,
1.3001987323727832E-22,3.2704548646933753E-13,8.01406035158676E-23,0.9999999999996714,
4.489728955700577E-23,3.231023407945551E-13,1.0430542087713839E-22,0.999999999999682,
1.4192410956961889E-22,3.1922378793684546E-13,7.382520617249368E-23,0.9999999999996838,
9.453015833953966E-23,3.153952010860261E-13,8.074980887410492E-23,0.9999999999996856,
7.884711590501444E-23,3.1162486057415513E-13,1.023562937921336E-22,0.9999999999996874,
1.1455018046581208E-22,3.0790972316468195E-13,7.677182956026495E-23,0.9999999999996927,
8.423072018118432E-23,3.0424915754611453E-13,8.760267907651388E-23,0.9999999999996945,
6.693593154420838E-23,2.127260295277156E-13,6.443710537521939E-23,0.9999999999997904,
6.744281495151973E-23,2.1017675223282754E-13,4.408277396514412E-23,0.9999999999997851,
5.161145317940626E-23,1.78630118437454E-13,6.319759735235991E-23,0.9999999999998224,
5.969138126481003E-23,1.764937005751725E-13,5.590784176577863E-23,0.9999999999998206,
4.8103404088565456E-23,1.7438476074517158E-13,2.6326908198681367E-23,0.9999999999998224,
4.2727801172196153E-23,1.7230165557830153E-13,5.668015929738667E-23,0.9999999999998312,
4.269489969816396E-23,1.4399929946380308E-13,3.1652564357733125E-23,0.9999999999998614,
3.7741208045480305E-23,1.0829487660028443E-13,2.928378906064211E-23,0.9999999999998899,
4.3226928452864134E-23,1.0699741624873241E-13,4.1595119596394144E-23,0.9999999999998952,
3.156743332254063E-23,1.0571488886455618E-13,2.0379636538417985E-23,0.9999999999998934,
3.1899474565697145E-23,1.1090704917697424E-13,2.729274011314423E-23,0.9999999999998881,
3.1756560197600143E-23,1.0953293891324937E-13,3.470140482232478E-23,0.9999999999998916,
3.883837470496595E-23,1.0823413398986552E-13,3.298184848492991E-23,0.9999999999998934,
3.116496655987262E-23,1.0695191650410963E-13,3.663355142494651E-23,0.9999999999998899,
2.883573852237264E-23,1.0568972860425469E-13,3.270827506683028E-23,0.9999999999998916,
4.558633600464574E-23,1.0444091449033579E-13,2.499146729908235E-23,0.9999999999998952,
2.708210029678001E-23,1.0322037948024257E-13,3.458028140277306E-23,0.9999999999998934,
5.032680448046813E-23,2.2641381053647383E-13,9.404376991892031E-23,0.9999999999997744,
1.0475567608904661E-22,2.2383964695222093E-13,7.335245361026157E-23,0.9999999999997744,
9.022119898910646E-23,2.326794708512112E-13,2.844830775454611E-23,0.9999999999997637,
3.8962756932088707E-23,2.300560108593409E-13,8.490927647542484E-23,0.9999999999997744,
4.6079138310351284E-23,2.2747171874526827E-13,9.494946677945515E-23,0.9999999999997762,
3.7250115158692455E-23,2.249298697170883E-13,3.5745132078396396E-23,0.9999999999997726,
6.044822650005708E-23,2.224090604634263E-13,1.0264748829268152E-22,0.9999999999997833,
1.4620458092616538E-22,4.1827851271345254E-13,1.4973877914207445E-22,0.9999999999995826,
1.3627814913073466E-22,4.1373376513429903E-13,1.4873015261872165E-22,0.9999999999995914,
9.887738894244574E-23,3.538380849634186E-13,8.890063661489041E-23,0.999999999999643,
8.458121641018773E-23,3.499913077024525E-13,1.5108986624785406E-22,0.9999999999996501,
5.1652921415016904E-23,2.4969269677131234E-13,9.314742047167251E-23,0.9999999999997549,
9.941890572882433E-23,2.4695907237941666E-13,6.902936633261415E-23,0.9999999999997478,
7.318487874839725E-23,2.442620727870998E-13,5.733043772065392E-23,0.9999999999997566,
7.303033891656908E-23,2.416011971132161E-13,4.7989379229093067E-23,0.9999999999997566,
4.6825865499538696E-23,2.3897575487582115E-13,8.716193232832807E-23,0.999999999999762,
7.275617282390084E-23,2.3638538188847764E-13,8.979041321856972E-23,0.9999999999997655,
2.8304985823188404E-23,1.2736794349909136E-13,4.535489616800764E-23,0.9999999999998685,
2.656523503930693E-23,6.905993061722637E-14,1.2367642939423899E-23,0.9999999999999325,
5.93517321830189E-24,3.7557968408118975E-14,1.7979746508280567E-23,0.9999999999999662,
8.045787016810061E-24,3.71286639386292E-14,1.409125024967184E-23,0.9999999999999627,
4.027821231905798E-24,1.9544939236916367E-14,6.1260374521500116E-24,0.9999999999999751,
8.684683463056065E-24,1.931735820581967E-14,6.458936712074939E-24,0.9999999999999805,
5.7276447061668836E-24,1.727727972958933E-14,5.30197348639076E-24,0.999999999999984,
4.5203663609294024E-24,1.7075296540235468E-14,4.418482233935919E-24,0.999999999999984,
4.688699691243532E-24,1.6876961844855844E-14,4.071725849106768E-24,0.9999999999999876,
7.149405589940319E-24,1.668118056377486E-14,3.2961520289922765E-24,0.9999999999999858,
6.34186200699917E-24,1.539450303838578E-14,2.7152622294630923E-24,0.999999999999984,
5.418423192973505E-24,1.5216401671455265E-14,4.923653117552196E-24,0.9999999999999822,
3.88649120552433E-24,1.697104432752841E-14,5.03757569772927E-24,0.9999999999999876,
5.172064905226434E-24,1.6777616020543635E-14,4.802306179134032E-24,0.9999999999999822,
6.189213146409047E-24,1.6585715895326226E-14,5.73471857153148E-24,0.9999999999999858,
8.116527106321404E-24,4.075173790032192E-14,1.4033690235599728E-23,0.9999999999999591,
1.2425730771972671E-23,4.030219294136778E-14,7.305151282014773E-24,0.9999999999999556,
1.0854097189187834E-23,3.986048437161046E-14,6.931989336782328E-24,0.9999999999999538,
1.124585752588247E-23,3.942182436754333E-14,5.6323503039005244E-24,0.9999999999999574,
1.1334212982048445E-23,3.8990165591552033E-14,7.821977834393153E-24,0.9999999999999627,
8.422237059129114E-24,3.8564519493809826E-14,9.040303623361903E-24,0.9999999999999662,
7.473596213091794E-24,3.81447091472961E-14,1.186162204998252E-23,0.9999999999999662,
5.432645291791219E-24,3.7729609989009736E-14,1.2103704981370219E-23,0.9999999999999645,
1.1611103776196132E-23,4.668859739349442E-14,1.7607621699047787E-23,0.9999999999999503,
1.129313569386959E-23,1.0073042422717966E-13,9.348058553033385E-24,0.9999999999999005,
1.2054617234115823E-23,9.968163223585336E-14,7.463827015830237E-24,0.999999999999897,
1.3372391919261634E-23,9.864603932878491E-14,8.157935412415451E-24,0.9999999999999005,
8.912878947816658E-24,9.762389942984774E-14,1.3881079318071037E-23,0.9999999999998987,
1.5860858217146253E-23,9.661511692884675E-14,1.2182773909932385E-23,0.9999999999999023,
7.679837757949688E-24,9.561997220836545E-14,1.2738074470924179E-23,0.9999999999999112,
6.0181162837964736E-24,7.515986298760948E-14,7.310015744550444E-24,0.9999999999999183,
5.538950288747179E-24,7.438154013480999E-14,8.063149852486446E-24,0.9999999999999272,
5.717908526731976E-24,7.361294479928346E-14,6.70901487817384E-24,0.9999999999999307,
6.817984224167114E-24,7.281322735708888E-14,8.923913270248756E-24,0.9999999999999325,
7.291957506931659E-24,7.207653972747322E-14,6.1570029186018706E-24,0.999999999999929,
5.89534244104884E-24,6.318153421326448E-14,8.728362044827147E-24,0.999999999999936,
6.0177235735791475E-24,5.785641660226502E-14,7.947583661834867E-24,0.9999999999999449,
7.696421489722089E-29,5.5802435862709396E-14,5.858891865644089E-29,0.9999999999999414,
1.117708016964308E-23,1.1623131961082742E-13,7.566345286849547E-24,0.9999999999998881,
9.90630153688629E-24,1.1393221089008677E-13,9.226372955301226E-24,0.9999999999998881,
8.300017121939024E-24,1.1268592268117238E-13,1.2473043416396598E-23,0.9999999999998863,
8.305587660721249E-24,1.1157323801127296E-13,1.1000106746623374E-23,0.9999999999998863,
1.3261426013414626E-23,1.1046229519274752E-13,8.31290270496496E-24,0.9999999999998845,
1.2368276433385163E-23,1.320194202089905E-13,1.7975804051305846E-23,0.999999999999865,
1.0120975117736939E-23,1.3072396850898804E-13,1.8075867696734888E-23,0.9999999999998739,
1.6206264694934117E-23,1.335590878959841E-13,1.43622724098101E-23,0.9999999999998668,
6.491395895893855E-24,1.256055495639849E-13,1.0021001149348324E-23,0.9999999999998703,
1.142461826354152E-23,1.24381189752875E-13,1.3062568978172832E-23,0.9999999999998792,
1.83199172454691E-23,2.5153638508288247E-13,2.4681859255829802E-23,0.9999999999997531,
1.6239202142667332E-23,2.4915917933593375E-13,2.939402245927139E-23,0.9999999999997495,
2.7382861108308657E-23,2.4680900671163385E-13,2.475102360553287E-23,0.9999999999997513,
1.9684796601199783E-23,2.44486264808335E-13,3.0231804905689054E-23,0.9999999999997584,
1.8077994771444513E-23,1.5165813935275645E-13,1.2508689915340693E-23,0.9999999999998526,
1.8367164715749368E-23,1.5021195106135306E-13,1.0378659809027273E-23,0.9999999999998472,
9.63801278013337E-24,1.4878292220351681E-13,1.6555442645422802E-23,0.999999999999849,
4.94681617552475E-24,6.021866348177604E-14,6.71910851747677E-24,0.9999999999999432,
4.468517352952674E-24,7.536419256494155E-14,8.801404522665083E-24,0.9999999999999183,
6.376422055408246E-24,7.463429349945493E-14,7.078764472989814E-24,0.9999999999999236,
3.7317077135976055E-24,4.9548334328645055E-14,4.552055839387162E-24,0.9999999999999503,
5.027898122906801E-24,4.9063687859992E-14,5.635635396135353E-24,0.9999999999999503,
3.0140474557916462E-24,4.858481095532816E-14,4.592750284128293E-24,0.9999999999999503,
5.085676887942647E-24,4.8111620670027796E-14,4.459918816399941E-24,0.999999999999952,
3.484865353748945E-24,4.031626105555871E-14,3.269858194182091E-24,0.9999999999999556,
4.8850632222765494E-24,3.976499757328514E-14,3.6228630164482366E-24,0.9999999999999538,
4.424357513426235E-24,3.953095200179968E-14,3.803066619283256E-24,0.9999999999999609,
2.7992676848764074E-24,3.9150972441970276E-14,5.802330479275916E-24,0.9999999999999538,
4.6197296753301345E-24,4.0861702092493025E-14,3.263970027667685E-24,0.9999999999999556,
7.908191597896438E-24,8.375509243978501E-14,7.549380803557294E-24,0.999999999999913,
8.515753807410089E-24,8.781909514005317E-14,1.2621381028950442E-23,0.9999999999999165,
8.045324095941841E-24,8.699537755507343E-14,1.1437838955972585E-23,0.999999999999913,
7.503412967817192E-24,8.617459486466086E-14,8.733429292679451E-24,0.9999999999999165,
8.759000443156695E-24,9.008901326468423E-14,3.749261938252281E-24,0.9999999999999076,
9.94677054469832E-24,9.510513967900228E-14,8.366421522578564E-24,0.9999999999999041,
4.7912801032533276E-24,9.421793338070815E-14,1.1109963128389708E-23,0.9999999999999041,
5.5407814302115416E-24,9.753317666284242E-14,1.358974712198689E-23,0.999999999999897,
6.786183516963017E-24,9.657787366470104E-14,1.1867839705530001E-23,0.9999999999999023,
1.6968005153245524E-23,9.570650194780181E-14,5.730966041180552E-24,0.9999999999999076,
7.252381783603514E-24,9.487930228184731E-14,1.0301133735484435E-23,0.9999999999999041,
1.1242806617743503E-23,9.400822360317224E-14,3.648524042148009E-24,0.9999999999999059,
6.436445935946055E-24,9.31514673427707E-14,1.2449481080016963E-23,0.9999999999999094,
9.051848326065579E-24,9.230527141696084E-14,7.092317393439574E-24,0.9999999999999076,
1.1952798105297726E-23,9.146329318197127E-14,9.457517578331048E-24,0.9999999999999094,
6.1517238537848774E-24,9.064111952185711E-14,4.285150359013773E-24,0.9999999999999041,
4.574075583373002E-24,8.982232256878797E-14,1.0121739442762758E-23,0.9999999999999094,
8.677029060988571E-24,8.901284214131254E-14,7.992120670723267E-24,0.9999999999999059,
4.8452536903018015E-24,5.474053116596173E-14,4.209170759887668E-24,0.9999999999999396,
2.7221083534255694E-24,5.424074594619044E-14,5.5515776076509285E-24,0.9999999999999396,
5.592525106993889E-24,5.2897841041857084E-14,2.8422903165178475E-24,0.9999999999999503,
4.340028370970946E-24,5.241646995842435E-14,4.4272983841624925E-24,0.999999999999952,
4.5582650549008265E-24,5.1940492731814294E-14,4.644195418616556E-24,0.999999999999952,
3.475548988968477E-24,5.146988461043594E-14,5.1327219132233676E-24,0.999999999999952,
5.0025184851884165E-24,5.1004451369736055E-14,3.100044141456744E-24,0.9999999999999503,
6.281331997020634E-24,5.0543962916675656E-14,2.089423307875882E-24,0.9999999999999485,
2.82997924348183E-24,4.3955542518136285E-14,5.060553263156361E-24,0.9999999999999556,
4.042792503619279E-24,4.3558509068501995E-14,3.263640561194493E-24,0.9999999999999574,
2.521499450318676E-24,4.3165994604426635E-14,1.9688647662316888E-24,0.9999999999999591,
3.888716470596702E-24,4.2777746752893894E-14,4.360843133591266E-24,0.9999999999999591,
2.6433081501534955E-24,3.999023622877133E-14,3.603619403952714E-24,0.9999999999999609,
4.265084761234289E-24,4.873932129376361E-14,3.435341961232614E-24,0.9999999999999503,
2.142288049912686E-24,4.8305655750376153E-14,4.6612852606685116E-24,0.999999999999952,
4.1600310623169396E-24,4.787669369029496E-14,3.2225718051423102E-24,0.9999999999999538,
3.2989637613678805E-24,4.7452507510754335E-14,4.177798251221904E-24,0.9999999999999503,
2.0366776110081047E-24,4.703286918496753E-14,4.159904166518549E-24,0.9999999999999485,
2.698377300314255E-24,5.1941972992066194E-14,4.553062133455068E-24,0.9999999999999538,
2.149788751718444E-24,5.1486296387979963E-14,2.891783633029506E-24,0.9999999999999485,
3.259816501374874E-24,5.103545570027499E-14,5.078659900999816E-24,0.9999999999999503,
4.012258214179748E-24,5.0589445940063675E-14,3.999505017662731E-24,0.9999999999999467,
5.569326655632743E-24,9.694424309703302E-14,6.290929050491806E-24,0.9999999999998987,
7.966507821173499E-24,9.611986182403906E-14,3.499404528297179E-24,0.9999999999999005,
5.7845315080075834E-24,6.064588318208375E-14,5.9140375645316104E-24,0.999999999999936,
3.90772430705025E-24,6.012383669141805E-14,4.840455935132135E-24,0.9999999999999467,
6.267760779546595E-24,5.9607374460702E-14,6.409621495192537E-24,0.9999999999999432,
4.899303323286296E-24,5.904997122678649E-14,5.044116483207538E-24,0.9999999999999467,
3.088433282650348E-24,4.0279270663069093E-14,2.7254196780519008E-24,0.9999999999999609,
2.8535689171869657E-24,3.992962095232931E-14,4.542905555865506E-24,0.9999999999999556,
4.1669256387090116E-24,3.9584469751667575E-14,4.3642666496656235E-24,0.9999999999999591,
2.377432451441808E-24,3.924303660698163E-14,3.2990132759444612E-24,0.9999999999999591,
1.8946303271272737E-24,2.7084608371947825E-14,1.5463609716582394E-24,0.999999999999968,
1.746562219095638E-24,2.0926903050143506E-14,2.6811833870259173E-24,0.9999999999999787,
1.779308967661365E-24,2.0743579072696206E-14,2.0717508620128947E-24,0.9999999999999769,
1.2346049139447417E-24,1.6732483909504268E-14,5.5077866534613435E-25,0.9999999999999876,
6.431957629395703E-25,7.586859784623068E-15,4.812082281989647E-25,0.9999999999999893,
6.807553231902485E-25,7.518391822758079E-15,7.580470275585678E-25,0.9999999999999964,
8.868406036353143E-25,7.45080306688998E-15,7.6071070766987425E-25,0.9999999999999911,
7.267575421308314E-25,7.383948830342208E-15,5.555076163431955E-25,0.9999999999999893,
4.347561353268855E-25,7.31786870746282E-15,5.94924882492252E-25,0.9999999999999929,
8.373716521375515E-25,8.449875499596308E-15,4.639695295529712E-25,0.9999999999999911,
6.142675321621314E-25,8.374824783836253E-15,3.593150475059813E-25,0.9999999999999911,
5.088407498293206E-25,8.300587010179679E-15,7.86906390347142E-25,0.9999999999999929,
8.083160611614989E-25,8.227166552553335E-15,7.234181401913188E-25,0.9999999999999911,
5.845755883927257E-25,8.492128732444658E-15,4.53498790057408E-25,0.9999999999999929,
8.802668017116956E-25,1.9961707534955262E-14,1.289348272648347E-24,0.9999999999999805,
8.728471389633868E-25,1.832596761046573E-14,1.5436989989450102E-24,0.9999999999999787,
1.3195097551295891E-24,1.8137922967511774E-14,1.5136727647924894E-24,0.9999999999999805,
1.0554965908911806E-24,1.8978680902712646E-14,8.864334717187834E-25,0.9999999999999769,
1.3716759377096303E-24,1.791257896721284E-14,8.59373209043575E-25,0.9999999999999822,
1.1134194956371271E-24,2.0900835153487135E-14,1.5730472922217034E-24,0.9999999999999787,
1.864649568994064E-24,2.5726209879555763E-14,1.673976699039851E-24,0.9999999999999698,
1.23451315784506E-24,2.550234051177356E-14,1.1840195875810292E-24,0.9999999999999716,
1.8477810861077274E-24,3.0996243462743657E-14,1.5313936166470974E-24,0.9999999999999698,
2.425132172120797E-24,4.159676965222965E-14,3.1223890404027286E-24,0.9999999999999591,
3.624090309677395E-24,4.125873780712202E-14,3.0644208066712643E-24,0.9999999999999574,
5.0860686977879114E-24,5.096828743959739E-14,2.4227940849743695E-24,0.9999999999999467,
3.525084640336153E-24,5.070159263562213E-14,2.0947513371987826E-24,0.9999999999999485,
3.855032967055346E-24,5.0281652656846485E-14,3.1015268196880294E-24,0.9999999999999538,
4.1832591199708605E-24,5.532570755396505E-14,3.2251008658210735E-24,0.9999999999999414,
3.637407448388793E-24,5.488072372395723E-14,4.163928870287302E-24,0.9999999999999414,
2.0296808967904365E-24,5.444124629148101E-14,4.282675843414999E-24,0.9999999999999467,
2.610749126388173E-24,5.4008548099181094E-14,3.8172006263377115E-24,0.9999999999999449,
3.600479432143121E-24,5.357991322573344E-14,4.841982744026858E-24,0.9999999999999449,
3.9964364584439425E-24,5.318339894110433E-14,3.2559655026379842E-24,0.999999999999952,
2.623970133391241E-24,4.912247867057599E-14,2.8224698291967805E-24,0.999999999999952,
2.3905982231478923E-24,4.439550697305049E-14,2.881480962497432E-24,0.9999999999999574,
3.612509532764345E-24,4.40431841522889E-14,2.7011191772106054E-24,0.9999999999999591,
3.3695298316351056E-24,4.3694515126147116E-14,9.10613802356788E-25,0.9999999999999574,
2.7940841442496937E-24,3.7657723253357416E-14,2.8563560455006258E-24,0.9999999999999662,
1.1255300785629266E-24,3.7358787074670237E-14,3.2489021254071363E-24,0.9999999999999645,
2.43207999744416E-24,3.7063006501654715E-14,2.4480456228788506E-24,0.999999999999968,
2.6188205729357958E-24,3.6770071995027334E-14,2.352016966095879E-24,0.9999999999999662,
1.9727763550944537E-24,3.6480010757461096E-14,2.273071195108839E-24,0.9999999999999627,
1.5046037804933058E-24,2.8410879033363258E-14,2.8264415280229193E-24,0.9999999999999751,
3.9125474635527295E-24,6.260464506023851E-14,5.033283950643997E-24,0.999999999999936,
4.324786126006566E-24,4.726129430105851E-14,1.3933244240536542E-24,0.9999999999999503,
2.6700759816617803E-24,4.688954655254522E-14,3.4672170487073086E-24,0.9999999999999467,
2.3902491556548944E-24,4.6516598311909146E-14,2.1766058271761832E-24,0.9999999999999538,
4.420909859493969E-24,4.615668027626809E-14,1.4741679431677033E-24,0.9999999999999609,
2.869531583478984E-24,4.58058619715092E-14,2.3061765845009756E-24,0.9999999999999556,
2.362942285444784E-24,4.544725770143925E-14,3.421852134640278E-24,0.9999999999999538,
2.0723348610661006E-24,3.840174803756686E-14,2.4492925374395717E-24,0.9999999999999627,
1.936204944848082E-24,3.810522110271236E-14,2.4312859638585007E-24,0.9999999999999645,
2.5879991448302233E-24,3.781152928102828E-14,2.4421467939917193E-24,0.9999999999999609,
1.677663534351294E-24,2.6848422467567827E-14,1.926094919929382E-24,0.9999999999999698,
9.137312085069633E-25,1.2267118803725248E-14,6.879830535828327E-25,0.9999999999999858,
5.646022003874726E-25,7.124565566883538E-15,7.183355063599719E-25,0.9999999999999893,
4.0772723759268917E-25,7.066872029970855E-15,3.119371476281423E-25,0.9999999999999947,
3.2518831260112547E-25,7.009742343973876E-15,5.072963627450583E-25,0.9999999999999964,
3.667760576665923E-25,5.554142618930909E-15,4.222554644309688E-25,0.9999999999999911,
2.581912243155338E-25,5.509065423988886E-15,5.154218228915388E-25,0.9999999999999893,
3.43751271175223E-25,5.46443013432006E-15,4.733752737084223E-25,0.9999999999999929,
5.243564491876159E-25,1.0437495596667652E-14,5.309166775311371E-25,0.9999999999999893,
5.982087600364264E-25,1.0354990423513268E-14,8.98319697851713E-25,0.9999999999999893,
8.380209012341537E-25,1.0273190195458758E-14,6.966898155542592E-25,0.9999999999999964,
5.249218628302585E-25,1.0192286476501538E-14,6.540836310658425E-25,0.9999999999999947,
7.71324762835091E-25,1.0112168186952075E-14,6.83183669289701E-25,0.9999999999999964,
7.229143228883143E-25,1.0032819950088275E-14,6.208285163692628E-25,0.9999999999999947,
8.514116623721085E-25,9.954218462544934E-15,5.7144735324155E-25,0.9999999999999929,
5.294452400733657E-25,7.734554727215043E-15,4.0136968266661917E-25,0.9999999999999929,
3.6681477392415905E-25,7.673663642905765E-15,4.685806587405442E-25,0.9999999999999911,
2.998798509639141E-25,7.613392496029062E-15,7.12840524610534E-25,0.9999999999999929,
4.815884193106722E-25,7.553671672949887E-15,5.20084450917909E-25,0.9999999999999911,
2.858084288455417E-25,7.494612170317906E-15,7.688350142495481E-25,0.9999999999999929,
6.77910781847645E-25,8.758867703614075E-15,4.560509091558954E-25,0.9999999999999947,
6.5473085916295665E-25,8.690739663561489E-15,6.869253239768698E-25,0.9999999999999947,
7.007296725127547E-25,9.222463601090894E-15,6.441328599033993E-25,0.9999999999999929,
4.0115721417956986E-25,9.243701114919275E-15,7.145299705306591E-25,0.9999999999999929,
5.051030132365254E-25,1.0022275035806572E-14,9.202617359103796E-25,0.9999999999999911,
6.636750739930604E-25,9.944726877036444E-15,5.676124632717921E-25,0.9999999999999947,
5.233904782606603E-25,9.869932734568842E-15,7.254764219445762E-25,0.9999999999999893,
9.379350437394133E-25,1.206466461502776E-14,5.877569799212104E-25,0.9999999999999822,
6.142216230818571E-25,1.1971853122409032E-14,8.08354606959778E-25,0.9999999999999893,
1.1489001804686584E-24,1.4784109895569356E-14,6.184968155039923E-25,0.9999999999999893,
7.864922016252959E-25,1.4673246814746276E-14,1.1250874815487628E-24,0.9999999999999858,
5.637250494158862E-25,1.4563390748643923E-14,1.3873864021418355E-24,0.999999999999984,
7.58154980303154E-25,1.624482994105843E-14,1.963197010557728E-24,0.999999999999984,
3.2369907992219748E-24,3.503527511620568E-14,1.879800994627389E-24,0.9999999999999662,
1.8510908750985155E-24,3.478213866446922E-14,2.5180436647169607E-24,0.9999999999999662,
2.194943921831163E-24,3.453135829141686E-14,2.9935072291241847E-24,0.9999999999999609,
2.395639288439877E-24,3.4283052467059797E-14,2.9940883225476204E-24,0.9999999999999627,
3.2520666075865015E-24,3.403677157234952E-14,1.754322887560269E-24,0.9999999999999645,
1.8821844336687684E-24,3.379245089755054E-14,2.675547856697542E-24,0.9999999999999662,
1.6869965011425854E-24,3.3550303435219795E-14,2.2065538091807804E-24,0.9999999999999627,
1.85871648803567E-24,3.331031647454893E-14,2.635842267716002E-24,0.9999999999999645,
2.4665390153588934E-24,3.2891733141842305E-14,2.277943309068678E-24,0.999999999999968,
1.4840785092592662E-24,2.8999573017105903E-14,2.0344246139506932E-24,0.9999999999999734,
1.728866762857769E-24,2.879443193654968E-14,1.6612342505719367E-24,0.999999999999968,
1.663844281920904E-24,2.858740192350325E-14,2.250378931163272E-24,0.9999999999999698,
2.8381353898704465E-24,2.83832483285597E-14,1.3111317311410011E-24,0.9999999999999716,
1.8287959089707792E-24,2.818114741077651E-14,1.7901397544499336E-24,0.9999999999999734,
9.812920014361849E-25,2.798085796347604E-14,1.784068024716857E-24,0.9999999999999751,
1.3585161450168189E-24,2.154367331277662E-14,9.68734369272755E-25,0.9999999999999805,
1.6329205529851388E-24,2.1389782848694035E-14,6.7855260086973245E-25,0.9999999999999769,
1.3399986957642858E-24,1.73590702235337E-14,7.016856173238899E-25,0.999999999999984,
6.858625473075342E-25,1.3059507166928463E-14,1.0160117508346581E-24,0.9999999999999822,
8.407789094139644E-25,1.2965133673939352E-14,7.728108442667858E-25,0.9999999999999858,
9.134628501054966E-25,1.2871591969517362E-14,8.112952016273643E-25,0.9999999999999858,
2.3122637958652545E-25,8.768864063243176E-15,6.706422768382611E-25,0.9999999999999929,
6.789291547761925E-25,8.704975121348872E-15,4.546989407701986E-25,0.9999999999999947,
3.447842888889236E-25,8.641712935721708E-15,6.9646976233776435E-25,0.9999999999999911,
5.423642197784625E-25,8.578964902695254E-15,6.180170847562874E-25,0.9999999999999893,
5.711953145611488E-25,8.516771813448077E-15,6.577351461989446E-25,0.9999999999999947,
4.274756207048245E-25,6.8057851245981E-15,1.1991098864856053E-25,0.9999999999999911,
4.223102829500194E-25,6.756242220672549E-15,2.170044455725706E-25,0.9999999999999947,
5.7318058802927135E-25,6.707135679112957E-15,3.211699139628341E-25,0.9999999999999964,
8.713202462411509E-25,1.4822489876047324E-14,7.57134410606521E-25,0.999999999999984,
2.4848102863538868E-25,9.506857401993737E-15,6.790172078298448E-25,0.9999999999999964,
3.1433402807050533E-25,6.386367014118904E-15,2.986703932007392E-25,0.9999999999999929,
4.174586557405734E-25,6.340196871946599E-15,3.6468073570497557E-25,0.9999999999999911,
3.006900413894812E-25,6.294438442522286E-15,4.345363779918745E-25,0.9999999999999947,
4.4733792704936695E-25,6.249079209587692E-15,3.01954206453179E-25,0.9999999999999929,
4.503042273747135E-25,6.20411411919103E-15,3.1264215668396947E-25,0.9999999999999947,
3.338601066644087E-25,7.226787854796347E-15,6.22820860814382E-25,0.9999999999999911,
4.233779201292843E-25,7.17521362097463E-15,2.318724009321473E-25,0.9999999999999911,
2.285709759270233E-25,4.251837904937555E-15,2.1348314672825036E-25,0.9999999999999929,
2.9965362507351353E-25,4.221070033842315E-15,2.3038316568474975E-25,0.9999999999999929,
3.203906198026382E-25,4.190578257543877E-15,3.073786829671121E-25,0.9999999999999929,
6.899181270334678E-25,1.1668569264449696E-14,7.8153601756367465E-25,0.999999999999984,
6.7702881935197935E-25,1.1587078480038337E-14,7.9016442085021855E-25,0.9999999999999876,
3.932736247994949E-25,1.1506521297783786E-14,7.501953846292674E-25,0.9999999999999858,
5.956760720941948E-25,1.1426705248919923E-14,9.689931041591744E-25,0.9999999999999822,
4.256128395960569E-25,1.1347490706748539E-14,5.112811770214375E-25,0.9999999999999858,
3.211145908803621E-25,9.45429853846628E-15,6.157415706966582E-25,0.9999999999999893,
3.902198174292008E-25,7.962852310194911E-15,3.42851744242868E-25,0.9999999999999893,
4.338299759469465E-25,6.897065246365447E-15,3.4322429491368835E-25,0.9999999999999929,
7.496122334664922E-25,9.885337309868287E-15,3.2407070535187334E-25,0.9999999999999911,
4.802034194266704E-25,9.817101168457076E-15,6.397012652016722E-25,0.9999999999999947,
3.8696095872157675E-25,9.749466370605303E-15,7.249965569656831E-25,0.9999999999999911,
2.919074181123992E-25,9.59429278920326E-15,3.7134444507941846E-25,0.9999999999999964,
5.842071171566779E-25,9.767315169663113E-15,3.180549869001487E-25,0.9999999999999911,
4.917429694766006E-25,9.700583471193483E-15,4.271528731236815E-25,0.9999999999999893,
3.457761593720578E-25,9.63400252743825E-15,2.7947234174075464E-25,0.9999999999999929,
1.3834612690435587E-25,8.315759561374736E-15,2.547186290413145E-25,0.9999999999999929,
1.307383161859581E-25,8.258714082825014E-15,1.6999454819091215E-25,0.9999999999999929,
1.326747967370993E-25,5.8581247808812205E-15,1.2020410083082834E-25,0.9999999999999911,
1.1534717774921764E-25,5.8176196056529356E-15,1.8049706160506525E-25,0.9999999999999929,
1.8693723525718623E-25,5.777453660390917E-15,1.4397231657848827E-25,0.9999999999999893,
2.1489761329198456E-25,5.7376256009005274E-15,1.6578363545941679E-25,0.9999999999999947,
1.2215180415346348E-25,4.13317599226314E-15,1.1390126684526413E-25,0.9999999999999964,
9.539119797773821E-26,4.1044683359916215E-15,1.4082038169406885E-25,0.9999999999999964,
1.1685725846293005E-25,4.075996015691095E-15,1.1817344905917375E-25,0.9999999999999893,
1.1521911073078116E-25,4.0477726675805386E-15,1.5673510737447378E-25,0.9999999999999929,
1.1835479916579246E-25,4.0197802371981364E-15,1.459492063808503E-25,0.9999999999999964,
7.087786580416788E-26,3.992021089072993E-15,9.869787835325489E-26,0.9999999999999893,
9.105344227426829E-26,3.9761690468634664E-15,1.1173641413749415E-25,0.9999999999999929,
9.183906975532912E-26,3.840691894219492E-15,8.357327418056224E-26,0.9999999999999893,
4.993899322485287E-26,3.657575390010968E-15,8.583773690688348E-26,0.9999999999999893,
1.8339265837778496E-25,8.454001292482143E-15,2.8272909110349706E-25,0.9999999999999947,
1.5832528067407562E-25,8.397010318427486E-15,1.3773936621997113E-25,0.9999999999999929,
2.739808199941593E-25,8.341158158884259E-15,1.6913946516651552E-25,0.9999999999999929,
2.263630043859071E-25,8.285126003583737E-15,3.0614863570663563E-25,0.9999999999999929,
2.616383830908047E-25,8.230005018324924E-15,2.418097973658048E-25,0.9999999999999911,
1.8690203435705456E-25,8.175351867722545E-15,2.4451022443365485E-25,0.9999999999999947,
1.5078076710973702E-25,7.967850336486467E-15,1.474090645742626E-25,0.9999999999999964,
2.0042292067030904E-25,7.915016898025802E-15,1.9416401264253387E-25,0.9999999999999911,
1.3190660709764426E-25,7.71705200003262E-15,2.9642960329527294E-25,0.9999999999999964,
2.128474762094992E-25,7.674967085838217E-15,2.1144121676378977E-25,0.9999999999999929,
4.3742684232839005E-25,1.7352298353012942E-14,4.911456083102304E-25,0.9999999999999822,
3.9935000749098677E-25,1.7008664097260285E-14,3.6563389045262596E-25,0.9999999999999822,
6.60701734339331E-25,1.689708652910601E-14,3.8686759217957422E-25,0.999999999999984,
2.6417293314958434E-25,1.6794638637274048E-14,4.1325319454057753E-25,0.9999999999999876,
4.900303373433486E-25,1.668346859645038E-14,5.485665313816956E-25,0.999999999999984,
7.408116629331862E-25,1.6577090767582276E-14,2.9445715858184206E-25,0.9999999999999858,
5.527722944420007E-25,1.6471512897740917E-14,3.5798809003582924E-25,0.9999999999999858,
4.696802330748485E-25,1.52279754711079E-14,2.0615885225244204E-25,0.9999999999999858,
4.780463799403976E-25,1.51309853020286E-14,3.646460625716302E-25,0.999999999999984,
5.198748036155718E-25,1.5895184985900225E-14,2.4273555778334503E-25,0.9999999999999876,
3.462431684944256E-25,1.5794240545084242E-14,6.299231723561211E-25,0.9999999999999876,
4.047670835416066E-25,1.5694116658218207E-14,6.955332059738253E-25,0.9999999999999876,
3.17552257117878E-25,1.5595177710333852E-14,4.1332825482075626E-25,0.9999999999999876,
4.00218006667092E-25,1.2591808362757734E-14,2.878155890090906E-25,0.9999999999999876,
3.4377626781502274E-25,1.2582430275617603E-14,2.751478807214719E-25,0.9999999999999893,
4.192660088947981E-25,1.2419661658038608E-14,3.0698282414433046E-25,0.999999999999984,
3.756225377716239E-25,1.3081406169223159E-14,4.781906718229767E-25,0.9999999999999876,
3.7746137085275883E-25,1.2998975035595824E-14,3.7425711675438467E-25,0.9999999999999876,
4.426106179585407E-25,1.2917082578266566E-14,1.942474877357296E-25,0.9999999999999876,
3.0386527875795503E-25,1.229650891992988E-14,3.360377758367135E-25,0.999999999999984,
3.1712878191077394E-25,1.2218880198683783E-14,3.0729926943543126E-25,0.9999999999999876,
2.561564675916461E-25,1.2142272868450526E-14,2.4028883278622323E-25,0.9999999999999822,
2.217181720099968E-25,1.2065936656104946E-14,3.2629290664152356E-25,0.999999999999984,
2.3589033877020845E-25,9.142301504117952E-15,1.6334112638334687E-25,0.9999999999999947,
1.9074195176012355E-25,6.879757083058832E-15,1.1439056930802427E-25,0.9999999999999964,
1.3738777250976212E-25,6.836843903650497E-15,2.168059536940428E-25,0.9999999999999929,
1.2870469808032941E-25,6.793110141595843E-15,1.693305933738462E-25,0.9999999999999929,
1.9267270798666682E-25,6.748668369841696E-15,8.626589793746449E-26,0.9999999999999911,
2.8465595763443113E-25,6.705895195172492E-15,8.581920907114102E-26,0.9999999999999929,
1.280115022107738E-25,4.4785923314121096E-15,1.4269717279567341E-25,0.9999999999999929,
1.2127034651105437E-25,3.7825898164992765E-15,1.1510151283243777E-25,0.9999999999999929,
1.2564282892925847E-25,3.7582827245923375E-15,8.639454891421373E-26,0.9999999999999929,
7.108780916720359E-26,2.6246801341547295E-15,8.111897480773386E-26,1.0,
2.6939970704548707E-26,2.028537189089503E-15,5.843271167841186E-26,1.0,
5.632325157809961E-26,1.5905542663003784E-15,3.4054393247103926E-26,1.0,
4.5759382996511985E-26,1.5800968621800459E-15,3.015530306656147E-26,1.0,
2.4493692074008625E-26,1.5698219804438334E-15,1.9494212100914453E-26,1.0,
3.126683726235367E-26,1.5594749275972874E-15,5.216800587011147E-26,1.0,
3.3767654604923E-26,1.4111711319884091E-15,5.873851477595191E-26,1.0,
2.0924576243078008E-26,1.4019295650451824E-15,4.457070503672194E-26,1.0,
6.63330023799005E-26,3.316330626559274E-15,1.231996758480134E-25,1.0,
7.757099493894532E-26,3.296913910200577E-15,1.3362863861987435E-25,1.0,
9.125073264320242E-26,3.274329054919749E-15,6.58878307005202E-26,1.0,
6.238085273469532E-26,2.975183673231596E-15,9.3035227095618E-26,1.0,
3.832879020162925E-26,2.637895667199352E-15,8.156818652077221E-26,1.0,
6.230495855241801E-26,2.621144247756573E-15,6.004036177999513E-26,1.0,
7.234076150715838E-26,2.604496464591141E-15,8.855217001203084E-26,1.0,
6.87303433130267E-26,2.588001842690072E-15,6.030581237634277E-26,1.0,
7.452811920043988E-26,2.57157435155894E-15,4.274444460859527E-26,1.0,
8.951138811253715E-26,2.5553011710512784E-15,6.537736047588353E-26,1.0,
6.237163381318542E-26,2.5391639848411282E-15,7.762704650691213E-26,1.0,
6.544521923553826E-26,2.5231438070297E-15,7.380225751706162E-26,1.0,
6.835341608466747E-26,1.796757140838879E-15,3.346436691000211E-26,1.0,
4.053341192474771E-26,1.785332555464812E-15,6.846060527402508E-26,0.9999999999999964,
3.7016629292712875E-26,1.7739979062951144E-15,5.407358703312135E-26,1.0,
2.6565654148657925E-26,1.762749770518513E-15,7.113173229263266E-26,1.0,
2.0322207838298035E-26,1.7518025334490795E-15,5.1609065063338854E-26,1.0,
3.52435035076534E-26,1.7414524373484897E-15,5.917071216477185E-26,1.0,
3.572601474574291E-26,1.7296757521542649E-15,5.659384810732016E-26,0.9999999999999964,
7.671572631704364E-26,1.7402107551504139E-15,3.6744327760739465E-26,1.0,
5.384822777559048E-26,1.7292480239914433E-15,2.9906016154183506E-26,1.0,
4.182991164491971E-26,1.4535022883020114E-15,3.6658554765488696E-26,1.0000000000000036,
2.3645034386298749E-26,1.4443258349860026E-15,4.097860103949005E-26,1.0,
3.640773786281577E-26,1.4352495236420991E-15,4.621790242415233E-26,1.0,
3.782768490182063E-26,1.426229611660502E-15,3.39027793592221E-26,0.9999999999999964,
1.152189095938159E-25,4.470274303645677E-15,7.953629858494327E-26,0.9999999999999929,
1.1609990099791846E-25,4.4430138670570705E-15,1.459442219860334E-25,0.9999999999999929,
6.573605253174859E-26,4.41693430661562E-15,1.0790398941508133E-25,0.9999999999999929,
1.180320143806362E-25,4.389595015646941E-15,1.4414937767766551E-25,0.9999999999999929,
9.882270823972102E-26,4.362897372500604E-15,1.128699302658968E-25,0.9999999999999964,
9.377198883802276E-26,4.3384756196083915E-15,9.753380073484112E-26,0.9999999999999929,
2.7438971364610873E-25,8.200201681079114E-15,1.7665526986585872E-25,0.9999999999999911,
1.7139393433577502E-25,8.15100666929678E-15,2.975800213314248E-25,0.9999999999999893,
2.3303329659454014E-25,8.113299706932149E-15,2.1419431768091292E-25,0.9999999999999911,
2.0193206208755027E-25,7.269715143975541E-15,2.3213742229178406E-25,0.9999999999999947,
1.741878108957648E-25,7.318878991940515E-15,3.023724544348815E-25,0.9999999999999964,
1.1895933863909022E-25,7.271880045944495E-15,3.0459815839429165E-25,0.9999999999999929,
1.3834867911479423E-25,7.226501171824186E-15,1.3930325876615907E-25,0.9999999999999929,
3.832110771895798E-25,1.2945464956344441E-14,2.728231545967935E-25,0.9999999999999876,
2.7318922601521266E-25,9.653691601270736E-15,3.479528647273383E-25,0.9999999999999929,
2.380093897493875E-25,9.593351313968845E-15,3.78089457410483E-25,0.9999999999999929,
1.9360824944351594E-25,9.538031016154719E-15,2.107320874212929E-25,0.9999999999999893,
2.7994048234992655E-25,9.480358379692899E-15,3.422267717527604E-25,0.9999999999999929,
2.0016050752591791E-25,9.425870571252996E-15,2.3946514345264412E-25,0.9999999999999911,
2.85036790219111E-25,8.007122718880356E-15,1.8419292029034095E-25,0.9999999999999911,
1.6014995584551193E-25,7.780458005223711E-15,1.7693891871805332E-25,0.9999999999999929,
1.792049315073397E-25,7.737672661783292E-15,1.29964563143413E-25,0.9999999999999947,
1.9638165283326425E-25,1.623608302783466E-14,4.40776784127371E-25,0.9999999999999858,
4.568420585730896E-25,1.6150512240339203E-14,3.967694699852216E-25,0.9999999999999893,
2.721267774870493E-25,1.432948445504302E-14,4.350761041797855E-25,0.9999999999999822,
3.352139759608549E-25,1.2521250811749489E-14,2.7146981106514217E-25,0.9999999999999893,
5.58258698083799E-25,2.0079391640101277E-14,2.325545471664944E-25,0.9999999999999769,
4.436265675971397E-25,1.9912910143317678E-14,7.124105952289882E-25,0.9999999999999787,
2.7728434604862404E-25,1.9702893545633395E-14,4.64611661705503E-25,0.9999999999999805,
4.388528302843031E-25,1.9421145419590414E-14,4.168354678683076E-25,0.9999999999999805,
3.7788571109022086E-25,1.916366185663045E-14,6.9241873407883535E-25,0.9999999999999787,
4.814725626527681E-25,1.9057771745742636E-14,5.285923396539249E-25,0.9999999999999822,
2.7662487122488625E-25,1.8953366915377102E-14,5.03771464555592E-25,0.9999999999999787,
9.606781399222056E-25,3.7566215089205714E-14,6.481561126307393E-25,0.9999999999999645,
8.527268913338774E-25,2.725435877112138E-14,2.7103834996265273E-25,0.9999999999999698,
6.846373437638703E-25,2.7106766110501082E-14,6.432133363337843E-25,0.9999999999999716,
8.527534554172025E-25,2.6960183515219037E-14,6.460682873958227E-25,0.9999999999999734,
4.353696833536409E-25,1.8327230868309892E-14,7.447092290952464E-25,0.9999999999999769,
7.608288187909314E-25,7.0527620601759E-14,1.839548514715455E-24,0.999999999999929,
1.7680287408190135E-24,5.380340106533775E-14,1.6020012282060036E-24,0.9999999999999396,
6.6178530897025205E-25,5.352476966851954E-14,1.3255975586739875E-24,0.9999999999999432,
1.5795856858931555E-24,5.324084439245986E-14,1.833439364235347E-24,0.9999999999999485,
1.1332525247655659E-24,5.296181517954682E-14,1.673330929749423E-24,0.999999999999952,
1.228836866410554E-24,5.2684103461053015E-14,1.454008182330309E-24,0.9999999999999485,
6.731316214759865E-25,4.151399006938594E-14,7.845129347375269E-25,0.9999999999999609,
8.0315040818760295E-25,3.014606296157104E-14,1.0066269152381494E-24,0.9999999999999698,
7.278444075429736E-25,2.998565741125196E-14,4.926411123321667E-25,0.9999999999999716,
7.490019667764959E-25,2.982738509804948E-14,8.726246411017258E-25,0.9999999999999698,
4.467293893599475E-25,1.868620872276237E-14,6.255985492390542E-25,0.9999999999999822,
4.601378580645397E-25,1.8542971224805697E-14,2.9437313543862557E-25,0.9999999999999769,
7.545030190656476E-25,5.1878272829315135E-14,1.4586775553178103E-24,0.9999999999999485,
1.307782647347927E-24,4.8635283431379434E-14,1.0021455215262996E-24,0.999999999999952,
5.470752451032119E-25,4.8416422261367665E-14,1.2852449125565315E-24,0.999999999999952,
9.21926805119441E-25,4.535456733320776E-14,1.4024736844646492E-24,0.9999999999999574,
9.380430172710027E-25,4.5118293254157515E-14,8.888558696121834E-25,0.9999999999999591,
7.853135884567657E-25,4.488698903150293E-14,1.300157608105819E-24,0.9999999999999556,
1.323823102550958E-24,4.46861953949488E-14,1.4658059711092406E-24,0.9999999999999574,
1.2909248010947093E-24,4.458060687531909E-14,1.1215090721013871E-24,0.9999999999999574,
1.0111646895821483E-24,4.433356507065244E-14,1.1468951478873705E-24,0.9999999999999538,
7.820779452637899E-25,4.399859434382177E-14,8.837500488240875E-25,0.9999999999999556,
6.147110433012126E-25,4.128238279856794E-14,1.6550643952913954E-24,0.9999999999999556,
2.0383650917556816E-24,6.932493329418701E-14,6.943755902960327E-25,0.9999999999999307,
1.7788538983491328E-24,6.891907312103157E-14,2.2291475175372842E-24,0.999999999999929,
1.678294788958898E-24,5.402647594928113E-14,1.1449987577821478E-24,0.9999999999999432,
1.1143715559199187E-24,4.126315375666714E-14,8.601788387847393E-25,0.9999999999999591,
4.563270409744929E-25,2.2779780515707376E-14,7.504437648998481E-25,0.9999999999999805,
3.9826679308262873E-25,1.6317873851650025E-14,2.767726005332433E-25,0.9999999999999822,
4.344256851202156E-25,1.3137867857608529E-14,4.1099975147463215E-25,0.999999999999984,
2.0291122925635877E-25,1.7419249014118057E-14,1.8271554669474581E-25,0.999999999999984,
1.9993070876983672E-25,1.3026272768700288E-14,3.2179954738262322E-25,0.9999999999999822,
2.3168765622873054E-25,1.2989942265184897E-14,2.7943146876033563E-25,0.999999999999984,
4.159149003313914E-25,1.4181854536641205E-14,2.51465106262925E-25,0.999999999999984,
4.949634298066074E-25,2.851168505162933E-14,8.1853487434636875E-25,0.999999999999968,
6.081979743374141E-25,2.7792915346283365E-14,7.208062548055114E-25,0.9999999999999734,
4.625546999521904E-25,2.7661120500751607E-14,9.871442396464627E-25,0.9999999999999716,
1.6862987826914295E-24,5.420832978949354E-14,9.518992358838702E-25,0.9999999999999396,
1.71576426441708E-24,5.3921993785505406E-14,1.0463300569978765E-24,0.9999999999999432,
7.8726307598660825E-25,5.375722968267271E-14,2.2517867069247977E-24,0.9999999999999414,
1.3907096110117897E-24,5.3439190126940075E-14,1.353049525602502E-24,0.9999999999999432,
2.038669855442902E-24,9.632418631222643E-14,1.961672712954998E-24,0.9999999999999041,
1.8187058209571786E-24,9.58526106389906E-14,3.249585234316344E-24,0.9999999999999094,
1.3536193928767276E-24,9.488446420560209E-14,3.546774817757336E-24,0.9999999999999059,
1.5885849601335516E-29,9.335131797428735E-14,7.550258315063955E-30,0.9999999999999041,
2.5972744213076177E-24,9.521877076248819E-14,2.2311460124970006E-24,0.9999999999999059,
1.7537934580126814E-24,1.1280988747035447E-13,3.6482600945195216E-24,0.9999999999998863,
3.460500688448354E-24,9.960395967054819E-14,1.359925688884364E-24,0.9999999999999023,
2.582275045018578E-24,9.912509591387322E-14,2.7370081035143325E-24,0.9999999999999023,
2.7869799260572398E-24,9.865210298800347E-14,2.172353596261238E-24,0.9999999999999023,
1.0558934194352528E-24,7.82546695998329E-14,2.637830105324138E-24,0.9999999999999201,
1.9288668118415795E-24,7.640823545241725E-14,1.4043122946259098E-24,0.9999999999999236,
1.899761265641036E-24,6.240104923600244E-14,2.2345320967065755E-24,0.9999999999999396,
1.917093897933005E-24,6.206229720655304E-14,1.803120683510774E-24,0.9999999999999343,
1.9464015552649522E-24,6.172170153362634E-14,5.461508758433551E-25,0.999999999999936,
1.7680429142753056E-24,6.141784467023322E-14,1.401562623794726E-24,0.9999999999999325,
1.1994684566279095E-24,4.981610271607385E-14,7.943815672622331E-25,0.9999999999999485,
8.540809205964115E-25,4.22965141708065E-14,1.298720783731903E-24,0.9999999999999574,
7.681883577330639E-25,4.208970055643589E-14,1.3814172373306632E-24,0.9999999999999591,
6.35002453231275E-25,3.3493427072841617E-14,8.866696526806222E-25,0.9999999999999662,
8.283200567089264E-25,3.216561951313867E-14,8.168810475924326E-25,0.9999999999999627,
6.479648506344639E-25,2.746402033620221E-14,6.096642774475568E-25,0.999999999999968,
8.465256173788126E-25,2.732720897650187E-14,6.717722617279584E-25,0.999999999999968,
5.071834282608875E-25,2.7294731791131966E-14,2.9454575289512914E-25,0.9999999999999698,
1.0747000894415773E-24,2.712667552828871E-14,6.525739688079155E-25,0.9999999999999698,
9.057524053074916E-25,2.692672644873544E-14,5.777613236031871E-25,0.9999999999999734,
7.394817861147391E-25,2.6792255883485184E-14,4.575475634643898E-25,0.9999999999999698,
4.901577045009174E-25,2.6659989142024853E-14,7.750503188327413E-25,0.9999999999999716,
4.67695676882011E-25,1.8894960417129318E-14,3.4693714743345784E-25,0.9999999999999805,
3.750239408557924E-25,1.8801196044917155E-14,3.315645422100193E-25,0.9999999999999805,
5.443775308812369E-25,1.8707999776413034E-14,4.711060699505019E-25,0.9999999999999751,
5.43546547753312E-25,1.8615358931852698E-14,5.8819017047710235E-25,0.9999999999999769,
1.1593023623492845E-24,3.882966388569458E-14,8.621835380027409E-25,0.9999999999999645,
1.302754636866588E-25,2.3689307367895387E-14,4.333047904486248E-25,0.9999999999999787,
4.4254804521912945E-25,2.3570121380722727E-14,5.002789704849866E-25,0.9999999999999787,
6.716731071037343E-25,2.3458657079833056E-14,6.721452307354022E-25,0.9999999999999787,
2.3881428314282268E-25,1.4508018705487275E-14,4.975246344662261E-25,0.9999999999999876,
4.581317064341631E-25,1.4436181758158877E-14,4.598043983323838E-25,0.9999999999999876,
2.8879636521359218E-25,9.677047520739366E-15,2.239709072304944E-25,0.9999999999999911,
2.5868511298873723E-25,9.630091419327278E-15,2.4704038869301264E-25,0.9999999999999947,
2.776624975276835E-25,9.581302036160542E-15,2.3193454260439475E-25,0.9999999999999911,
2.9520073192938205E-25,9.533568275580824E-15,2.1219553459283366E-25,0.9999999999999947,
2.988712375720629E-25,9.485527656632182E-15,2.547319312285715E-25,0.9999999999999947,
2.5661741071513913E-25,9.438184411659013E-15,1.5700119588264623E-25,0.9999999999999929,
2.2198545166543177E-25,9.385238824789412E-15,3.0030229065050648E-25,0.9999999999999947,
2.8533904900018877E-25,9.345792191773856E-15,2.7995179760721515E-25,0.9999999999999911,
1.9533475919155743E-25,1.03729424735096E-14,2.8413289061917326E-25,0.9999999999999947,
1.845715397837089E-25,1.0038117512932752E-14,3.0240027944787453E-25,0.9999999999999947,
8.554514425553492E-25,5.6106373577615154E-14,1.2702024975879296E-24,0.9999999999999432,
1.4806098736031209E-24,5.58034948993888E-14,1.5354030501584444E-24,0.9999999999999414,
1.4175976657980522E-24,5.0165871690536166E-14,1.1345614616967487E-24,0.9999999999999485,
1.1850470907551627E-24,4.9931808104773575E-14,1.4392848350008423E-24,0.9999999999999485,
1.5628708640143627E-24,4.969230895979174E-14,1.2818385952965589E-24,0.9999999999999503,
7.999299416500217E-25,4.9469968499066455E-14,1.3804220569042896E-24,0.9999999999999503,
1.2495715248370151E-24,5.4456432978621E-14,1.5468305952710774E-24,0.9999999999999414,
1.1450239642860345E-24,4.48684692359207E-14,1.12035522836411E-24,0.9999999999999556,
5.912530535657252E-25,4.465826177693556E-14,1.2893807921512724E-24,0.9999999999999574,
1.0706166732330843E-24,4.4449169515467275E-14,1.3541162530554428E-24,0.9999999999999609,
9.525718617036963E-25,4.4243204414299593E-14,1.220514881564638E-24,0.9999999999999591,
1.228848408552283E-24,4.403829517571701E-14,8.2183667030211435E-25,0.9999999999999556,
1.0736095740831699E-24,4.38347821693846E-14,7.8364168385475715E-25,0.9999999999999574,
9.840691121506884E-25,3.34837347319521E-14,8.491544078879215E-25,0.9999999999999645,
7.514239463303925E-25,2.4859457818838816E-14,6.061934778888473E-25,0.9999999999999787,
4.588771063524066E-25,2.3118077429757335E-14,6.151917089093427E-25,0.9999999999999787,
6.629204385327309E-25,1.9267492288958266E-14,6.550335949466249E-25,0.9999999999999769,
6.068917530409467E-25,1.852166640773111E-14,4.407319054159973E-25,0.9999999999999787,
3.2780477843336065E-25,1.6987243326925006E-14,2.9340289712961354E-25,0.9999999999999858,
2.900051900077645E-25,1.6905866570859112E-14,2.572279325970481E-25,0.9999999999999858,
2.893503679580006E-25,1.376737832669152E-14,2.6029778011514854E-25,0.9999999999999858,
3.154846859002207E-25,1.3701815447601682E-14,4.365599978985883E-25,0.999999999999984,
3.8173506633696912E-25,1.3557420336366377E-14,3.0403604136115593E-25,0.999999999999984,
2.4502676242131933E-25,1.3492986710749569E-14,3.5515851467724607E-25,0.9999999999999876,
2.851988117035882E-25,1.342894708161863E-14,2.478450790157944E-25,0.9999999999999876,
2.126606999773074E-25,6.174808051844702E-15,1.231762168543871E-25,0.9999999999999911,
2.191862785253013E-25,6.139359128376908E-15,1.9360998948339808E-25,0.9999999999999929,
1.583074666168194E-25,6.109302501696125E-15,1.9164744710651619E-25,0.9999999999999911,
1.453214688790683E-25,6.079637618409747E-15,2.0712637957403475E-25,0.9999999999999911,
1.1952461297265148E-25,4.6285281327972596E-15,1.2060453139553855E-25,0.9999999999999929,
8.59880250042885E-26,4.6058876074397985E-15,1.175398694530079E-25,0.9999999999999929,
8.632831608608962E-26,3.714037999237119E-15,9.999511166859188E-26,0.9999999999999929,
1.0125254120584207E-25,3.695798008585573E-15,8.481957031502505E-26,0.9999999999999893,
2.0217029202783975E-26,1.5774719362583337E-15,4.9427027555417346E-26,1.0,
2.94445174788793E-26,1.4094419334851361E-15,5.573007174440398E-26,1.0,
3.24140389477491E-26,1.2691089066063374E-15,2.877306602682019E-26,1.0000000000000036,
2.9485274220118214E-26,1.2629055475927206E-15,2.852071142853132E-26,1.0,
2.6367578885642423E-26,1.2580724887982831E-15,3.1585354877198474E-26,1.0,
3.1716042073185135E-26,1.2444921334664706E-15,2.6742933414768023E-26,1.0,
2.8488868972111263E-26,1.2321361860636449E-15,4.008889975159322E-26,0.9999999999999964,
3.9210827301315255E-26,1.6774251979316621E-15,3.8803102652109235E-26,0.9999999999999964,
3.348406680523255E-26,1.6690171150118694E-15,3.7781698241737294E-26,0.9999999999999964,
4.3531294941748645E-26,1.6607211890786381E-15,4.656410259419215E-26,1.0,
2.8505394231467213E-26,1.6525087871060317E-15,6.04649578486724E-26,1.0000000000000036,
3.607439176645017E-26,1.4154067174065883E-15,3.1699015742928833E-26,1.0,
2.635051000967372E-26,1.4104456788391715E-15,1.6003190390349477E-26,1.0,
4.1673439672098546E-26,1.4007108978855034E-15,4.970844582582293E-26,1.0,
3.2741365982532094E-26,1.3529649240409977E-15,3.927100995030485E-26,1.0,
4.8740631273788076E-26,1.9206712787092317E-15,3.7423967200005896E-26,1.0,
3.863773531699264E-26,1.909077131073496E-15,6.93095013575604E-26,1.0,
5.138521665387567E-26,1.901947676397929E-15,4.4940811597159E-26,1.0,
6.109578815777405E-26,1.8906555719676193E-15,4.306215050759746E-26,1.0,
4.3515535752269604E-26,1.8793360907712186E-15,2.6334222853797263E-26,1.0,
4.1273845424392996E-26,2.0849775825886887E-15,7.308975109738395E-26,1.0,
4.883409619925112E-26,2.074811198029931E-15,6.688330730278391E-26,1.0,
8.345544795928074E-26,5.364913623941348E-15,1.5790938879944734E-25,0.9999999999999893,
1.0556871611578038E-25,5.33966404319738E-15,1.8509393677622034E-25,0.9999999999999929,
8.41058001064498E-26,3.782452277110785E-15,5.557513295299888E-26,0.9999999999999929,
8.74617024951988E-26,3.764499517030425E-15,1.2334217221189334E-25,0.9999999999999929,
1.0760375188267202E-25,3.7471159203982225E-15,9.166949944976393E-26,0.9999999999999929,
8.893485363386482E-26,3.728931311937623E-15,1.2000860104014976E-25,0.9999999999999929,
5.979132218896726E-26,3.711306308845384E-15,7.984354389145224E-26,0.9999999999999929,
8.704585802515988E-26,2.87163330108451E-15,5.243431446158023E-26,1.0,
1.6233206931988756E-25,7.161903089450534E-15,1.5678608188671965E-25,0.9999999999999947,
1.163361219730745E-25,7.1288582173782E-15,1.576687855442351E-25,0.9999999999999893,
4.868681812483094E-26,5.015249116385996E-15,1.0807654701554473E-25,0.9999999999999929,
9.648412328263322E-26,4.9918921007321224E-15,1.3572703680500835E-25,0.9999999999999929,
5.027370830783102E-26,3.0338479778863495E-15,1.087280628947417E-25,1.0,
6.794579958996804E-26,2.7955089807957963E-15,6.425316040743654E-26,1.0,
6.410904764544218E-26,2.7822950716106784E-15,9.106485155069485E-26,1.0000000000000036,
6.43564572383461E-26,2.4781031270861435E-15,8.373065148346259E-26,1.0,
8.401926118211034E-26,2.4663769417273378E-15,5.776838635785066E-26,1.0,
5.283084558060708E-26,1.7536158445891114E-15,5.123855343145126E-26,1.0,
1.763022056123523E-26,1.7460647044539656E-15,7.181302719966291E-26,1.0,
3.84300199853427E-26,1.8931943240289196E-15,5.792938821017975E-26,1.0,
4.846350006747799E-26,2.0564316640832757E-15,3.175339575062289E-26,1.0,
4.3154538478699257E-26,2.044879935122076E-15,7.872376774913049E-26,1.0,
9.096570205934082E-26,3.4090441988938635E-15,9.352739327656557E-26,0.9999999999999964,
6.954615789643734E-26,3.4029457882500665E-15,9.510678795984384E-26,0.9999999999999964,
7.777744501740398E-26,3.3793029202735105E-15,8.177949270505665E-26,1.0,
1.4027079228135708E-25,4.4633893076326E-15,8.509893784993541E-26,0.9999999999999929,
2.4794037545683476E-25,1.5488892296546458E-14,6.471494129337114E-25,0.9999999999999876,
6.845776996284036E-25,2.2294697174026006E-14,5.763896908503194E-25,0.9999999999999822,
5.894713504522236E-25,2.4801314399910508E-14,5.318771687859471E-25,0.9999999999999822,
7.975729386994776E-25,2.5233274777890126E-14,9.736141991590895E-25,0.999999999999968,
2.786088964998441E-25,2.5120632186578937E-14,9.303013930635061E-25,0.9999999999999716,
5.781312365525048E-25,2.5010319035736732E-14,6.432048059306197E-25,0.9999999999999734,
7.836976153126563E-25,2.4902438514704758E-14,6.208321476863036E-25,0.9999999999999751,
6.795456526312108E-25,2.4795153937252247E-14,7.589675872648758E-25,0.9999999999999805,
4.598526901107654E-25,2.4690731085248747E-14,7.977618925383183E-25,0.9999999999999787,
6.953358281515385E-25,2.459017198716096E-14,7.922137663173696E-25,0.9999999999999787,
8.031135737228569E-25,2.98793291555235E-14,7.545564068711537E-25,0.9999999999999751,
7.936569842754535E-25,2.771462902406208E-14,9.275741316559313E-25,0.9999999999999734,
6.716051704121295E-25,2.759218260432317E-14,6.74564329278187E-25,0.999999999999968,
7.545803120866678E-25,2.747520988449092E-14,9.51382492985998E-25,0.9999999999999751,
7.574096396159291E-25,2.7358340399205805E-14,7.471829322942957E-25,0.9999999999999716,
5.091129456514295E-25,2.7239106930317006E-14,6.128975797517054E-25,0.9999999999999734,
5.1926054816963774E-30,1.9955885200562638E-14,5.1130406168599125E-30,0.9999999999999876,
6.149402055333356E-25,2.145011991742117E-14,6.366139439666822E-25,0.9999999999999751,
5.766411826683899E-25,2.1360505655029568E-14,2.296694076205427E-25,0.9999999999999787,
8.61597358567491E-25,2.1269315253777775E-14,3.018922966572042E-25,0.9999999999999805,
1.8883382037142445E-25,1.6348258504578532E-14,5.068553584364146E-25,0.9999999999999822,
1.847001771051437E-25,1.6278078299658278E-14,5.136966850836408E-25,0.9999999999999858,
5.869885900500899E-25,1.62096322314701E-14,4.680440869726059E-25,0.9999999999999876,
2.20462252864693E-25,8.990346354439604E-15,2.532175868604252E-25,0.9999999999999893,
3.438207134477286E-25,1.7945492079684805E-14,5.808178124357416E-25,0.9999999999999787,
6.005145198104489E-25,1.7925660963786423E-14,5.734606623032508E-25,0.9999999999999822,
4.769843896535571E-25,1.631790049603031E-14,3.3571830668405265E-25,0.9999999999999858,
5.425842267332397E-25,1.6247872154950626E-14,2.9723188512187733E-25,0.9999999999999822,
3.625178787457997E-25,1.6178964725822883E-14,3.8593389679532536E-25,0.9999999999999822,
5.186026648755246E-25,1.6110413234303422E-14,3.5184290425216247E-25,0.9999999999999858,
2.694048025974478E-25,1.6041292555824453E-14,5.48459149000317E-25,0.9999999999999858,
3.147965739994374E-25,1.597324587837232E-14,5.261935786972352E-25,0.999999999999984,
3.152096292489698E-25,1.590766633526573E-14,5.544418680600794E-25,0.999999999999984,
3.6699164758059697E-25,1.5838525470585673E-14,4.226942773294668E-25,0.999999999999984,
2.971926684141459E-25,1.5771080551515163E-14,2.2040583730829206E-25,0.999999999999984,
3.720031028875336E-25,1.570440052547194E-14,5.398844869212551E-25,0.9999999999999858,
1.298089195161334E-25,1.5638090255057285E-14,4.751929749825778E-25,0.9999999999999876,
5.210965580319039E-25,1.5484260961542302E-14,3.4218626415013187E-25,0.9999999999999893,