
0.0
2.5489446716134987E-16
2.399879500076276E-16
2.6752631738793782E-16
8.167494477773459E-15
1.1029784897737951E-14
1.542752043982949E-14
1.9080014889175607E-14
2.698823221079464E-14
3.324160000892408E-14
3.942719089297039E-14
4.216888504848845E-14
0.03339980419070879
0.01043218359899301
0.061544751606971766
0.028029369429525813
0.06298088076487993
0.034035264246154516
0.05110039288069409
0.029918729125536038
0.039727353550179964
0.024983600598454454
0.028899508858104075
0.019059179391480982
0.019827089004936422
0.013476786659261546
0.012973428143847434
0.00898141686769369
0.008155941925364753
0.0057065277193643635
0.004956310648357646
0.0034883157695376307
0.0029269575072510736
0.0020665401370578225
0.0016876136932742157
0.0011934114078031876
9.537734941659373E-4
6.748834771749673E-4
5.301258390409057E-4
3.751512256066851E-4
2.905673554177331E-4
2.0559473483226814E-4
1.5739824224389449E-4
1.1133920735102625E-4
8.442949785099535E-5
5.971177025270422E-5
4.4925389467580684E-5
3.1772563298491965E-5
2.3751658984854332E-5
1.680290688445725E-5
1.2496817947480093E-5
8.848837362990427E-6
6.555403990510236E-6
4.648102453387057E-6
3.4339769360611844E-6
2.440114360442846E-6
1.7999846004694567E-6
1.2837918003043061E-6
9.476984662278954E-7
6.795165251896034E-7
5.02179749276544E-7
3.624092733319177E-7
2.686615021876734E-7
1.9538917614974384E-7
1.457185345670486E-7
1.0697777488694287E-7
8.043985949890818E-8
5.970197218966355E-8
4.5324627422404254E-8
3.405629548634115E-8
2.612797840570684E-8
2.3663029123666067E-8
1.8638102687156856E-8
1.544926823871011E-8
1.2327980338901313E-8
1.0067351180384518E-8
8.075134066858259E-9
6.516517025172094E-9
5.215828626296336E-9
4.99218802087267E-9
4.187097835686171E-9
3.547209315162989E-9
2.8861447979341433E-9
2.3474598294282167E-9
1.8726353813314874E-9
1.4961214380221218E-9
1.1799522735777888E-9
9.350326248838322E-10
7.340676216660597E-10
5.803248712989555E-10
4.557412388067554E-10
3.606904477477228E-10
2.841488996587629E-10
2.2578723704054827E-10
1.7887975510270967E-10
1.0353889347823353E-9
9.644862172259185E-10
9.109636069620695E-10
9.267711858854883E-10
7.838939877056511E-10
6.599080895581245E-10
5.316452074504179E-10
4.194704613749707E-10
3.2473989487047593E-10
7.648346760917249E-10
6.804427649579939E-10
6.15823082243777E-10
5.613679516476361E-10
5.008552703544836E-10
4.329604472473345E-10
3.522266052573186E-10
2.8394968009088327E-10
2.2281471788394126E-10
1.7169046682608566E-10
1.3010247895864876E-10
2.601217780377665E-10
2.2481930086192782E-10
2.1234504595638573E-10
1.7500425876600516E-10
1.4117472939684605E-10
1.1063471926264065E-10
2.558603686793714E-10
2.202888017489357E-10
1.954653004850042E-10
1.3366863042296907E-8
1.2337730147848508E-8
1.2785870517373582E-8
1.1292417137872512E-8
1.0719297690092147E-8
9.154944380981859E-9
7.90892380197332E-9
6.47001274395925E-9
5.26358286362474E-9
4.145076833354671E-9
3.2251776483978218E-9
2.4561395528425173E-9
1.8488614011719815E-9
3.5588773381123095E-9
2.995956493516468E-9
2.9086217501069135E-9
2.393504412112994E-9
1.960282680477606E-9
2.8605341795514434E-9
2.4430602792864066E-9
2.258954887361441E-9
1.906228854706271E-9
1.5584207154872574E-9
1.2457668705694297E-9
9.745479637186692E-10
7.473718055927331E-10
5.644502720138148E-10
4.2011992126597356E-10
3.0939335782739624E-10
1.6681671425512487E-9
1.4154212049025045E-9
1.3204326715547969E-9
1.129670054334284E-9
9.161368782299048E-10
7.220039100857412E-10
5.585918108700594E-10
4.229422735871216E-10
3.162559230672234E-10
2.3303067776422515E-10
1.703615006092458E-10
1.1950249643640424E-9
1.0140535798789043E-9
9.201608746218765E-10
7.962185085321082E-10
1.0955081151261767E-9
9.34373836919966E-10
8.26635547483665E-10
7.171576436712161E-10
5.855175483312531E-10
4.669866336089905E-10
3.667064818563562E-10
2.814360847444869E-10
2.1273288046812478E-10
6.915800482103985E-10
5.821675786407378E-10
5.23613552021029E-10
4.116836035297355E-10
3.207309346630668E-10
2.4099574303461174E-10
1.7916742257607245E-10
1.309346902517431E-10
9.512433547775471E-11
4.4898188509852544E-10
3.7771322070610847E-10
8.868505429114294E-9
8.736003854609797E-9
8.602676648394106E-9
7.90350916096677E-9
6.943261372704233E-9
5.895163324993283E-9
4.896440405791141E-9
3.967485939911395E-9
3.156557050497152E-9
4.7695802205080954E-9
4.027347301701718E-9
3.774471340339187E-9
4.111971680664862E-9
3.5650222278852573E-9
3.034237136485701E-9
2.573008498692525E-9
3.511766814433247E-9
3.0038209681940878E-9
2.710629526796665E-9
2.186237759911939E-9
2.7909368909398102E-9
2.3243984898973742E-9
2.046207256288995E-9
1.6220414924141309E-9
1.287298373305792E-9
9.838483677880647E-10
3.5512370505571584E-9
3.144857525000296E-9
4.1600748889690225E-9
3.965925040791171E-9
4.239027558956789E-9
3.986466037244602E-9
3.5570322645968133E-9
3.2458689236082535E-9
2.8611319897110993E-9
2.535980424474111E-9
2.184739523747301E-9
2.6806175406601633E-9
2.373331978317127E-9
2.23534403813374E-9
1.9793500765882453E-9
1.7991814221394016E-9
1.5738135918464605E-9
1.377295024507971E-9
1.5153517866099684E-9
1.310251572798377E-9
1.2148817401739188E-9
1.0009990993775814E-9
8.499778952967585E-10
6.787235739853772E-10
5.46740345527499E-10
4.2456475189710166E-10
3.2959684800615926E-10
2.498366724396185E-10
1.8875222266916833E-10
1.4030975521778435E-10
1.0391739143279858E-10
7.611216984440695E-11
5.558199778349869E-11
4.028542562930499E-11
2.9144417803740956E-11
2.0982796562941886E-11
1.5098300493838544E-11
1.0836842478713177E-11
7.784243149249522E-12
6.745816472317073E-10
5.720163552516724E-10
6.379889383958991E-10
4.959047677738382E-10
6.987229208324428E-9
6.176387499791245E-9
6.69031463555662E-9
5.7393784943728665E-9
5.182443979569199E-9
4.776540779453665E-9
4.1731998421359935E-9
3.693022107399805E-9
3.125975868508384E-9
2.6185382631425324E-9
2.832410970767147E-9
2.423993721482124E-9
2.203167589008956E-9
1.8627398443176006E-9
1.5502160654599643E-9
1.2587395625993661E-9
1.001808551691183E-9
7.816700450823669E-10
6.000095616427477E-10
4.533476943993037E-10
3.383304348220025E-10
2.495535227809217E-10
1.825008827975515E-10
1.3239518398735098E-10
9.553442234962718E-11
6.859056962788214E-11
4.911079641012701E-11
3.50714007864899E-11
2.5029310952132017E-11
1.7872249442657066E-11
1.2768217662313776E-11
9.131763478167206E-12
6.5535940507969026E-12
4.724339565347113E-12
1.2663284996368307E-9
1.0743307543265779E-9
1.0610098916804765E-9
9.067428257992377E-10
7.453188230096009E-10
5.9319021429501E-10
4.6255179292116355E-10
3.528465754973007E-10
2.656525337333109E-10
1.0361261338412226E-9
8.725269114758956E-10
8.278665009150047E-10
1.711779317502264E-9
1.5006608333983357E-9
6.019699214311249E-9
5.774425621157656E-9
5.661795297791643E-9
2.667908661181649E-7
2.703336066677212E-7
4.1081947909856545E-7
4.0696445254027424E-7
4.0487100026425265E-7
3.929587095298563E-7
3.7651224096734694E-7
3.6334900623200706E-7
3.4903264846368793E-7
3.365794893263254E-7
3.430663236231231E-7
3.34587524966471E-7
3.3750399752556345E-7
3.307105474850067E-7
3.2772049803835E-7
3.2144338433792966E-7
3.1776712445973244E-7
3.1575573611345864E-7
3.5007207128220476E-7
3.441924281635587E-7
4.536894518748789E-7
4.374555198271653E-7
4.732451160486288E-7
4.5339387267573364E-7
4.5366991233006816E-7
4.3166354282515147E-7
4.1883920489633046E-7
3.9688618374125386E-7
3.8000371500697795E-7
3.5924605925932013E-7
3.4780925592634073E-7
3.2991655442531856E-7
3.151181694629637E-7
2.9674624955427137E-7
2.8496379166486937E-7
2.776664163801431E-7
2.6428968691889365E-7
2.542256721653055E-7
2.414749471562474E-7
2.3456955239534075E-7
2.2302371963734127E-7
2.1387310527291649E-7
2.0161796617235374E-7
1.909090128481246E-7
1.8090129129847978E-7
1.6950024038129794E-7
1.5951783428322078E-7
1.483691239870914E-7
1.3741498175734913E-7
1.2666102197835757E-7
1.1589677926381271E-7
1.0573582759130957E-7
9.600364253125352E-8
8.787178319953543E-8
7.956681183832135E-8
7.144102411084344E-8
6.414376678691664E-8
5.768817551152501E-8
5.512388860843397E-8
4.9506181666595105E-8
4.575396870393158E-8
4.093603109607087E-8
3.70310153933589E-8
3.4789366836566716E-8
3.145026672872921E-8
2.8947843177902907E-8
2.6181013910391662E-8
2.3807363474435147E-8
2.1488181799016428E-8
1.9220527119800593E-8
1.720565966194306E-8
1.5417071400785227E-8
1.5361464445745563E-8
1.3735071902472987E-8
1.2966294002599732E-8
1.1654554659198034E-8
1.0618142908041245E-8
9.550518779084415E-9
8.651497254270649E-9
7.791685608265439E-9
7.071558502282515E-9
6.3935617642372906E-9
5.82212715902571E-9
5.426553674319634E-9
4.976636197903189E-9
1.408364429051797E-5
1.6375430347324293E-5
1.5863829543658297E-5
1.5490106020104614E-5
1.5314993646743885E-5
1.7095352695357957E-5
1.5997742185674307E-5
1.4503772620536371E-5
1.3644612352941412E-5
1.1870769750733988E-5
1.0038989577843047E-5
8.300800253602029E-6
6.737556722942752E-6
5.358488790835426E-6
4.184836883286674E-6
3.2120821399488605E-6
2.430106690532103E-6
1.8145619901432895E-6
7.619165648538606E-6
8.399467922406524E-6
7.3176423340165575E-6
5.847713459048214E-6
4.636498856276129E-6
6.975472215860739E-6
6.9473082542198305E-6
6.603786450109625E-6
5.5792030537100565E-6
4.616108571057207E-6
3.7061569557967535E-6
2.9319155101514114E-6
2.2668990460785335E-6
1.7292203918578109E-6
1.2967484573812691E-6
9.633041768705962E-7
7.069134596950974E-7
5.157394120869513E-7
3.731079138123876E-7
2.690946742371623E-7
1.9298972233670466E-7
1.3834690399881263E-7
1.0145667559232952E-7
2.806821780181505E-6
3.383037872469659E-6
3.4818029544933854E-6
3.0537576691853354E-6
2.6296038035955905E-6
2.2153626476738E-6
1.866020904384953E-6
1.5594309300600146E-6
1.2814337723279168E-6
1.030997171249594E-6
8.147665141948564E-7
6.307696844038971E-7
4.811187727893804E-7
3.610478582125356E-7
2.680797373337418E-7
1.967595424168161E-7
1.4345400428525907E-7
1.0379407265462847E-7
7.484758291285805E-8
5.371474239123567E-8
2.379643079940236E-6
2.751067553593164E-6
2.688098305043027E-6
2.3422547899179967E-6
1.995926048747483E-6
1.663510886913498E-6
1.3611794161892874E-6
1.0846524007159303E-6
8.604513517610717E-7
1.7127172928143548E-6
1.8393005132423964E-6
1.7958490510891743E-6
1.5976752057006683E-6
1.888983395586417E-6
1.8138189739008164E-6
1.6679130235433723E-6
1.464222894491916E-6
1.5571245023380102E-6
1.4431148267839192E-6
1.3019280288729935E-6
1.2140271129572049E-6
1.1135537369371226E-6
9.67375158937006E-7
8.262095749800383E-7
6.878956656231202E-7
5.609561016592648E-7
4.4745467348547197E-7
3.505364074843836E-7
2.6974469166003364E-7
6.731932602151043E-7
7.160306571143581E-7
6.179666231391257E-7
5.175833949634996E-7
4.51231969876163E-7
3.9751733358925953E-7
3.397207446234432E-7
2.840004646173642E-7
2.324210953908555E-7
1.8924986577612768E-7
3.612391840031214E-7
3.876407181843766E-7
3.979358267721675E-7
4.4157872962791866E-7
4.2745093517709096E-7
4.021549993105752E-7
3.5581411129149945E-7
3.1237697001906704E-7
3.272555188660633E-7
3.077951319916272E-7
2.8529787201151134E-7
2.5268963064765076E-7
2.1685906191798488E-7
1.8126599070687972E-7
1.4811345030584559E-7
1.1822020829127246E-7
9.364499730850071E-8
7.475356976931899E-8
5.8802126420398936E-8
4.578575404666419E-8
3.5098629174806073E-8
2.654592541172192E-8
1.981844774982909E-8
1.4634191395887187E-8
1.0735980559898107E-8
8.089458871069144E-9
6.113931887876832E-9
4.777344613989741E-9
3.6865098682454597E-9
2.8438355411670327E-9
2.1598562118530028E-9
1.624903667851085E-9
1.2065920339129841E-9
1.2881732769127566E-7
1.5148253755280382E-7
1.359627995172054E-7
1.1418285006496799E-7
9.277210880860853E-8
7.305126824947319E-8
5.84470571406951E-8
4.568022463606767E-8
3.590112194634338E-8
3.0503470715106364E-8
2.4733566723343193E-8
2.0012425130136607E-8
1.5784007706675233E-8
1.2268941672423253E-8
9.36633037431549E-9
7.049757329860788E-9
5.23940173900471E-9
3.8655667752798444E-9
3.103511714713419E-9
2.589974797880952E-9
2.1162393460727825E-9
1.6972244242750079E-9
7.274443016894607E-8
8.908889708517075E-8
9.520143821057033E-8
8.3629904511824E-8
7.13122538627246E-8
5.777607899524488E-8
4.603693777391943E-8
3.563493514316047E-8
2.7246005224077305E-8
2.042189767904417E-8
1.5184712976569022E-8
1.1131749038405742E-8
8.1238715784848E-9
7.02892019748532E-8
7.95346697339822E-8
7.855347949401822E-8
6.677536410226504E-8
5.5855053807309954E-8
4.523676621539781E-8
6.120988398125871E-8
6.125655587667762E-8
5.834475295241595E-8
5.116905767051352E-8
4.355840461506033E-8
3.638531357268793E-8
3.0302499280515024E-8
2.5165968444842475E-8
2.0922696729002824E-8
1.7056812945909E-8
1.3696552750513058E-8
1.0768229282820947E-8
8.328579676394068E-9
6.32809629422276E-9
4.745720140093805E-9
3.512509623659276E-9
2.5765064599426695E-9
1.8730395476031237E-9
1.3541149888817164E-9
9.732727181746988E-10
6.973711640652115E-10
4.978273102949666E-10
3.548218157605986E-10
2.522844889540996E-10
1.7925587020742393E-10
1.2715531130907062E-10
9.0179419329977E-11
6.387748325738317E-11
4.52488685289008E-11
3.202177434052975E-11
2.266526389026045E-11
1.60294807051169E-11
3.276877804695113E-8
3.802394955461392E-8
3.692492373521689E-8
4.2808983479166996E-8
4.108299687018076E-8
3.676650379652141E-8
3.2318735400459963E-8
2.7308136804352697E-8
2.2304947471352047E-8
1.7812798220349573E-8
1.3947493298389737E-8
1.0810440322144395E-8
6.615600777549068E-8
6.039048634677867E-8
8.182798695689505E-8
7.553079732830938E-8
7.645819577774706E-8
6.93996613779553E-8
7.73300923103527E-8
6.993669605056187E-8
7.093193140011976E-8
7.255223522575008E-8
7.025234608913124E-8
8.125151138295878E-8
8.076207290699125E-8
7.955991428550847E-8
1.208677798400934E-7
1.1646901113772475E-7
1.4976524920987938E-7
1.4667753074264704E-7
1.6368296493195523E-7
1.609579372979718E-7
1.6214108773304978E-7
1.581785219245232E-7
1.5422174624289143E-7
1.5023868451448915E-7
1.4504705333810204E-7
1.424827366802365E-7
1.3780621791625643E-7
1.4126557828757626E-7
1.3823580961314845E-7
1.3399094979531388E-7
1.4504928718616267E-7
1.3921872640943398E-7
1.4166627396511953E-7
1.3537826114340438E-7
1.3309029677714203E-7
1.2730283484032491E-7
1.2254069840737727E-7
1.2741921327011543E-7
1.2142498398486997E-7
1.2111397101770668E-7
1.1443477170377737E-7
1.1008675137962142E-7
1.0315374318218045E-7
9.732342587078641E-8
9.036229848092605E-8
8.472972798417954E-8
7.861886451890228E-8
7.360299908932146E-8
7.470817409856685E-8
6.931168763862296E-8
6.874619396191334E-8
6.365610656428489E-8
6.15661614749471E-8
5.717111917325611E-8
5.82827405460896E-8
5.562357019318174E-8
5.3049067573685336E-8
4.961617846844816E-8
4.6497893778506294E-8
4.324041932097581E-8
4.016325281580288E-8
3.763685866893731E-8
3.496251737672083E-8
3.257083544610734E-8
3.01152740221196E-8
2.782073491585636E-8
2.555448163417331E-8
2.346220810446569E-8
2.1424350161514052E-8
1.9594513030665092E-8
1.800825330506427E-8
1.6457843571354382E-8
1.996175940353854E-8
1.9499255699207335E-8
1.8052116468676828E-8
1.6615832005456435E-8
1.4618466112660994E-8
1.3165915732714756E-8
1.1510864315819051E-8
1.2963422072665255E-8
1.2292380537224632E-8
1.1245084504941269E-8
1.022598892777194E-8
8.95442873223444E-9
7.891314324417507E-9
6.823509040777503E-9
5.893931887118924E-9
5.071128827383854E-9
4.362258108837003E-9
3.757024322370924E-9
3.2467890727362232E-9
2.814298774530469E-9
2.453936568263697E-9
2.147659396784209E-9
1.8922000169986556E-9
1.6733070594138462E-9
1.48887332825052E-9
1.329006723154319E-9
1.1921245757233535E-9
1.0717425587217085E-9
9.666047794114043E-10
8.725989292151726E-10
7.887916858373122E-10
7.334883043900274E-10
6.645968627774045E-10
3.294258919436661E-9
3.6672204161509585E-9
3.4596427999147623E-9
3.3428031064376425E-9
2.8266405211333023E-9
2.5070056453735522E-9
2.2089028376186503E-9
1.8834473507410543E-9
1.6264678275396693E-9
1.3609484999347283E-9
2.6867037568861357E-9
2.8136089022440275E-9
2.6344154101536837E-9
2.4537758995796824E-9
2.1051603725821965E-9
1.8106753555398246E-9
1.5056847604112885E-9
1.2549373930451304E-9
1.0390590626625915E-9
8.666779349875948E-10
7.273550038087963E-10
6.184369427936236E-10
5.349316128689064E-10
4.719860811057727E-10
5.363384319390211E-10
4.846959693668547E-10
4.926151440196702E-10
4.447251416638076E-10
4.813523727974356E-10
4.3639940924642887E-10
4.383375403379656E-10
3.979354088995206E-10
3.7740968210414385E-10
3.4282052428328504E-10
3.1887348141312713E-10
2.911982677291336E-10
2.694470478130773E-10
6.9755766861124215E-9
6.8761278351355E-9
9.63644249039453E-9
9.194879904229831E-9
9.329603219929142E-9
8.62813991566376E-9
8.020140242420772E-9
7.503339004500632E-9
6.912903424817343E-9
7.534684503379696E-9
7.302051455595519E-9
6.944194203197398E-9
9.413947714854748E-9
8.929893039026524E-9
1.016716855128491E-8
9.995827886764707E-9
1.0061913830477643E-8
1.0273966059598268E-8
1.55754576230186E-8
1.5401766579436875E-8
1.73058104336498E-8
1.6617905841241588E-8
1.6575500812531097E-8
1.5899176025870215E-8
1.5300020340306284E-8
1.4521633874239149E-8
1.374452509419431E-8
1.2943103872217676E-8
1.2207436789768562E-8
1.1496157530134112E-8
1.2702169139120524E-8
1.2182283112932137E-8
1.2491087465875727E-8
1.1816759642904974E-8
1.1443687114731757E-8
1.0768673979617294E-8
1.0242536857129691E-8
9.638571879228082E-9
9.397175094603951E-9
8.902611760244374E-9
9.018755206982623E-9
8.634729227117641E-9
8.229292929524713E-9
9.365360781716685E-9
8.926790177608143E-9
9.088083130525325E-9
8.767032644679586E-9
8.39965008824539E-9
7.805903008191668E-9
8.07352306889769E-9
7.439739824862016E-9
7.2074027817149705E-9
6.667093185386399E-9
6.238406064870028E-9
5.727126209665513E-9
5.2822094971188046E-9
4.823140209285444E-9
4.4263203000503E-9
4.044188391837016E-9
3.715906399640091E-9
3.4110810961268386E-9
3.1397527953529184E-9
2.8883484524269568E-9
2.6739374010136697E-9
2.4803304024247947E-9
2.8829728168133605E-9
2.740986969870836E-9
2.7831642944271583E-9
2.5672517477692055E-9
2.4084901019467653E-9
2.1875342938275323E-9
2.01305547487123E-9
1.8231794437548872E-9
2.04561380974632E-9
1.8996187064536967E-9
2.032901261295969E-9
1.8510201795741925E-9
1.855526767926289E-9
1.7014358110896326E-9
1.6030628524052906E-9
1.4748702738407529E-9
1.3721265832106312E-9
1.2719928405268736E-9
1.1926047393359467E-9
1.1130933943438E-9
1.0483063872846602E-9
9.816075948342547E-10
9.262802845513263E-10
8.692208441740817E-10
8.203298268956305E-10
7.691198773168482E-10
7.229494259256346E-10
6.771074134420906E-10
6.350525085772258E-10
6.487064564822207E-10
6.080560194471802E-10
5.886070089709298E-10
5.435649238332749E-10
7.428748801221948E-10
7.508619357510825E-10
7.296210125462597E-10
6.739728133218701E-10
6.075271077285896E-10
5.364066892528368E-10
4.71308804056419E-10
4.080540499109785E-10
3.548022037873656E-10
3.059792908577601E-10
2.6927347339072716E-10
2.350946187442739E-10
4.1545279856364575E-10
5.628254577385036E-7
4.853011662620026E-7
4.21529043868625E-7
4.2306566210732657E-7
4.0887488962450933E-7
3.920315954681607E-7
3.712597382785867E-7
3.005872959427098E-7
2.458092446141817E-7
2.0297598813223035E-7
1.8218181039747615E-7
1.5182788274249113E-7
1.3060325461285988E-7
1.1302875061708026E-7
8.47786475665117E-8
7.417642690878926E-8
6.383104015147274E-8
5.4393117635061043E-8
4.5076706558513587E-8
3.6814689184072594E-8
3.034727103334408E-8
2.6667781600190636E-8
2.315554013986302E-7
2.2722576151121724E-7
2.1812326869719173E-7
1.8767847117992294E-7
1.564246513769361E-7
1.293599819798841E-7
1.0444557553130311E-7
8.260468595248413E-8
6.43191122467929E-8
4.92967393460391E-8
3.796095576710958E-8
2.1375951839834589E-7
1.9724789129046493E-7
1.8113738027813176E-7
1.537911617696138E-7
1.2602979364210163E-7
1.0254820086161838E-7
8.353325454968589E-8
6.78956346738432E-8
5.4210047104257565E-8
4.254252147966017E-8
3.284918052657441E-8
2.4965285031100466E-8
1.8759860014146465E-8
1.3946652774673383E-8
1.0306148560973957E-8
7.574531846257344E-9
5.561183498713859E-9
4.080159253454117E-9
3.0037666414416325E-9
2.219243519108108E-9
1.6517262185216524E-9
1.2384631627815525E-9
9.386117762593255E-10
7.188767607794814E-10
5.578065897999405E-10
4.3817235715231387E-10
3.489191275120628E-10
2.8121845755370257E-10
2.297656057559736E-10
1.8962357902086785E-10
1.5802778702866242E-10
1.739934670341466E-10
1.527239696515149E-10
1.5693832910916353E-10
1.4109780095139164E-10
1.316368170497239E-10
1.6863861614600547E-10
1.307471240880534E-7
1.224866004189379E-7
1.1420046894821708E-7
9.614781268435117E-8
7.84156142341953E-8
6.374747150556448E-8
5.181537300024863E-8
4.612390794823311E-8
4.294402689777935E-8
3.8709632026320294E-8
3.5428504790111195E-8
3.153506120556327E-8
2.860285905226498E-8
2.6813058254902285E-8
7.960794675138504E-8
7.721253318373054E-8
7.412251211107044E-8
6.59421399895666E-8
5.6291403910199606E-8
4.884161496145289E-8
4.343355208087358E-8
3.818173682402567E-8
7.654518961141376E-8
7.138599342241157E-8
7.547780519072595E-8
7.018512701690163E-8
6.488922168858515E-8
5.6483235189432945E-8
4.823645882223409E-8
4.0276252172055636E-8
3.3988952221234364E-8
4.9049229512380025E-8
4.4380585290556404E-8
4.137758561906669E-8
3.5679428035303515E-8
3.10917959766517E-8
2.6791866399940893E-8
2.2344293327594736E-8
1.83734112680577E-8
1.4831912336739384E-8
1.1794274814751733E-8
9.428923713611275E-9
7.669107440882653E-9
6.159603543930932E-9
4.928391591697441E-9
3.922578121311244E-9
3.1096187091800404E-9
2.471197754055331E-9
1.9658454221672815E-9
1.5776002812073444E-9
1.2721809375202477E-9
1.0383608889499144E-9
8.523421552494241E-10
7.080135473926871E-10
5.921376419463934E-10
5.007161820292081E-10
4.546422796337379E-10
3.92791654344804E-10
3.5247955324397465E-10
3.045883648567497E-10
2.67741338819209E-10
2.3215596109394178E-10
2.0466534445794552E-10
1.778726579568937E-10
1.5712264797014056E-10
1.3689254924842847E-10