
0.0,0.0,0.0,0.0,0.0,0.0,0.0,
0.0,0.0,5.450197212174884E-5,0.0,0.0,0.0,0.0,
0.0,0.0,5.450197212174884E-5,0.0,0.0,0.0,0.0,
0.0,0.0,5.450197212174884E-5,0.0,0.0,0.0,0.0,
0.0,0.0,5.450197212174884E-5,0.0,0.0,0.0,0.0,
0.0,0.0,5.450197212174884E-5,0.0,0.0,0.0,0.0,
0.0,0.0,5.450197212174884E-5,0.0,0.0,0.0,0.0,
0.0,0.0,5.450197212174884E-5,0.0,0.0,0.0,0.0,
0.0,0.0,5.450197212174884E-5,0.0,0.0,0.0,0.0,
0.0,0.0,5.450197212174884E-5,0.0,0.0,0.0,0.0,
0.0,0.0,5.450197212174884E-5,0.0,0.0,0.0,0.0,
0.0,0.0,5.450197212174884E-5,0.0,0.0,0.0,0.0,
0.0,0.0,5.450197212174884E-5,0.0,0.0,0.0,0.0,
0.0,0.0,5.450197212174884E-5,0.0,0.0,0.0,0.0,
0.0,0.07227079161851478,5.450197212174884E-5,0.0,0.0,0.0,0.0,
0.0,0.07227079161851478,5.450197212174884E-5,0.0,0.0,0.0,0.0,
0.0,0.07227079161851478,5.450197212174884E-5,0.0,0.0,0.0,0.0,
0.0,0.07227079161851478,5.450197212174884E-5,0.0,0.0,0.0,0.0,
0.0,0.07227079161851478,5.450197212174884E-5,0.0,0.0,0.0,0.0,
0.0,0.07227079161851478,5.450197212174884E-5,0.0,0.0,0.0,0.0,
0.0,0.07227079161851478,5.450197212174884E-5,0.0,0.0,0.0,0.0,
0.0,0.19059659274467752,5.450197212174884E-5,0.0,0.0,0.0,0.0,
0.0,0.19059659274467752,5.450197212174884E-5,0.0,0.0,0.0,0.0,
0.0,0.19059659274467752,5.450197212174884E-5,0.0,0.0,0.0,0.0,
0.0,0.19059659274467752,5.450197212174884E-5,0.0,0.0,0.0,0.0,
0.0,0.19059659274467752,5.450197212174884E-5,0.0,0.0,0.0,0.0,
0.0,0.19059659274467752,5.450197212174884E-5,0.0,0.0,0.0,0.0,
0.0,0.19059659274467752,5.450197212174884E-5,0.0,0.0,0.0,0.0,
0.0,0.31104381475881887,5.450197212174884E-5,0.0,0.0,0.0,0.0,
0.0,0.31104381475881887,5.450197212174884E-5,0.0,0.0,0.0,0.0,
0.0,0.31104381475881887,5.450197212174884E-5,0.0,0.0,0.0,0.0,
0.0,0.31104381475881887,5.450197212174884E-5,0.0,0.0,0.0,0.0,
0.0,0.4280269714384799,5.450197212174884E-5,0.0,0.0,0.0,0.0,
0.0,0.4280269714384799,5.450197212174884E-5,0.0,0.0,0.0,0.0,
0.0,0.4280269714384799,5.450197212174884E-5,0.0,0.0,0.0,0.0,
0.0,0.6387958652047757,5.450197212174884E-5,0.0,0.0,0.0,0.0,
0.0,0.6387958652047757,5.450197212174884E-5,0.0,0.0,0.0,0.0,
0.0,0.6387958652047757,5.450197212174884E-5,0.0,0.0,0.0,0.0,
0.0,0.6387958652047757,5.450197212174884E-5,0.0,0.0,0.0,0.0,
0.0,0.6387958652047757,5.450197212174884E-5,0.0,0.0,0.0,0.0,
0.0,0.6387958652047757,5.450197212174884E-5,0.0,0.0,0.0,0.0,
0.0,0.6387958652047757,5.450197212174884E-5,0.0,0.0,0.0,0.0,
0.0,0.6387958652047757,5.450197212174884E-5,0.0,0.0,0.0,0.0,
0.0,0.7283996691610519,5.450197212174884E-5,0.0,0.0,0.0,0.0,
0.0,0.7283996691610519,5.450197212174884E-5,0.0,0.0,0.0,0.0,
0.0,0.7283996691610519,5.450197212174884E-5,0.0,0.0,0.0,0.0,
0.0,0.7283996691610519,5.450197212174884E-5,0.0,0.0,0.0,0.0,
0.0,0.7898748374196304,5.450197212174884E-5,0.0,0.0,0.0,0.0,
0.0,0.8973561285136732,5.450197212174884E-5,0.0,0.0,0.0,0.0,
0.0,0.8973561285136732,5.450197212174884E-5,0.0,0.0,0.0,0.0,
0.0,0.8973561285136732,5.450197212174884E-5,0.0,0.0,0.0,0.0,
0.0,1.0791584746015455,5.450197212174884E-5,0.0,0.0,0.0,0.0,
0.0,1.0791584746015455,5.450197212174884E-5,0.0,0.0,0.0,0.0,
0.0,1.0791584746015455,5.450197212174884E-5,0.0,0.0,0.0,0.0,
0.0,1.0879855067307709,5.450197212174884E-5,0.0,0.0,0.0,0.0,
0.0,1.0879855067307709,5.450197212174884E-5,0.0,0.0,0.0,0.0,
0.0,1.0879855067307709,5.450197212174884E-5,0.0,0.0,0.0,0.0,
0.0,1.0879855067307709,5.450197212174884E-5,0.0,0.0,0.0,0.0,
0.0,1.0879855067307709,5.450197212174884E-5,0.0,0.0,0.0,0.0,
0.0,1.0879855067307709,5.450197212174884E-5,0.0,0.0,0.0,0.0,
0.0,1.268827902672259,5.450197212174884E-5,0.0,0.0,0.0,0.0,
0.0,1.268827902672259,5.450197212174884E-5,0.0,0.0,0.0,0.0,
0.0,1.268827902672259,5.450197212174884E-5,0.0,0.0,0.0,0.0,
0.0,1.268827902672259,5.450197212174884E-5,0.0,0.0,0.0,0.0,
0.0,1.2926532326028222,5.450197212174884E-5,0.0,0.0,0.0,0.0,
0.0,1.3868513134923455,5.450197212174884E-5,0.0,0.0,0.0,0.0,
0.0,1.3868513134923455,5.450197212174884E-5,0.0,0.0,0.0,0.0,
0.0,1.3139287564570485,5.450197212174884E-5,0.0,0.0,0.0,0.0,
0.0,1.4083902171625766,5.450197212174884E-5,0.0,0.0,0.0,0.0,
0.0,1.4083902171625766,5.450197212174884E-5,0.0,0.0,0.0,0.0,
0.0,1.4083902171625766,5.450197212174884E-5,0.0,0.0,0.0,0.0,
0.0,1.4083902171625766,5.450197212174884E-5,0.0,0.0,0.0,0.0,
0.0,1.3718362754755895,5.450197212174884E-5,0.0,0.0,0.0,0.0,
0.0,1.3718362754755895,5.450197212174884E-5,0.0,0.0,0.0,0.0,
0.0,1.4469989323858974,5.450197212174884E-5,0.0,0.0,0.0,0.0,
0.0,1.4469989323858974,5.450197212174884E-5,0.0,0.0,0.0,0.0,
0.0,1.4469989323858974,5.450197212174884E-5,0.0,0.0,0.0,0.0,
0.0,1.4525806776544805,5.450197212174884E-5,0.0,0.0,0.0,0.0,
0.0,1.4525806776544805,5.450197212174884E-5,0.0,0.0,0.0,0.0,
0.0,1.4525806776544805,5.450197212174884E-5,0.0,0.0,0.0,0.0,
0.0,1.4525806776544805,5.450197212174884E-5,0.0,0.0,0.0,0.0,
0.0,1.4525806776544805,5.450197212174884E-5,0.0,0.0,0.0,0.0,
0.0,1.4525806776544805,5.450197212174884E-5,0.0,0.0,0.0,0.0,
0.0,1.4525806776544805,5.450197212174884E-5,0.0,0.0,0.0,0.0,
0.0,1.5382300775225155,5.450197212174884E-5,0.0,0.0,0.0,0.0,
0.0,1.6133122050087676,5.450197212174884E-5,0.0,0.0,0.0,0.0,
0.0,1.6133122050087676,5.450197212174884E-5,0.0,0.0,0.0,0.0,
0.0,1.6133122050087676,5.450197212174884E-5,0.0,0.0,0.0,0.0,
0.0,1.6133122050087676,5.450197212174884E-5,0.0,0.0,0.0,0.0,
0.0,1.687673219779766,5.450197212174884E-5,0.0,0.0,0.0,0.0,
0.0,1.687673219779766,5.450197212174884E-5,0.0,0.0,0.0,0.0,
0.0,1.687673219779766,5.450197212174884E-5,0.0,0.0,0.0,0.0,
0.0,1.687673219779766,5.450197212174884E-5,0.0,0.0,0.0,0.0,
0.0,1.7598576083987443,5.450197212174884E-5,0.0,0.0,0.0,0.0,
0.0,1.797166944849806,5.450197212174884E-5,0.0,0.0,0.0,0.0,
0.0,1.797166944849806,5.450197212174884E-5,0.0,0.0,0.0,0.0,
0.0,1.797166944849806,5.450197212174884E-5,0.0,0.0,0.0,0.0,
0.0,1.797166944849806,5.450197212174884E-5,0.0,0.0,0.0,0.0,
0.0,1.8733554990227594,5.450197212174884E-5,0.0,0.0,0.0,0.0,
0.0,1.9450100100202805,5.450197212174884E-5,0.0,0.0,0.0,0.0,
0.0,1.9331115320126813,5.450197212174884E-5,0.0,0.0,0.0,0.0,
0.0,1.9331115320126813,5.450197212174884E-5,0.0,0.0,0.0,0.0,
0.0,1.9331115320126813,5.450197212174884E-5,0.0,0.0,0.0,0.0,
0.0,2.0023112473320106,5.450197212174884E-5,0.0,0.0,0.0,0.0,
0.0,2.0023112473320106,5.450197212174884E-5,0.0,0.0,0.0,0.0,
0.0,2.0188228495398293,5.450197212174884E-5,0.0,0.0,0.0,0.0,
0.0,2.070360039507528,5.450197212174884E-5,0.0,0.0,0.0,0.0,
0.0,2.125914827647758,5.450197212174884E-5,0.0,0.0,0.0,0.0,
0.0,2.1534612423013817,5.450197212174884E-5,0.0,0.0,0.0,0.0,
0.0,2.1534612423013817,5.450197212174884E-5,0.0,0.0,0.0,0.0,
0.0,2.1534612423013817,5.450197212174884E-5,0.0,0.0,0.0,0.0,
0.0,2.098932464599409,5.450197212174884E-5,0.0,0.0,0.0,0.0,
0.0,2.0883867714232816,5.450197212174884E-5,0.0,0.0,0.0,0.0,
0.0,2.1305663048059946,5.450197212174884E-5,0.0,0.0,0.0,0.0,
0.0,2.1305663048059946,5.450197212174884E-5,0.0,0.0,0.0,0.0,
0.0,2.1305663048059946,5.450197212174884E-5,0.0,0.0,0.0,0.0,
0.0,2.1305663048059946,5.450197212174884E-5,0.0,0.0,0.0,0.0,
0.0,2.045592798370909,5.450197212174884E-5,0.0,0.0,0.0,0.0,
0.0,2.0849882428619093,5.450197212174884E-5,0.0,0.0,0.0,0.0,
0.0,2.0855538994449123,5.450197212174884E-5,0.0,0.0,0.0,0.0,
0.0,2.106468152006703,5.450197212174884E-5,0.0,0.0,0.0,0.0,
0.0,2.125567239882339,5.450197212174884E-5,0.0,0.0,0.0,0.0,
0.0,2.125567239882339,5.450197212174884E-5,0.0,0.0,0.0,0.0,
0.0,2.125567239882339,5.450197212174884E-5,0.0,0.0,0.0,0.0,
0.0,2.1476568198985384,5.450197212174884E-5,0.0,0.0,0.0,0.0,
0.0,2.1476568198985384,5.450197212174884E-5,0.0,0.0,0.0,0.0,
0.0,2.1476568198985384,5.450197212174884E-5,0.0,0.0,0.0,0.0,
0.0,2.100357233939103,5.450197212174884E-5,0.0,0.0,0.0,0.0,
0.0,2.100357233939103,5.450197212174884E-5,0.0,0.0,0.0,0.0,
0.0,2.135672798093288,5.450197212174884E-5,0.0,0.0,0.0,0.0,
0.0,2.1580394261393403,5.450197212174884E-5,0.0,0.0,0.0,0.0,
0.0,2.180791698442177,5.450197212174884E-5,0.0,0.0,0.0,0.0,
0.0,2.180791698442177,5.450197212174884E-5,0.0,0.0,0.0,0.0,
0.0,2.180791698442177,5.450197212174884E-5,0.0,0.0,0.0,0.0,
0.0,2.180791698442177,5.450197212174884E-5,0.0,0.0,0.0,0.0,
0.0,2.180791698442177,5.450197212174884E-5,0.0,0.0,0.0,0.0,
0.0,2.180791698442177,5.450197212174884E-5,0.0,0.0,0.0,0.0,
0.0,2.2058556365963167,5.450197212174884E-5,0.0,0.0,0.0,0.0,
0.0,2.2058556365963167,5.450197212174884E-5,0.0,0.0,0.0,0.0,
0.0,2.2058556365963167,5.450197212174884E-5,0.0,0.0,0.0,0.0,
0.0,2.2058556365963167,5.450197212174884E-5,0.0,0.0,0.0,0.0,
0.0,2.145114860149753,5.450197212174884E-5,0.0,0.0,0.0,0.0,
0.0,2.145114860149753,5.450197212174884E-5,0.0,0.0,0.0,0.0,
0.0,2.1374021977203914,5.450197212174884E-5,0.0,0.0,0.0,0.0,
0.0,2.1374021977203914,5.450197212174884E-5,0.0,0.0,0.0,0.0,
0.0,2.1374021977203914,5.450197212174884E-5,0.0,0.0,0.0,0.0,
0.0,2.1374021977203914,5.450197212174884E-5,0.0,0.0,0.0,0.0,
0.0,2.1374021977203914,5.450197212174884E-5,0.0,0.0,0.0,0.0,
0.0,2.1374021977203914,5.450197212174884E-5,0.0,0.0,0.0,0.0,
0.0,2.2047066137853064,5.450197212174884E-5,0.0,0.0,0.0,0.0,
0.0,2.2047066137853064,5.450197212174884E-5,0.0,0.0,0.0,0.0,
0.0,2.2330455617991207,5.450197212174884E-5,0.0,0.0,0.0,0.0,
0.0,2.259769790918336,5.450197212174884E-5,0.0,0.0,0.0,0.0,
0.0,2.259769790918336,5.450197212174884E-5,0.0,0.0,0.0,0.0,
0.0,2.259769790918336,5.450197212174884E-5,0.0,0.0,0.0,0.0,
0.0,2.285343148434539,5.450197212174884E-5,0.0,0.0,0.0,0.0,
0.0,2.285343148434539,5.450197212174884E-5,0.0,0.0,0.0,0.0,
0.0,2.3099406200874126,5.450197212174884E-5,0.0,0.0,0.0,0.0,
0.0,2.3099406200874126,5.450197212174884E-5,0.0,0.0,0.0,0.0,
0.0,2.3099406200874126,5.450197212174884E-5,0.0,0.0,0.0,0.0,
0.0,2.3099406200874126,5.450197212174884E-5,0.0,0.0,0.0,0.0,
0.0,2.3099406200874126,5.450197212174884E-5,0.0,0.0,0.0,0.0,
0.0,2.3099406200874126,5.450197212174884E-5,0.0,0.0,0.0,0.0,
0.0,2.3099406200874126,5.450197212174884E-5,0.0,0.0,0.0,0.0,
0.0,2.3099406200874126,5.450197212174884E-5,0.0,0.0,0.0,0.0,
0.0,2.3427046205800246,5.450197212174884E-5,0.0,0.0,0.0,0.0,
0.0,2.3720689057585966,5.450197212174884E-5,0.0,0.0,0.0,0.0,
0.0,2.3720689057585966,5.450197212174884E-5,0.0,0.0,0.0,0.0,
0.0,2.3746839611976354,5.450197212174884E-5,0.0,0.0,0.0,0.0,
0.0,2.304918186461576,5.450197212174884E-5,0.0,0.0,0.0,0.0,
0.0,2.304918186461576,5.450197212174884E-5,0.0,0.0,0.0,0.0,
0.0,2.3175648218101306,5.450197212174884E-5,0.0,0.0,0.0,0.0,
0.0,2.2838147227688297,5.450197212174884E-5,0.0,0.0,0.0,0.0,
0.0,2.2838147227688297,5.450197212174884E-5,0.0,0.0,0.0,0.0,
0.0,2.316315385049661,5.450197212174884E-5,0.0,0.0,0.0,0.0,
0.0,2.316315385049661,5.450197212174884E-5,0.0,0.0,0.0,0.0,
0.0,2.316315385049661,5.450197212174884E-5,0.0,0.0,0.0,0.0,
0.0,2.316315385049661,5.450197212174884E-5,0.0,0.0,0.0,0.0,
0.0,2.316315385049661,5.450197212174884E-5,0.0,0.0,0.0,0.0,
0.0,2.2786915159890695,5.450197212174884E-5,0.0,0.0,0.0,0.0,
0.0,2.2786915159890695,5.450197212174884E-5,0.0,0.0,0.0,0.0,
0.0,2.3172159704726125,5.450197212174884E-5,0.0,0.0,0.0,0.0,
0.0,2.3172159704726125,5.450197212174884E-5,0.0,0.0,0.0,0.0,
0.0,2.3172159704726125,5.450197212174884E-5,0.0,0.0,0.0,0.0,
0.0,2.3172159704726125,5.450197212174884E-5,0.0,0.0,0.0,0.0,
0.0,2.2896326592234058,5.450197212174884E-5,0.0,0.0,0.0,0.0,
0.0,2.2896326592234058,5.450197212174884E-5,0.0,0.0,0.0,0.0,
0.0,2.2896326592234058,5.450197212174884E-5,0.0,0.0,0.0,0.0,
0.0,2.2896326592234058,5.450197212174884E-5,0.0,0.0,0.0,0.0,
0.0,2.32946271041897,5.450197212174884E-5,0.0,0.0,0.0,0.0,
0.0,2.3913455822473395,5.450197212174884E-5,0.0,0.0,0.0,0.0,
0.0,2.3913455822473395,5.450197212174884E-5,0.0,0.0,0.0,0.0,
0.0,2.416644102148799,5.450197212174884E-5,0.0,0.0,0.0,0.0,
0.0,2.416644102148799,5.450197212174884E-5,0.0,0.0,0.0,0.0,
0.0,2.37363686191305,5.450197212174884E-5,0.0,0.0,0.0,0.0,
0.0,2.37363686191305,5.450197212174884E-5,0.0,0.0,0.0,0.0,
0.0,2.37363686191305,5.450197212174884E-5,0.0,0.0,0.0,0.0,
0.0,2.3894161663430378,5.450197212174884E-5,0.0,0.0,0.0,0.0,
0.0,2.3894161663430378,5.450197212174884E-5,0.0,0.0,0.0,0.0,
0.0,2.3914128365654252,5.450197212174884E-5,0.0,0.0,0.0,0.0,
0.0,2.3990020970977537,5.450197212174884E-5,0.0,0.0,0.0,0.0,
0.0,2.3990020970977537,5.450197212174884E-5,0.0,0.0,0.0,0.0,
0.0,2.3533700473701025,5.450197212174884E-5,0.0,0.0,0.0,0.0,
0.0,2.3533700473701025,5.450197212174884E-5,0.0,0.0,0.0,0.0,
0.0,2.3724362394840277,5.450197212174884E-5,0.0,0.0,0.0,0.0,
0.0,2.357382793758202,5.450197212174884E-5,0.0,0.0,0.0,0.0,
0.0,2.381363540086696,5.450197212174884E-5,0.0,0.0,0.0,0.0,
0.0,2.4098956311531423,5.450197212174884E-5,0.0,0.0,0.0,0.0,
0.0,2.4157497258843326,5.450197212174884E-5,0.0,0.0,0.0,0.0,
0.0,2.373070772793878,5.450197212174884E-5,0.0,0.0,0.0,0.0,
0.0,2.39245290840996,5.450197212174884E-5,0.0,0.0,0.0,0.0,
0.0,2.39245290840996,5.450197212174884E-5,0.0,0.0,0.0,0.0,
0.0,2.400743746703264,5.450197212174884E-5,0.0,0.0,0.0,0.0,
0.0,2.4057824459667625,5.450197212174884E-5,0.0,0.0,0.0,0.0,
0.0,2.4057824459667625,5.450197212174884E-5,0.0,0.0,0.0,0.0,
0.0,2.4057824459667625,5.450197212174884E-5,0.0,0.0,0.0,0.0,
0.0,2.4158428171597173,5.450197212174884E-5,0.0,0.0,0.0,0.0,
0.0,2.4286714436941246,5.450197212174884E-5,0.0,0.0,0.0,0.0,
0.0,2.4286714436941246,5.450197212174884E-5,0.0,0.0,0.0,0.0,
0.0,2.4286714436941246,5.450197212174884E-5,0.0,0.0,0.0,0.0,
0.0,2.4286714436941246,5.450197212174884E-5,0.0,0.0,0.0,0.0,
0.0,2.4286714436941246,5.450197212174884E-5,0.0,0.0,0.0,0.0,
0.0,2.4286714436941246,5.450197212174884E-5,0.0,0.0,0.0,0.0,
0.0,2.3830221471834925,5.450197212174884E-5,0.0,0.0,0.0,0.0,
0.0,2.3830221471834925,5.450197212174884E-5,0.0,0.0,0.0,0.0,
0.0,2.3830221471834925,5.450197212174884E-5,0.0,0.0,0.0,0.0,
0.0,2.3830221471834925,5.450197212174884E-5,0.0,0.0,0.0,0.0,
0.0,2.3830221471834925,5.450197212174884E-5,0.0,0.0,0.0,0.0,
0.0,2.3830221471834925,5.450197212174884E-5,0.0,0.0,0.0,0.0,
0.0,2.3918876325390226,5.450197212174884E-5,0.0,0.0,0.0,0.0,
0.0,2.3918876325390226,5.450197212174884E-5,0.0,0.0,0.0,0.0,
0.0,2.3918876325390226,5.450197212174884E-5,0.0,0.0,0.0,0.0,
0.0,2.392238334425666,5.450197212174884E-5,0.0,0.0,0.0,0.0,
0.0,2.3928364530859665,5.450197212174884E-5,0.0,0.0,0.0,0.0,
0.0,2.3928364530859665,5.450197212174884E-5,0.0,0.0,0.0,0.0,
0.0,2.3928364530859665,5.450197212174884E-5,0.0,0.0,0.0,0.0,
0.0,2.3928364530859665,5.450197212174884E-5,0.0,0.0,0.0,0.0,
0.0,2.3928364530859665,5.450197212174884E-5,0.0,0.0,0.0,0.0,
0.0,2.3928364530859665,5.450197212174884E-5,0.0,0.0,0.0,0.0,
0.0,2.3928364530859665,5.450197212174884E-5,0.0,0.0,0.0,0.0,
0.0,2.3967372846644253,5.450197212174884E-5,0.0,0.0,0.0,0.0,
0.0,2.3967372846644253,5.450197212174884E-5,0.0,0.0,0.0,0.0,
0.0,2.3967372846644253,5.450197212174884E-5,0.0,0.0,0.0,0.0,
0.0,2.3967372846644253,5.450197212174884E-5,0.0,0.0,0.0,0.0,
0.0,2.3967372846644253,5.450197212174884E-5,0.0,0.0,0.0,0.0,
0.0,2.3967372846644253,5.450197212174884E-5,0.0,0.0,0.0,0.0,
0.0,2.3967372846644253,5.450197212174884E-5,0.0,0.0,0.0,0.0,
0.0,2.3822944546208067,5.450197212174884E-5,0.0,0.0,0.0,0.0,
0.0,2.368392222952928,5.450197212174884E-5,0.0,0.0,0.0,0.0,
0.0,2.368392222952928,5.450197212174884E-5,0.0,0.0,0.0,0.0,
0.0,2.368392222952928,5.450197212174884E-5,0.0,0.0,0.0,0.0,
0.0,2.3669311578603507,5.450197212174884E-5,0.0,0.0,0.0,0.0,
0.0,2.3669311578603507,5.450197212174884E-5,0.0,0.0,0.0,0.0,
0.0,2.3669311578603507,5.450197212174884E-5,0.0,0.0,0.0,0.0,
0.0,2.3669311578603507,5.450197212174884E-5,0.0,0.0,0.0,0.0,
0.0,2.369595004482607,5.450197212174884E-5,0.0,0.0,0.0,0.0,
0.0,2.369595004482607,5.450197212174884E-5,0.0,0.0,0.0,0.0,
0.0,2.369595004482607,5.450197212174884E-5,0.0,0.0,0.0,0.0,
0.0,2.369595004482607,5.450197212174884E-5,0.0,0.0,0.0,0.0,
0.0,2.376520557762517,5.450197212174884E-5,0.0,0.0,0.0,0.0,
0.0,2.376520557762517,5.450197212174884E-5,0.0,0.0,0.0,0.0,
0.0,2.3644910656869107,5.450197212174884E-5,0.0,0.0,0.0,0.0,
0.0,2.345833463393102,5.450197212174884E-5,0.0,0.0,0.0,0.0,
0.0,2.345833463393102,5.450197212174884E-5,0.0,0.0,0.0,0.0,
0.0,2.345833463393102,5.450197212174884E-5,0.0,0.0,0.0,0.0,
0.0,2.345833463393102,5.450197212174884E-5,0.0,0.0,0.0,0.0,
0.0,2.3172308333487446,5.450197212174884E-5,0.0,0.0,0.0,0.0,
0.0,2.3172308333487446,5.450197212174884E-5,0.0,0.0,0.0,0.0,
0.0,2.3172308333487446,5.450197212174884E-5,0.0,0.0,0.0,0.0,
0.0,2.3172308333487446,5.450197212174884E-5,0.0,0.0,0.0,0.0,
0.0,2.3172308333487446,5.450197212174884E-5,0.0,0.0,0.0,0.0,
0.0,2.3172308333487446,5.450197212174884E-5,0.0,0.0,0.0,0.0,
0.0,2.3172308333487446,5.450197212174884E-5,0.0,0.0,0.0,0.0,
0.0,2.3311273537198125,5.450197212174884E-5,0.0,0.0,0.0,0.0,
0.0,2.3311273537198125,5.450197212174884E-5,0.0,0.0,0.0,0.0,
0.0,2.337304068809834,5.450197212174884E-5,0.0,0.0,0.0,0.0,
0.0,2.337304068809834,5.450197212174884E-5,0.0,0.0,0.0,0.0,
0.0,2.337304068809834,5.450197212174884E-5,0.0,0.0,0.0,0.0,
0.0,2.337304068809834,5.450197212174884E-5,0.0,0.0,0.0,0.0,
0.0,2.34942540324327,5.450197212174884E-5,0.0,0.0,0.0,0.0,
0.0,2.34942540324327,5.450197212174884E-5,0.0,0.0,0.0,0.0,
0.0,2.34942540324327,5.450197212174884E-5,0.0,0.0,0.0,0.0,
0.0,2.34942540324327,5.450197212174884E-5,0.0,0.0,0.0,0.0,
0.0,2.34942540324327,5.450197212174884E-5,0.0,0.0,0.0,0.0,
0.0,2.3641707126827156,5.450197212174884E-5,0.0,0.0,0.0,0.0,
0.0,2.3641707126827156,5.450197212174884E-5,0.0,0.0,0.0,0.0,
0.0,2.3641707126827156,5.450197212174884E-5,0.0,0.0,0.0,0.0,
0.0,2.3641707126827156,5.450197212174884E-5,0.0,0.0,0.0,0.0,
0.0,2.3641707126827156,5.450197212174884E-5,0.0,0.0,0.0,0.0,
0.0,2.3641707126827156,5.450197212174884E-5,0.0,0.0,0.0,0.0,
0.0,2.3844916866921313,5.450197212174884E-5,0.0,0.0,0.0,0.0,
0.0,2.3844916866921313,5.450197212174884E-5,0.0,0.0,0.0,0.0,
0.0,2.3989726085528997,5.450197212174884E-5,0.0,0.0,0.0,0.0,
0.0,2.3989726085528997,5.450197212174884E-5,0.0,0.0,0.0,0.0,
0.0,2.3989726085528997,5.450197212174884E-5,0.0,0.0,0.0,0.0,
0.0,2.3989726085528997,5.450197212174884E-5,0.0,0.0,0.0,0.0,
0.0,2.3989726085528997,5.450197212174884E-5,0.0,0.0,0.0,0.0,
0.0,2.3989726085528997,5.450197212174884E-5,0.0,0.0,0.0,0.0,
0.0,2.412904967600229,5.450197212174884E-5,0.0,0.0,0.0,0.0,
0.0,2.4138037173811235,5.450197212174884E-5,0.0,0.0,0.0,0.0,
0.0,2.4138037173811235,5.450197212174884E-5,0.0,0.0,0.0,0.0,
0.0,2.4138037173811235,5.450197212174884E-5,0.0,0.0,0.0,0.0,
0.0,2.411216837457367,5.450197212174884E-5,0.0,0.0,0.0,0.0,
0.0,2.411216837457367,5.450197212174884E-5,0.0,0.0,0.0,0.0,
0.0,2.411216837457367,5.450197212174884E-5,0.0,0.0,0.0,0.0,
0.0,2.313084629459004,5.450197212174884E-5,0.0,0.0,0.0,0.0,
0.0,2.313084629459004,5.450197212174884E-5,0.0,0.0,0.0,0.0,
0.0,2.313084629459004,5.450197212174884E-5,0.0,0.0,0.0,0.0,
0.0,2.313084629459004,5.450197212174884E-5,0.0,0.0,0.0,0.0,
0.0,2.313084629459004,5.450197212174884E-5,0.0,0.0,0.0,0.0,
0.0,2.3184494846302797,5.450197212174884E-5,0.0,0.0,0.0,0.0,
0.0,2.3184494846302797,5.450197212174884E-5,0.0,0.0,0.0,0.0,
0.0,2.3184494846302797,5.450197212174884E-5,0.0,0.0,0.0,0.0,
0.0,2.289449103797187,5.450197212174884E-5,0.0,0.0,0.0,0.0,
0.0,2.289449103797187,5.450197212174884E-5,0.0,0.0,0.0,0.0,
0.0,2.3030524020396532,5.450197212174884E-5,0.0,0.0,0.0,0.0,
0.0,2.3030524020396532,5.450197212174884E-5,0.0,0.0,0.0,0.0,
0.0,2.298079180391562,5.450197212174884E-5,0.0,0.0,0.0,0.0,
0.0,2.298079180391562,5.450197212174884E-5,0.0,0.0,0.0,0.0,
0.0,2.298079180391562,5.450197212174884E-5,0.0,0.0,0.0,0.0,
0.0,2.298079180391562,5.450197212174884E-5,0.0,0.0,0.0,0.0,
0.0,2.298079180391562,5.450197212174884E-5,0.0,0.0,0.0,0.0,
0.0,2.298079180391562,5.450197212174884E-5,0.0,0.0,0.0,0.0,
0.0,2.298079180391562,5.450197212174884E-5,0.0,0.0,0.0,0.0,
0.0,2.298079180391562,5.450197212174884E-5,0.0,0.0,0.0,0.0,
0.0,2.298079180391562,5.450197212174884E-5,0.0,0.0,0.0,0.0,
0.0,2.298079180391562,5.450197212174884E-5,0.0,0.0,0.0,0.0,
0.0,2.298079180391562,5.450197212174884E-5,0.0,0.0,0.0,0.0,
0.0,2.320800855770101,5.450197212174884E-5,0.0,0.0,0.0,0.0,
0.0,2.320800855770101,5.450197212174884E-5,0.0,0.0,0.0,0.0,
0.0,2.320800855770101,5.450197212174884E-5,0.0,0.0,0.0,0.0,
0.0,2.2930486808516743,5.450197212174884E-5,0.0,0.0,0.0,0.0,
0.0,2.2930486808516743,5.450197212174884E-5,0.0,0.0,0.0,0.0,
0.0,2.2930486808516743,5.450197212174884E-5,0.0,0.0,0.0,0.0,
0.0,2.320832467046652,5.450197212174884E-5,0.0,0.0,0.0,0.0,
0.0,2.320832467046652,5.450197212174884E-5,0.0,0.0,0.0,0.0,
0.0,2.320832467046652,5.450197212174884E-5,0.0,0.0,0.0,0.0,
0.0,2.320832467046652,5.450197212174884E-5,0.0,0.0,0.0,0.0,
0.0,2.330409973275078,5.450197212174884E-5,0.0,0.0,0.0,0.0,
0.0,2.330409973275078,5.450197212174884E-5,0.0,0.0,0.0,0.0,
0.0,2.317058067456831,5.450197212174884E-5,0.0,0.0,0.0,0.0,
0.0,2.317058067456831,5.450197212174884E-5,0.0,0.0,0.0,0.0,
0.0,2.325755121922032,5.450197212174884E-5,0.0,0.0,0.0,0.0,
0.0,2.325755121922032,5.450197212174884E-5,0.0,0.0,0.0,0.0,
0.0,2.325755121922032,5.450197212174884E-5,0.0,0.0,0.0,0.0,
0.0,2.325755121922032,5.450197212174884E-5,0.0,0.0,0.0,0.0,
0.0,2.325755121922032,5.450197212174884E-5,0.0,0.0,0.0,0.0,
0.0,2.325755121922032,5.450197212174884E-5,0.0,0.0,0.0,0.0,
0.0,2.325755121922032,5.450197212174884E-5,0.0,0.0,0.0,0.0,
0.0,2.294993429780168,5.450197212174884E-5,0.0,0.0,0.0,0.0,
0.0,2.294993429780168,5.450197212174884E-5,0.0,0.0,0.0,0.0,
0.0,2.31604334697644,5.450197212174884E-5,0.0,0.0,0.0,0.0,
0.0,2.33547549004978,5.450197212174884E-5,0.0,0.0,0.0,0.0,
0.0,2.33547549004978,5.450197212174884E-5,0.0,0.0,0.0,0.0,
0.0,2.33547549004978,5.450197212174884E-5,0.0,0.0,0.0,0.0,
0.0,2.33547549004978,5.450197212174884E-5,0.0,0.0,0.0,0.0,
0.0,2.3449570841114222,5.450197212174884E-5,0.0,0.0,0.0,0.0,
0.0,2.3449570841114222,5.450197212174884E-5,0.0,0.0,0.0,0.0,
0.0,2.3449570841114222,5.450197212174884E-5,0.0,0.0,0.0,0.0,
0.0,2.309070753940313,5.450197212174884E-5,0.0,0.0,0.0,0.0,
0.0,2.309070753940313,5.450197212174884E-5,0.0,0.0,0.0,0.0,
0.0,2.309070753940313,5.450197212174884E-5,0.0,0.0,0.0,0.0,
0.0,2.309070753940313,5.450197212174884E-5,0.0,0.0,0.0,0.0,
0.0,2.3288110676499625,5.450197212174884E-5,0.0,0.0,0.0,0.0,
0.0,2.2987865766874047,5.450197212174884E-5,0.0,0.0,0.0,0.0,
0.0,2.2987865766874047,5.450197212174884E-5,0.0,0.0,0.0,0.0,
0.0,2.2987865766874047,5.450197212174884E-5,0.0,0.0,0.0,0.0,
0.0,2.30457776854059,5.450197212174884E-5,0.0,0.0,0.0,0.0,
0.0,2.266551606339264,5.450197212174884E-5,0.0,0.0,0.0,0.0,
0.0,2.266551606339264,5.450197212174884E-5,0.0,0.0,0.0,0.0,
0.0,2.266551606339264,5.450197212174884E-5,0.0,0.0,0.0,0.0,
0.0,2.266551606339264,5.450197212174884E-5,0.0,0.0,0.0,0.0,
0.0,2.266551606339264,5.450197212174884E-5,0.0,0.0,0.0,0.0,
0.0,2.2754770507115736,5.450197212174884E-5,0.0,0.0,0.0,0.0,
0.0,2.289818972040494,5.450197212174884E-5,0.0,0.0,0.0,0.0,
0.0,2.289818972040494,5.450197212174884E-5,0.0,0.0,0.0,0.0,
0.0,2.3234174516791932,5.450197212174884E-5,0.0,0.0,0.0,0.0,
0.0,2.3234174516791932,5.450197212174884E-5,0.0,0.0,0.0,0.0,
0.0,2.3072248421353403,5.450197212174884E-5,0.0,0.0,0.0,0.0,
0.0,2.3072248421353403,5.450197212174884E-5,0.0,0.0,0.0,0.0,
0.0,2.3072248421353403,5.450197212174884E-5,0.0,0.0,0.0,0.0,
0.0,2.324944740113491,5.450197212174884E-5,0.0,0.0,0.0,0.0,
0.0,2.2906172445035353,5.450197212174884E-5,0.0,0.0,0.0,0.0,
0.0,2.2906172445035353,5.450197212174884E-5,0.0,0.0,0.0,0.0,
0.0,2.2906172445035353,5.450197212174884E-5,0.0,0.0,0.0,0.0,
0.0,2.303601933238349,5.450197212174884E-5,0.0,0.0,0.0,0.0,
0.0,2.303601933238349,5.450197212174884E-5,0.0,0.0,0.0,0.0,
0.0,2.303601933238349,5.450197212174884E-5,0.0,0.0,0.0,0.0,
0.0,2.303601933238349,5.450197212174884E-5,0.0,0.0,0.0,0.0,
0.0,2.303601933238349,5.450197212174884E-5,0.0,0.0,0.0,0.0,
0.0,2.303601933238349,5.450197212174884E-5,0.0,0.0,0.0,0.0,
0.0,2.3250252811827528,5.450197212174884E-5,0.0,0.0,0.0,0.0,
0.0,2.3250252811827528,5.450197212174884E-5,0.0,0.0,0.0,0.0,
0.0,2.3250252811827528,5.450197212174884E-5,0.0,0.0,0.0,0.0,
0.0,2.3250252811827528,5.450197212174884E-5,0.0,0.0,0.0,0.0,
0.0,2.291637046714184,5.450197212174884E-5,0.0,0.0,0.0,0.0,
0.0,2.316366353656439,5.450197212174884E-5,0.0,0.0,0.0,0.0,
0.0,2.316366353656439,5.450197212174884E-5,0.0,0.0,0.0,0.0,
0.0,2.3418806782924206,5.450197212174884E-5,0.0,0.0,0.0,0.0,
0.0,2.3418806782924206,5.450197212174884E-5,0.0,0.0,0.0,0.0,
0.0,2.3418806782924206,5.450197212174884E-5,0.0,0.0,0.0,0.0,
0.0,2.3418806782924206,5.450197212174884E-5,0.0,0.0,0.0,0.0,
0.0,2.3418806782924206,5.450197212174884E-5,0.0,0.0,0.0,0.0,
0.0,2.3418806782924206,5.450197212174884E-5,0.0,0.0,0.0,0.0,
0.0,2.3418806782924206,5.450197212174884E-5,0.0,0.0,0.0,0.0,
0.0,2.3418806782924206,5.450197212174884E-5,0.0,0.0,0.0,0.0,
0.0,2.3296188365821693,5.450197212174884E-5,0.0,0.0,0.0,0.0,
0.0,2.3472586156341544,5.450197212174884E-5,0.0,0.0,0.0,0.0,
0.0,2.3472586156341544,5.450197212174884E-5,0.0,0.0,0.0,0.0,
0.0,2.3472586156341544,5.450197212174884E-5,0.0,0.0,0.0,0.0,
0.0,2.3725034903684707,5.450197212174884E-5,0.0,0.0,0.0,0.0,
0.0,2.3725034903684707,5.450197212174884E-5,0.0,0.0,0.0,0.0,
0.0,2.3725034903684707,5.450197212174884E-5,0.0,0.0,0.0,0.0,
0.0,2.3919892245092536,5.450197212174884E-5,0.0,0.0,0.0,0.0,
0.0,2.3919892245092536,5.450197212174884E-5,0.0,0.0,0.0,0.0,
0.0,2.3919892245092536,5.450197212174884E-5,0.0,0.0,0.0,0.0,
0.0,2.3919892245092536,5.450197212174884E-5,0.0,0.0,0.0,0.0,
0.0,2.3919892245092536,5.450197212174884E-5,0.0,0.0,0.0,0.0,
0.0,2.3919892245092536,5.450197212174884E-5,0.0,0.0,0.0,0.0,
0.0,2.3919892245092536,5.450197212174884E-5,0.0,0.0,0.0,0.0,
0.0,2.3919892245092536,5.450197212174884E-5,0.0,0.0,0.0,0.0,
0.0,2.3919892245092536,5.450197212174884E-5,0.0,0.0,0.0,0.0,
0.0,2.3919892245092536,5.450197212174884E-5,0.0,0.0,0.0,0.0,
0.0,2.3919892245092536,5.450197212174884E-5,0.0,0.0,0.0,0.0,
0.0,2.3919892245092536,5.450197212174884E-5,0.0,0.0,0.0,0.0,
0.0,2.3919892245092536,5.450197212174884E-5,0.0,0.0,0.0,0.0,
0.0,2.2791905511205086,5.450197212174884E-5,0.0,0.0,0.0,0.0,
0.0,2.2791905511205086,5.450197212174884E-5,0.0,0.0,0.0,0.0,
0.0,2.3132527862770504,5.450197212174884E-5,0.0,0.0,0.0,0.0,
0.0,2.2497188448343715,5.450197212174884E-5,0.0,0.0,0.0,0.0,
0.0,2.2497188448343715,5.450197212174884E-5,0.0,0.0,0.0,0.0,
0.0,2.2497188448343715,5.450197212174884E-5,0.0,0.0,0.0,0.0,
0.0,2.2497188448343715,5.450197212174884E-5,0.0,0.0,0.0,0.0,
0.0,2.2497188448343715,5.450197212174884E-5,0.0,0.0,0.0,0.0,
0.0,2.2862607898378315,5.450197212174884E-5,0.0,0.0,0.0,0.0,
0.0,2.3189777490829684,5.450197212174884E-5,0.0,0.0,0.0,0.0,
0.0,2.3189777490829684,5.450197212174884E-5,0.0,0.0,0.0,0.0,
0.0,2.3189777490829684,5.450197212174884E-5,0.0,0.0,0.0,0.0,
0.0,2.3189777490829684,5.450197212174884E-5,0.0,0.0,0.0,0.0,
0.0,2.3189777490829684,5.450197212174884E-5,0.0,0.0,0.0,0.0,
0.0,2.349024987655926,5.450197212174884E-5,0.0,0.0,0.0,0.0,
0.0,2.3706124328909843,5.450197212174884E-5,0.0,0.0,0.0,0.0,
0.0,2.3706124328909843,5.450197212174884E-5,0.0,0.0,0.0,0.0,
0.0,2.3706124328909843,5.450197212174884E-5,0.0,0.0,0.0,0.0,
0.0,2.333971329172051,5.450197212174884E-5,0.0,0.0,0.0,0.0,
0.0,2.333971329172051,5.450197212174884E-5,0.0,0.0,0.0,0.0,
0.0,2.333971329172051,5.450197212174884E-5,0.0,0.0,0.0,0.0,
0.0,2.333971329172051,5.450197212174884E-5,0.0,0.0,0.0,0.0,
0.0,2.350384485737588,5.450197212174884E-5,0.0,0.0,0.0,0.0,
0.0,2.350384485737588,5.450197212174884E-5,0.0,0.0,0.0,0.0,
0.0,2.350384485737588,5.450197212174884E-5,0.0,0.0,0.0,0.0,
0.0,2.350384485737588,5.450197212174884E-5,0.0,0.0,0.0,0.0,
0.0,2.350384485737588,5.450197212174884E-5,0.0,0.0,0.0,0.0,
0.0,2.350384485737588,5.450197212174884E-5,0.0,0.0,0.0,0.0,
0.0,2.350384485737588,5.450197212174884E-5,0.0,0.0,0.0,0.0,
0.0,2.350384485737588,5.450197212174884E-5,0.0,0.0,0.0,0.0,
0.0,2.350384485737588,5.450197212174884E-5,0.0,0.0,0.0,0.0,
0.0,2.350384485737588,5.450197212174884E-5,0.0,0.0,0.0,0.0,
0.0,2.364459817253789,5.450197212174884E-5,0.0,0.0,0.0,0.0,
0.0,2.364459817253789,5.450197212174884E-5,0.0,0.0,0.0,0.0,
0.0,2.3750960408168345,5.450197212174884E-5,0.0,0.0,0.0,0.0,
0.0,2.3886357339090583,5.450197212174884E-5,0.0,0.0,0.0,0.0,
0.0,2.366423783002815,5.450197212174884E-5,0.0,0.0,0.0,0.0,
0.0,2.366423783002815,5.450197212174884E-5,0.0,0.0,0.0,0.0,
0.0,2.3898537352293903,5.450197212174884E-5,0.0,0.0,0.0,0.0,
0.0,2.3898537352293903,5.450197212174884E-5,0.0,0.0,0.0,0.0,
0.0,2.3898537352293903,5.450197212174884E-5,0.0,0.0,0.0,0.0,
0.0,2.3898537352293903,5.450197212174884E-5,0.0,0.0,0.0,0.0,
0.0,2.4024295956163226,5.450197212174884E-5,0.0,0.0,0.0,0.0,
0.0,2.359164659900213,5.450197212174884E-5,0.0,0.0,0.0,0.0,
0.0,2.359164659900213,5.450197212174884E-5,0.0,0.0,0.0,0.0,
0.0,2.3758624418662135,5.450197212174884E-5,0.0,0.0,0.0,0.0,
0.0,2.3804587541626736,5.450197212174884E-5,0.0,0.0,0.0,0.0,
0.0,2.3748873302834097,5.450197212174884E-5,0.0,0.0,0.0,0.0,
0.0,2.3748873302834097,5.450197212174884E-5,0.0,0.0,0.0,0.0,
0.0,2.3748873302834097,5.450197212174884E-5,0.0,0.0,0.0,0.0,
0.0,2.392791823306627,5.450197212174884E-5,0.0,0.0,0.0,0.0,
0.0,2.2466680356591913,5.450197212174884E-5,0.0,0.0,0.0,0.0,
0.0,2.2651423548259064,5.450197212174884E-5,0.0,0.0,0.0,0.0,
0.0,2.2651423548259064,5.450197212174884E-5,0.0,0.0,0.0,0.0,
0.0,2.2651423548259064,5.450197212174884E-5,0.0,0.0,0.0,0.0,
0.0,2.2651423548259064,5.450197212174884E-5,0.0,0.0,0.0,0.0,
0.0,2.2651423548259064,5.450197212174884E-5,0.0,0.0,0.0,0.0,
0.0,2.289709138184549,5.450197212174884E-5,0.0,0.0,0.0,0.0,
0.0,2.254999342415691,5.450197212174884E-5,0.0,0.0,0.0,0.0,
0.0,2.254999342415691,5.450197212174884E-5,0.0,0.0,0.0,0.0,
0.0,2.254999342415691,5.450197212174884E-5,0.0,0.0,0.0,0.0,
0.0,2.254999342415691,5.450197212174884E-5,0.0,0.0,0.0,0.0,
0.0,2.254999342415691,5.450197212174884E-5,0.0,0.0,0.0,0.0,
0.0,2.254999342415691,5.450197212174884E-5,0.0,0.0,0.0,0.0,
0.0,2.254999342415691,5.450197212174884E-5,0.0,0.0,0.0,0.0,
0.0,2.254999342415691,5.450197212174884E-5,0.0,0.0,0.0,0.0,
0.0,2.3076037913537477,5.450197212174884E-5,0.0,0.0,0.0,0.0,
0.0,2.3076037913537477,5.450197212174884E-5,0.0,0.0,0.0,0.0,
0.0,2.3076037913537477,5.450197212174884E-5,0.0,0.0,0.0,0.0,
0.0,2.328539498614473,5.450197212174884E-5,0.0,0.0,0.0,0.0,
0.0,2.328539498614473,5.450197212174884E-5,0.0,0.0,0.0,0.0,
0.0,2.328539498614473,5.450197212174884E-5,0.0,0.0,0.0,0.0,
0.0,2.328539498614473,5.450197212174884E-5,0.0,0.0,0.0,0.0,
0.0,2.328539498614473,5.450197212174884E-5,0.0,0.0,0.0,0.0,
0.0,2.328539498614473,5.450197212174884E-5,0.0,0.0,0.0,0.0,
0.0,2.328539498614473,5.450197212174884E-5,0.0,0.0,0.0,0.0,
0.0,2.328539498614473,5.450197212174884E-5,0.0,0.0,0.0,0.0,
0.0,2.328539498614473,5.450197212174884E-5,0.0,0.0,0.0,0.0,
0.0,2.354111335203079,5.450197212174884E-5,0.0,0.0,0.0,0.0,
0.0,2.354111335203079,5.450197212174884E-5,0.0,0.0,0.0,0.0,
0.0,2.354111335203079,5.450197212174884E-5,0.0,0.0,0.0,0.0,
0.0,2.354111335203079,5.450197212174884E-5,0.0,0.0,0.0,0.0,
0.0,2.354111335203079,5.450197212174884E-5,0.0,0.0,0.0,0.0,
0.0,2.371523117751273,5.450197212174884E-5,0.0,0.0,0.0,0.0,
0.0,2.371523117751273,5.450197212174884E-5,0.0,0.0,0.0,0.0,
0.0,2.386545957498314,5.450197212174884E-5,0.0,0.0,0.0,0.0,
0.0,2.386545957498314,5.450197212174884E-5,0.0,0.0,0.0,0.0,
0.0,2.386545957498314,5.450197212174884E-5,0.0,0.0,0.0,0.0,
0.0,2.386545957498314,5.450197212174884E-5,0.0,0.0,0.0,0.0,
0.0,2.386545957498314,5.450197212174884E-5,0.0,0.0,0.0,0.0,
0.0,2.386545957498314,5.450197212174884E-5,0.0,0.0,0.0,0.0,
0.0,2.386545957498314,5.450197212174884E-5,0.0,0.0,0.0,0.0,
0.0,2.3715795122208414,5.450197212174884E-5,0.0,0.0,0.0,0.0,
0.0,2.375119486673464,5.450197212174884E-5,0.0,0.0,0.0,0.0,
0.0,2.3810910644252434,5.450197212174884E-5,0.0,0.0,0.0,0.0,
0.0,2.3810910644252434,5.450197212174884E-5,0.0,0.0,0.0,0.0,
0.0,2.3810910644252434,5.450197212174884E-5,0.0,0.0,0.0,0.0,
0.0,2.3810910644252434,5.450197212174884E-5,0.0,0.0,0.0,0.0,
0.0,2.3903169508567084,5.450197212174884E-5,0.0,0.0,0.0,0.0,
0.0,2.3903169508567084,5.450197212174884E-5,0.0,0.0,0.0,0.0,
0.0,2.3903169508567084,5.450197212174884E-5,0.0,0.0,0.0,0.0,
0.0,2.3903169508567084,5.450197212174884E-5,0.0,0.0,0.0,0.0,
0.0,2.338303079654811,5.450197212174884E-5,0.0,0.0,0.0,0.0,
0.0,2.338303079654811,5.450197212174884E-5,0.0,0.0,0.0,0.0,
0.0,2.338303079654811,5.450197212174884E-5,0.0,0.0,0.0,0.0,
0.0,2.338303079654811,5.450197212174884E-5,0.0,0.0,0.0,0.0,
0.0,2.344493306498243,5.450197212174884E-5,0.0,0.0,0.0,0.0,
0.0,2.344493306498243,5.450197212174884E-5,0.0,0.0,0.0,0.0,
0.0,2.344493306498243,5.450197212174884E-5,0.0,0.0,0.0,0.0,
0.0,2.3486559588912836,5.450197212174884E-5,0.0,0.0,0.0,0.0,
0.0,2.3486559588912836,5.450197212174884E-5,0.0,0.0,0.0,0.0,
0.0,2.3519334868499295,5.450197212174884E-5,0.0,0.0,0.0,0.0,
0.0,2.3519334868499295,5.450197212174884E-5,0.0,0.0,0.0,0.0,
0.0,2.302629554908399,5.450197212174884E-5,0.0,0.0,0.0,0.0,
0.0,2.302629554908399,5.450197212174884E-5,0.0,0.0,0.0,0.0,
0.0,2.302629554908399,5.450197212174884E-5,0.0,0.0,0.0,0.0,
0.0,2.302629554908399,5.450197212174884E-5,0.0,0.0,0.0,0.0,
0.0,2.307810990278923,5.450197212174884E-5,0.0,0.0,0.0,0.0,
0.0,2.307810990278923,5.450197212174884E-5,0.0,0.0,0.0,0.0,
0.0,2.3156345832122565,5.450197212174884E-5,0.0,0.0,0.0,0.0,
0.0,2.3156345832122565,5.450197212174884E-5,0.0,0.0,0.0,0.0,
0.0,2.3156345832122565,5.450197212174884E-5,0.0,0.0,0.0,0.0,
0.0,2.3156345832122565,5.450197212174884E-5,0.0,0.0,0.0,0.0,
0.0,2.333241934026012,5.450197212174884E-5,0.0,0.0,0.0,0.0,
0.0,2.333241934026012,5.450197212174884E-5,0.0,0.0,0.0,0.0,
0.0,2.333241934026012,5.450197212174884E-5,0.0,0.0,0.0,0.0,
0.0,2.333241934026012,5.450197212174884E-5,0.0,0.0,0.0,0.0,
0.0,2.333241934026012,5.450197212174884E-5,0.0,0.0,0.0,0.0,
0.0,2.333241934026012,5.450197212174884E-5,0.0,0.0,0.0,0.0,
0.0,2.333241934026012,5.450197212174884E-5,0.0,0.0,0.0,0.0,
0.0,2.333241934026012,5.450197212174884E-5,0.0,0.0,0.0,0.0,
0.0,2.333241934026012,5.450197212174884E-5,0.0,0.0,0.0,0.0,
0.0,2.333241934026012,5.450197212174884E-5,0.0,0.0,0.0,0.0,
0.0,2.333241934026012,5.450197212174884E-5,0.0,0.0,0.0,0.0,
0.0,2.333241934026012,5.450197212174884E-5,0.0,0.0,0.0,0.0,
0.0,2.333241934026012,5.450197212174884E-5,0.0,0.0,0.0,0.0,
0.0,2.333241934026012,5.450197212174884E-5,0.0,0.0,0.0,0.0,
0.0,2.333241934026012,5.450197212174884E-5,0.0,0.0,0.0,0.0,
0.0,2.333241934026012,5.450197212174884E-5,0.0,0.0,0.0,0.0,
0.0,2.336851921829394,5.450197212174884E-5,0.0,0.0,0.0,0.0,
0.0,2.336851921829394,5.450197212174884E-5,0.0,0.0,0.0,0.0,
0.0,2.336851921829394,5.450197212174884E-5,0.0,0.0,0.0,0.0,
0.0,2.293247597201823,5.450197212174884E-5,0.0,0.0,0.0,0.0,
0.0,2.293247597201823,5.450197212174884E-5,0.0,0.0,0.0,0.0,
0.0,2.293247597201823,5.450197212174884E-5,0.0,0.0,0.0,0.0,
0.0,2.293247597201823,5.450197212174884E-5,0.0,0.0,0.0,0.0,
0.0,2.293247597201823,5.450197212174884E-5,0.0,0.0,0.0,0.0,
0.0,2.293247597201823,5.450197212174884E-5,0.0,0.0,0.0,0.0,
0.0,2.293247597201823,5.450197212174884E-5,0.0,0.0,0.0,0.0,
0.0,2.25550827429407,5.450197212174884E-5,0.0,0.0,0.0,0.0,
0.0,2.2730734115733418,5.450197212174884E-5,0.0,0.0,0.0,0.0,
0.0,2.2730734115733418,5.450197212174884E-5,0.0,0.0,0.0,0.0,
0.0,2.2730734115733418,5.450197212174884E-5,0.0,0.0,0.0,0.0,
0.0,2.293366860940843,5.450197212174884E-5,0.0,0.0,0.0,0.0,
0.0,2.293366860940843,5.450197212174884E-5,0.0,0.0,0.0,0.0,
0.0,2.293366860940843,5.450197212174884E-5,0.0,0.0,0.0,0.0,
0.0,2.293366860940843,5.450197212174884E-5,0.0,0.0,0.0,0.0,
0.0,2.293366860940843,5.450197212174884E-5,0.0,0.0,0.0,0.0,
0.0,2.293366860940843,5.450197212174884E-5,0.0,0.0,0.0,0.0,
0.0,2.237423365394341,5.450197212174884E-5,0.0,0.0,0.0,0.0,
0.0,2.237423365394341,5.450197212174884E-5,0.0,0.0,0.0,0.0,
0.0,2.2604241450256115,5.450197212174884E-5,0.0,0.0,0.0,0.0,
0.0,2.2604241450256115,5.450197212174884E-5,0.0,0.0,0.0,0.0,
0.0,2.2604241450256115,5.450197212174884E-5,0.0,0.0,0.0,0.0,
0.0,2.2604241450256115,5.450197212174884E-5,0.0,0.0,0.0,0.0,
0.0,2.229926181235664,5.450197212174884E-5,0.0,0.0,0.0,0.0,
0.0,2.229926181235664,5.450197212174884E-5,0.0,0.0,0.0,0.0,
0.0,2.2537457186424743,5.450197212174884E-5,0.0,0.0,0.0,0.0,
0.0,2.279475956227332,5.450197212174884E-5,0.0,0.0,0.0,0.0,
0.0,2.2462815364193416,5.450197212174884E-5,0.0,0.0,0.0,0.0,
0.0,2.2462815364193416,5.450197212174884E-5,0.0,0.0,0.0,0.0,
0.0,2.2462815364193416,5.450197212174884E-5,0.0,0.0,0.0,0.0,
0.0,2.2795402719099807,5.450197212174884E-5,0.0,0.0,0.0,0.0,
0.0,2.2795402719099807,5.450197212174884E-5,0.0,0.0,0.0,0.0,
0.0,2.309117546603286,5.450197212174884E-5,0.0,0.0,0.0,0.0,
0.0,2.309117546603286,5.450197212174884E-5,0.0,0.0,0.0,0.0,
0.0,2.309117546603286,5.450197212174884E-5,0.0,0.0,0.0,0.0,
0.0,2.304376389891529,5.450197212174884E-5,0.0,0.0,0.0,0.0,
0.0,2.267570196013241,5.450197212174884E-5,0.0,0.0,0.0,0.0,
0.0,2.267570196013241,5.450197212174884E-5,0.0,0.0,0.0,0.0,
0.0,2.3022969601605627,5.450197212174884E-5,0.0,0.0,0.0,0.0,
0.0,2.3022969601605627,5.450197212174884E-5,0.0,0.0,0.0,0.0,
0.0,2.3022969601605627,5.450197212174884E-5,0.0,0.0,0.0,0.0,
0.0,2.3022969601605627,5.450197212174884E-5,0.0,0.0,0.0,0.0,
0.0,2.3022969601605627,5.450197212174884E-5,0.0,0.0,0.0,0.0,
0.0,2.3398422331032798,5.450197212174884E-5,0.0,0.0,0.0,0.0,
0.0,2.3398422331032798,5.450197212174884E-5,0.0,0.0,0.0,0.0,
0.0,2.3398422331032798,5.450197212174884E-5,0.0,0.0,0.0,0.0,
0.0,2.3398422331032798,5.450197212174884E-5,0.0,0.0,0.0,0.0,
0.0,2.3398422331032798,5.450197212174884E-5,0.0,0.0,0.0,0.0,
0.0,2.3398422331032798,5.450197212174884E-5,0.0,0.0,0.0,0.0,
0.0,2.3398422331032798,5.450197212174884E-5,0.0,0.0,0.0,0.0,
0.0,2.3398422331032798,5.450197212174884E-5,0.0,0.0,0.0,0.0,
0.0,2.3398422331032798,5.450197212174884E-5,0.0,0.0,0.0,0.0,
0.0,2.367223839560124,5.450197212174884E-5,0.0,0.0,0.0,0.0,
0.0,2.367223839560124,5.450197212174884E-5,0.0,0.0,0.0,0.0,
0.0,2.367223839560124,5.450197212174884E-5,0.0,0.0,0.0,0.0,
0.0,2.367223839560124,5.450197212174884E-5,0.0,0.0,0.0,0.0,
0.0,2.4087541121091225,5.450197212174884E-5,0.0,0.0,0.0,0.0,
0.0,2.4087541121091225,5.450197212174884E-5,0.0,0.0,0.0,0.0,
0.0,2.4087541121091225,5.450197212174884E-5,0.0,0.0,0.0,0.0,
0.0,2.4087541121091225,5.450197212174884E-5,0.0,0.0,0.0,0.0,
0.0,2.4087541121091225,5.450197212174884E-5,0.0,0.0,0.0,0.0,
0.0,2.4087541121091225,5.450197212174884E-5,0.0,0.0,0.0,0.0,
0.0,2.424483308809642,5.450197212174884E-5,0.0,0.0,0.0,0.0,
0.0,2.424483308809642,5.450197212174884E-5,0.0,0.0,0.0,0.0,
0.0,2.424483308809642,5.450197212174884E-5,0.0,0.0,0.0,0.0,
0.0,2.424483308809642,5.450197212174884E-5,0.0,0.0,0.0,0.0,
0.0,2.424483308809642,5.450197212174884E-5,0.0,0.0,0.0,0.0,
0.0,2.424483308809642,5.450197212174884E-5,0.0,0.0,0.0,0.0,
0.0,2.443335000217482,5.450197212174884E-5,0.0,0.0,0.0,0.0,
0.0,2.4590775837912906,5.450197212174884E-5,0.0,0.0,0.0,0.0,
0.0,2.47525066675869,5.450197212174884E-5,0.0,0.0,0.0,0.0,
0.0,2.4910010991468896,5.450197212174884E-5,0.0,0.0,0.0,0.0,
0.0,2.4910010991468896,5.450197212174884E-5,0.0,0.0,0.0,0.0,
0.0,2.5102012448769537,5.450197212174884E-5,0.0,0.0,0.0,0.0,
0.0,2.5102012448769537,5.450197212174884E-5,0.0,0.0,0.0,0.0,
0.0,2.5102012448769537,5.450197212174884E-5,0.0,0.0,0.0,0.0,
0.0,2.5102012448769537,5.450197212174884E-5,0.0,0.0,0.0,0.0,
0.0,2.541139453772283,5.450197212174884E-5,0.0,0.0,0.0,0.0,
0.0,2.541139453772283,5.450197212174884E-5,0.0,0.0,0.0,0.0,
0.0,2.541139453772283,5.450197212174884E-5,0.0,0.0,0.0,0.0,
0.0,2.541139453772283,5.450197212174884E-5,0.0,0.0,0.0,0.0,
0.0,2.541139453772283,5.450197212174884E-5,0.0,0.0,0.0,0.0,
0.0,2.541139453772283,5.450197212174884E-5,0.0,0.0,0.0,0.0,
0.0,2.5489840393550107,5.450197212174884E-5,0.0,0.0,0.0,0.0,
0.0,2.4900673592605704,5.450197212174884E-5,0.0,0.0,0.0,0.0,
0.0,2.494777534269686,5.450197212174884E-5,0.0,0.0,0.0,0.0,
0.0,2.494777534269686,5.450197212174884E-5,0.0,0.0,0.0,0.0,
0.0,2.494777534269686,5.450197212174884E-5,0.0,0.0,0.0,0.0,
0.0,2.494777534269686,5.450197212174884E-5,0.0,0.0,0.0,0.0,
0.0,2.497850003435501,5.450197212174884E-5,0.0,0.0,0.0,0.0,
0.0,2.497850003435501,5.450197212174884E-5,0.0,0.0,0.0,0.0,
0.0,2.497850003435501,5.450197212174884E-5,0.0,0.0,0.0,0.0,
0.0,2.497850003435501,5.450197212174884E-5,0.0,0.0,0.0,0.0,
0.0,2.497850003435501,5.450197212174884E-5,0.0,0.0,0.0,0.0,
0.0,2.49861301025795,5.450197212174884E-5,0.0,0.0,0.0,0.0,
0.0,2.49861301025795,5.450197212174884E-5,0.0,0.0,0.0,0.0,
0.0,2.49861301025795,5.450197212174884E-5,0.0,0.0,0.0,0.0,
0.0,2.49861301025795,5.450197212174884E-5,0.0,0.0,0.0,0.0,
0.0,2.49861301025795,5.450197212174884E-5,0.0,0.0,0.0,0.0,
0.0,2.49861301025795,5.450197212174884E-5,0.0,0.0,0.0,0.0,
0.0,2.49861301025795,5.450197212174884E-5,0.0,0.0,0.0,0.0,
0.0,2.49861301025795,5.450197212174884E-5,0.0,0.0,0.0,0.0,
0.0,2.49861301025795,5.450197212174884E-5,0.0,0.0,0.0,0.0,
0.0,2.49861301025795,5.450197212174884E-5,0.0,0.0,0.0,0.0,
0.0,2.49861301025795,5.450197212174884E-5,0.0,0.0,0.0,0.0,
0.0,2.49861301025795,5.450197212174884E-5,0.0,0.0,0.0,0.0,
0.0,2.49861301025795,5.450197212174884E-5,0.0,0.0,0.0,0.0,
0.0,2.494036919206379,5.450197212174884E-5,0.0,0.0,0.0,0.0,
0.0,2.4897263348322793,5.450197212174884E-5,0.0,0.0,0.0,0.0,
0.0,2.4897263348322793,5.450197212174884E-5,0.0,0.0,0.0,0.0,
0.0,2.4897263348322793,5.450197212174884E-5,0.0,0.0,0.0,0.0,
0.0,2.4897263348322793,5.450197212174884E-5,0.0,0.0,0.0,0.0,
0.0,2.4897263348322793,5.450197212174884E-5,0.0,0.0,0.0,0.0,
0.0,2.4897263348322793,5.450197212174884E-5,0.0,0.0,0.0,0.0,
0.0,2.4897263348322793,5.450197212174884E-5,0.0,0.0,0.0,0.0,
0.0,2.4903756759334277,5.450197212174884E-5,0.0,0.0,0.0,0.0,
0.0,2.4903756759334277,5.450197212174884E-5,0.0,0.0,0.0,0.0,
0.0,2.4903756759334277,5.450197212174884E-5,0.0,0.0,0.0,0.0,
0.0,2.4903756759334277,5.450197212174884E-5,0.0,0.0,0.0,0.0,
0.0,2.4903756759334277,5.450197212174884E-5,0.0,0.0,0.0,0.0,
0.0,2.4587416900396115,5.450197212174884E-5,0.0,0.0,0.0,0.0,
0.0,2.4587416900396115,5.450197212174884E-5,0.0,0.0,0.0,0.0,
0.0,2.4587416900396115,5.450197212174884E-5,0.0,0.0,0.0,0.0,
0.0,2.4587416900396115,5.450197212174884E-5,0.0,0.0,0.0,0.0,
0.0,2.46573630067929,5.450197212174884E-5,0.0,0.0,0.0,0.0,
0.0,2.46573630067929,5.450197212174884E-5,0.0,0.0,0.0,0.0,
0.0,2.4765503959531925,5.450197212174884E-5,0.0,0.0,0.0,0.0,
0.0,2.4765503959531925,5.450197212174884E-5,0.0,0.0,0.0,0.0,
0.0,2.4765503959531925,5.450197212174884E-5,0.0,0.0,0.0,0.0,
0.0,2.4765503959531925,5.450197212174884E-5,0.0,0.0,0.0,0.0,
0.0,2.4765503959531925,5.450197212174884E-5,0.0,0.0,0.0,0.0,
0.0,2.4765503959531925,5.450197212174884E-5,0.0,0.0,0.0,0.0,
0.0,2.4765503959531925,5.450197212174884E-5,0.0,0.0,0.0,0.0,
0.0,2.3788370682095477,5.450197212174884E-5,0.0,0.0,0.0,0.0,
0.0,2.3788370682095477,5.450197212174884E-5,0.0,0.0,0.0,0.0,
0.0,2.3788370682095477,5.450197212174884E-5,0.0,0.0,0.0,0.0,
0.0,2.4016864789744377,5.450197212174884E-5,0.0,0.0,0.0,0.0,
0.0,2.4016864789744377,5.450197212174884E-5,0.0,0.0,0.0,0.0,
0.0,2.4016864789744377,5.450197212174884E-5,0.0,0.0,0.0,0.0,
0.0,2.4125705665441566,5.450197212174884E-5,0.0,0.0,0.0,0.0,
0.0,2.423069616705892,5.450197212174884E-5,0.0,0.0,0.0,0.0,
0.0,2.423069616705892,5.450197212174884E-5,0.0,0.0,0.0,0.0,
0.0,2.423069616705892,5.450197212174884E-5,0.0,0.0,0.0,0.0,
0.0,2.434122560789573,5.450197212174884E-5,0.0,0.0,0.0,0.0,
0.0,2.434122560789573,5.450197212174884E-5,0.0,0.0,0.0,0.0,
0.0,2.434122560789573,5.450197212174884E-5,0.0,0.0,0.0,0.0,
0.0,2.434122560789573,5.450197212174884E-5,0.0,0.0,0.0,0.0,
0.0,2.416231982212041,5.450197212174884E-5,0.0,0.0,0.0,0.0,
0.0,2.416231982212041,5.450197212174884E-5,0.0,0.0,0.0,0.0,
0.0,2.416231982212041,5.450197212174884E-5,0.0,0.0,0.0,0.0,
0.0,2.416231982212041,5.450197212174884E-5,0.0,0.0,0.0,0.0,
0.0,2.416231982212041,5.450197212174884E-5,0.0,0.0,0.0,0.0,
0.0,2.421985921585695,5.450197212174884E-5,0.0,0.0,0.0,0.0,
0.0,2.421985921585695,5.450197212174884E-5,0.0,0.0,0.0,0.0,
0.0,2.421985921585695,5.450197212174884E-5,0.0,0.0,0.0,0.0,
0.0,2.430297401146525,5.450197212174884E-5,0.0,0.0,0.0,0.0,
0.0,2.4316139514495605,5.450197212174884E-5,0.0,0.0,0.0,0.0,
0.0,2.4316139514495605,5.450197212174884E-5,0.0,0.0,0.0,0.0,
0.0,2.4316139514495605,5.450197212174884E-5,0.0,0.0,0.0,0.0,
0.0,2.4316139514495605,5.450197212174884E-5,0.0,0.0,0.0,0.0,
0.0,2.431799133532891,5.450197212174884E-5,0.0,0.0,0.0,0.0,
0.0,2.431939291965269,5.450197212174884E-5,0.0,0.0,0.0,0.0,
0.0,2.431939291965269,5.450197212174884E-5,0.0,0.0,0.0,0.0,
0.0,2.431939291965269,5.450197212174884E-5,0.0,0.0,0.0,0.0,
0.0,2.432969918555261,5.450197212174884E-5,0.0,0.0,0.0,0.0,
0.0,2.432969918555261,5.450197212174884E-5,0.0,0.0,0.0,0.0,
0.0,2.4384961938040806,5.450197212174884E-5,0.0,0.0,0.0,0.0,
0.0,2.4384961938040806,5.450197212174884E-5,0.0,0.0,0.0,0.0,
0.0,2.4384961938040806,5.450197212174884E-5,0.0,0.0,0.0,0.0,
0.0,2.4384961938040806,5.450197212174884E-5,0.0,0.0,0.0,0.0,
0.0,2.4384961938040806,5.450197212174884E-5,0.0,0.0,0.0,0.0,
0.0,2.4384961938040806,5.450197212174884E-5,0.0,0.0,0.0,0.0,
0.0,2.4384961938040806,5.450197212174884E-5,0.0,0.0,0.0,0.0,
0.0,2.4384961938040806,5.450197212174884E-5,0.0,0.0,0.0,0.0,
0.0,2.4384961938040806,5.450197212174884E-5,0.0,0.0,0.0,0.0,
0.0,2.4384961938040806,5.450197212174884E-5,0.0,0.0,0.0,0.0,
0.0,2.4384961938040806,5.450197212174884E-5,0.0,0.0,0.0,0.0,
0.0,2.4384961938040806,5.450197212174884E-5,0.0,0.0,0.0,0.0,
0.0,2.439203988682064,5.450197212174884E-5,0.0,0.0,0.0,0.0,
0.0,2.4374136529147594,5.450197212174884E-5,0.0,0.0,0.0,0.0,
0.0,2.4374136529147594,5.450197212174884E-5,0.0,0.0,0.0,0.0,
0.0,2.4374136529147594,5.450197212174884E-5,0.0,0.0,0.0,0.0,
0.0,2.4412278696371215,5.450197212174884E-5,0.0,0.0,0.0,0.0,
0.0,2.4523739028841205,5.450197212174884E-5,0.0,0.0,0.0,0.0,
0.0,2.458875296134463,5.450197212174884E-5,0.0,0.0,0.0,0.0,
0.0,2.458875296134463,5.450197212174884E-5,0.0,0.0,0.0,0.0,
0.0,2.458875296134463,5.450197212174884E-5,0.0,0.0,0.0,0.0,
0.0,2.458370537245922,5.450197212174884E-5,0.0,0.0,0.0,0.0,
0.0,2.458370537245922,5.450197212174884E-5,0.0,0.0,0.0,0.0,
0.0,2.458972384417299,5.450197212174884E-5,0.0,0.0,0.0,0.0,
0.0,2.458972384417299,5.450197212174884E-5,0.0,0.0,0.0,0.0,
0.0,2.458972384417299,5.450197212174884E-5,0.0,0.0,0.0,0.0,
0.0,2.4656066120445987,5.450197212174884E-5,0.0,0.0,0.0,0.0,
0.0,2.4719572108256864,5.450197212174884E-5,0.0,0.0,0.0,0.0,
0.0,2.4719572108256864,5.450197212174884E-5,0.0,0.0,0.0,0.0,
0.0,2.4719572108256864,5.450197212174884E-5,0.0,0.0,0.0,0.0,
0.0,2.4236385230903648,5.450197212174884E-5,0.0,0.0,0.0,0.0,
0.0,2.4236385230903648,5.450197212174884E-5,0.0,0.0,0.0,0.0,
0.0,2.4236385230903648,5.450197212174884E-5,0.0,0.0,0.0,0.0,
0.0,2.4236385230903648,5.450197212174884E-5,0.0,0.0,0.0,0.0,
0.0,2.4151954366931845,5.450197212174884E-5,0.0,0.0,0.0,0.0,
0.0,2.4151954366931845,5.450197212174884E-5,0.0,0.0,0.0,0.0,
0.0,2.4151954366931845,5.450197212174884E-5,0.0,0.0,0.0,0.0,
0.0,2.432790901297377,5.450197212174884E-5,0.0,0.0,0.0,0.0,
0.0,2.432790901297377,5.450197212174884E-5,0.0,0.0,0.0,0.0,
0.0,2.432790901297377,5.450197212174884E-5,0.0,0.0,0.0,0.0,
0.0,2.446805786387279,5.450197212174884E-5,0.0,0.0,0.0,0.0,
0.0,2.446805786387279,5.450197212174884E-5,0.0,0.0,0.0,0.0,
0.0,2.45818322649524,5.450197212174884E-5,0.0,0.0,0.0,0.0,
0.0,2.45818322649524,5.450197212174884E-5,0.0,0.0,0.0,0.0,
0.0,2.45818322649524,5.450197212174884E-5,0.0,0.0,0.0,0.0,
0.0,2.45818322649524,5.450197212174884E-5,0.0,0.0,0.0,0.0,
0.0,2.4651034603507287,5.450197212174884E-5,0.0,0.0,0.0,0.0,
0.0,2.4651034603507287,5.450197212174884E-5,0.0,0.0,0.0,0.0,
0.0,2.4651034603507287,5.450197212174884E-5,0.0,0.0,0.0,0.0,
0.0,2.4651034603507287,5.450197212174884E-5,0.0,0.0,0.0,0.0,
0.0,2.474868699247926,5.450197212174884E-5,0.0,0.0,0.0,0.0,
0.0,2.474868699247926,5.450197212174884E-5,0.0,0.0,0.0,0.0,
0.0,2.474868699247926,5.450197212174884E-5,0.0,0.0,0.0,0.0,
0.0,2.4867590703043216,5.450197212174884E-5,0.0,0.0,0.0,0.0,
0.0,2.4867590703043216,5.450197212174884E-5,0.0,0.0,0.0,0.0,
0.0,2.4867590703043216,5.450197212174884E-5,0.0,0.0,0.0,0.0,
0.0,2.4998046351876546,5.450197212174884E-5,0.0,0.0,0.0,0.0,
0.0,2.4998046351876546,5.450197212174884E-5,0.0,0.0,0.0,0.0,
0.0,2.4602634367048046,5.450197212174884E-5,0.0,0.0,0.0,0.0,
0.0,2.4706848193710735,5.450197212174884E-5,0.0,0.0,0.0,0.0,
0.0,2.4706848193710735,5.450197212174884E-5,0.0,0.0,0.0,0.0,
0.0,2.4706848193710735,5.450197212174884E-5,0.0,0.0,0.0,0.0,
0.0,2.4706848193710735,5.450197212174884E-5,0.0,0.0,0.0,0.0,
0.0,2.4706848193710735,5.450197212174884E-5,0.0,0.0,0.0,0.0,
0.0,2.4706848193710735,5.450197212174884E-5,0.0,0.0,0.0,0.0,
0.0,2.478488510493655,5.450197212174884E-5,0.0,0.0,0.0,0.0,
0.0,2.488101415702812,5.450197212174884E-5,0.0,0.0,0.0,0.0,
0.0,2.488101415702812,5.450197212174884E-5,0.0,0.0,0.0,0.0,
0.0,2.488101415702812,5.450197212174884E-5,0.0,0.0,0.0,0.0,
0.0,2.5004013030870187,5.450197212174884E-5,0.0,0.0,0.0,0.0,
0.0,2.5004013030870187,5.450197212174884E-5,0.0,0.0,0.0,0.0,
0.0,2.51648969642585,5.450197212174884E-5,0.0,0.0,0.0,0.0,
0.0,2.51648969642585,5.450197212174884E-5,0.0,0.0,0.0,0.0,
0.0,2.51648969642585,5.450197212174884E-5,0.0,0.0,0.0,0.0,
0.0,2.51648969642585,5.450197212174884E-5,0.0,0.0,0.0,0.0,
0.0,2.51648969642585,5.450197212174884E-5,0.0,0.0,0.0,0.0,
0.0,2.5381466141573097,5.450197212174884E-5,0.0,0.0,0.0,0.0,
0.0,2.5381466141573097,5.450197212174884E-5,0.0,0.0,0.0,0.0,
0.0,2.5381466141573097,5.450197212174884E-5,0.0,0.0,0.0,0.0,
0.0,2.5381466141573097,5.450197212174884E-5,0.0,0.0,0.0,0.0,
0.0,2.5381466141573097,5.450197212174884E-5,0.0,0.0,0.0,0.0,
0.0,2.5381466141573097,5.450197212174884E-5,0.0,0.0,0.0,0.0,
0.0,2.5381466141573097,5.450197212174884E-5,0.0,0.0,0.0,0.0,
0.0,2.5381466141573097,5.450197212174884E-5,0.0,0.0,0.0,0.0,
0.0,2.5381466141573097,5.450197212174884E-5,0.0,0.0,0.0,0.0,
0.0,2.5381466141573097,5.450197212174884E-5,0.0,0.0,0.0,0.0,
0.0,2.5381466141573097,5.450197212174884E-5,0.0,0.0,0.0,0.0,
0.0,2.5381466141573097,5.450197212174884E-5,0.0,0.0,0.0,0.0,
0.0,2.540953226855554,5.450197212174884E-5,0.0,0.0,0.0,0.0,
0.0,2.540953226855554,5.450197212174884E-5,0.0,0.0,0.0,0.0,
0.0,2.540953226855554,5.450197212174884E-5,0.0,0.0,0.0,0.0,
0.0,2.540953226855554,5.450197212174884E-5,0.0,0.0,0.0,0.0,
0.0,2.540953226855554,5.450197212174884E-5,0.0,0.0,0.0,0.0,
0.0,2.540953226855554,5.450197212174884E-5,0.0,0.0,0.0,0.0,
0.0,2.540953226855554,5.450197212174884E-5,0.0,0.0,0.0,0.0,
0.0,2.5036209104909903,5.450197212174884E-5,0.0,0.0,0.0,0.0,
0.0,2.4963882227706,5.450197212174884E-5,0.0,0.0,0.0,0.0,
0.0,2.4963882227706,5.450197212174884E-5,0.0,0.0,0.0,0.0,
0.0,2.4963882227706,5.450197212174884E-5,0.0,0.0,0.0,0.0,
0.0,2.515663454276135,5.450197212174884E-5,0.0,0.0,0.0,0.0,
0.0,2.515663454276135,5.450197212174884E-5,0.0,0.0,0.0,0.0,
0.0,2.515663454276135,5.450197212174884E-5,0.0,0.0,0.0,0.0,
0.0,2.475515637573759,5.450197212174884E-5,0.0,0.0,0.0,0.0,
0.0,2.475515637573759,5.450197212174884E-5,0.0,0.0,0.0,0.0,
0.0,2.475515637573759,5.450197212174884E-5,0.0,0.0,0.0,0.0,
0.0,2.499701141630081,5.450197212174884E-5,0.0,0.0,0.0,0.0,
0.0,2.499701141630081,5.450197212174884E-5,0.0,0.0,0.0,0.0,
0.0,2.499701141630081,5.450197212174884E-5,0.0,0.0,0.0,0.0,
0.0,2.499701141630081,5.450197212174884E-5,0.0,0.0,0.0,0.0,
0.0,2.5229011024612187,5.450197212174884E-5,0.0,0.0,0.0,0.0,
0.0,2.5229011024612187,5.450197212174884E-5,0.0,0.0,0.0,0.0,
0.0,2.5229011024612187,5.450197212174884E-5,0.0,0.0,0.0,0.0,
0.0,2.5229011024612187,5.450197212174884E-5,0.0,0.0,0.0,0.0,
0.0,2.5229011024612187,5.450197212174884E-5,0.0,0.0,0.0,0.0,
0.0,2.5229011024612187,5.450197212174884E-5,0.0,0.0,0.0,0.0,
0.0,2.5229011024612187,5.450197212174884E-5,0.0,0.0,0.0,0.0,
0.0,2.5229011024612187,5.450197212174884E-5,0.0,0.0,0.0,0.0,
0.0,2.5229011024612187,5.450197212174884E-5,0.0,0.0,0.0,0.0,
0.0,2.5229011024612187,5.450197212174884E-5,0.0,0.0,0.0,0.0,
0.0,2.5229011024612187,5.450197212174884E-5,0.0,0.0,0.0,0.0,
0.0,2.5229011024612187,5.450197212174884E-5,0.0,0.0,0.0,0.0,
0.0,2.5229011024612187,5.450197212174884E-5,0.0,0.0,0.0,0.0,
0.0,2.5438896351691658,5.450197212174884E-5,0.0,0.0,0.0,0.0,
0.0,2.5438896351691658,5.450197212174884E-5,0.0,0.0,0.0,0.0,
0.0,2.5226970078342474,5.450197212174884E-5,0.0,0.0,0.0,0.0,
0.0,2.5383980584676324,5.450197212174884E-5,0.0,0.0,0.0,0.0,
0.0,2.5550679546112054,5.450197212174884E-5,0.0,0.0,0.0,0.0,
0.0,2.5550679546112054,5.450197212174884E-5,0.0,0.0,0.0,0.0,
0.0,2.513994039017214,5.450197212174884E-5,0.0,0.0,0.0,0.0,
0.0,2.5254555504232616,5.450197212174884E-5,0.0,0.0,0.0,0.0,
0.0,2.486127966990499,5.450197212174884E-5,0.0,0.0,0.0,0.0,
0.0,2.486127966990499,5.450197212174884E-5,0.0,0.0,0.0,0.0,
0.0,2.442357387756049,5.450197212174884E-5,0.0,0.0,0.0,0.0,
0.0,2.442357387756049,5.450197212174884E-5,0.0,0.0,0.0,0.0,
0.0,2.458469255352723,5.450197212174884E-5,0.0,0.0,0.0,0.0,
0.0,2.458469255352723,5.450197212174884E-5,0.0,0.0,0.0,0.0,
0.0,2.462786814234305,5.450197212174884E-5,0.0,0.0,0.0,0.0,
0.0,2.462786814234305,5.450197212174884E-5,0.0,0.0,0.0,0.0,
0.0,2.462786814234305,5.450197212174884E-5,0.0,0.0,0.0,0.0,
0.0,2.462786814234305,5.450197212174884E-5,0.0,0.0,0.0,0.0,
0.0,2.4439977244043276,5.450197212174884E-5,0.0,0.0,0.0,0.0,
0.0,2.451454477287981,5.450197212174884E-5,0.0,0.0,0.0,0.0,
0.0,2.451454477287981,5.450197212174884E-5,0.0,0.0,0.0,0.0,
0.0,2.451454477287981,5.450197212174884E-5,0.0,0.0,0.0,0.0,
0.0,2.451454477287981,5.450197212174884E-5,0.0,0.0,0.0,0.0,
0.0,2.451454477287981,5.450197212174884E-5,0.0,0.0,0.0,0.0,
0.0,2.4608582894521875,5.450197212174884E-5,0.0,0.0,0.0,0.0,
0.0,2.4608582894521875,5.450197212174884E-5,0.0,0.0,0.0,0.0,
0.0,2.4608582894521875,5.450197212174884E-5,0.0,0.0,0.0,0.0,
0.0,2.4608582894521875,5.450197212174884E-5,0.0,0.0,0.0,0.0,
0.0,2.4608582894521875,5.450197212174884E-5,0.0,0.0,0.0,0.0,
0.0,2.4608582894521875,5.450197212174884E-5,0.0,0.0,0.0,0.0,
0.0,2.4610612032078936,5.450197212174884E-5,0.0,0.0,0.0,0.0,
0.0,2.4610612032078936,5.450197212174884E-5,0.0,0.0,0.0,0.0,
0.0,2.3783704860959194,5.450197212174884E-5,0.0,0.0,0.0,0.0,
0.0,2.349625967361102,5.450197212174884E-5,0.0,0.0,0.0,0.0,
0.0,2.349625967361102,5.450197212174884E-5,0.0,0.0,0.0,0.0,
0.0,2.3497847147464306,5.450197212174884E-5,0.0,0.0,0.0,0.0,
0.0,2.3497847147464306,5.450197212174884E-5,0.0,0.0,0.0,0.0,
0.0,2.3199089587944624,5.450197212174884E-5,0.0,0.0,0.0,0.0,
0.0,2.3288568627941313,5.450197212174884E-5,0.0,0.0,0.0,0.0,
0.0,2.339809035899792,5.450197212174884E-5,0.0,0.0,0.0,0.0,
0.0,2.353260810774586,5.450197212174884E-5,0.0,0.0,0.0,0.0,
0.0,2.353260810774586,5.450197212174884E-5,0.0,0.0,0.0,0.0,
0.0,2.3679057651701454,5.450197212174884E-5,0.0,0.0,0.0,0.0,
0.0,2.3679057651701454,5.450197212174884E-5,0.0,0.0,0.0,0.0,
0.0,2.3679057651701454,5.450197212174884E-5,0.0,0.0,0.0,0.0,
0.0,2.3679057651701454,5.450197212174884E-5,0.0,0.0,0.0,0.0,
0.0,2.3679057651701454,5.450197212174884E-5,0.0,0.0,0.0,0.0,
0.0,2.3679057651701454,5.450197212174884E-5,0.0,0.0,0.0,0.0,
0.0,2.384335311715715,5.450197212174884E-5,0.0,0.0,0.0,0.0,
0.0,2.384335311715715,5.450197212174884E-5,0.0,0.0,0.0,0.0,
0.0,2.384335311715715,5.450197212174884E-5,0.0,0.0,0.0,0.0,
0.0,2.3964954957326565,5.450197212174884E-5,0.0,0.0,0.0,0.0,
0.0,2.3964954957326565,5.450197212174884E-5,0.0,0.0,0.0,0.0,
0.0,2.3964954957326565,5.450197212174884E-5,0.0,0.0,0.0,0.0,
0.0,2.411612983812461,5.450197212174884E-5,0.0,0.0,0.0,0.0,
0.0,2.411612983812461,5.450197212174884E-5,0.0,0.0,0.0,0.0,
0.0,2.411612983812461,5.450197212174884E-5,0.0,0.0,0.0,0.0,
0.0,2.4298539015510703,5.450197212174884E-5,0.0,0.0,0.0,0.0,
0.0,2.4298539015510703,5.450197212174884E-5,0.0,0.0,0.0,0.0,
0.0,2.3932473580916684,5.450197212174884E-5,0.0,0.0,0.0,0.0,
0.0,2.3968802506959133,5.450197212174884E-5,0.0,0.0,0.0,0.0,
0.0,2.40103592664913,5.450197212174884E-5,0.0,0.0,0.0,0.0,
0.0,2.40103592664913,5.450197212174884E-5,0.0,0.0,0.0,0.0,
0.0,2.40103592664913,5.450197212174884E-5,0.0,0.0,0.0,0.0,
0.0,2.40103592664913,5.450197212174884E-5,0.0,0.0,0.0,0.0,
0.0,2.40103592664913,5.450197212174884E-5,0.0,0.0,0.0,0.0,
0.0,2.400967073811585,5.450197212174884E-5,0.0,0.0,0.0,0.0,
0.0,2.4041331097793184,5.450197212174884E-5,0.0,0.0,0.0,0.0,
0.0,2.4041331097793184,5.450197212174884E-5,0.0,0.0,0.0,0.0,
0.0,2.4041331097793184,5.450197212174884E-5,0.0,0.0,0.0,0.0,
0.0,2.4041331097793184,5.450197212174884E-5,0.0,0.0,0.0,0.0,
0.0,2.4041331097793184,5.450197212174884E-5,0.0,0.0,0.0,0.0,
0.0,2.4041331097793184,5.450197212174884E-5,0.0,0.0,0.0,0.0,
0.0,2.408879624647479,5.450197212174884E-5,0.0,0.0,0.0,0.0,
0.0,2.408879624647479,5.450197212174884E-5,0.0,0.0,0.0,0.0,
0.0,2.3288487485858704,5.450197212174884E-5,0.0,0.0,0.0,0.0,
0.0,2.3288487485858704,5.450197212174884E-5,0.0,0.0,0.0,0.0,
0.0,2.3190891528089836,5.450197212174884E-5,0.0,0.0,0.0,0.0,
0.0,2.3190891528089836,5.450197212174884E-5,0.0,0.0,0.0,0.0,
0.0,2.312302915974589,5.450197212174884E-5,0.0,0.0,0.0,0.0,
0.0,2.312302915974589,5.450197212174884E-5,0.0,0.0,0.0,0.0,
0.0,2.312302915974589,5.450197212174884E-5,0.0,0.0,0.0,0.0,
0.0,2.243238901807243,5.450197212174884E-5,0.0,0.0,0.0,0.0,
0.0,2.243238901807243,5.450197212174884E-5,0.0,0.0,0.0,0.0,
0.0,2.243238901807243,5.450197212174884E-5,0.0,0.0,0.0,0.0,
0.0,2.2029397028420377,5.450197212174884E-5,0.0,0.0,0.0,0.0,
0.0,2.2029397028420377,5.450197212174884E-5,0.0,0.0,0.0,0.0,
0.0,2.2029397028420377,5.450197212174884E-5,0.0,0.0,0.0,0.0,
0.0,2.2029397028420377,5.450197212174884E-5,0.0,0.0,0.0,0.0,
0.0,2.2029397028420377,5.450197212174884E-5,0.0,0.0,0.0,0.0,
0.0,2.2029397028420377,5.450197212174884E-5,0.0,0.0,0.0,0.0,
0.0,2.2029397028420377,5.450197212174884E-5,0.0,0.0,0.0,0.0,
0.0,2.2029397028420377,5.450197212174884E-5,0.0,0.0,0.0,0.0,
0.0,2.2029397028420377,5.450197212174884E-5,0.0,0.0,0.0,0.0,
0.0,2.2029397028420377,5.450197212174884E-5,0.0,0.0,0.0,0.0,
0.0,2.2029397028420377,5.450197212174884E-5,0.0,0.0,0.0,0.0,
0.0,2.2029397028420377,5.450197212174884E-5,0.0,0.0,0.0,0.0,
0.0,2.23301526742363,5.450197212174884E-5,0.0,0.0,0.0,0.0,
0.0,2.23301526742363,5.450197212174884E-5,0.0,0.0,0.0,0.0,
0.0,2.23301526742363,5.450197212174884E-5,0.0,0.0,0.0,0.0,
0.0,2.23301526742363,5.450197212174884E-5,0.0,0.0,0.0,0.0,
0.0,2.203046883975172,5.450197212174884E-5,0.0,0.0,0.0,0.0,
0.0,2.203046883975172,5.450197212174884E-5,0.0,0.0,0.0,0.0,
0.0,2.203046883975172,5.450197212174884E-5,0.0,0.0,0.0,0.0,
0.0,2.203046883975172,5.450197212174884E-5,0.0,0.0,0.0,0.0,
0.0,2.203046883975172,5.450197212174884E-5,0.0,0.0,0.0,0.0,
0.0,2.203046883975172,5.450197212174884E-5,0.0,0.0,0.0,0.0,
0.0,2.203046883975172,5.450197212174884E-5,0.0,0.0,0.0,0.0,
0.0,2.203046883975172,5.450197212174884E-5,0.0,0.0,0.0,0.0,
0.0,2.190130697639679,5.450197212174884E-5,0.0,0.0,0.0,0.0,
0.0,2.2071672395229873,5.450197212174884E-5,0.0,0.0,0.0,0.0,
0.0,2.1845522159025923,5.450197212174884E-5,0.0,0.0,0.0,0.0,
0.0,2.1845522159025923,5.450197212174884E-5,0.0,0.0,0.0,0.0,
0.0,2.1845522159025923,5.450197212174884E-5,0.0,0.0,0.0,0.0,
0.0,2.2084810491716227,5.450197212174884E-5,0.0,0.0,0.0,0.0,
0.0,2.2084810491716227,5.450197212174884E-5,0.0,0.0,0.0,0.0,
0.0,2.2373972449320423,5.450197212174884E-5,0.0,0.0,0.0,0.0,
0.0,2.268101082126315,5.450197212174884E-5,0.0,0.0,0.0,0.0,
0.0,2.268101082126315,5.450197212174884E-5,0.0,0.0,0.0,0.0,
0.0,2.3010479976671583,5.450197212174884E-5,0.0,0.0,0.0,0.0,
0.0,2.3010479976671583,5.450197212174884E-5,0.0,0.0,0.0,0.0,
0.0,2.3010479976671583,5.450197212174884E-5,0.0,0.0,0.0,0.0,
0.0,2.3010479976671583,5.450197212174884E-5,0.0,0.0,0.0,0.0,
0.0,2.2695059954798382,5.450197212174884E-5,0.0,0.0,0.0,0.0,
0.0,2.310822127765659,5.450197212174884E-5,0.0,0.0,0.0,0.0,
0.0,2.310822127765659,5.450197212174884E-5,0.0,0.0,0.0,0.0,
0.0,2.310822127765659,5.450197212174884E-5,0.0,0.0,0.0,0.0,
0.0,2.310822127765659,5.450197212174884E-5,0.0,0.0,0.0,0.0,
0.0,2.310822127765659,5.450197212174884E-5,0.0,0.0,0.0,0.0,
0.0,2.310822127765659,5.450197212174884E-5,0.0,0.0,0.0,0.0,
0.0,2.310822127765659,5.450197212174884E-5,0.0,0.0,0.0,0.0,
0.0,2.310822127765659,5.450197212174884E-5,0.0,0.0,0.0,0.0,
0.0,2.310822127765659,5.450197212174884E-5,0.0,0.0,0.0,0.0,
0.0,2.310822127765659,5.450197212174884E-5,0.0,0.0,0.0,0.0,
0.0,2.3284342942396936,5.450197212174884E-5,0.0,0.0,0.0,0.0,
0.0,2.343814017759402,5.450197212174884E-5,0.0,0.0,0.0,0.0,
0.0,2.343814017759402,5.450197212174884E-5,0.0,0.0,0.0,0.0,
0.0,2.296233280416174,5.450197212174884E-5,0.0,0.0,0.0,0.0,
0.0,2.301062437279095,5.450197212174884E-5,0.0,0.0,0.0,0.0,
0.0,2.301062437279095,5.450197212174884E-5,0.0,0.0,0.0,0.0,
0.0,2.2810318156895537,5.450197212174884E-5,0.0,0.0,0.0,0.0,
0.0,2.286221518936685,5.450197212174884E-5,0.0,0.0,0.0,0.0,
0.0,2.286221518936685,5.450197212174884E-5,0.0,0.0,0.0,0.0,
0.0,2.286221518936685,5.450197212174884E-5,0.0,0.0,0.0,0.0,