
0.0
4.320308774777447E-4
4.490714012107941E-4
3.895860526359646E-4
3.5675541568492756E-4
0.001115814693105501
0.0016266338478408274
0.0021421173097780064
0.002686757627115269
0.0030849720088463152
0.003266725883597666
0.0033675208926686423
0.003440973670492802
0.0035243127668883236
0.0036543180663731506
0.003734320637610163
0.0036100528291180788
0.0034569394859358823
0.003326662062438288
0.0031834887245868063
0.003030002523996958
0.002884849281113372
0.002698905839720988
0.002536423393267934
0.0023762723459677705
0.002234056965830971
0.002053185212936104
0.001902867732001852
0.0018766509174038477
0.0018552039078456335
0.0018916310724791541
0.0019516678971932034
0.0019833645893516513
0.002061008439651136
0.0021152587906557623
0.0021415536718395346
0.0022463163901857357
0.0024457707662373356
0.003084199117614836
0.0038792809456443533
0.004773704951047833
0.005676381466521393
0.006558066266956179
0.007393841960010509
0.008157624739419585
0.008846876398375664
0.009442231056891294
0.009931262051758783
0.010312735171612856
0.010587556506167651
0.010760005921960542
0.010842057370229667
0.010828892689888025
0.010744008478859984
0.010599490572995965
0.010402703421836246
0.010152853001891286
0.009856787016032468
0.009531331102354955
0.00918776623160332
0.008827586670395585
0.008461000066526682
0.008079403774056597
0.007632838866167408
0.0071453784954623525
0.006637431868053375
0.0061008286740082554
0.005551108933346825
0.005007826852633702
0.004484813468159286
0.003990592997997651
0.003890590342363831
0.0036945350929694486
0.0034866844938669893
0.0032831021998323278
0.003086407785421724
0.002885096479097889
0.002694695840711037
0.0025169985789591557
0.0023461602068634026
0.0021917976349154645
0.0020320403901663148
0.0018507139885268504
0.0016453021756263027
0.0014232165594391766
0.0011672062509732952
9.801671473649773E-4
8.215024546376989E-4
7.418563929915843E-4
6.717088768566742E-4
5.713371256484154E-4
4.896619563457078E-4
4.068396813481801E-4
3.418669065293296E-4
2.896266496584038E-4
2.3737238119457497E-4
1.988954159667338E-4
1.6559943583529678E-4
1.400677364244372E-4
1.3023703589345973E-4
1.052550495197758E-4
9.12913037504731E-5
7.734756045043575E-5
6.356847314457372E-5
5.4033895245628995E-5
4.605753539239787E-5
3.878745245399651E-5
3.289338401435961E-5
2.8170545178335815E-5
2.4294669739589462E-5
2.1140611344622973E-5
1.8515699879380475E-5
1.635925327602019E-5
1.4502542139884602E-5
1.2905658261624024E-5
1.1209310655765686E-5
9.66946145712383E-6
8.430989715849039E-6
7.411198910913896E-6
6.606239487526472E-6
5.872420502120995E-6
5.1685913765368935E-6
4.507430945588763E-6
4.056220771607306E-6
3.6769229643109684E-6
3.289480520501406E-6
3.077481858320691E-6
2.7945567019945508E-6
2.0436866905833798E-6
2.149007952163817E-6
1.9689614406177293E-6
1.950452388118311E-6
1.8894071744943749E-6
1.8744597928011594E-6
1.856768603186567E-6
1.8531928573965926E-6
1.854134349159827E-6
1.861468140329179E-6
1.869392938923055E-6
1.8809922491159391E-6
1.892255560935885E-6
1.9002031675632794E-6
1.9061040149874928E-6
1.9075692502029108E-6
1.9063122729582495E-6
1.8989875533625892E-6
1.8860670261683034E-6
1.866870718099255E-6
1.8420724790954336E-6
1.8149823477605968E-6
1.7765919655300138E-6
1.7355462500503747E-6
1.690002175556977E-6
1.6443423385336735E-6
1.5930342340074782E-6
1.5406649497033623E-6
1.4848552218808281E-6
1.4291351772790987E-6
1.3680104718460714E-6
1.3080328299107955E-6
1.2507869712753948E-6
1.1868315746168543E-6
1.020557762828442E-6
9.27428802712644E-7
8.039868919582774E-7
7.153826922462464E-7
6.137010672370411E-7
5.392093181428191E-7
4.570318677738933E-7
3.9809710039009045E-7
3.338296135506235E-7
2.8907735994169914E-7
2.5801585490382547E-7
2.3176109565177066E-7
1.9264697995372405E-7
1.6933111630063202E-7
1.3923419139972694E-7
1.2145595935504734E-7
9.928164395176738E-8
8.654639756391458E-8
7.064543692609249E-8
6.182163951860885E-8
5.647894452184444E-8
5.287209954955597E-8
5.0144280171718585E-8
4.6958713072826015E-8
4.454561017711657E-8
3.925343744945406E-8
3.6280013138561725E-8
3.129968485897644E-8
2.8529502029963143E-8
2.4249441464895673E-8
2.2004091973185084E-8
2.0731004826352357E-8
1.9741789209869166E-8
1.888438440866278E-8
1.824149582967203E-8
1.7737570867870846E-8
1.5650610394754713E-8
1.4708115936710827E-8
1.3673347067857264E-8
1.3010446413702437E-8
1.2342179220289124E-8
1.176883088236881E-8
1.1182227531607574E-8
1.064322626699373E-8
1.0109783058820677E-8
9.669069123152445E-9
9.21685557850155E-9
8.59289148066145E-9
8.18803798528481E-9
7.883446795405173E-9
7.609720286572644E-9
7.400283255484857E-9
7.213240530700899E-9
7.0483677902679705E-9
6.875177148680392E-9
6.760144697267632E-9
6.63853097416636E-9
6.554204333332333E-9
6.443853208547573E-9
6.341268902462986E-9
6.200913052083299E-9
6.0864326729520986E-9
5.944200025023995E-9
5.830061143730064E-9
4.818901913068857E-9
4.470099477275304E-9
3.847818064407211E-9
3.569877083746158E-9
3.2985129043856096E-9
2.9101155781249925E-9
2.672841747369668E-9
2.548888335056459E-9
2.4466845313507965E-9
2.342626417579044E-9
2.240807102483591E-9
2.166232340126758E-9
2.1029626655028155E-9
2.0524743059515986E-9
2.0058319709263957E-9
1.9673122111604256E-9
1.9345623432663456E-9
1.906506088760115E-9
1.869278620144476E-9
1.8376137600414432E-9
1.8060536218622317E-9
1.7601347155840218E-9
1.7228679406956907E-9
1.6758769472937335E-9
1.6277733223173047E-9
1.5844612388544807E-9
1.5522592544405654E-9
1.5430769226266845E-9
1.570039685452838E-9
1.6254478979161326E-9
1.7449529093194022E-9
1.907993575552556E-9
2.05432964692516E-9
2.267529778467234E-9
2.5170027894175417E-9
2.840714424535628E-9
3.199264210632258E-9
3.620920930161338E-9
4.127462217259098E-9
4.7310314022980785E-9
5.4861086099643394E-9
6.2392401140683405E-9
6.924577764545306E-9
7.581581249680132E-9
8.107309217519347E-9
8.511940057115653E-9
8.86296970376429E-9
9.143225006108395E-9
9.364952444010735E-9
9.572539092434313E-9
9.713682512768952E-9
9.849688508889398E-9
9.944115422178742E-9
1.0019889015021834E-8
1.0117679852536033E-8
8.83581972613961E-9
8.273008212651426E-9
7.34208163591374E-9
6.765352987137581E-9
6.219971709130102E-9
5.769292089196397E-9
5.397177574933323E-9
5.0871155892890425E-9
4.832597258454584E-9
4.613073882199051E-9
4.421189000099362E-9
4.2643628605839555E-9
4.128412072315797E-9
4.022581951387963E-9
3.921074438052036E-9
3.836620193900628E-9
3.754827954687532E-9
3.6808927055751904E-9
3.604960690945659E-9
3.5357328338177617E-9
3.4763734228730506E-9
3.4127436300804307E-9
3.355624618714688E-9
3.298947463489556E-9
3.2506380543750237E-9
3.204126633102101E-9
3.1456317640446845E-9
3.096040361413513E-9
3.0678780519358596E-9
3.050664853268434E-9
3.0457786064319746E-9
3.039389537934458E-9
3.0245248624428202E-9
3.033077557205954E-9
3.060186201394443E-9
3.093894982561241E-9
3.1329407407538743E-9
3.1713706906297557E-9
3.2277662940391657E-9
3.283115351916837E-9
3.446851572675436E-9
3.5515400747162886E-9
3.639801900458607E-9
3.6908317883141977E-9
3.746271531612491E-9
3.9269527318903405E-9
4.255252103252801E-9
4.6591650897247E-9
5.06033602595786E-9
5.433447176825071E-9
5.7846565106839085E-9
6.050133882854886E-9
6.28740623514175E-9
6.542937146327716E-9
6.79301754727453E-9
6.928357362207787E-9
7.016961302898738E-9
7.06207012381777E-9
7.0298783664579445E-9
6.983615946641638E-9
6.950935425889339E-9
6.991353719876974E-9
7.062716211155019E-9
7.2533591604306086E-9
7.3089714866847714E-9
7.338524408817938E-9
7.135091480256156E-9
6.933051233052509E-9
7.318432792920816E-9
7.96848129946267E-9
8.84480707653937E-9
9.587643591967426E-9
1.0300638656901728E-8
1.0847027103054093E-8
1.1291022815949828E-8
1.1838034449229725E-8
1.2258387165056796E-8
1.2643912303833875E-8
1.2977392687416444E-8
1.3293736490590712E-8
1.3624273157752799E-8
1.4014285549396249E-8
1.4477622430569076E-8
1.488699151750434E-8
1.5129368827470457E-8
1.491281380265155E-8
1.4669956714537009E-8
1.4286802111290126E-8
1.3836828068342478E-8
1.3591371736943192E-8
1.2978531729352113E-8
1.2433246907411782E-8
1.2038604491013262E-8
1.1503373406025558E-8
1.087486300234445E-8
1.0419285061920369E-8
9.769023457296854E-9
9.345819689632707E-9
8.785487054283834E-9
8.404394202292318E-9
7.947438260821868E-9
7.408169490810841E-9
6.821082199984323E-9
6.4460597691766045E-9
6.032549605167331E-9
5.645812892996642E-9
5.501789221640348E-9
5.5150414543490634E-9
5.792998477047048E-9
6.302194123338669E-9
7.291202844301749E-9
8.543033858005572E-9
9.785873502981842E-9
1.0845908472844315E-8
1.1599642972380024E-8
1.2312024907706188E-8
1.2998558119280468E-8
1.3641872702636552E-8
1.4004303996396543E-8
1.4220966489505908E-8
1.4243729137231652E-8
1.4440745985756006E-8
1.4907166184590875E-8
1.575039327697244E-8
1.6880767347340745E-8
1.8079029512244583E-8
1.931884333886717E-8
2.022198615614327E-8
2.0883785032468184E-8
2.3747928331460356E-8
2.4839091666555664E-8
2.5506228747394917E-8
2.691464696922956E-8
2.8825701074535707E-8
3.1657858200210404E-8
3.2652222924273834E-8
3.336180312666872E-8
3.365295393847571E-8
3.3619906519180364E-8
3.331237237593648E-8
3.2743957278352524E-8
3.197140548075584E-8
2.8683097881590003E-8
2.6481058199106945E-8
2.4049518265033256E-8
2.2052553793500083E-8
2.0041614270032963E-8
1.8327466673769766E-8
1.6723890399848807E-8
1.5330994546474173E-8
1.4053256623115489E-8
1.2921006417284118E-8
1.187913237507277E-8
1.0940463172151555E-8
1.0090374746379325E-8
9.316396509104826E-9
8.607909806014067E-9
7.96412993615301E-9
7.376353151358649E-9
6.839021675192286E-9
6.349250445663303E-9
5.896634094647979E-9
6.7231272806023715E-9
9.51957844583184E-9
1.819398194798519E-8
3.362961299797684E-8
5.0800426320028015E-8
7.241854149275267E-8
9.442893492835121E-8
1.1597520813712303E-7
1.368203500797703E-7
1.5341175239882477E-7
1.7026923355146432E-7
1.8422386763068047E-7
1.9775014966234045E-7
2.0777163518159978E-7
2.1651741378926657E-7
2.233671256705208E-7
2.2976815458937804E-7
2.3577102255864158E-7
2.3851942403735036E-7
2.403949323429075E-7
2.399654605142504E-7
2.3849841357814635E-7
2.3633489197379805E-7
2.2898717591324221E-7
2.2247220509612618E-7
2.1620894165640733E-7
2.1011555278768264E-7
2.0403539569708304E-7
1.9875670953077878E-7
1.9356732816089065E-7
1.9003607743782456E-7
1.8738690281504964E-7
1.857231124685386E-7
1.8271999054134252E-7
1.785375611630527E-7
1.7429172736178506E-7
1.6945099567423966E-7
1.6426336742390463E-7
1.5931756829396526E-7
1.5453990459476195E-7
1.4987437291629606E-7
1.448474170514127E-7
1.394058469407989E-7
1.3377234112111426E-7
1.2794039845241005E-7
1.2230836953457443E-7
1.1635980955711027E-7
1.0983798561750072E-7
1.05374813181715E-7
1.0087053225099655E-7
9.700694724344333E-8
9.365945169512815E-8
8.999114705008667E-8
8.591723747254665E-8
8.127221261612473E-8
7.770619641477166E-8
7.41198300316107E-8
7.11577201703648E-8
6.896253064957446E-8
6.920058664862012E-8
7.083331682817694E-8
7.273965068400824E-8
7.54082793112409E-8
7.951695776786585E-8
8.358893045906298E-8
8.779189637621685E-8
9.200091244283424E-8
8.064572441948678E-8
7.795879571224146E-8
7.451793223236203E-8
7.246607761347285E-8
6.998321243360522E-8
6.797803960793777E-8
6.437506692673038E-8
5.96091353269489E-8
5.445546422973787E-8
4.746463596096616E-8
4.484475078522158E-8
4.199432943281931E-8
4.0075003722824033E-8
3.538546742143506E-8
3.2237280304039005E-8
2.9416077518289592E-8
2.6983289315189176E-8
2.4734496513245725E-8
2.2828595991817598E-8
2.0239782206823477E-8
1.8565678256375726E-8
1.655164853694197E-8
1.4935659085937216E-8
1.3657249334152793E-8
1.2671974963405058E-8
1.1501461400555776E-8
1.0598004158307981E-8
9.925248290327573E-9
9.39489219765187E-9
8.684354849427932E-9
8.428382012798645E-9
8.48941723144193E-9
8.45666155969019E-9
8.546085112973532E-9
8.811283128263851E-9
9.08504710665468E-9
9.355968295620326E-9
9.577106484645982E-9
9.773468433809847E-9
9.832752436766067E-9
9.840329140706365E-9
9.679054026712287E-9
9.468149453959018E-9
9.198851037896432E-9
8.878087381795114E-9
8.532506430914229E-9
8.192314805109368E-9
7.846299037280379E-9
7.478419471958642E-9
7.129859217506586E-9
6.790477292223179E-9
6.467122359516079E-9
6.1725683546828256E-9
5.886278375764096E-9
5.605170370889961E-9
5.34141638146838E-9
5.082712067377081E-9
4.83172638119308E-9
4.616506906870887E-9
3.930494957256686E-9
3.5332388419877666E-9
3.206458827999557E-9
2.957932221166205E-9
2.7620881863627648E-9
2.6113079300869526E-9
2.4657575698752662E-9
2.337926443585586E-9
2.2170828093221324E-9
2.1176340964709654E-9
2.035086830993143E-9
1.9739474971172282E-9
1.9241854281416654E-9
1.864660019362441E-9
1.8448444951018206E-9
1.8384511908128817E-9
1.5971633627007716E-9
1.4831136157255054E-9
1.3515013354002574E-9
1.2832800729641929E-9
1.1955505061174037E-9
1.0702239294222156E-9
1.0186378596465117E-9
9.846868048262139E-10
9.583626785440113E-10
9.433899267453961E-10
9.711998509073454E-10
1.0216093499827503E-9
1.0723130352792547E-9
1.1131622492983831E-9
1.1535494343489086E-9
1.1849304967444964E-9
1.2148195399532583E-9
1.230336320484145E-9
1.2437463671662407E-9
1.2388300058817434E-9
1.2469254688325277E-9
1.2317905794375747E-9
1.2218038277546763E-9
1.2208234667849155E-9
1.1598512214942562E-9
1.0848088167949593E-9
1.000464773988434E-9
9.726947151228153E-10
9.64566878777308E-10
9.068821305586665E-10
8.629723854991111E-10
8.113246160957641E-10
7.660176988465513E-10
7.431373886156383E-10
7.194398099689323E-10
7.472162075006256E-10
7.48064237855612E-10
8.46266165885128E-10
8.917438560178077E-10
1.0114427618869901E-9
1.1216341395500392E-9
1.2608117710263365E-9
1.401176486843896E-9
1.5854480477203307E-9
1.8307342773851696E-9
2.08303132166671E-9
2.343883147142229E-9
2.689232350310217E-9
3.055859189072973E-9
3.5508985036017902E-9
4.075903718554307E-9
4.606057686144248E-9
5.1877816052297085E-9
5.66576226465043E-9
5.86714478421476E-9
5.8863685826090394E-9
5.789760805063494E-9
5.636963636606753E-9
5.4302743417922675E-9
5.247333094674576E-9
5.01145763601907E-9
4.8041740660626435E-9
4.595295906367596E-9
4.5044452723537155E-9
4.40446282392017E-9
4.29218632718209E-9
4.248708557068267E-9
4.217627629546306E-9
4.118457396482018E-9
4.017425235651993E-9
3.910943317675716E-9
3.804583716635661E-9
3.6975622621726647E-9
3.5570554271962418E-9
3.1250971593323255E-9
2.827681053934655E-9
2.4736513441818887E-9
2.2112317507618612E-9
1.917434350846221E-9
1.6896828341907378E-9
1.4454726132176387E-9
1.2607819853906403E-9
1.0643563382360494E-9
9.223783293864464E-10
7.650961829046627E-10
6.063275518891719E-10
5.22566794894329E-10
4.5188467480600437E-10
3.753650671254484E-10
3.2899697517035275E-10
2.9373356813987166E-10
2.6531780205861074E-10
2.4242336699243286E-10
2.2560248643863835E-10
2.123183748803093E-10
2.0181003516477272E-10
2.0139962084799143E-10
2.0938205740420576E-10
2.037203821482682E-10
1.9984119801068013E-10
2.0532496690916885E-10
2.1546954099523362E-10
2.216986929985178E-10
3.243293062251694E-10
4.4343301421127354E-10
5.239083239563062E-10
5.391362615271287E-10
5.703003684259901E-10
5.783633062966659E-10
5.483531281029897E-10
5.245617165243897E-10
5.097102857286273E-10
4.96428668098162E-10
4.910061808528843E-10
4.876251865056989E-10
4.884226692450978E-10
4.800475459799132E-10
4.6460308439588484E-10
4.5389481401880995E-10
4.405947886137462E-10
4.243220455222268E-10
4.0992734488173645E-10
3.9433838756826304E-10
3.7828558686873994E-10
3.617615733697546E-10
3.4413396836072684E-10
3.276629107635008E-10
3.1193910607850714E-10
2.942643718083886E-10
2.7695125583517735E-10
2.6016377079547607E-10
2.439848628904201E-10
2.302704562141853E-10
2.1618933221598413E-10
2.0207496584176887E-10
1.8778506661466332E-10
1.7350418774108798E-10
1.5863831564893844E-10
1.4401603913044833E-10
1.2836195498569762E-10
1.1207519423213175E-10
9.630417628798959E-11
8.160414330153162E-11
6.898083957734926E-11
6.262069124172935E-11
7.742656980760064E-11
9.263175402293597E-11
9.425086275348381E-11
1.0941236877080974E-10
1.2330953671124631E-10
1.3239882315069752E-10
1.4541412896994754E-10
1.5488604625475676E-10
1.6397957784983615E-10
1.6784647972259697E-10
1.6889509304171364E-10
1.7023442797715633E-10
1.6910675328093549E-10
1.6835834412313E-10
1.6541068390260758E-10
1.6100599645808656E-10
1.5605176773315027E-10
1.512979475386901E-10
1.4562648888972204E-10
1.3967407811399467E-10
1.337039953992192E-10
1.279441656210049E-10
1.2239646306493543E-10
1.1743251989650917E-10
1.1140079960501019E-10
1.0596618910081447E-10
1.003810145539631E-10
9.517176991150564E-11
9.014747107210555E-11
8.531017026853181E-11
8.025730278635594E-11
7.545686921754184E-11
7.08557405860454E-11
6.598076535129259E-11
6.0112978279197E-11
5.2082252365964204E-11
4.487306866136114E-11
4.0540555148374004E-11
3.491692492180139E-11
3.551933290471881E-11
3.4585101065453674E-11
3.331160399839241E-11
3.17577983961656E-11
3.0239034456267845E-11
2.8726720085858004E-11
2.70659593048862E-11
2.5349728113163264E-11
2.3919520970976056E-11
2.2489606613049527E-11
2.5451759133986868E-11
3.503955741446075E-11
3.675380457901137E-11
3.627002640156293E-11
3.51917911983113E-11
3.3783387184272766E-11
3.2141997539671095E-11
3.0427563502361223E-11
2.8693603024904695E-11
2.699721411648115E-11
2.536399661879811E-11
2.3811588805300553E-11
2.2333656228390137E-11
2.0927353963668502E-11
1.9608887369084914E-11
1.8368906197409602E-11
1.7198911231429678E-11
1.6092604752310705E-11
1.505232331449854E-11
1.4076090193784288E-11
1.3160342820587658E-11
1.230081746589357E-11
1.1494234538387617E-11
1.0738112422058195E-11
1.0030246670085396E-11
9.366005992778795E-12
8.744252502631728E-12
8.162287445345198E-12
7.617611370155383E-12
7.109291950503993E-12
6.63392721650297E-12
6.869182079708911E-12
1.0520158899181284E-11
2.17981307755632E-11
4.8598315480003115E-11
6.091739847606928E-11
6.804061729602287E-11
7.173118730102465E-11
7.271705390089464E-11
7.12129098317076E-11
6.831969189628119E-11
6.58501688457239E-11
6.286119313548938E-11
5.931346670279194E-11
5.65075854150036E-11
5.351202490872615E-11
5.051217116637229E-11
4.7585728789618564E-11
4.4770085814310395E-11
4.2066432243061425E-11
3.94845027152727E-11
3.703213580522537E-11
3.470201878124145E-11
3.248850990243813E-11
3.0595665764739826E-11
3.019143324043727E-11
1.871563365441787E-9
2.336944844170331E-9
2.4571329199330666E-9
2.4796416949523872E-9
2.48222975436846E-9
2.4698827876701585E-9
2.3522155746612458E-9
2.3908256608617706E-9
2.831372922687262E-9
2.886169026401372E-9
2.990188592986522E-9
3.077414665707855E-9
3.12008932277247E-9
3.100805394923399E-9
3.0404418256604843E-9
2.9723956407530704E-9
2.914032529701708E-9
2.9059668241207197E-9
2.893977969119891E-9
2.8471244700771042E-9
2.772915093509892E-9
2.716739404801199E-9
2.440296146337748E-9
2.334357508022012E-9
2.0312577807601243E-9
1.7570302653714092E-9
1.7503523501614448E-9
1.5210680294735276E-9
1.4949328821745802E-9
1.3118708166584803E-9
9.429011363601018E-10
9.204584386016168E-10
7.697764648541614E-10
7.371213030023E-10
5.79971976299486E-10
5.365315927585339E-10
4.297440036521755E-10
3.9618763624847245E-10
3.1884376032330427E-10
2.8940320931377234E-10
2.379878561749756E-10
1.971258427506427E-10
1.709604594282976E-10
1.5028879758091607E-10
1.2843822311390126E-10
1.1456210126082298E-10
9.894253871070688E-11
8.923710402100148E-11
7.874622027541005E-11
7.273244318842863E-11
1.7894077285438398E-10
1.690838117098577E-10
3.0527851243039223E-10
2.8672864128942645E-10
5.071105375222694E-10
7.94764771620677E-10
1.09836966172392E-9
1.6335228857982647E-9
1.6817046398723618E-9
1.7983825913990318E-9
1.872438198653574E-9
1.8470427940200333E-9
1.8006932580761966E-9
1.6186217548427848E-9
1.4929890066439057E-9
1.3848908694108E-9
1.2542222093491292E-9
1.177070854167986E-9
1.1075829239803859E-9
1.0164457713826238E-9
9.395339452772708E-10
8.608283023321138E-10
7.946438251796027E-10
7.274799763545345E-10
6.711692123834045E-10
6.158972624665645E-10
5.682240651132852E-10
5.225093612396007E-10
4.839066769497104E-10
4.4671481049093213E-10
3.9474986360011445E-10
3.58568667762166E-10
3.254585153746942E-10
2.976034130231216E-10
2.7319609472673424E-10
2.448221929810177E-10
2.2105590733924208E-10
1.9712851029786722E-10
1.7759167001864537E-10
1.614633449817019E-10
1.4641955449924303E-10
1.3289656045201944E-10
1.2139273876457007E-10
1.1138847612607519E-10
1.0267489258611437E-10
9.500048483994755E-11
8.809044989193312E-11
8.184331697119788E-11
7.644048992667582E-11
7.168369294012626E-11
6.900327175240053E-11
6.563228558184804E-11
6.214263353373583E-11
5.937225200086473E-11
5.632802202857992E-11
5.399072514098541E-11
5.2272581102428536E-11
4.9821762611262405E-11
4.739507095319702E-11
3.9826623759832965E-11
3.705116537128588E-11
3.403554299887078E-11
3.219475486816753E-11
2.900351162582428E-11
2.6963454347197886E-11
2.4031459985156146E-11
2.2056210403929062E-11
1.9430627890495525E-11
1.7649346329291628E-11
1.6364192554426722E-11
1.5251184874668645E-11
1.2912323825509283E-11
1.1747169390966214E-11
9.965085062685477E-12
8.31679737404703E-12
7.48047530374573E-12
6.765479256134079E-12
6.265531122570686E-12
5.720463857826058E-12
5.302803550446032E-12
4.908538740769265E-12
4.573814891224947E-12
4.26707266102585E-12
4.001982216438727E-12
3.782437459186655E-12
3.5846142769511257E-12
4.242896124758587E-12
5.330554788214372E-12
3.152913480572648E-11
6.919554745388164E-11
1.2275184211836286E-10
2.297285540268054E-10
3.591391949917059E-10
4.908154338190709E-10
6.596387517209229E-10
9.230688874684904E-10
1.2509728501922977E-9
1.633184046408373E-9
2.0097051726546698E-9
2.48387475468042E-9
3.2047942189524265E-9
3.7023932450996107E-9
4.243311343591032E-9
4.736065734989536E-9
5.138011374303819E-9
5.510649393803376E-9
5.89977086713717E-9
5.834034079713121E-9
5.706705078957817E-9
5.514226917234872E-9
5.420268451381827E-9
5.347073819268558E-9
5.424448543570178E-9
5.589470778187448E-9
5.776878010859094E-9