
0.0,0.0,0.0,0.0,0.0,0.0,
0.0,0.0,0.0,0.0,0.0,0.0,
0.0,0.0,0.0,0.0,0.0,0.0,
0.0,0.0,0.0,0.0,0.0,0.0,
0.0,0.0,0.0,0.0,0.0,0.0,
0.0,0.0,0.0,0.0,0.0,0.0,
0.0,0.0,0.0,0.0,0.0,0.0,
0.0,0.0,0.0,0.0,0.0,0.0,
0.0,0.0,0.0,0.0,0.0,0.0,
0.0,0.0,0.0,0.0,0.0,0.0,
0.0,0.0,0.0,0.0,0.0,0.0,
0.0,0.0,0.0,0.0,0.0,0.0,
0.0,0.0,0.0,0.0,0.0,0.0,
0.0,0.0,0.0,0.0,0.0,0.0,
0.0,0.0,0.0,0.0,0.0,0.0,
0.0,0.0,0.0,0.0,0.0,0.0,
0.0,0.0,0.0,0.0,0.0,0.0,
0.0,0.0,0.0,1.6789220094881985E-11,0.0,0.0,
0.0,0.0,0.0,1.6789220094881985E-11,0.0,0.0,
0.0,0.0,0.0,1.6789220094881985E-11,1.305398052006223E-10,0.0,
0.0,0.0,0.0,1.6789220094881985E-11,1.305398052006223E-10,0.0,
0.0,0.0,0.0,1.517796574410215E-11,1.305398052006223E-10,0.0,
0.0,0.0,0.0,1.517796574410215E-11,1.305398052006223E-10,0.0,
0.0,0.0,0.0,1.517796574410215E-11,1.305398052006223E-10,0.0,
0.0,0.0,0.0,1.517796574410215E-11,1.305398052006223E-10,0.0,
0.0,0.0,0.0,9.628626666917427E-10,1.305398052006223E-10,0.0,
0.0,0.0,0.0,9.628626666917427E-10,1.305398052006223E-10,0.0,
0.0,0.0,0.0,9.628626666917427E-10,1.305398052006223E-10,0.0,
0.0,0.0,0.0,9.628626666917427E-10,1.305398052006223E-10,0.0,
0.0,0.0,0.0,9.628626666917427E-10,1.305398052006223E-10,2.2158379445866728E-12,
0.0,0.0,0.0,6.330837850224986E-9,1.305398052006223E-10,2.2158379445866728E-12,
0.0,0.0,0.0,1.3904081771133663E-8,1.305398052006223E-10,2.2158379445866728E-12,
0.0,0.0,0.0,1.3904081771133663E-8,1.305398052006223E-10,2.2158379445866728E-12,
0.0,0.0,0.0,1.3904081771133663E-8,1.305398052006223E-10,2.2158379445866728E-12,
0.0,0.0,0.0,2.7370909925567312E-8,1.305398052006223E-10,2.2158379445866728E-12,
0.0,0.0,0.0,1.0069295249299594E-7,1.305398052006223E-10,2.2158379445866728E-12,
0.0,0.0,0.0,1.0069295249299594E-7,1.305398052006223E-10,2.2158379445866728E-12,
0.0,0.0,0.0,3.054851181682849E-7,2.1486146092458856E-6,2.2158379445866728E-12,
0.0,0.0,0.0,5.300794485959306E-7,2.1486146092458856E-6,2.2158379445866728E-12,
0.0,0.0,0.0,5.300794485959306E-7,2.1486146092458856E-6,2.2158379445866728E-12,
0.0,0.0,0.0,5.300794485959306E-7,2.1486146092458856E-6,2.2158379445866728E-12,
0.0,0.0,0.0,5.300794485959306E-7,2.1486146092458856E-6,2.2158379445866728E-12,
0.0,1.7585360159862775E-8,0.0,1.1052995806729033E-6,2.1486146092458856E-6,2.2158379445866728E-12,
0.0,1.7585360159862775E-8,0.0,1.1052995806729033E-6,2.1486146092458856E-6,2.2158379445866728E-12,
0.0,1.7585360159862775E-8,0.0,1.7771518540398545E-6,2.1486146092458856E-6,2.2158379445866728E-12,
0.0,1.7585360159862775E-8,0.0,1.7771518540398545E-6,2.1486146092458856E-6,2.2158379445866728E-12,
0.0,1.7585360159862775E-8,0.0,1.7771518540398545E-6,2.1486146092458856E-6,2.2158379445866728E-12,
0.0,1.7585360159862775E-8,0.0,2.189216671678143E-6,2.1486146092458856E-6,2.2158379445866728E-12,
0.0,1.7585360159862775E-8,0.0,2.189216671678143E-6,2.1486146092458856E-6,2.2158379445866728E-12,
0.0,1.7585360159862775E-8,0.0,2.189216671678143E-6,2.1486146092458856E-6,2.2158379445866728E-12,
0.0,1.7585360159862775E-8,0.0,2.189216671678143E-6,5.08453365933081E-6,2.2158379445866728E-12,
0.0,1.7585360159862775E-8,0.0,3.3164252999676925E-6,5.08453365933081E-6,2.2158379445866728E-12,
0.0,1.7585360159862775E-8,0.0,5.019013440500686E-6,5.08453365933081E-6,2.2158379445866728E-12,
0.0,1.7585360159862775E-8,0.0,7.644456065974697E-6,5.08453365933081E-6,2.2158379445866728E-12,
0.0,1.7585360159862775E-8,0.0,9.730581063534633E-6,5.08453365933081E-6,2.2158379445866728E-12,
0.0,1.7585360159862775E-8,0.0,9.730581063534633E-6,5.08453365933081E-6,2.2158379445866728E-12,
0.0,1.7585360159862775E-8,0.0,9.730581063534633E-6,5.08453365933081E-6,2.2158379445866728E-12,
0.0,1.7585360159862775E-8,0.0,9.730581063534633E-6,1.0567676482444203E-5,2.2158379445866728E-12,
0.0,1.7585360159862775E-8,0.0,9.730581063534633E-6,1.0567676482444203E-5,2.2158379445866728E-12,
0.0,1.7585360159862775E-8,0.0,9.730581063534633E-6,1.0567676482444203E-5,2.2158379445866728E-12,
0.0,1.7585360159862775E-8,0.0,9.730581063534633E-6,1.0567676482444203E-5,2.2158379445866728E-12,
0.0,1.7585360159862775E-8,0.0,9.730581063534633E-6,1.0567676482444203E-5,2.2158379445866728E-12,
0.0,1.7585360159862775E-8,0.0,9.730581063534633E-6,1.0567676482444203E-5,2.2158379445866728E-12,
0.0,1.7585360159862775E-8,0.0,1.2516001481589697E-5,1.0567676482444203E-5,2.2158379445866728E-12,
0.0,1.7585360159862775E-8,0.0,1.2516001481589697E-5,1.0567676482444203E-5,2.2158379445866728E-12,
0.0,1.7585360159862775E-8,0.0,1.2516001481589697E-5,1.0567676482444203E-5,1.6799574969966503E-4,
0.0,1.7585360159862775E-8,0.0,2.737893229975441E-5,1.0567676482444203E-5,1.6799574969966503E-4,
0.0,1.7585360159862775E-8,0.0,2.737893229975441E-5,1.0567676482444203E-5,1.6799574969966503E-4,
0.0,1.7585360159862775E-8,0.0,2.737893229975441E-5,1.0567676482444203E-5,1.6799574969966503E-4,
0.0,1.7585360159862775E-8,0.0,2.737893229975441E-5,1.0567676482444203E-5,1.360839958038378E-4,
0.0,1.7585360159862775E-8,0.0,2.737893229975441E-5,1.0567676482444203E-5,1.360839958038378E-4,
0.0,1.7585360159862775E-8,0.0,7.104225109417729E-5,1.0567676482444203E-5,1.360839958038378E-4,
0.0,1.7585360159862775E-8,0.0,1.2578656997899E-4,1.0567676482444203E-5,1.360839958038378E-4,
0.0,1.7585360159862775E-8,0.0,1.2578656997899E-4,1.0567676482444203E-5,1.360839958038378E-4,
0.0,1.7585360159862775E-8,0.0,1.2985524144610452E-4,1.0567676482444203E-5,1.360839958038378E-4,
0.0,1.7585360159862775E-8,0.0,1.2985524144610452E-4,0.001027999189564635,1.360839958038378E-4,
0.0,1.7585360159862775E-8,0.0,1.2985524144610452E-4,0.001027999189564635,1.360839958038378E-4,
0.0,1.7585360159862775E-8,0.0,2.3315941473597314E-4,0.001027999189564635,1.360839958038378E-4,
0.0,1.7585360159862775E-8,0.0,2.3315941473597314E-4,0.001027999189564635,1.360839958038378E-4,
0.0,1.7585360159862775E-8,0.0,2.3315941473597314E-4,0.001027999189564635,1.360839958038378E-4,
0.0,1.7585360159862775E-8,0.0,3.4321845182947114E-4,0.001027999189564635,1.360839958038378E-4,
0.0,1.7585360159862775E-8,0.0,4.963594259366559E-4,0.001027999189564635,1.360839958038378E-4,
0.0,1.7585360159862775E-8,0.0,4.963594259366559E-4,0.001027999189564635,1.360839958038378E-4,
0.0,1.7585360159862775E-8,0.0,6.555462769811975E-4,0.001027999189564635,1.360839958038378E-4,
0.0,1.7585360159862775E-8,0.0,6.555462769811975E-4,0.001027999189564635,1.360839958038378E-4,
0.0,5.162403405049878E-5,0.0,0.0011538864569297126,0.001027999189564635,1.360839958038378E-4,
0.0,5.162403405049878E-5,0.0,0.0011538864569297126,0.001027999189564635,1.360839958038378E-4,
0.0,5.162403405049878E-5,0.0,0.0011538864569297126,0.001027999189564635,1.360839958038378E-4,
0.0,5.162403405049878E-5,0.0,0.0011538864569297126,0.001027999189564635,1.360839958038378E-4,
0.0,5.162403405049878E-5,0.0,0.0011538864569297126,0.001027999189564635,1.360839958038378E-4,
0.0,5.162403405049878E-5,0.0,0.0011538864569297126,0.001027999189564635,1.360839958038378E-4,
0.0,5.162403405049878E-5,0.0,0.0014291024643142824,0.001027999189564635,1.360839958038378E-4,
0.0,5.162403405049878E-5,0.0,0.0014291024643142824,0.001027999189564635,1.2250795424948244E-4,
0.0,5.162403405049878E-5,0.0,0.0014291024643142824,0.001027999189564635,1.2250795424948244E-4,
0.0,5.162403405049878E-5,0.0,0.001523825948530865,0.001027999189564635,1.2250795424948244E-4,
0.0,5.162403405049878E-5,0.0,0.001523825948530865,0.001027999189564635,1.2250795424948244E-4,
0.0,5.162403405049878E-5,0.0,0.001523825948530865,0.002040255017413106,1.2250795424948244E-4,
0.0,5.162403405049878E-5,0.0,0.001523825948530865,0.002040255017413106,1.2250795424948244E-4,
0.0,5.162403405049878E-5,0.0,0.0018726989281558563,0.002040255017413106,1.2250795424948244E-4,
0.0,5.162403405049878E-5,0.0,0.0018726989281558563,0.002040255017413106,1.2250795424948244E-4,
0.0,5.162403405049878E-5,0.0,0.0018726989281558563,0.002170907058313283,1.2250795424948244E-4,
0.0,5.162403405049878E-5,0.0,0.0018726989281558563,0.002170907058313283,1.2250795424948244E-4,
0.0,5.162403405049878E-5,0.0,0.0018726989281558563,0.002170907058313283,1.2250795424948244E-4,
0.0,5.162403405049878E-5,0.0,0.0018726989281558563,0.002170907058313283,1.2250795424948244E-4,
0.0,5.162403405049878E-5,0.0,0.0018726989281558563,0.0032119122881154065,1.2250795424948244E-4,
0.0,5.162403405049878E-5,0.0,0.0018726989281558563,0.0032119122881154065,1.2250795424948244E-4,
0.0,5.162403405049878E-5,0.0,0.0018726989281558563,0.0032119122881154065,1.2250795424948244E-4,
0.0,5.162403405049878E-5,0.0,0.0018726989281558563,0.0032119122881154065,1.2250795424948244E-4,
0.0,5.162403405049878E-5,0.0,0.0018726989281558563,0.0032119122881154065,1.2250795424948244E-4,
0.0,5.162403405049878E-5,0.0,0.0023335605649216595,0.0032119122881154065,1.2250795424948244E-4,
0.0,5.162403405049878E-5,0.0,0.0025493647585168792,0.0032119122881154065,1.2250795424948244E-4,
0.0,5.162403405049878E-5,0.0,0.0025493647585168792,0.0032119122881154065,1.2250795424948244E-4,
0.0,5.162403405049878E-5,0.0,0.0025493647585168792,0.0032119122881154065,1.2250795424948244E-4,
0.0,5.162403405049878E-5,0.0,0.0025493647585168792,0.0032119122881154065,1.2250795424948244E-4,
0.0,5.162403405049878E-5,0.0,0.002760186353381968,0.0032119122881154065,1.2250795424948244E-4,
0.0,5.162403405049878E-5,0.0,0.002760186353381968,0.0032119122881154065,1.2250795424948244E-4,
0.0,5.162403405049878E-5,0.0,0.002760186353381968,0.0032119122881154065,1.2250795424948244E-4,
0.0,5.162403405049878E-5,0.0,0.002760186353381968,0.0032119122881154065,1.2250795424948244E-4,
0.0,5.162403405049878E-5,0.0,0.002760186353381968,0.0055330681905348,1.2250795424948244E-4,
0.0,5.162403405049878E-5,0.0,0.002760186353381968,0.0055330681905348,1.2250795424948244E-4,
0.0,5.162403405049878E-5,0.0,0.002760186353381968,0.0055330681905348,1.2250795424948244E-4,
0.0,5.162403405049878E-5,0.0,0.0027446452221771963,0.0055330681905348,1.2250795424948244E-4,
0.0,5.162403405049878E-5,0.0,0.0027446452221771963,0.0055330681905348,1.2250795424948244E-4,
0.0,5.162403405049878E-5,0.0,0.0027446452221771963,0.0055330681905348,1.2250795424948244E-4,
0.0,5.162403405049878E-5,0.0,0.0027446452221771963,0.0055330681905348,1.2250795424948244E-4,
0.0,5.162403405049878E-5,0.0,0.0027446452221771963,0.0055330681905348,1.1166270631645333E-4,
0.0,5.162403405049878E-5,0.0,0.003952023895521266,0.0055330681905348,1.1166270631645333E-4,
0.0,5.162403405049878E-5,0.0,0.003952023895521266,0.0055330681905348,1.1166270631645333E-4,
0.0,5.162403405049878E-5,0.0,0.003952023895521266,0.0055330681905348,1.1166270631645333E-4,
0.0,5.162403405049878E-5,0.0,0.003952023895521266,0.0055330681905348,1.1166270631645333E-4,
0.0,5.162403405049878E-5,0.0,0.003952023895521266,0.0055330681905348,1.1166270631645333E-4,
0.0,5.162403405049878E-5,0.0,0.003952023895521266,0.0055330681905348,1.1166270631645333E-4,
0.0,5.162403405049878E-5,0.0,0.003952023895521266,0.0055330681905348,1.1166270631645333E-4,
0.0,5.162403405049878E-5,0.0,0.003952023895521266,0.00703818921159838,1.1166270631645333E-4,
0.0,5.162403405049878E-5,0.0,0.003952023895521266,0.00703818921159838,1.1166270631645333E-4,
0.0,5.162403405049878E-5,0.0,0.005086148321475182,0.00703818921159838,1.1166270631645333E-4,
0.0,5.162403405049878E-5,0.0,0.005086148321475182,0.00703818921159838,1.1166270631645333E-4,
0.0,5.162403405049878E-5,0.0,0.005086148321475182,0.00703818921159838,1.1166270631645333E-4,
0.0,5.162403405049878E-5,0.0,0.005086148321475182,0.00703818921159838,1.1166270631645333E-4,
0.0,5.162403405049878E-5,0.0,0.005086148321475182,0.00703818921159838,1.1166270631645333E-4,
0.0,5.162403405049878E-5,0.0,0.005086148321475182,0.00703818921159838,1.1166270631645333E-4,
0.0,5.162403405049878E-5,0.0,0.005086148321475182,0.00703818921159838,1.1166270631645333E-4,
0.0,5.162403405049878E-5,0.0,0.005086148321475182,0.00703818921159838,1.1166270631645333E-4,
0.0,5.162403405049878E-5,0.0,0.005086148321475182,0.00703818921159838,1.1166270631645333E-4,
0.0,5.162403405049878E-5,0.0,0.005086148321475182,0.010621887807600722,1.1166270631645333E-4,
0.0,5.162403405049878E-5,0.0,0.005086148321475182,0.010621887807600722,1.1166270631645333E-4,
0.0,5.162403405049878E-5,0.0,0.005086148321475182,0.010621887807600722,1.1166270631645333E-4,
0.0,5.162403405049878E-5,0.0,0.005211135251347606,0.010621887807600722,1.0262233557728035E-4,
0.0,5.162403405049878E-5,0.0,0.005211135251347606,0.010621887807600722,1.0262233557728035E-4,
0.0,5.162403405049878E-5,0.0,0.005211135251347606,0.010621887807600722,1.0262233557728035E-4,
0.0,5.162403405049878E-5,0.0,0.005211135251347606,0.010621887807600722,1.0262233557728035E-4,
0.0,5.162403405049878E-5,0.0,0.005211135251347606,0.010621887807600722,1.0262233557728035E-4,
0.0,5.162403405049878E-5,0.0,0.005211135251347606,0.010621887807600722,1.0262233557728035E-4,
0.0,5.162403405049878E-5,0.0,0.005211135251347606,0.010621887807600722,1.0262233557728035E-4,
0.0,5.162403405049878E-5,0.0,0.004833000444231471,0.010621887807600722,1.0262233557728035E-4,
0.0,5.162403405049878E-5,0.0,0.004833000444231471,0.013618343194751985,1.0262233557728035E-4,
0.0,5.162403405049878E-5,0.0,0.004833000444231471,0.013618343194751985,1.0262233557728035E-4,
0.0,5.162403405049878E-5,0.0,0.004833000444231471,0.013618343194751985,1.0262233557728035E-4,
0.0,5.162403405049878E-5,0.0,0.004833000444231471,0.013618343194751985,1.0262233557728035E-4,
0.0,5.162403405049878E-5,0.0,0.004833000444231471,0.013618343194751985,1.0262233557728035E-4,
0.0,5.162403405049878E-5,0.0,0.004833000444231471,0.013618343194751985,1.0262233557728035E-4,
0.0,5.162403405049878E-5,0.0,0.004833000444231471,0.019583479676101148,1.0262233557728035E-4,
0.0,5.162403405049878E-5,0.0,0.004833000444231471,0.019583479676101148,1.0262233557728035E-4,
0.0,5.162403405049878E-5,0.0,0.004833000444231471,0.019583479676101148,1.0262233557728035E-4,
0.0,5.162403405049878E-5,0.0,0.004833000444231471,0.024248056376527796,1.0262233557728035E-4,
0.0,5.162403405049878E-5,0.0,0.004833000444231471,0.024248056376527796,1.0262233557728035E-4,
0.0,5.162403405049878E-5,0.0,0.007059822912676329,0.024248056376527796,1.0262233557728035E-4,
0.0,5.162403405049878E-5,0.0,0.007059822912676329,0.024248056376527796,1.0262233557728035E-4,
0.0,5.162403405049878E-5,0.0,0.007059822912676329,0.02767775388648566,1.0262233557728035E-4,
0.0,5.162403405049878E-5,0.0,0.007059822912676329,0.02767775388648566,1.0262233557728035E-4,
0.0,5.162403405049878E-5,0.0,0.007059822912676329,0.02767775388648566,1.0262233557728035E-4,
0.0,5.162403405049878E-5,0.0,0.007059822912676329,0.02767775388648566,1.0262233557728035E-4,
0.0,5.162403405049878E-5,0.0,0.007059822912676329,0.02767775388648566,1.0262233557728035E-4,
0.0,5.162403405049878E-5,0.0,0.007059822912676329,0.02767775388648566,1.0262233557728035E-4,
0.0,5.162403405049878E-5,0.0,0.007059822912676329,0.0332811222300419,1.0262233557728035E-4,
0.0,5.162403405049878E-5,0.0,0.007059822912676329,0.0332811222300419,1.0262233557728035E-4,
0.0,5.162403405049878E-5,0.0,0.007059822912676329,0.03613350064481471,1.0262233557728035E-4,
0.0,5.162403405049878E-5,0.0,0.007059822912676329,0.03613350064481471,1.0262233557728035E-4,
0.0,5.162403405049878E-5,0.0,0.009984496162695122,0.03613350064481471,1.0262233557728035E-4,
0.0,5.162403405049878E-5,0.0,0.009984496162695122,0.03895186266356722,1.0262233557728035E-4,
0.0,5.162403405049878E-5,0.0,0.009984496162695122,0.03895186266356722,1.0262233557728035E-4,
0.0,5.162403405049878E-5,0.0,0.009984496162695122,0.041806372270584514,1.0262233557728035E-4,
0.0,5.162403405049878E-5,0.0,0.009984496162695122,0.041806372270584514,1.0262233557728035E-4,
0.0,5.162403405049878E-5,0.0,0.009984496162695122,0.04495063705348808,1.0262233557728035E-4,
0.0,5.162403405049878E-5,0.0,0.009984496162695122,0.04495063705348808,1.0262233557728035E-4,
0.0,0.004554141028585069,0.0,0.014041739161672083,0.04495063705348808,1.0262233557728035E-4,
0.0,0.004554141028585069,0.0,0.014041739161672083,0.04495063705348808,1.0262233557728035E-4,
0.0,0.004554141028585069,0.0,0.014041739161672083,0.04495063705348808,1.0262233557728035E-4,
0.0,0.004554141028585069,0.0,0.014041739161672083,0.04495063705348808,1.0262233557728035E-4,
0.0,0.004554141028585069,0.0,0.014041739161672083,0.04495063705348808,1.0262233557728035E-4,
0.0,0.004554141028585069,0.0,0.014041739161672083,0.05057138948617308,1.0262233557728035E-4,
0.0,0.004554141028585069,0.0,0.014041739161672083,0.05057138948617308,1.0262233557728035E-4,
0.0,0.004554141028585069,0.0,0.014041739161672083,0.05057138948617308,1.0262233557728035E-4,
0.0,0.004554141028585069,0.0,0.017838397406202834,0.05057138948617308,1.0262233557728035E-4,
0.0,0.004554141028585069,0.0,0.017838397406202834,0.05057138948617308,1.0262233557728035E-4,
0.0,0.004554141028585069,0.0,0.017838397406202834,0.05057138948617308,1.0262233557728035E-4,
0.0,0.004554141028585069,0.0,0.017838397406202834,0.05455501546155007,1.0262233557728035E-4,
0.0,0.004554141028585069,0.0,0.017838397406202834,0.05455501546155007,1.0262233557728035E-4,
0.0,0.004554141028585069,0.0,0.017838397406202834,0.05455501546155007,1.0262233557728035E-4,
0.0,0.004554141028585069,0.0,0.02163938310261014,0.05455501546155007,1.0262233557728035E-4,
0.0,0.004554141028585069,0.0,0.02163938310261014,0.05455501546155007,1.0262233557728035E-4,
0.0,0.004554141028585069,0.0,0.02163938310261014,0.05455501546155007,1.0262233557728035E-4,
0.0,0.004554141028585069,0.0,0.02163938310261014,0.05455501546155007,1.0262233557728035E-4,
0.0,0.004554141028585069,0.0,0.02163938310261014,0.05909962085037272,1.0262233557728035E-4,
0.0,0.004554141028585069,0.0,0.02163938310261014,0.05909962085037272,1.0262233557728035E-4,
0.0,0.004554141028585069,0.0,0.025501798379171724,0.05909962085037272,1.0262233557728035E-4,
0.0,0.004554141028585069,0.0,0.025501798379171724,0.05909962085037272,1.0262233557728035E-4,
0.0,0.004554141028585069,0.0,0.025501798379171724,0.05909962085037272,1.0262233557728035E-4,
0.0,0.004554141028585069,0.0,0.025501798379171724,0.05909962085037272,1.0262233557728035E-4,
0.0,0.004554141028585069,0.0,0.025501798379171724,0.06146113998856873,1.0262233557728035E-4,
0.0,0.004554141028585069,0.0,0.025501798379171724,0.06146113998856873,1.0262233557728035E-4,
0.0,0.004554141028585069,0.0,0.025501798379171724,0.06146113998856873,1.0262233557728035E-4,
0.0,0.004554141028585069,0.0,0.025501798379171724,0.06146113998856873,1.0262233557728035E-4,
0.0,0.004554141028585069,0.0,0.025501798379171724,0.06146113998856873,1.0262233557728035E-4,
0.0,0.004554141028585069,0.0,0.025501798379171724,0.06146113998856873,1.0262233557728035E-4,
0.0,0.004554141028585069,0.0,0.025501798379171724,0.06146113998856873,1.0262233557728035E-4,
0.0,0.004554141028585069,0.0,0.025501798379171724,0.06330121810405331,1.0262233557728035E-4,
0.0,0.004554141028585069,0.0,0.025501798379171724,0.06330121810405331,1.0262233557728035E-4,
0.0,0.004554141028585069,0.0,0.025501798379171724,0.06330121810405331,1.0262233557728035E-4,
0.0,0.004554141028585069,0.0,0.025501798379171724,0.06330121810405331,1.0262233557728035E-4,
0.0,0.004554141028585069,0.0,0.025501798379171724,0.06330121810405331,1.0262233557728035E-4,
0.0,0.004554141028585069,0.0,0.025501798379171724,0.0679802238895205,1.0262233557728035E-4,
0.0,0.004554141028585069,0.0,0.025501798379171724,0.0679802238895205,1.0262233557728035E-4,
0.0,0.004554141028585069,0.0,0.025501798379171724,0.0679802238895205,1.0262233557728035E-4,
0.0,0.004554141028585069,0.0,0.025501798379171724,0.0679802238895205,1.0262233557728035E-4,
0.0,0.004554141028585069,0.0,0.025501798379171724,0.0679802238895205,1.0262233557728035E-4,
0.0,0.004554141028585069,0.0,0.025501798379171724,0.0679802238895205,1.0262233557728035E-4,
0.0,0.004554141028585069,0.0,0.025501798379171724,0.07202643607855064,1.0262233557728035E-4,
0.0,0.004554141028585069,0.0,0.025501798379171724,0.07202643607855064,1.0262233557728035E-4,
0.0,0.004554141028585069,0.0,0.025501798379171724,0.07202643607855064,1.0262233557728035E-4,
0.0,0.004554141028585069,0.0,0.025501798379171724,0.07202643607855064,1.0262233557728035E-4,
0.0,0.004554141028585069,0.0,0.025501798379171724,0.07202643607855064,1.0262233557728035E-4,
0.0,0.004554141028585069,0.0,0.025501798379171724,0.07202643607855064,1.0262233557728035E-4,
0.0,0.004554141028585069,0.0,0.025501798379171724,0.07202643607855064,1.0262233557728035E-4,
0.0,0.004554141028585069,0.0,0.025501798379171724,0.07202643607855064,1.0262233557728035E-4,
0.0,0.004554141028585069,0.0,0.025501798379171724,0.07202643607855064,1.0262233557728035E-4,
0.0,0.004554141028585069,0.0,0.025501798379171724,0.07202643607855064,1.0262233557728035E-4,
0.0,0.004554141028585069,0.0,0.025501798379171724,0.07202643607855064,1.0262233557728035E-4,
0.0,0.004554141028585069,0.0,0.025501798379171724,0.07913370453529693,1.0262233557728035E-4,
0.0,0.004554141028585069,0.0,0.025501798379171724,0.07913370453529693,1.0262233557728035E-4,
0.0,0.004554141028585069,0.0,0.025501798379171724,0.07913370453529693,1.0262233557728035E-4,
0.0,0.004554141028585069,0.0,0.025501798379171724,0.07913370453529693,1.0262233557728035E-4,
0.0,0.004554141028585069,0.0,0.025501798379171724,0.08382246429679834,1.0262233557728035E-4,
0.0,0.004554141028585069,0.0,0.025501798379171724,0.08382246429679834,1.0262233557728035E-4,
0.0,0.004554141028585069,0.0,0.025501798379171724,0.08382246429679834,1.0262233557728035E-4,
0.0,0.004554141028585069,0.0,0.025501798379171724,0.08382246429679834,1.0262233557728035E-4,
0.0,0.004554141028585069,0.0,0.025501798379171724,0.08382246429679834,1.0262233557728035E-4,
0.0,0.004554141028585069,0.0,0.025501798379171724,0.08382246429679834,1.0262233557728035E-4,
0.0,0.004554141028585069,0.0,0.025501798379171724,0.08382246429679834,1.0262233557728035E-4,
0.0,0.004554141028585069,0.0,0.025501798379171724,0.08809949594796145,1.0262233557728035E-4,
0.0,0.004554141028585069,0.0,0.025501798379171724,0.08809949594796145,1.0262233557728035E-4,
0.0,0.004554141028585069,0.0,0.025501798379171724,0.08809949594796145,1.0262233557728035E-4,
0.0,0.004554141028585069,0.0,0.025501798379171724,0.08809949594796145,1.0262233557728035E-4,
0.0,0.004554141028585069,0.0,0.025501798379171724,0.08809949594796145,1.0262233557728035E-4,
0.0,0.004554141028585069,0.0,0.025501798379171724,0.08809949594796145,1.0262233557728035E-4,
0.0,0.004554141028585069,0.0,0.025501798379171724,0.08809949594796145,1.0262233557728035E-4,
0.0,0.004554141028585069,0.0,0.025501798379171724,0.09364465644250716,1.0262233557728035E-4,
0.0,0.004554141028585069,0.0,0.025501798379171724,0.09364465644250716,1.0262233557728035E-4,
0.0,0.004554141028585069,0.0,0.025501798379171724,0.09364465644250716,1.0262233557728035E-4,
0.0,0.004554141028585069,0.0,0.025501798379171724,0.09364465644250716,1.0262233557728035E-4,
0.0,0.004554141028585069,0.0,0.025501798379171724,0.09732285686168884,1.0262233557728035E-4,
0.0,0.004554141028585069,0.0,0.025501798379171724,0.09732285686168884,1.0262233557728035E-4,
0.0,0.004554141028585069,0.0,0.025501798379171724,0.09732285686168884,1.0262233557728035E-4,
0.0,0.004554141028585069,0.0,0.025501798379171724,0.09732285686168884,1.0262233557728035E-4,
0.0,0.004554141028585069,0.0,0.025501798379171724,0.09732285686168884,1.0262233557728035E-4,
0.0,0.004554141028585069,0.0,0.025501798379171724,0.09732285686168884,1.0262233557728035E-4,
0.0,0.004554141028585069,0.0,0.025501798379171724,0.09732285686168884,1.0262233557728035E-4,
0.0,0.004554141028585069,0.0,0.025501798379171724,0.09864736499541191,1.0262233557728035E-4,
0.0,0.004554141028585069,0.0,0.025501798379171724,0.09864736499541191,1.0262233557728035E-4,
0.0,0.004554141028585069,0.0,0.025501798379171724,0.09864736499541191,1.0262233557728035E-4,
0.0,0.004554141028585069,0.0,0.025501798379171724,0.09864736499541191,1.0262233557728035E-4,
0.0,0.004554141028585069,0.0,0.025501798379171724,0.09864736499541191,1.0262233557728035E-4,
0.0,0.004554141028585069,0.0,0.025501798379171724,0.10313222258010701,1.0262233557728035E-4,
0.0,0.004554141028585069,0.0,0.025501798379171724,0.10313222258010701,1.0262233557728035E-4,
0.0,0.004554141028585069,0.0,0.025501798379171724,0.10507330861368527,1.0262233557728035E-4,
0.0,0.004554141028585069,0.0,0.025501798379171724,0.10507330861368527,1.0262233557728035E-4,
0.0,0.004554141028585069,0.0,0.025501798379171724,0.10507330861368527,1.0262233557728035E-4,
0.0,0.004554141028585069,0.0,0.025501798379171724,0.10507330861368527,1.0262233557728035E-4,
0.0,0.004554141028585069,0.0,0.025501798379171724,0.10507330861368527,1.0262233557728035E-4,
0.0,0.004554141028585069,0.0,0.025501798379171724,0.10507330861368527,1.0262233557728035E-4,
0.0,0.004554141028585069,0.0,0.025501798379171724,0.10507330861368527,1.0262233557728035E-4,
0.0,0.004554141028585069,0.0,0.025501798379171724,0.10507330861368527,1.0262233557728035E-4,
0.0,0.004554141028585069,0.0,0.025501798379171724,0.10507330861368527,1.0262233557728035E-4,
0.0,0.004554141028585069,0.0,0.025501798379171724,0.10507330861368527,1.0262233557728035E-4,
0.0,0.004554141028585069,0.0,0.025501798379171724,0.10507330861368527,1.0262233557728035E-4,
0.0,0.004554141028585069,0.0,0.025501798379171724,0.1076309922427027,1.0262233557728035E-4,
0.0,0.004554141028585069,0.0,0.025501798379171724,0.1076309922427027,1.0262233557728035E-4,
0.0,0.004554141028585069,0.0,0.025501798379171724,0.1076309922427027,1.0262233557728035E-4,
0.0,0.004554141028585069,0.0,0.025501798379171724,0.1076309922427027,1.0262233557728035E-4,
0.0,0.004554141028585069,0.0,0.025501798379171724,0.1076309922427027,1.0262233557728035E-4,
0.0,0.004554141028585069,0.0,0.025501798379171724,0.1076309922427027,1.0262233557728035E-4,
0.0,0.004554141028585069,0.0,0.0345408098108297,0.1076309922427027,1.0262233557728035E-4,
0.0,0.004554141028585069,0.0,0.0345408098108297,0.11057048349370367,1.0262233557728035E-4,
0.0,0.004554141028585069,0.0,0.0345408098108297,0.11057048349370367,1.0262233557728035E-4,
0.0,0.004554141028585069,0.0,0.0345408098108297,0.11057048349370367,1.0262233557728035E-4,
0.0,0.004554141028585069,0.0,0.0345408098108297,0.11057048349370367,1.0262233557728035E-4,
0.0,0.004554141028585069,0.0,0.0345408098108297,0.11057048349370367,1.0262233557728035E-4,
0.0,0.004554141028585069,0.0,0.0345408098108297,0.11057048349370367,1.0262233557728035E-4,
0.0,0.004554141028585069,0.0,0.0345408098108297,0.11057048349370367,1.0262233557728035E-4,
0.0,0.004554141028585069,0.0,0.0345408098108297,0.11057048349370367,1.0262233557728035E-4,
0.0,0.004554141028585069,0.0,0.0345408098108297,0.11057048349370367,1.0262233557728035E-4,
0.0,0.004554141028585069,0.0,0.0345408098108297,0.11057048349370367,1.0262233557728035E-4,
0.0,0.004554141028585069,0.0,0.0345408098108297,0.11057048349370367,1.0262233557728035E-4,
0.0,0.004554141028585069,0.0,0.0345408098108297,0.11057048349370367,1.0262233557728035E-4,
0.0,0.004554141028585069,0.0,0.0345408098108297,0.11364736958077912,1.0262233557728035E-4,
0.0,0.004554141028585069,0.0,0.0345408098108297,0.11364736958077912,1.0262233557728035E-4,
0.0,0.004554141028585069,0.0,0.0345408098108297,0.11364736958077912,1.0262233557728035E-4,
0.0,0.004554141028585069,0.0,0.0345408098108297,0.1158458236356028,1.0262233557728035E-4,
0.0,0.004554141028585069,0.0,0.0345408098108297,0.1158458236356028,1.0262233557728035E-4,
0.0,0.004554141028585069,0.0,0.0345408098108297,0.11546175492096282,1.0262233557728035E-4,
0.0,0.004554141028585069,0.0,0.0345408098108297,0.11546175492096282,1.0262233557728035E-4,
0.0,0.004554141028585069,0.0,0.0345408098108297,0.11546175492096282,1.0262233557728035E-4,
0.0,0.004554141028585069,0.0,0.0345408098108297,0.11546175492096282,1.0262233557728035E-4,
0.0,0.004554141028585069,0.0,0.0345408098108297,0.11546175492096282,1.0262233557728035E-4,
0.0,0.004554141028585069,0.0,0.0345408098108297,0.11249550835066284,1.0262233557728035E-4,
0.0,0.004554141028585069,0.0,0.0345408098108297,0.11249550835066284,1.0262233557728035E-4,
0.0,0.004554141028585069,0.0,0.0345408098108297,0.11249550835066284,1.0262233557728035E-4,
0.0,0.004554141028585069,0.0,0.0345408098108297,0.11249550835066284,1.0262233557728035E-4,
0.0,0.004554141028585069,0.0,0.0345408098108297,0.11249550835066284,1.0262233557728035E-4,
0.0,0.004554141028585069,0.0,0.0345408098108297,0.11249550835066284,1.0262233557728035E-4,
0.0,0.004554141028585069,0.0,0.0345408098108297,0.11249550835066284,1.0262233557728035E-4,
0.0,0.004554141028585069,0.0,0.0345408098108297,0.11249550835066284,1.0262233557728035E-4,
0.0,0.004554141028585069,0.0,0.0345408098108297,0.11249550835066284,1.0262233557728035E-4,
0.0,0.004554141028585069,0.0,0.0345408098108297,0.11249550835066284,1.0262233557728035E-4,
0.0,0.004554141028585069,0.0,0.0345408098108297,0.11249550835066284,1.0262233557728035E-4,
0.0,0.004554141028585069,0.0,0.0345408098108297,0.11249550835066284,1.0262233557728035E-4,
0.0,0.004554141028585069,0.0,0.0345408098108297,0.11249550835066284,1.0262233557728035E-4,
0.0,0.004554141028585069,0.0,0.0345408098108297,0.1156406246041675,1.0262233557728035E-4,
0.0,0.004554141028585069,0.0,0.0345408098108297,0.1156406246041675,1.0262233557728035E-4,
0.0,0.004554141028585069,0.0,0.0345408098108297,0.1156406246041675,1.0262233557728035E-4,
0.0,0.004554141028585069,0.0,0.0345408098108297,0.1156406246041675,1.0262233557728035E-4,
0.0,0.004554141028585069,0.0,0.0345408098108297,0.1156406246041675,1.0262233557728035E-4,
0.0,0.004554141028585069,0.0,0.0345408098108297,0.1156406246041675,1.0262233557728035E-4,
0.0,0.004554141028585069,0.0,0.0345408098108297,0.11893594891030217,1.0262233557728035E-4,
0.0,0.004554141028585069,0.0,0.0345408098108297,0.11893594891030217,1.0262233557728035E-4,
0.0,0.004554141028585069,0.0,0.0345408098108297,0.11893594891030217,1.0262233557728035E-4,
0.0,0.004554141028585069,0.0,0.0345408098108297,0.11684569468466813,1.0262233557728035E-4,
0.0,0.004554141028585069,0.0,0.0345408098108297,0.11684569468466813,1.0262233557728035E-4,
0.0,0.004554141028585069,0.0,0.0345408098108297,0.11684569468466813,1.0262233557728035E-4,
0.0,0.004554141028585069,0.0,0.0345408098108297,0.12081199250497583,1.0262233557728035E-4,
0.0,0.004554141028585069,0.0,0.0345408098108297,0.12081199250497583,1.0262233557728035E-4,
0.0,0.004554141028585069,0.0,0.0345408098108297,0.12081199250497583,1.0262233557728035E-4,
0.0,0.004554141028585069,0.0,0.0345408098108297,0.12081199250497583,1.0262233557728035E-4,
0.0,0.004554141028585069,0.0,0.0345408098108297,0.12081199250497583,1.0262233557728035E-4,
0.0,0.004554141028585069,0.0,0.0345408098108297,0.11814784089890369,1.0262233557728035E-4,
0.0,0.004554141028585069,0.0,0.0345408098108297,0.11814784089890369,1.0262233557728035E-4,
0.0,0.004554141028585069,0.0,0.0345408098108297,0.12151941810648516,1.0262233557728035E-4,
0.0,0.004554141028585069,0.0,0.0345408098108297,0.12151941810648516,1.0262233557728035E-4,
0.0,0.004554141028585069,0.0,0.0345408098108297,0.12151941810648516,1.0262233557728035E-4,
0.0,0.004554141028585069,0.0,0.0345408098108297,0.1193374203756887,1.0262233557728035E-4,
0.0,0.004554141028585069,0.0,0.0345408098108297,0.1193374203756887,1.0262233557728035E-4,
0.0,0.004554141028585069,0.0,0.0345408098108297,0.1193374203756887,1.0262233557728035E-4,
0.0,0.004554141028585069,0.0,0.0345408098108297,0.1193374203756887,1.0262233557728035E-4,
0.0,0.004554141028585069,0.0,0.0345408098108297,0.1193374203756887,1.0262233557728035E-4,
0.0,0.004554141028585069,0.0,0.0345408098108297,0.1193374203756887,1.0262233557728035E-4,
0.0,0.004554141028585069,0.0,0.0345408098108297,0.1193374203756887,1.0262233557728035E-4,
0.0,0.004554141028585069,0.0,0.0345408098108297,0.1193374203756887,1.0262233557728035E-4,
0.0,0.004554141028585069,0.0,0.0345408098108297,0.12257691380740868,1.0262233557728035E-4,
0.0,0.004554141028585069,0.0,0.0345408098108297,0.11912576252902288,1.0262233557728035E-4,
0.0,0.004554141028585069,0.0,0.0345408098108297,0.11912576252902288,1.0262233557728035E-4,
0.0,0.004554141028585069,0.0,0.0345408098108297,0.11912576252902288,1.0262233557728035E-4,
0.0,0.004554141028585069,0.0,0.0345408098108297,0.11789066487062763,1.0262233557728035E-4,
0.0,0.004554141028585069,0.0,0.0345408098108297,0.12006915232397572,1.0262233557728035E-4,
0.0,0.004554141028585069,0.0,0.0345408098108297,0.12006915232397572,1.0262233557728035E-4,
0.0,0.004554141028585069,0.0,0.0345408098108297,0.12006915232397572,1.0262233557728035E-4,
0.0,0.004554141028585069,0.0,0.0345408098108297,0.12006915232397572,1.0262233557728035E-4,
0.0,0.004554141028585069,0.0,0.0345408098108297,0.12006915232397572,1.0262233557728035E-4,
0.0,0.004554141028585069,0.0,0.0345408098108297,0.12006915232397572,1.0262233557728035E-4,
0.0,0.004554141028585069,0.0,0.0345408098108297,0.12006915232397572,1.0262233557728035E-4,
0.0,0.004554141028585069,0.0,0.0345408098108297,0.11301458205058366,1.0262233557728035E-4,
0.0,0.004554141028585069,0.0,0.0345408098108297,0.11536603077881946,1.0262233557728035E-4,
0.0,0.004554141028585069,0.0,0.0345408098108297,0.11498950720543685,1.0262233557728035E-4,
0.0,0.004554141028585069,0.0,0.0345408098108297,0.11498950720543685,1.0262233557728035E-4,
0.0,0.004554141028585069,0.0,0.0345408098108297,0.11498950720543685,1.0262233557728035E-4,
0.0,0.004554141028585069,0.0,0.0345408098108297,0.11684750682502891,1.0262233557728035E-4,
0.0,0.004554141028585069,0.0,0.0345408098108297,0.11684750682502891,1.0262233557728035E-4,
0.0,0.004554141028585069,0.0,0.0345408098108297,0.11684750682502891,1.0262233557728035E-4,
0.0,0.004554141028585069,0.0,0.0345408098108297,0.11684750682502891,1.0262233557728035E-4,
0.0,0.004554141028585069,0.0,0.0345408098108297,0.11684750682502891,1.0262233557728035E-4,
0.0,0.004554141028585069,0.0,0.0345408098108297,0.11728248553212209,1.0262233557728035E-4,
0.0,0.004554141028585069,0.0,0.0345408098108297,0.11728248553212209,1.0262233557728035E-4,
0.0,0.004554141028585069,0.0,0.0345408098108297,0.11728248553212209,1.0262233557728035E-4,
0.0,0.004554141028585069,0.0,0.0345408098108297,0.11728248553212209,1.0262233557728035E-4,
0.0,0.004554141028585069,0.0,0.0345408098108297,0.11932458022955165,1.0262233557728035E-4,
0.0,0.004554141028585069,0.0,0.0345408098108297,0.11932458022955165,1.0262233557728035E-4,
0.0,0.004554141028585069,0.0,0.0345408098108297,0.11932458022955165,1.0262233557728035E-4,
0.0,0.004554141028585069,0.0,0.0345408098108297,0.11932458022955165,1.0262233557728035E-4,
0.0,0.004554141028585069,0.0,0.0345408098108297,0.11839471841556624,1.0262233557728035E-4,
0.0,0.004554141028585069,0.0,0.0345408098108297,0.11582694605481991,1.0262233557728035E-4,
0.0,0.004554141028585069,0.0,0.0345408098108297,0.11582694605481991,1.0262233557728035E-4,
0.0,0.004554141028585069,0.0,0.0345408098108297,0.1184220415019048,1.0262233557728035E-4,
0.0,0.004554141028585069,0.0,0.0345408098108297,0.1184220415019048,1.0262233557728035E-4,
0.0,0.004554141028585069,0.0,0.0345408098108297,0.10227324571882827,1.0262233557728035E-4,
0.0,0.004554141028585069,0.0,0.0345408098108297,0.10525125093288648,1.0262233557728035E-4,
0.0,0.004554141028585069,0.0,0.0345408098108297,0.10885812452839301,1.0262233557728035E-4,
0.0,0.004554141028585069,0.0,0.0345408098108297,0.10885812452839301,1.0262233557728035E-4,
0.0,0.004554141028585069,0.0,0.0345408098108297,0.11189270181768567,1.0262233557728035E-4,
0.0,0.004554141028585069,0.0,0.0345408098108297,0.11189270181768567,1.0262233557728035E-4,
0.0,0.004554141028585069,0.0,0.0345408098108297,0.11189270181768567,1.0262233557728035E-4,
0.0,0.004554141028585069,0.0,0.0345408098108297,0.11189270181768567,1.0262233557728035E-4,
0.0,0.004554141028585069,0.0,0.0345408098108297,0.11189270181768567,1.0262233557728035E-4,
0.0,0.004554141028585069,0.0,0.0345408098108297,0.11189270181768567,1.0262233557728035E-4,
0.0,0.004554141028585069,0.0,0.0345408098108297,0.1148901619133759,1.0262233557728035E-4,
0.0,0.004554141028585069,0.0,0.0345408098108297,0.1148901619133759,1.0262233557728035E-4,
0.0,0.004554141028585069,0.0,0.0345408098108297,0.1148901619133759,1.0262233557728035E-4,
0.0,0.004554141028585069,0.0,0.0345408098108297,0.1148901619133759,1.0262233557728035E-4,
0.0,0.004554141028585069,0.0,0.0345408098108297,0.1148901619133759,1.0262233557728035E-4,
0.0,0.004554141028585069,0.0,0.0345408098108297,0.1148901619133759,1.0262233557728035E-4,
0.0,0.004554141028585069,0.0,0.0345408098108297,0.1148901619133759,1.0262233557728035E-4,
0.0,0.004554141028585069,0.0,0.0345408098108297,0.1148901619133759,1.0262233557728035E-4,
0.0,0.004554141028585069,0.0,0.0345408098108297,0.1148901619133759,1.0262233557728035E-4,
0.0,0.004554141028585069,0.0,0.0345408098108297,0.1148901619133759,1.0262233557728035E-4,
0.0,0.004554141028585069,0.0,0.0345408098108297,0.1148901619133759,1.0262233557728035E-4,
0.0,0.004554141028585069,0.0,0.0345408098108297,0.1148901619133759,1.0262233557728035E-4,
0.0,0.004554141028585069,0.0,0.0345408098108297,0.1148901619133759,1.0262233557728035E-4,
0.0,0.004554141028585069,0.0,0.0345408098108297,0.1148901619133759,1.0262233557728035E-4,
0.0,0.004554141028585069,0.0,0.0345408098108297,0.1148901619133759,1.0262233557728035E-4,
0.0,0.004554141028585069,0.0,0.0345408098108297,0.11461624386846224,1.0262233557728035E-4,
0.0,0.004554141028585069,0.0,0.0345408098108297,0.116564151468622,1.0262233557728035E-4,
0.0,0.004554141028585069,0.0,0.0345408098108297,0.116564151468622,1.0262233557728035E-4,
0.0,0.004554141028585069,0.0,0.0345408098108297,0.116564151468622,1.0262233557728035E-4,
0.0,0.004554141028585069,0.0,0.0345408098108297,0.116564151468622,1.0262233557728035E-4,
0.0,0.004554141028585069,0.0,0.0345408098108297,0.11838018564845025,1.0262233557728035E-4,
0.0,0.004554141028585069,0.0,0.0345408098108297,0.11838018564845025,1.0262233557728035E-4,
0.0,0.004554141028585069,0.0,0.0345408098108297,0.11838018564845025,1.0262233557728035E-4,
0.0,0.004554141028585069,0.0,0.0345408098108297,0.11838018564845025,1.0262233557728035E-4,
0.0,0.004554141028585069,0.0,0.0345408098108297,0.11838018564845025,1.0262233557728035E-4,
0.0,0.004554141028585069,0.0,0.0345408098108297,0.1157668196257327,1.0262233557728035E-4,
0.0,0.004554141028585069,0.0,0.0345408098108297,0.1157668196257327,1.0262233557728035E-4,
0.0,0.004554141028585069,0.0,0.0345408098108297,0.1157668196257327,1.0262233557728035E-4,
0.0,0.004554141028585069,0.0,0.0345408098108297,0.1157668196257327,1.0262233557728035E-4,
0.0,0.004554141028585069,0.0,0.0345408098108297,0.1157668196257327,1.0262233557728035E-4,
0.0,0.004554141028585069,0.0,0.0345408098108297,0.11806919862340105,1.0262233557728035E-4,
0.0,0.004554141028585069,0.0,0.0345408098108297,0.11806919862340105,1.0262233557728035E-4,
0.0,0.004554141028585069,0.0,0.0345408098108297,0.11806919862340105,1.0262233557728035E-4,
0.0,0.004554141028585069,0.0,0.0345408098108297,0.11806919862340105,1.0262233557728035E-4,
0.0,0.004554141028585069,0.0,0.0345408098108297,0.12031872600586253,1.0262233557728035E-4,
0.0,0.004554141028585069,0.0,0.0345408098108297,0.12031872600586253,1.0262233557728035E-4,
0.0,0.004554141028585069,0.0,0.0345408098108297,0.12031872600586253,1.0262233557728035E-4,
0.0,0.004554141028585069,0.0,0.0345408098108297,0.12031872600586253,1.0262233557728035E-4,
0.0,0.004554141028585069,0.0,0.0345408098108297,0.12031872600586253,1.0262233557728035E-4,
0.0,0.004554141028585069,0.0,0.0345408098108297,0.12031872600586253,1.0262233557728035E-4,
0.0,0.004554141028585069,0.0,0.0345408098108297,0.12031872600586253,1.0262233557728035E-4,
0.0,0.004554141028585069,0.0,0.0345408098108297,0.12031872600586253,1.0262233557728035E-4,
0.0,0.004554141028585069,0.0,0.0345408098108297,0.12031872600586253,1.0262233557728035E-4,
0.0,0.004554141028585069,0.0,0.0345408098108297,0.11962555991903377,1.0262233557728035E-4,
0.0,0.004554141028585069,0.0,0.0345408098108297,0.11962555991903377,1.0262233557728035E-4,
0.0,0.004554141028585069,0.0,0.0345408098108297,0.12204517061599704,1.0262233557728035E-4,
0.0,0.004554141028585069,0.0,0.0345408098108297,0.12204517061599704,1.0262233557728035E-4,
0.0,0.004554141028585069,0.0,0.0345408098108297,0.12204517061599704,1.0262233557728035E-4,
0.0,0.004554141028585069,0.0,0.0345408098108297,0.12204517061599704,1.0262233557728035E-4,
0.0,0.004554141028585069,0.0,0.0345408098108297,0.12204517061599704,1.0262233557728035E-4,
0.0,0.004554141028585069,0.0,0.0345408098108297,0.12434858542620195,1.0262233557728035E-4,
0.0,0.004554141028585069,0.0,0.0345408098108297,0.12434858542620195,1.0262233557728035E-4,
0.0,0.004554141028585069,0.0,0.0345408098108297,0.12434858542620195,1.0262233557728035E-4,
0.0,0.004554141028585069,0.0,0.0345408098108297,0.12434858542620195,1.0262233557728035E-4,
0.0,0.004554141028585069,0.0,0.0345408098108297,0.12434858542620195,1.0262233557728035E-4,
0.0,0.004554141028585069,0.0,0.0345408098108297,0.12434858542620195,1.0262233557728035E-4,
0.0,0.004554141028585069,0.0,0.0345408098108297,0.1266236350670388,1.0262233557728035E-4,
0.0,0.004554141028585069,0.0,0.0345408098108297,0.1266236350670388,1.0262233557728035E-4,
0.0,0.004554141028585069,0.0,0.0345408098108297,0.12742491131662975,1.0262233557728035E-4,
0.0,0.004554141028585069,0.0,0.0345408098108297,0.12742491131662975,1.0262233557728035E-4,
0.0,0.004554141028585069,0.0,0.0345408098108297,0.12742491131662975,1.0262233557728035E-4,
0.0,0.004554141028585069,0.0,0.0345408098108297,0.12742491131662975,1.0262233557728035E-4,
0.0,0.004554141028585069,0.0,0.0345408098108297,0.12742491131662975,1.0262233557728035E-4,
0.0,0.004554141028585069,0.0,0.0345408098108297,0.12742491131662975,1.0262233557728035E-4,
0.0,0.004554141028585069,0.0,0.0345408098108297,0.12742491131662975,1.0262233557728035E-4,
0.0,0.004554141028585069,0.0,0.0345408098108297,0.12742491131662975,1.0262233557728035E-4,
0.0,0.004554141028585069,0.0,0.0345408098108297,0.12742491131662975,1.0262233557728035E-4,
0.0,0.004554141028585069,0.0,0.0345408098108297,0.12742491131662975,1.0262233557728035E-4,
0.0,0.004554141028585069,0.0,0.0345408098108297,0.12904625549613385,1.0262233557728035E-4,
0.0,0.004554141028585069,0.0,0.0345408098108297,0.10873949234802578,1.0262233557728035E-4,
0.0,0.004554141028585069,0.0,0.0345408098108297,0.10873949234802578,1.0262233557728035E-4,
0.0,0.004554141028585069,0.0,0.0345408098108297,0.10873949234802578,1.0262233557728035E-4,
0.0,0.004554141028585069,0.0,0.0345408098108297,0.10873949234802578,1.0262233557728035E-4,
0.0,0.004554141028585069,0.0,0.0345408098108297,0.10873949234802578,1.0262233557728035E-4,
0.0,0.004554141028585069,0.0,0.0345408098108297,0.10873949234802578,1.0262233557728035E-4,
0.0,0.004554141028585069,0.0,0.0345408098108297,0.10873949234802578,1.0262233557728035E-4,
0.0,0.004554141028585069,0.0,0.0345408098108297,0.10873949234802578,1.0262233557728035E-4,
0.0,0.004554141028585069,0.0,0.0345408098108297,0.10873949234802578,1.0262233557728035E-4,
0.0,0.004554141028585069,0.0,0.0345408098108297,0.11253856214507246,1.0262233557728035E-4,
0.0,0.004554141028585069,0.0,0.0345408098108297,0.11253856214507246,1.0262233557728035E-4,
0.0,0.004554141028585069,0.0,0.0345408098108297,0.11253856214507246,1.0262233557728035E-4,
0.0,0.004554141028585069,0.0,0.0345408098108297,0.1160976272832642,1.0262233557728035E-4,
0.0,0.004554141028585069,0.0,0.0345408098108297,0.1160976272832642,1.0262233557728035E-4,
0.0,0.004554141028585069,0.0,0.0345408098108297,0.11625958462947303,1.0262233557728035E-4,
0.0,0.004554141028585069,0.0,0.0345408098108297,0.11668533950966577,1.0262233557728035E-4,
0.0,0.004554141028585069,0.0,0.0345408098108297,0.11668533950966577,1.0262233557728035E-4,
0.0,0.004554141028585069,0.0,0.0345408098108297,0.11709958621933945,1.0262233557728035E-4,
0.0,0.004554141028585069,0.0,0.0345408098108297,0.11729420593525841,1.0262233557728035E-4,
0.0,0.004554141028585069,0.0,0.0345408098108297,0.11729420593525841,1.0262233557728035E-4,
0.0,0.004554141028585069,0.0,0.0345408098108297,0.11729420593525841,1.0262233557728035E-4,
0.0,0.004554141028585069,0.0,0.0345408098108297,0.1205045083683486,1.0262233557728035E-4,
0.0,0.004554141028585069,0.0,0.0345408098108297,0.1205045083683486,1.0262233557728035E-4,
0.0,0.004554141028585069,0.0,0.0345408098108297,0.1205045083683486,1.0262233557728035E-4,
0.0,0.004554141028585069,0.0,0.0345408098108297,0.1205045083683486,1.0262233557728035E-4,
0.0,0.004554141028585069,0.0,0.0345408098108297,0.1205045083683486,1.0262233557728035E-4,
0.0,0.004554141028585069,0.0,0.0345408098108297,0.1234195956673856,1.0262233557728035E-4,
0.0,0.004554141028585069,0.0,0.0345408098108297,0.12547345449302433,1.0262233557728035E-4,
0.0,0.004554141028585069,0.0,0.0345408098108297,0.12547345449302433,1.0262233557728035E-4,
0.0,0.004554141028585069,0.0,0.0345408098108297,0.12547345449302433,1.0262233557728035E-4,
0.0,0.004554141028585069,0.0,0.0345408098108297,0.12547345449302433,1.0262233557728035E-4,
0.0,0.004554141028585069,0.0,0.0345408098108297,0.12547345449302433,1.0262233557728035E-4,
0.0,0.004554141028585069,0.0,0.0345408098108297,0.12547345449302433,1.0262233557728035E-4,
0.0,0.004554141028585069,0.0,0.0345408098108297,0.12547345449302433,1.0262233557728035E-4,
0.0,0.004554141028585069,0.0,0.0345408098108297,0.12547345449302433,1.0262233557728035E-4,
0.0,0.004554141028585069,0.0,0.0345408098108297,0.12547345449302433,1.0262233557728035E-4,
0.0,0.004554141028585069,0.0,0.0345408098108297,0.12146526592682837,1.0262233557728035E-4,
0.0,0.004554141028585069,0.0,0.0345408098108297,0.12146526592682837,1.0262233557728035E-4,
0.0,0.004554141028585069,0.0,0.0345408098108297,0.12325434584445415,1.0262233557728035E-4,
0.0,0.004554141028585069,0.0,0.0345408098108297,0.12325434584445415,1.0262233557728035E-4,
0.0,0.004554141028585069,0.0,0.0345408098108297,0.12325434584445415,1.0262233557728035E-4,
0.0,0.004554141028585069,0.0,0.0345408098108297,0.12325434584445415,1.0262233557728035E-4,
0.0,0.004554141028585069,0.0,0.0345408098108297,0.12325434584445415,1.0262233557728035E-4,
0.0,0.004554141028585069,0.0,0.0345408098108297,0.12325434584445415,1.0262233557728035E-4,
0.0,0.004554141028585069,0.0,0.0345408098108297,0.12325434584445415,1.0262233557728035E-4,
0.0,0.004554141028585069,0.0,0.0345408098108297,0.12325434584445415,1.0262233557728035E-4,
0.0,0.004554141028585069,0.0,0.0345408098108297,0.12325434584445415,1.0262233557728035E-4,
0.0,0.004554141028585069,0.0,0.0345408098108297,0.1195806623834813,1.0262233557728035E-4,
0.0,0.004554141028585069,0.0,0.0345408098108297,0.1195806623834813,1.0262233557728035E-4,
0.0,0.004554141028585069,0.0,0.0345408098108297,0.1195806623834813,1.0262233557728035E-4,
0.0,0.004554141028585069,0.0,0.0345408098108297,0.1195806623834813,1.0262233557728035E-4,
0.0,0.004554141028585069,0.0,0.0345408098108297,0.1195806623834813,1.0262233557728035E-4,
0.0,0.004554141028585069,0.0,0.0345408098108297,0.1195806623834813,1.0262233557728035E-4,
0.0,0.004554141028585069,0.0,0.0345408098108297,0.12116733021508226,1.0262233557728035E-4,
0.0,0.004554141028585069,0.0,0.0345408098108297,0.12116733021508226,1.0262233557728035E-4,
0.0,0.004554141028585069,0.0,0.0345408098108297,0.12116733021508226,1.0262233557728035E-4,
0.0,0.004554141028585069,0.0,0.0345408098108297,0.12116733021508226,1.0262233557728035E-4,
0.0,0.004554141028585069,0.0,0.0345408098108297,0.12177462974490988,1.0262233557728035E-4,
0.0,0.004554141028585069,0.0,0.0345408098108297,0.12081157933469888,1.0262233557728035E-4,
0.0,0.004554141028585069,0.0,0.0345408098108297,0.12081157933469888,1.0262233557728035E-4,
0.0,0.004554141028585069,0.0,0.0345408098108297,0.12081157933469888,1.0262233557728035E-4,
0.0,0.004554141028585069,0.0,0.0345408098108297,0.12191142758780414,1.0262233557728035E-4,
0.0,0.004554141028585069,0.0,0.0345408098108297,0.12141651289729302,1.0262233557728035E-4,
0.0,0.004554141028585069,0.0,0.0345408098108297,0.12141651289729302,1.0262233557728035E-4,
0.0,0.004554141028585069,0.0,0.0345408098108297,0.12141651289729302,1.0262233557728035E-4,
0.0,0.004554141028585069,0.0,0.0345408098108297,0.12141651289729302,1.0262233557728035E-4,
0.0,0.004554141028585069,0.0,0.0345408098108297,0.12141651289729302,1.0262233557728035E-4,
0.0,0.004554141028585069,0.0,0.0345408098108297,0.1215308288251156,1.0262233557728035E-4,
0.0,0.004554141028585069,0.0,0.0345408098108297,0.1215308288251156,1.0262233557728035E-4,
0.0,0.004554141028585069,0.0,0.0345408098108297,0.1215308288251156,1.0262233557728035E-4,
0.0,0.004554141028585069,0.0,0.0345408098108297,0.1215308288251156,1.0262233557728035E-4,
0.0,0.004554141028585069,0.0,0.0345408098108297,0.1215308288251156,1.0262233557728035E-4,
0.0,0.004554141028585069,0.0,0.0345408098108297,0.1215308288251156,1.0262233557728035E-4,
0.0,0.004554141028585069,0.0,0.0345408098108297,0.1215308288251156,1.0262233557728035E-4,
0.0,0.004554141028585069,0.0,0.0345408098108297,0.1215308288251156,1.0262233557728035E-4,
0.0,0.004554141028585069,0.0,0.0345408098108297,0.1215308288251156,1.0262233557728035E-4,
0.0,0.004554141028585069,0.0,0.0345408098108297,0.12345588034233773,1.0262233557728035E-4,
0.0,0.004554141028585069,0.0,0.0345408098108297,0.12345588034233773,1.0262233557728035E-4,
0.0,0.004554141028585069,0.0,0.0345408098108297,0.12345588034233773,1.0262233557728035E-4,
0.0,0.004554141028585069,0.0,0.0345408098108297,0.12345588034233773,1.0262233557728035E-4,
0.0,0.004554141028585069,0.0,0.0345408098108297,0.1253611122719785,1.0262233557728035E-4,
0.0,0.004554141028585069,0.0,0.0345408098108297,0.1253611122719785,1.0262233557728035E-4,
0.0,0.004554141028585069,0.0,0.0345408098108297,0.1253611122719785,1.0262233557728035E-4,
0.0,0.004554141028585069,0.0,0.0345408098108297,0.1253611122719785,1.0262233557728035E-4,
0.0,0.004554141028585069,0.0,0.0345408098108297,0.1253611122719785,1.0262233557728035E-4,
0.0,0.004554141028585069,0.0,0.0345408098108297,0.12716281159978088,1.0262233557728035E-4,
0.0,0.004554141028585069,0.0,0.0345408098108297,0.12716281159978088,1.0262233557728035E-4,
0.0,0.004554141028585069,0.0,0.0345408098108297,0.12237909750113528,1.0262233557728035E-4,
0.0,0.004554141028585069,0.0,0.0345408098108297,0.12427363062972815,1.0262233557728035E-4,
0.0,0.004554141028585069,0.0,0.0345408098108297,0.12608836174264157,1.0262233557728035E-4,
0.0,0.004554141028585069,0.0,0.0345408098108297,0.12608836174264157,1.0262233557728035E-4,
0.0,0.004554141028585069,0.0,0.0345408098108297,0.12608836174264157,1.0262233557728035E-4,
0.0,0.004554141028585069,0.0,0.0345408098108297,0.12751091287998145,1.0262233557728035E-4,
0.0,0.004554141028585069,0.0,0.0345408098108297,0.12751091287998145,1.0262233557728035E-4,
0.0,0.004554141028585069,0.0,0.0345408098108297,0.12751091287998145,1.0262233557728035E-4,
0.0,0.004554141028585069,0.0,0.0345408098108297,0.12751091287998145,1.0262233557728035E-4,
0.0,0.004554141028585069,0.0,0.0345408098108297,0.12751091287998145,1.0262233557728035E-4,
0.0,0.004554141028585069,0.0,0.0345408098108297,0.12358525250464353,1.0262233557728035E-4,
0.0,0.004554141028585069,0.0,0.0345408098108297,0.12358525250464353,1.0262233557728035E-4,
0.0,0.004554141028585069,0.0,0.0345408098108297,0.12358525250464353,1.0262233557728035E-4,
0.0,0.004554141028585069,0.0,0.0345408098108297,0.12358525250464353,1.0262233557728035E-4,
0.0,0.004554141028585069,0.0,0.0345408098108297,0.12358525250464353,1.0262233557728035E-4,
0.0,0.004554141028585069,0.0,0.0345408098108297,0.12255502613473232,1.0262233557728035E-4,
0.0,0.004554141028585069,0.0,0.0345408098108297,0.12439611615370852,1.0262233557728035E-4,
0.0,0.004554141028585069,0.0,0.0345408098108297,0.12439611615370852,1.0262233557728035E-4,
0.0,0.004554141028585069,0.0,0.0345408098108297,0.12439611615370852,1.0262233557728035E-4,
0.0,0.004554141028585069,0.0,0.0345408098108297,0.12439611615370852,1.0262233557728035E-4,
0.0,0.004554141028585069,0.0,0.0345408098108297,0.12439611615370852,1.0262233557728035E-4,
0.0,0.004554141028585069,0.0,0.0345408098108297,0.11659524642347999,1.0262233557728035E-4,
0.0,0.004554141028585069,0.0,0.0345408098108297,0.11659524642347999,1.0262233557728035E-4,
0.0,0.004554141028585069,0.0,0.0345408098108297,0.11659524642347999,1.0262233557728035E-4,
0.0,0.004554141028585069,0.0,0.0345408098108297,0.11659524642347999,1.0262233557728035E-4,
0.0,0.004554141028585069,0.0,0.0345408098108297,0.11659524642347999,1.0262233557728035E-4,
0.0,0.004554141028585069,0.0,0.0345408098108297,0.11659524642347999,1.0262233557728035E-4,
0.0,0.004554141028585069,0.0,0.0345408098108297,0.11659524642347999,1.0262233557728035E-4,
0.0,0.004554141028585069,0.0,0.0345408098108297,0.11659524642347999,1.0262233557728035E-4,
0.0,0.004554141028585069,0.0,0.0345408098108297,0.11659524642347999,1.0262233557728035E-4,
0.0,0.004554141028585069,0.0,0.0345408098108297,0.11659524642347999,1.0262233557728035E-4,
0.0,0.004554141028585069,0.0,0.0345408098108297,0.11659524642347999,1.0262233557728035E-4,
0.0,0.004554141028585069,0.0,0.0345408098108297,0.11669974144098134,1.0262233557728035E-4,
0.0,0.004554141028585069,0.0,0.0345408098108297,0.11669974144098134,1.0262233557728035E-4,
0.0,0.004554141028585069,0.0,0.0345408098108297,0.11669974144098134,1.0262233557728035E-4,
0.0,0.004554141028585069,0.0,0.0345408098108297,0.11360469131146228,1.0262233557728035E-4,
0.0,0.004554141028585069,0.0,0.0345408098108297,0.11360469131146228,1.0262233557728035E-4,
0.0,0.004554141028585069,0.0,0.0345408098108297,0.11656856953249929,1.0262233557728035E-4,
0.0,0.004554141028585069,0.0,0.0345408098108297,0.11656856953249929,1.0262233557728035E-4,
0.0,0.004554141028585069,0.0,0.0345408098108297,0.11656856953249929,1.0262233557728035E-4,
0.0,0.004554141028585069,0.0,0.0345408098108297,0.1192861656029998,1.0262233557728035E-4,
0.0,0.004554141028585069,0.0,0.0345408098108297,0.11669830832701135,1.0262233557728035E-4,
0.0,0.004554141028585069,0.0,0.0345408098108297,0.11669830832701135,1.0262233557728035E-4,
0.0,0.004554141028585069,0.0,0.0345408098108297,0.11943860349787393,1.0262233557728035E-4,
0.0,0.004554141028585069,0.0,0.0345408098108297,0.11943860349787393,1.0262233557728035E-4,
0.0,0.004554141028585069,0.0,0.0345408098108297,0.11943860349787393,1.0262233557728035E-4,
0.0,0.004554141028585069,0.0,0.0345408098108297,0.11943860349787393,1.0262233557728035E-4,
0.0,0.004554141028585069,0.0,0.0345408098108297,0.11943860349787393,1.0262233557728035E-4,
0.0,0.004554141028585069,0.0,0.0345408098108297,0.11943860349787393,1.0262233557728035E-4,
0.0,0.004554141028585069,0.0,0.0345408098108297,0.11943860349787393,1.0262233557728035E-4,
0.0,0.004554141028585069,0.0,0.0345408098108297,0.11943860349787393,1.0262233557728035E-4,
0.0,0.004554141028585069,0.0,0.0345408098108297,0.11943860349787393,1.0262233557728035E-4,
0.0,0.004554141028585069,0.0,0.0345408098108297,0.11943860349787393,1.0262233557728035E-4,
0.0,0.004554141028585069,0.0,0.0345408098108297,0.11943860349787393,1.0262233557728035E-4,
0.0,0.004554141028585069,0.0,0.0345408098108297,0.11943860349787393,1.0262233557728035E-4,
0.0,0.004554141028585069,0.0,0.0345408098108297,0.12164084534027156,1.0262233557728035E-4,
0.0,0.004554141028585069,0.0,0.0345408098108297,0.12164084534027156,1.0262233557728035E-4,
0.0,0.004554141028585069,0.0,0.0345408098108297,0.12164084534027156,1.0262233557728035E-4,
0.0,0.004554141028585069,0.0,0.0345408098108297,0.12164084534027156,1.0262233557728035E-4,
0.0,0.004554141028585069,0.0,0.0345408098108297,0.12164084534027156,1.0262233557728035E-4,
0.0,0.004554141028585069,0.0,0.0345408098108297,0.11865241459517294,1.0262233557728035E-4,
0.0,0.004554141028585069,0.0,0.0345408098108297,0.11849964913633101,1.0262233557728035E-4,
0.0,0.004554141028585069,0.0,0.0345408098108297,0.11849964913633101,1.0262233557728035E-4,
0.0,0.004554141028585069,0.0,0.0345408098108297,0.11849964913633101,1.0262233557728035E-4,
0.0,0.004554141028585069,0.0,0.0345408098108297,0.12011319022005044,1.0262233557728035E-4,
0.0,0.004554141028585069,0.0,0.0345408098108297,0.12011319022005044,1.0262233557728035E-4,
0.0,0.004554141028585069,0.0,0.0345408098108297,0.11811389819865223,1.0262233557728035E-4,
0.0,0.004554141028585069,0.0,0.0345408098108297,0.11549537941595688,1.0262233557728035E-4,
0.0,0.004554141028585069,0.0,0.0345408098108297,0.11793581709699152,1.0262233557728035E-4,
0.0,0.004554141028585069,0.0,0.0345408098108297,0.11793581709699152,1.0262233557728035E-4,
0.0,0.004554141028585069,0.0,0.0345408098108297,0.11793581709699152,1.0262233557728035E-4,
0.0,0.004554141028585069,0.0,0.0345408098108297,0.1197757227986051,1.0262233557728035E-4,
0.0,0.004554141028585069,0.0,0.0345408098108297,0.1197757227986051,1.0262233557728035E-4,
0.0,0.004554141028585069,0.0,0.0345408098108297,0.12146298523265057,1.0262233557728035E-4,
0.0,0.004554141028585069,0.0,0.0345408098108297,0.12299863908333787,1.0262233557728035E-4,
0.0,0.004554141028585069,0.0,0.0345408098108297,0.12299863908333787,1.0262233557728035E-4,
0.0,0.004554141028585069,0.0,0.0345408098108297,0.12299863908333787,1.0262233557728035E-4,
0.0,0.004554141028585069,0.0,0.0345408098108297,0.12299863908333787,1.0262233557728035E-4,
0.0,0.004554141028585069,0.0,0.0345408098108297,0.12299863908333787,1.0262233557728035E-4,
0.0,0.004554141028585069,0.0,0.0345408098108297,0.12299863908333787,1.0262233557728035E-4,
0.0,0.004554141028585069,0.0,0.0345408098108297,0.12447347161437242,1.0262233557728035E-4,
0.0,0.004554141028585069,0.0,0.0345408098108297,0.12447347161437242,1.0262233557728035E-4,
0.0,0.004554141028585069,0.0,0.0345408098108297,0.12447347161437242,1.0262233557728035E-4,
0.0,0.004554141028585069,0.0,0.0345408098108297,0.12447347161437242,1.0262233557728035E-4,
0.0,0.004554141028585069,0.0,0.0345408098108297,0.12570992663391367,1.0262233557728035E-4,
0.0,0.004554141028585069,0.0,0.0345408098108297,0.12570992663391367,1.0262233557728035E-4,
0.0,0.004554141028585069,0.0,0.0345408098108297,0.12570992663391367,1.0262233557728035E-4,
0.0,0.004554141028585069,0.0,0.0345408098108297,0.11748058415286922,1.0262233557728035E-4,
0.0,0.004554141028585069,0.0,0.0345408098108297,0.11748058415286922,1.0262233557728035E-4,
0.0,0.004554141028585069,0.0,0.0345408098108297,0.11748058415286922,1.0262233557728035E-4,
0.0,0.004554141028585069,0.0,0.0345408098108297,0.11748058415286922,1.0262233557728035E-4,
0.0,0.004554141028585069,0.0,0.0345408098108297,0.11748058415286922,1.0262233557728035E-4,
0.0,0.004554141028585069,0.0,0.0345408098108297,0.11748058415286922,1.0262233557728035E-4,
0.0,0.004554141028585069,0.0,0.0345408098108297,0.11748058415286922,1.0262233557728035E-4,
0.0,0.004554141028585069,0.0,0.0345408098108297,0.11748058415286922,1.0262233557728035E-4,
0.0,0.004554141028585069,0.0,0.0345408098108297,0.11748058415286922,1.0262233557728035E-4,
0.0,0.004554141028585069,0.0,0.0345408098108297,0.11748058415286922,1.0262233557728035E-4,
0.0,0.004554141028585069,0.0,0.0345408098108297,0.11677596439027214,1.0262233557728035E-4,
0.0,0.004554141028585069,0.0,0.0345408098108297,0.11677596439027214,1.0262233557728035E-4,
0.0,0.004554141028585069,0.0,0.0345408098108297,0.11677596439027214,1.0262233557728035E-4,
0.0,0.004554141028585069,0.0,0.0345408098108297,0.11677596439027214,1.0262233557728035E-4,
0.0,0.004554141028585069,0.0,0.0345408098108297,0.11677596439027214,1.0262233557728035E-4,
0.0,0.004554141028585069,0.0,0.0345408098108297,0.11677596439027214,1.0262233557728035E-4,
0.0,0.004554141028585069,0.0,0.0345408098108297,0.11677596439027214,1.0262233557728035E-4,
0.0,0.004554141028585069,0.0,0.0345408098108297,0.11895534717171062,1.0262233557728035E-4,
0.0,0.004554141028585069,0.0,0.0345408098108297,0.11895534717171062,1.0262233557728035E-4,
0.0,0.004554141028585069,0.0,0.0345408098108297,0.11895534717171062,1.0262233557728035E-4,
0.0,0.004554141028585069,0.0,0.0345408098108297,0.11895534717171062,1.0262233557728035E-4,
0.0,0.004554141028585069,0.0,0.0345408098108297,0.11895534717171062,1.0262233557728035E-4,
0.0,0.004554141028585069,0.0,0.0345408098108297,0.11895534717171062,1.0262233557728035E-4,
0.0,0.004554141028585069,0.0,0.0345408098108297,0.11895534717171062,1.0262233557728035E-4,
0.0,0.004554141028585069,0.0,0.0345408098108297,0.12053614515049091,1.0262233557728035E-4,
0.0,0.004554141028585069,0.0,0.0345408098108297,0.12053614515049091,1.0262233557728035E-4,
0.0,0.004554141028585069,0.0,0.0345408098108297,0.12053614515049091,1.0262233557728035E-4,
0.0,0.004554141028585069,0.0,0.0345408098108297,0.1183134519291848,1.0262233557728035E-4,
0.0,0.004554141028585069,0.0,0.0345408098108297,0.1183134519291848,1.0262233557728035E-4,
0.0,0.004554141028585069,0.0,0.0345408098108297,0.11621667645546725,1.0262233557728035E-4,
0.0,0.004554141028585069,0.0,0.0345408098108297,0.11993912521806462,1.0262233557728035E-4,
0.0,0.004554141028585069,0.0,0.0345408098108297,0.11993912521806462,1.0262233557728035E-4,
0.0,0.004554141028585069,0.0,0.0345408098108297,0.11993912521806462,1.0262233557728035E-4,
0.0,0.004554141028585069,0.0,0.0345408098108297,0.11993912521806462,1.0262233557728035E-4,
0.0,0.004554141028585069,0.0,0.0345408098108297,0.11993912521806462,1.0262233557728035E-4,
0.0,0.004554141028585069,0.0,0.0345408098108297,0.11751252056203366,1.0262233557728035E-4,
0.0,0.004554141028585069,0.0,0.0345408098108297,0.11751252056203366,1.0262233557728035E-4,
0.0,0.004554141028585069,0.0,0.0345408098108297,0.11751252056203366,1.0262233557728035E-4,
0.0,0.004554141028585069,0.0,0.0345408098108297,0.11751252056203366,1.0262233557728035E-4,
0.0,0.004554141028585069,0.0,0.0345408098108297,0.11825101762960206,1.0262233557728035E-4,
0.0,0.004554141028585069,0.0,0.0345408098108297,0.11825101762960206,1.0262233557728035E-4,
0.0,0.004554141028585069,0.0,0.0345408098108297,0.11825101762960206,1.0262233557728035E-4,
0.0,0.004554141028585069,0.0,0.0345408098108297,0.11825101762960206,1.0262233557728035E-4,
0.0,0.004554141028585069,0.0,0.0345408098108297,0.12041821874899414,1.0262233557728035E-4,
0.0,0.004554141028585069,0.0,0.0345408098108297,0.12041821874899414,1.0262233557728035E-4,
0.0,0.004554141028585069,0.0,0.0345408098108297,0.10667941837011372,1.0262233557728035E-4,
0.0,0.004554141028585069,0.0,0.0345408098108297,0.10667941837011372,1.0262233557728035E-4,
0.0,0.004554141028585069,0.0,0.0345408098108297,0.10667941837011372,1.0262233557728035E-4,
0.0,0.004554141028585069,0.0,0.0345408098108297,0.11123391084709262,1.0262233557728035E-4,
0.0,0.004554141028585069,0.0,0.0345408098108297,0.11123391084709262,1.0262233557728035E-4,
0.0,0.004554141028585069,0.0,0.0345408098108297,0.11441097288009415,1.0262233557728035E-4,
0.0,0.004554141028585069,0.0,0.0345408098108297,0.11441097288009415,1.0262233557728035E-4,
0.0,0.004554141028585069,0.0,0.0345408098108297,0.11441097288009415,1.0262233557728035E-4,
0.0,0.004554141028585069,0.0,0.0345408098108297,0.1092160260799105,1.0262233557728035E-4,
0.0,0.004554141028585069,0.0,0.0345408098108297,0.1092160260799105,1.0262233557728035E-4,
0.0,0.004554141028585069,0.0,0.0345408098108297,0.1092160260799105,1.0262233557728035E-4,
0.0,0.004554141028585069,0.0,0.0345408098108297,0.1092160260799105,1.0262233557728035E-4,
0.0,0.004554141028585069,0.0,0.0345408098108297,0.1092160260799105,1.0262233557728035E-4,
0.0,0.004554141028585069,0.0,0.0345408098108297,0.1092160260799105,1.0262233557728035E-4,
0.0,0.004554141028585069,0.0,0.0345408098108297,0.1092160260799105,1.0262233557728035E-4,
0.0,0.004554141028585069,0.0,0.0345408098108297,0.1092160260799105,1.0262233557728035E-4,
0.0,0.004554141028585069,0.0,0.0345408098108297,0.1092160260799105,1.0262233557728035E-4,
0.0,0.004554141028585069,0.0,0.0345408098108297,0.1092160260799105,1.0262233557728035E-4,
0.0,0.004554141028585069,0.0,0.0345408098108297,0.1092160260799105,1.0262233557728035E-4,
0.0,0.004554141028585069,0.0,0.0345408098108297,0.1092160260799105,1.0262233557728035E-4,
0.0,0.004554141028585069,0.0,0.0345408098108297,0.1092160260799105,1.0262233557728035E-4,
0.0,0.004554141028585069,0.0,0.0345408098108297,0.1092160260799105,1.0262233557728035E-4,
0.0,0.004554141028585069,0.0,0.0345408098108297,0.1092160260799105,1.0262233557728035E-4,
0.0,0.004554141028585069,0.0,0.0345408098108297,0.1092160260799105,1.0262233557728035E-4,
0.0,0.004554141028585069,0.0,0.0345408098108297,0.1092160260799105,1.0262233557728035E-4,
0.0,0.004554141028585069,0.0,0.0345408098108297,0.1092160260799105,1.0262233557728035E-4,
0.0,0.004554141028585069,0.0,0.0345408098108297,0.1092160260799105,1.0262233557728035E-4,
0.0,0.004554141028585069,0.0,0.0345408098108297,0.1092160260799105,1.0262233557728035E-4,
0.0,0.004554141028585069,0.0,0.0345408098108297,0.1092160260799105,1.0262233557728035E-4,
0.0,0.004554141028585069,0.0,0.0345408098108297,0.10920465628623058,1.0262233557728035E-4,
0.0,0.004554141028585069,0.0,0.0345408098108297,0.10920465628623058,1.0262233557728035E-4,
0.0,0.004554141028585069,0.0,0.0345408098108297,0.10920465628623058,1.0262233557728035E-4,
0.0,0.004554141028585069,0.0,0.0345408098108297,0.10920465628623058,1.0262233557728035E-4,
0.0,0.004554141028585069,0.0,0.0345408098108297,0.11277536802848914,1.0262233557728035E-4,
0.0,0.004554141028585069,0.0,0.0345408098108297,0.11277536802848914,1.0262233557728035E-4,
0.0,0.004554141028585069,0.0,0.0345408098108297,0.11277536802848914,1.0262233557728035E-4,
0.0,0.004554141028585069,0.0,0.0345408098108297,0.11509662215277568,1.0262233557728035E-4,
0.0,0.004554141028585069,0.0,0.0345408098108297,0.11509662215277568,1.0262233557728035E-4,
0.0,0.004554141028585069,0.0,0.0345408098108297,0.11509662215277568,1.0262233557728035E-4,
0.0,0.004554141028585069,0.0,0.0345408098108297,0.11509662215277568,1.0262233557728035E-4,
0.0,0.004554141028585069,0.0,0.0345408098108297,0.11509662215277568,1.0262233557728035E-4,
0.0,0.004554141028585069,0.0,0.0345408098108297,0.11509662215277568,1.0262233557728035E-4,
0.0,0.004554141028585069,0.0,0.0345408098108297,0.11509662215277568,1.0262233557728035E-4,
0.0,0.004554141028585069,0.0,0.0345408098108297,0.11509662215277568,1.0262233557728035E-4,
0.0,0.004554141028585069,0.0,0.0345408098108297,0.11509662215277568,1.0262233557728035E-4,
0.0,0.004554141028585069,0.0,0.0345408098108297,0.11509662215277568,1.0262233557728035E-4,
0.0,0.004554141028585069,0.0,0.0345408098108297,0.11855944590845555,1.0262233557728035E-4,
0.0,0.004554141028585069,0.0,0.0345408098108297,0.11855944590845555,1.0262233557728035E-4,
0.0,0.004554141028585069,0.0,0.0345408098108297,0.11855944590845555,1.0262233557728035E-4,
0.0,0.004554141028585069,0.0,0.0345408098108297,0.11855944590845555,1.0262233557728035E-4,
0.0,0.004554141028585069,0.0,0.0345408098108297,0.11855944590845555,1.0262233557728035E-4,
0.0,0.004554141028585069,0.0,0.0345408098108297,0.11855944590845555,1.0262233557728035E-4,
0.0,0.004554141028585069,0.0,0.0345408098108297,0.12117445487955025,1.0262233557728035E-4,
0.0,0.004554141028585069,0.0,0.0345408098108297,0.12117445487955025,1.0262233557728035E-4,
0.0,0.004554141028585069,0.0,0.0345408098108297,0.12371362493165457,1.0262233557728035E-4,
0.0,0.004554141028585069,0.0,0.0345408098108297,0.12371362493165457,1.0262233557728035E-4,
0.0,0.004554141028585069,0.0,0.0345408098108297,0.12371362493165457,1.0262233557728035E-4,
0.0,0.004554141028585069,0.0,0.0345408098108297,0.12371362493165457,1.0262233557728035E-4,
0.0,0.004554141028585069,0.0,0.0345408098108297,0.12371362493165457,1.0262233557728035E-4,
0.0,0.004554141028585069,0.0,0.0345408098108297,0.12371362493165457,1.0262233557728035E-4,
0.0,0.004554141028585069,0.0,0.0345408098108297,0.12371362493165457,1.0262233557728035E-4,
0.0,0.004554141028585069,0.0,0.0345408098108297,0.12371362493165457,1.0262233557728035E-4,
0.0,0.004554141028585069,0.0,0.0345408098108297,0.12371362493165457,1.0262233557728035E-4,
0.0,0.004554141028585069,0.0,0.0345408098108297,0.12371362493165457,1.0262233557728035E-4,
0.0,0.004554141028585069,0.0,0.0345408098108297,0.12628908499087355,1.0262233557728035E-4,
0.0,0.004554141028585069,0.0,0.0345408098108297,0.12628908499087355,1.0262233557728035E-4,
0.0,0.004554141028585069,0.0,0.0345408098108297,0.12628908499087355,1.0262233557728035E-4,
0.0,0.004554141028585069,0.0,0.0345408098108297,0.12628908499087355,1.0262233557728035E-4,
0.0,0.004554141028585069,0.0,0.0345408098108297,0.12850411939731202,1.0262233557728035E-4,
0.0,0.004554141028585069,0.0,0.0345408098108297,0.12850411939731202,1.0262233557728035E-4,
0.0,0.004554141028585069,0.0,0.0345408098108297,0.13038857861637934,1.0262233557728035E-4,
0.0,0.004554141028585069,0.0,0.0345408098108297,0.13038857861637934,1.0262233557728035E-4,
0.0,0.004554141028585069,0.0,0.0345408098108297,0.13109401923671254,1.0262233557728035E-4,
0.0,0.004554141028585069,0.0,0.0345408098108297,0.13109401923671254,1.0262233557728035E-4,
0.0,0.004554141028585069,0.0,0.0345408098108297,0.13109401923671254,1.0262233557728035E-4,
0.0,0.004554141028585069,0.0,0.0345408098108297,0.13148913459767717,1.0262233557728035E-4,
0.0,0.004554141028585069,0.0,0.0345408098108297,0.13148913459767717,1.0262233557728035E-4,
0.0,0.004554141028585069,0.0,0.0345408098108297,0.13148913459767717,1.0262233557728035E-4,
0.0,0.004554141028585069,0.0,0.0345408098108297,0.13148913459767717,1.0262233557728035E-4,
0.0,0.004554141028585069,0.0,0.0345408098108297,0.1328188423774839,1.0262233557728035E-4,
0.0,0.004554141028585069,0.0,0.0345408098108297,0.12914062984260408,1.0262233557728035E-4,
0.0,0.004554141028585069,0.0,0.0345408098108297,0.12914062984260408,1.0262233557728035E-4,
0.0,0.004554141028585069,0.0,0.0345408098108297,0.12914062984260408,1.0262233557728035E-4,
0.0,0.004554141028585069,0.0,0.0345408098108297,0.12914062984260408,1.0262233557728035E-4,
0.0,0.004554141028585069,0.0,0.0345408098108297,0.12914062984260408,1.0262233557728035E-4,
0.0,0.004554141028585069,0.0,0.0345408098108297,0.1308133333590804,1.0262233557728035E-4,
0.0,0.004554141028585069,0.0,0.0345408098108297,0.1308133333590804,1.0262233557728035E-4,
0.0,0.004554141028585069,0.0,0.0345408098108297,0.1308133333590804,1.0262233557728035E-4,
0.0,0.004554141028585069,0.0,0.0345408098108297,0.1308133333590804,1.0262233557728035E-4,
0.0,0.004554141028585069,0.0,0.0345408098108297,0.1308133333590804,1.0262233557728035E-4,
0.0,0.004554141028585069,0.0,0.0345408098108297,0.12232743010728556,1.0262233557728035E-4,
0.0,0.004554141028585069,0.0,0.0345408098108297,0.12232743010728556,1.0262233557728035E-4,
0.0,0.004554141028585069,0.0,0.0345408098108297,0.12232743010728556,1.0262233557728035E-4,
0.0,0.004554141028585069,0.0,0.0345408098108297,0.12489238253461935,1.0262233557728035E-4,
0.0,0.004554141028585069,0.0,0.0345408098108297,0.12489238253461935,1.0262233557728035E-4,
0.0,0.004554141028585069,0.0,0.0345408098108297,0.12489238253461935,1.0262233557728035E-4,
0.0,0.004554141028585069,0.0,0.0345408098108297,0.12489238253461935,1.0262233557728035E-4,
0.0,0.004554141028585069,0.0,0.0345408098108297,0.124310309219785,1.0262233557728035E-4,
0.0,0.004554141028585069,0.0,0.0345408098108297,0.12693733535821852,1.0262233557728035E-4,
0.0,0.004554141028585069,0.0,0.0345408098108297,0.12693733535821852,1.0262233557728035E-4,
0.0,0.004554141028585069,0.0,0.0345408098108297,0.12693733535821852,1.0262233557728035E-4,
0.0,0.004554141028585069,0.0,0.0345408098108297,0.1111285623240755,1.0262233557728035E-4,
0.0,0.004554141028585069,0.0,0.0345408098108297,0.11514932676926883,1.0262233557728035E-4,
0.0,0.004554141028585069,0.0,0.0345408098108297,0.11514932676926883,1.0262233557728035E-4,
0.0,0.004554141028585069,0.0,0.0345408098108297,0.11514932676926883,1.0262233557728035E-4,
0.0,0.004554141028585069,0.0,0.0345408098108297,0.118863953609898,1.0262233557728035E-4,
0.0,0.004554141028585069,0.0,0.0345408098108297,0.1196672514128736,1.0262233557728035E-4,
0.0,0.004554141028585069,0.0,0.0345408098108297,0.1196672514128736,1.0262233557728035E-4,
0.0,0.004554141028585069,0.0,0.0345408098108297,0.1196672514128736,1.0262233557728035E-4,
0.0,0.004554141028585069,0.0,0.0345408098108297,0.1196672514128736,1.0262233557728035E-4,
0.0,0.004554141028585069,0.0,0.0345408098108297,0.1196672514128736,1.0262233557728035E-4,
0.0,0.004554141028585069,0.0,0.0345408098108297,0.1196672514128736,1.0262233557728035E-4,
0.0,0.004554141028585069,0.0,0.0345408098108297,0.1196672514128736,1.0262233557728035E-4,
0.0,0.004554141028585069,0.0,0.0345408098108297,0.1212393679099935,1.0262233557728035E-4,
0.0,0.004554141028585069,0.0,0.0345408098108297,0.12432133674844059,1.0262233557728035E-4,
0.0,0.004554141028585069,0.0,0.0345408098108297,0.12432133674844059,1.0262233557728035E-4,
0.0,0.004554141028585069,0.0,0.0345408098108297,0.12432133674844059,1.0262233557728035E-4,
0.0,0.004554141028585069,0.0,0.0345408098108297,0.12432133674844059,1.0262233557728035E-4,
0.0,0.004554141028585069,0.0,0.0345408098108297,0.12432133674844059,1.0262233557728035E-4,
0.0,0.004554141028585069,0.0,0.0345408098108297,0.12432133674844059,1.0262233557728035E-4,
0.0,0.004554141028585069,0.0,0.0345408098108297,0.1256428405981417,1.0262233557728035E-4,
0.0,0.004554141028585069,0.0,0.0345408098108297,0.1256428405981417,1.0262233557728035E-4,
0.0,0.004554141028585069,0.0,0.0345408098108297,0.1256428405981417,1.0262233557728035E-4,
0.0,0.004554141028585069,0.0,0.0345408098108297,0.12734741396598886,1.0262233557728035E-4,
0.0,0.004554141028585069,0.0,0.0345408098108297,0.12900497835755353,1.0262233557728035E-4,
0.0,0.004554141028585069,0.0,0.0345408098108297,0.1304732193625231,1.0262233557728035E-4,
0.0,0.004554141028585069,0.0,0.0345408098108297,0.1304732193625231,1.0262233557728035E-4,
0.0,0.004554141028585069,0.0,0.0345408098108297,0.1304732193625231,1.0262233557728035E-4,
0.0,0.004554141028585069,0.0,0.0345408098108297,0.1304732193625231,1.0262233557728035E-4,
0.0,0.004554141028585069,0.0,0.0345408098108297,0.1304732193625231,1.0262233557728035E-4,
0.0,0.004554141028585069,0.0,0.0345408098108297,0.1304732193625231,1.0262233557728035E-4,
0.0,0.004554141028585069,0.0,0.0345408098108297,0.1304732193625231,1.0262233557728035E-4,
0.0,0.004554141028585069,0.0,0.0345408098108297,0.1304732193625231,1.0262233557728035E-4,
0.0,0.004554141028585069,0.0,0.0345408098108297,0.13115567385501853,1.0262233557728035E-4,
0.0,0.004554141028585069,0.0,0.0345408098108297,0.1290737855033939,1.0262233557728035E-4,
0.0,0.004554141028585069,0.0,0.0345408098108297,0.1290737855033939,1.0262233557728035E-4,
0.0,0.004554141028585069,0.0,0.0345408098108297,0.1290737855033939,1.0262233557728035E-4,
0.0,0.004554141028585069,0.0,0.0345408098108297,0.1296901936619246,1.0262233557728035E-4,
0.0,0.004554141028585069,0.0,0.0345408098108297,0.1296901936619246,1.0262233557728035E-4,
0.0,0.004554141028585069,0.0,0.0345408098108297,0.13058887641966188,1.0262233557728035E-4,
0.0,0.004554141028585069,0.0,0.0345408098108297,0.13058887641966188,1.0262233557728035E-4,
0.0,0.004554141028585069,0.0,0.0345408098108297,0.13058887641966188,1.0262233557728035E-4,
0.0,0.004554141028585069,0.0,0.0345408098108297,0.13058887641966188,1.0262233557728035E-4,
0.0,0.004554141028585069,0.0,0.0345408098108297,0.13058887641966188,1.0262233557728035E-4,
0.0,0.004554141028585069,0.0,0.0345408098108297,0.13058887641966188,1.0262233557728035E-4,
0.0,0.004554141028585069,0.0,0.0345408098108297,0.13058887641966188,1.0262233557728035E-4,
0.0,0.004554141028585069,0.0,0.0345408098108297,0.13058887641966188,1.0262233557728035E-4,
0.0,0.004554141028585069,0.0,0.0345408098108297,0.11701757112046526,1.0262233557728035E-4,
0.0,0.004554141028585069,0.0,0.0345408098108297,0.11701757112046526,1.0262233557728035E-4,
0.0,0.004554141028585069,0.0,0.0345408098108297,0.11701757112046526,1.0262233557728035E-4,
0.0,0.004554141028585069,0.0,0.0345408098108297,0.11701757112046526,1.0262233557728035E-4,
0.0,0.004554141028585069,0.0,0.0345408098108297,0.11701757112046526,1.0262233557728035E-4,
0.0,0.004554141028585069,0.0,0.0345408098108297,0.11701757112046526,1.0262233557728035E-4,
0.0,0.004554141028585069,0.0,0.0345408098108297,0.11701757112046526,1.0262233557728035E-4,
0.0,0.004554141028585069,0.0,0.0345408098108297,0.11701757112046526,1.0262233557728035E-4,
0.0,0.004554141028585069,0.0,0.0345408098108297,0.1187599326858592,1.0262233557728035E-4,
0.0,0.004554141028585069,0.0,0.0345408098108297,0.12035646992483845,1.0262233557728035E-4,
0.0,0.004554141028585069,0.0,0.0345408098108297,0.12035646992483845,1.0262233557728035E-4,
0.0,0.004554141028585069,0.0,0.0345408098108297,0.12035646992483845,1.0262233557728035E-4,
0.0,0.004554141028585069,0.0,0.0345408098108297,0.1168659247138659,1.0262233557728035E-4,
0.0,0.004554141028585069,0.0,0.0345408098108297,0.11591243731503559,1.0262233557728035E-4,
0.0,0.004554141028585069,0.0,0.0345408098108297,0.11591243731503559,1.0262233557728035E-4,
0.0,0.004554141028585069,0.0,0.0345408098108297,0.11591243731503559,1.0262233557728035E-4,
0.0,0.004554141028585069,0.0,0.0345408098108297,0.11591243731503559,1.0262233557728035E-4,
0.0,0.004554141028585069,0.0,0.0345408098108297,0.11591243731503559,1.0262233557728035E-4,
0.0,0.004554141028585069,0.0,0.0345408098108297,0.11591243731503559,1.0262233557728035E-4,
0.0,0.004554141028585069,0.0,0.0345408098108297,0.11872313373534545,1.0262233557728035E-4,
0.0,0.004554141028585069,0.0,0.0345408098108297,0.11994934449332022,1.0262233557728035E-4,
0.0,0.004554141028585069,0.0,0.0345408098108297,0.11994934449332022,1.0262233557728035E-4,
0.0,0.004554141028585069,0.0,0.0345408098108297,0.11994934449332022,1.0262233557728035E-4,
0.0,0.004554141028585069,0.0,0.0345408098108297,0.11994934449332022,1.0262233557728035E-4,
0.0,0.004554141028585069,0.0,0.0345408098108297,0.11994934449332022,1.0262233557728035E-4,
0.0,0.004554141028585069,0.0,0.0345408098108297,0.11994934449332022,1.0262233557728035E-4,
0.0,0.004554141028585069,0.0,0.0345408098108297,0.11994934449332022,1.0262233557728035E-4,
0.0,0.004554141028585069,0.0,0.0345408098108297,0.12134629920496509,1.0262233557728035E-4,
0.0,0.004554141028585069,0.0,0.0345408098108297,0.12134629920496509,1.0262233557728035E-4,
0.0,0.004554141028585069,0.0,0.0345408098108297,0.12268695083203965,1.0262233557728035E-4,
0.0,0.004554141028585069,0.0,0.0345408098108297,0.12394346123434416,1.0262233557728035E-4,
0.0,0.004554141028585069,0.0,0.0345408098108297,0.1238757693426422,1.0262233557728035E-4,
0.0,0.004554141028585069,0.0,0.0345408098108297,0.12509723881540905,1.0262233557728035E-4,
0.0,0.004554141028585069,0.0,0.0345408098108297,0.12509723881540905,1.0262233557728035E-4,
0.0,0.004554141028585069,0.0,0.0345408098108297,0.12576500365898383,1.0262233557728035E-4,
0.0,0.004554141028585069,0.0,0.0345408098108297,0.12475241371413556,1.0262233557728035E-4,
0.0,0.004554141028585069,0.0,0.0345408098108297,0.12475241371413556,1.0262233557728035E-4,
0.0,0.004554141028585069,0.0,0.0345408098108297,0.12475241371413556,1.0262233557728035E-4,
0.0,0.004554141028585069,0.0,0.0345408098108297,0.12475241371413556,1.0262233557728035E-4,
0.0,0.004554141028585069,0.0,0.0345408098108297,0.12475241371413556,1.0262233557728035E-4,
0.0,0.004554141028585069,0.0,0.0345408098108297,0.12475241371413556,1.0262233557728035E-4,
0.0,0.004554141028585069,0.0,0.0345408098108297,0.12475241371413556,1.0262233557728035E-4,
0.0,0.004554141028585069,0.0,0.0345408098108297,0.12475241371413556,1.0262233557728035E-4,
0.0,0.004554141028585069,0.0,0.0345408098108297,0.12475241371413556,1.0262233557728035E-4,
0.0,0.004554141028585069,0.0,0.0345408098108297,0.12217403578007639,1.0262233557728035E-4,
0.0,0.004554141028585069,0.0,0.0345408098108297,0.12217403578007639,1.0262233557728035E-4,
0.0,0.004554141028585069,0.0,0.0345408098108297,0.12217403578007639,1.0262233557728035E-4,
0.0,0.004554141028585069,0.0,0.0345408098108297,0.12217403578007639,1.0262233557728035E-4,
0.0,0.004554141028585069,0.0,0.0345408098108297,0.12217403578007639,1.0262233557728035E-4,
0.0,0.004554141028585069,0.0,0.0345408098108297,0.12217403578007639,1.0262233557728035E-4,
0.0,0.004554141028585069,0.0,0.0345408098108297,0.12217403578007639,1.0262233557728035E-4,
0.0,0.004554141028585069,0.0,0.0345408098108297,0.12217403578007639,1.0262233557728035E-4,
0.0,0.004554141028585069,0.0,0.0345408098108297,0.12217403578007639,1.0262233557728035E-4,
0.0,0.004554141028585069,0.0,0.0345408098108297,0.12215594912428539,1.0262233557728035E-4,
0.0,0.004554141028585069,0.0,0.0345408098108297,0.12215594912428539,1.0262233557728035E-4,
0.0,0.004554141028585069,0.0,0.0345408098108297,0.12215594912428539,1.0262233557728035E-4,
0.0,0.004554141028585069,0.0,0.0345408098108297,0.12215594912428539,1.0262233557728035E-4,
0.0,0.004554141028585069,0.0,0.0345408098108297,0.12215594912428539,1.0262233557728035E-4,
0.0,0.004554141028585069,0.0,0.0345408098108297,0.12215594912428539,1.0262233557728035E-4,
0.0,0.004554141028585069,0.0,0.0345408098108297,0.12215594912428539,1.0262233557728035E-4,
0.0,0.004554141028585069,0.0,0.0345408098108297,0.12215594912428539,1.0262233557728035E-4,
0.0,0.004554141028585069,0.0,0.0345408098108297,0.11604749900915909,1.0262233557728035E-4,
0.0,0.004554141028585069,0.0,0.0345408098108297,0.11604749900915909,1.0262233557728035E-4,
0.0,0.004554141028585069,0.0,0.0345408098108297,0.11604749900915909,1.0262233557728035E-4,
0.0,0.004554141028585069,0.0,0.0345408098108297,0.11807990750379735,1.0262233557728035E-4,
0.0,0.004554141028585069,0.0,0.0345408098108297,0.11807990750379735,1.0262233557728035E-4,
0.0,0.004554141028585069,0.0,0.0345408098108297,0.11807990750379735,1.0262233557728035E-4,
0.0,0.004554141028585069,0.0,0.0345408098108297,0.11937913682428716,1.0262233557728035E-4,
0.0,0.004554141028585069,0.0,0.0345408098108297,0.11937913682428716,1.0262233557728035E-4,
0.0,0.004554141028585069,0.0,0.0345408098108297,0.1212341870540359,1.0262233557728035E-4,
0.0,0.004554141028585069,0.0,0.0345408098108297,0.12285052819120461,1.0262233557728035E-4,
0.0,0.004554141028585069,0.0,0.0345408098108297,0.12285052819120461,1.0262233557728035E-4,
0.0,0.004554141028585069,0.0,0.0345408098108297,0.12285052819120461,1.0262233557728035E-4,
0.0,0.004554141028585069,0.0,0.0345408098108297,0.12285052819120461,1.0262233557728035E-4,
0.0,0.004554141028585069,0.0,0.0345408098108297,0.12285052819120461,1.0262233557728035E-4,
0.0,0.004554141028585069,0.0,0.0345408098108297,0.12285052819120461,1.0262233557728035E-4,
0.0,0.004554141028585069,0.0,0.0345408098108297,0.12285052819120461,1.0262233557728035E-4,
0.0,0.004554141028585069,0.0,0.0345408098108297,0.12285052819120461,1.0262233557728035E-4,
0.0,0.004554141028585069,0.0,0.0345408098108297,0.12285052819120461,1.0262233557728035E-4,
0.0,0.004554141028585069,0.0,0.0345408098108297,0.12400853441359205,1.0262233557728035E-4,
0.0,0.004554141028585069,0.0,0.0345408098108297,0.12400853441359205,1.0262233557728035E-4,
0.0,0.004554141028585069,0.0,0.0345408098108297,0.12400853441359205,1.0262233557728035E-4,
0.0,0.004554141028585069,0.0,0.0345408098108297,0.12469084128316893,1.0262233557728035E-4,
0.0,0.004554141028585069,0.0,0.0345408098108297,0.12150057491768111,1.0262233557728035E-4,
0.0,0.004554141028585069,0.0,0.0345408098108297,0.12150057491768111,1.0262233557728035E-4,
0.0,0.004554141028585069,0.0,0.0345408098108297,0.12150057491768111,1.0262233557728035E-4,
0.0,0.004554141028585069,0.0,0.0345408098108297,0.12150057491768111,1.0262233557728035E-4,
0.0,0.004554141028585069,0.0,0.0345408098108297,0.12150057491768111,1.0262233557728035E-4,
0.0,0.004554141028585069,0.0,0.0345408098108297,0.1221426850849078,1.0262233557728035E-4,
0.0,0.004554141028585069,0.0,0.0345408098108297,0.1221426850849078,1.0262233557728035E-4,
0.0,0.004554141028585069,0.0,0.0345408098108297,0.1221426850849078,1.0262233557728035E-4,
0.0,0.004554141028585069,0.0,0.0345408098108297,0.1221426850849078,1.0262233557728035E-4,
0.0,0.004554141028585069,0.0,0.0345408098108297,0.1221426850849078,1.0262233557728035E-4,
0.0,0.004554141028585069,0.0,0.0345408098108297,0.1221426850849078,1.0262233557728035E-4,
0.0,0.004554141028585069,0.0,0.0345408098108297,0.1221426850849078,1.0262233557728035E-4,
0.0,0.004554141028585069,0.0,0.0345408098108297,0.1221426850849078,1.0262233557728035E-4,
0.0,0.004554141028585069,0.0,0.0345408098108297,0.12303550625813832,1.0262233557728035E-4,
0.0,0.004554141028585069,0.0,0.0345408098108297,0.12303550625813832,1.0262233557728035E-4,
0.0,0.004554141028585069,0.0,0.0345408098108297,0.12303550625813832,1.0262233557728035E-4,
0.0,0.004554141028585069,0.0,0.0345408098108297,0.12303550625813832,1.0262233557728035E-4,
0.0,0.004554141028585069,0.0,0.0345408098108297,0.12303550625813832,1.0262233557728035E-4,
0.0,0.004554141028585069,0.0,0.0345408098108297,0.12303550625813832,1.0262233557728035E-4,
0.0,0.004554141028585069,0.0,0.0345408098108297,0.12303550625813832,1.0262233557728035E-4,
0.0,0.004554141028585069,0.0,0.0345408098108297,0.12303550625813832,1.0262233557728035E-4,
0.0,0.004554141028585069,0.0,0.0345408098108297,0.12303550625813832,1.0262233557728035E-4,
0.0,0.004554141028585069,0.0,0.0345408098108297,0.12303550625813832,1.0262233557728035E-4,
0.0,0.004554141028585069,0.0,0.0345408098108297,0.12303550625813832,1.0262233557728035E-4,
0.0,0.004554141028585069,0.0,0.0345408098108297,0.12303550625813832,1.0262233557728035E-4,
0.0,0.004554141028585069,0.0,0.0345408098108297,0.12241676257240242,1.0262233557728035E-4,
0.0,0.004554141028585069,0.0,0.0345408098108297,0.12241676257240242,1.0262233557728035E-4,
0.0,0.004554141028585069,0.0,0.0345408098108297,0.12241676257240242,1.0262233557728035E-4,
0.0,0.004554141028585069,0.0,0.0345408098108297,0.12241676257240242,1.0262233557728035E-4,
0.0,0.004554141028585069,0.0,0.0345408098108297,0.12291271938324753,1.0262233557728035E-4,
0.0,0.004554141028585069,0.0,0.0345408098108297,0.12413938807014459,1.0262233557728035E-4,
0.0,0.004554141028585069,0.0,0.0345408098108297,0.1161341929306123,1.0262233557728035E-4,
0.0,0.004554141028585069,0.0,0.0345408098108297,0.1161341929306123,1.0262233557728035E-4,
0.0,0.004554141028585069,0.0,0.0345408098108297,0.1161341929306123,1.0262233557728035E-4,
0.0,0.004554141028585069,0.0,0.0345408098108297,0.1161341929306123,1.0262233557728035E-4,
0.0,0.004554141028585069,0.0,0.0345408098108297,0.11347032259684195,1.0262233557728035E-4,
0.0,0.004554141028585069,0.0,0.0345408098108297,0.1157060943790529,1.0262233557728035E-4,
0.0,0.004554141028585069,0.0,0.0345408098108297,0.1157060943790529,1.0262233557728035E-4,
0.0,0.004554141028585069,0.0,0.0345408098108297,0.1157060943790529,1.0262233557728035E-4,
0.0,0.004554141028585069,0.0,0.0345408098108297,0.11510423538882747,1.0262233557728035E-4,
0.0,0.004554141028585069,0.0,0.0345408098108297,0.11510423538882747,1.0262233557728035E-4,
0.0,0.004554141028585069,0.0,0.0345408098108297,0.11510423538882747,1.0262233557728035E-4,
0.0,0.004554141028585069,0.0,0.0345408098108297,0.11510423538882747,1.0262233557728035E-4,
0.0,0.004554141028585069,0.0,0.0345408098108297,0.11398235766677962,1.0262233557728035E-4,
0.0,0.004554141028585069,0.0,0.0345408098108297,0.11398235766677962,1.0262233557728035E-4,
0.0,0.004554141028585069,0.0,0.0345408098108297,0.11398235766677962,1.0262233557728035E-4,
0.0,0.004554141028585069,0.0,0.0345408098108297,0.11398235766677962,1.0262233557728035E-4,
0.0,0.004554141028585069,0.0,0.0345408098108297,0.11398235766677962,1.0262233557728035E-4,
0.0,0.004554141028585069,0.0,0.0345408098108297,0.11398235766677962,1.0262233557728035E-4,
0.0,0.004554141028585069,0.0,0.0345408098108297,0.11398235766677962,1.0262233557728035E-4,
0.0,0.004554141028585069,0.0,0.0345408098108297,0.11647772635837932,1.0262233557728035E-4,
0.0,0.004554141028585069,0.0,0.0345408098108297,0.11647772635837932,1.0262233557728035E-4,
0.0,0.004554141028585069,0.0,0.0345408098108297,0.11647772635837932,1.0262233557728035E-4,
0.0,0.004554141028585069,0.0,0.0345408098108297,0.11647772635837932,1.0262233557728035E-4,
0.0,0.004554141028585069,0.0,0.0345408098108297,0.11647772635837932,1.0262233557728035E-4,
0.0,0.004554141028585069,0.0,0.0345408098108297,0.11647772635837932,1.0262233557728035E-4,
0.0,0.004554141028585069,0.0,0.0345408098108297,0.11647772635837932,1.0262233557728035E-4,
0.0,0.004554141028585069,0.0,0.0345408098108297,0.11647772635837932,1.0262233557728035E-4,
0.0,0.004554141028585069,0.0,0.0345408098108297,0.11647772635837932,1.0262233557728035E-4,
0.0,0.004554141028585069,0.0,0.0345408098108297,0.11647772635837932,1.0262233557728035E-4,
0.0,0.004554141028585069,0.0,0.0345408098108297,0.11647772635837932,1.0262233557728035E-4,
0.0,0.004554141028585069,0.0,0.0345408098108297,0.11647772635837932,1.0262233557728035E-4,
0.0,0.004554141028585069,0.0,0.0345408098108297,0.11930592091265382,1.0262233557728035E-4,
0.0,0.004554141028585069,0.0,0.0345408098108297,0.11930592091265382,1.0262233557728035E-4,
0.0,0.004554141028585069,0.0,0.0345408098108297,0.11930592091265382,1.0262233557728035E-4,
0.0,0.004554141028585069,0.0,0.0345408098108297,0.11930592091265382,1.0262233557728035E-4,
0.0,0.004554141028585069,0.0,0.0345408098108297,0.11930592091265382,1.0262233557728035E-4,
0.0,0.004554141028585069,0.0,0.0345408098108297,0.11930592091265382,1.0262233557728035E-4,
0.0,0.004554141028585069,0.0,0.0345408098108297,0.11930592091265382,1.0262233557728035E-4,
0.0,0.004554141028585069,0.0,0.0345408098108297,0.11930592091265382,1.0262233557728035E-4,
0.0,0.004554141028585069,0.0,0.0345408098108297,0.11664425766798835,1.0262233557728035E-4,
0.0,0.004554141028585069,0.0,0.0345408098108297,0.11664425766798835,1.0262233557728035E-4,
0.0,0.004554141028585069,0.0,0.0345408098108297,0.11664425766798835,1.0262233557728035E-4,
0.0,0.004554141028585069,0.0,0.0345408098108297,0.11875901684205004,1.0262233557728035E-4,
0.0,0.004554141028585069,0.0,0.0345408098108297,0.12027731364360224,1.0262233557728035E-4,
0.0,0.004554141028585069,0.0,0.0345408098108297,0.12163757232205794,1.0262233557728035E-4,
0.0,0.004554141028585069,0.0,0.0345408098108297,0.12163757232205794,1.0262233557728035E-4,
0.0,0.004554141028585069,0.0,0.0345408098108297,0.12163757232205794,1.0262233557728035E-4,
0.0,0.004554141028585069,0.0,0.0345408098108297,0.12163757232205794,1.0262233557728035E-4,
0.0,0.004554141028585069,0.0,0.0345408098108297,0.12163757232205794,1.0262233557728035E-4,