
0.0
9.799887462666507E-14
1.1161423858797444E-13
1.5270190357989454E-12
2.3534943317917733E-11
8.710145913512151E-11
1.49785666587246E-10
2.5003034199902906E-10
3.572767400605372E-10
4.975557341794704E-10
6.116961430115124E-8
1.3491537859942855E-7
2.664047793035789E-7
4.571406291878702E-7
0.004560722670514816
0.007921661263809377
0.017048560409095786
0.023931094524374
0.03493377618131225
0.043687625813270924
0.05444001893032773
0.06304293886352214
0.0709254191330423
0.07635983764522887
0.08049447347923203
0.06813673109898225
0.056923288888058525
0.046326901757655504
0.03661992614612861
0.029336333015652537
0.024716902164379093
0.02078389714348835
0.017677884052564145
0.015008769482431995
0.012770697706178875
0.010850306710032806
0.009216714534531406
0.007819485441216356
0.006629434187727848
0.005615053341915565
0.004752536628404061
0.004019614107609379
0.003397430862848267
0.0028699638456817266
0.002422859634319181
0.0020444516943839398
0.0017241332529782623
0.0014533467690056973
0.001224441879733286
0.0010311565887157076
8.680093581367759E-4
7.304292087111746E-4
6.144633266001282E-4
5.167811326847046E-4
4.345271655607044E-4
3.6529045948170615E-4
3.070194681811344E-4
2.579851545567917E-4
2.1673462877573068E-4
1.820206763754516E-4
1.5281617860478765E-4
1.2824638272812482E-4
1.0758061552221986E-4
9.020117200465698E-5
7.559052161821658E-5
6.331128814937168E-5
5.299623871547864E-5
4.433455337767969E-5
3.70656457067313E-5
3.096792316669335E-5
2.5856816774201605E-5
2.1573166290619222E-5
1.7987041739732715E-5
1.4990583762409169E-5
1.2481944657817407E-5
1.0387164252518949E-5
8.63964738489496E-6
7.183901188365276E-6
5.972072780146985E-6
4.9645336192796875E-6
4.1270620120163855E-6
3.431577808286543E-6
2.853800039190842E-6
2.377644514895136E-6
1.9791459782728555E-6
1.6490586743976015E-6
1.3745925048646873E-6
1.1473823671334978E-6
9.589981830305746E-7
8.028555008769653E-7
6.734027582967809E-7
5.658735413029317E-7
4.879235336205796E-7
4.571194964381283E-7
4.2728165709390787E-7
4.1880117217019563E-7
4.1710089169260227E-7
4.246688232116251E-7
4.364111339846565E-7
4.5173370155832363E-7
4.68780420058213E-7
4.867199208296256E-7
5.050249784933521E-7
5.237737110200899E-7
5.415592208268847E-7
5.713114055997877E-7
5.84909027258006E-7
6.249717170488915E-7
6.483018599395281E-7
6.862838918578123E-7
7.115434278666077E-7
7.435719954493697E-7
7.661119881652509E-7
7.903641209812741E-7
8.073633074043414E-7
8.368100135324316E-7
8.520391817956574E-7
8.727483088132615E-7
8.828925089335814E-7
8.942440053449659E-7
8.976432290633285E-7
8.998994775014679E-7
8.962345607685564E-7
8.904995271732136E-7
8.803631810963205E-7
8.680439535941264E-7
8.524206877845042E-7
8.348183227822868E-7
8.147122139205668E-7
7.92945085836153E-7
7.69309313480116E-7
7.444860928730076E-7
7.229262578309451E-7
6.950846671157417E-7
6.670110816148575E-7
6.524187919176449E-7
6.279468512346805E-7
6.112783760281043E-7
5.884301663388688E-7
5.758310861117365E-7
5.527798155348459E-7
5.32877788046926E-7
5.109205840855434E-7
4.903578411156489E-7
4.6893119223070873E-7
4.4834572910758036E-7
4.3319566624387973E-7
4.11913422513577E-7
3.965832429648783E-7
3.7693805332080697E-7
3.5934547538381635E-7
3.424325392821705E-7
3.2631759553500886E-7
3.109557810473203E-7
2.968196218834599E-7
2.8284805837163E-7
2.696611828846299E-7
2.5670275000338844E-7
2.534793833254208E-7
2.4474484884924144E-7
2.443011921560334E-7
2.3919301960850583E-7
2.380595016459098E-7
2.3687169728847718E-7
2.359677338311923E-7
2.3579527424334072E-7
2.4073672713438147E-7
2.3986909158604497E-7
2.4045668055738463E-7
2.4036820881145003E-7
2.4066181364613145E-7
2.402168916936784E-7
2.3979639822104646E-7
2.388528205701673E-7
2.3782938015133758E-7
2.3640563775633955E-7
2.3485002292230799E-7
2.3289910723644294E-7
2.3074434825459284E-7
2.2888296414713396E-7
2.258401977944353E-7
2.2290903234171317E-7
2.1921463561468963E-7
2.1913199733243933E-7
2.1594920058419516E-7
2.185979198496154E-7
2.165970688832134E-7
2.1784202116865347E-7
2.1593311711523992E-7
2.1568564251838653E-7
2.128197516738009E-7
2.1059564646583151E-7
2.0667119892296986E-7
2.0804385681230255E-7
2.0342360623250976E-7
2.0284743865021303E-7
1.9935284148253027E-7
1.9790363053745493E-7
1.9451180223759302E-7
1.9233844172876065E-7
1.8884555585469295E-7
1.8591265732937485E-7
1.822488511938169E-7
1.8248249302855342E-7
1.785085838539713E-7
1.765821170976434E-7
1.7369639722935601E-7
1.7154191797200337E-7
1.6852714971580324E-7
1.6579730987431466E-7
1.6254191133482802E-7
1.5989643376159673E-7
1.565770836206204E-7
1.5399465466162142E-7
1.5093505110998518E-7
1.4792726608410244E-7
1.4474152875438506E-7
1.4132943460308695E-7
1.3794122729476647E-7
1.3422456894053045E-7
1.3203396503519015E-7
1.278783367664775E-7
1.2402742023340135E-7
1.212298284536561E-7
1.1724640426683927E-7
1.1322507782432749E-7
1.0954790474232622E-7
1.0680384936821965E-7
1.027946577637113E-7
9.894498117759848E-8
9.519125511675785E-8
9.141482506876527E-8
8.772452587434156E-8
8.401468987188784E-8
8.037464490323944E-8
7.676133998892556E-8
7.320511990568825E-8
6.971672269078966E-8
6.62848375839369E-8
6.294616890129203E-8
5.965673664983539E-8
5.6468137223516345E-8
5.402187921525771E-8
5.084814983164168E-8
4.7938218598484475E-8
4.5150441334438627E-8
4.246315873828619E-8
3.985840344310997E-8
3.734893096561386E-8
3.4927349922023475E-8
3.259724927842795E-8
3.071447357962993E-8
2.8529995557998326E-8
2.652363150014854E-8
2.45863491362033E-8
2.2964068434933708E-8
2.129325051592081E-8
2.0014727922943223E-8
1.862080906033267E-8
1.747129385769525E-8
1.629237123565845E-8
1.5281310566606215E-8
1.4277580760731825E-8
1.3390365666524176E-8
1.2529797200509984E-8
1.1757123548759978E-8
1.1023866346056826E-8
1.0362600221045938E-8
9.745097146079425E-9
9.609915543076748E-9
8.990889411969524E-9
8.526186826909699E-9
8.11904297155364E-9
7.750344413432229E-9
7.401193521503736E-9
7.08115214007161E-9
6.780173761583878E-9
6.798030685232966E-9
6.472349775240371E-9
6.242540048827051E-9
6.005862073901855E-9
5.78689035733955E-9
5.740152709655638E-9
5.504974352120246E-9
5.470570719556201E-9
5.242079411139708E-9
5.200466605776768E-9
5.055025791423624E-9
5.097114243416481E-9
5.012991218836373E-9
5.015990853591485E-9
4.946804011155159E-9
5.104119740990548E-9
5.002482848976434E-9
4.96604103824075E-9
4.895399868183819E-9
4.8417133527346145E-9
4.766914260997836E-9
4.699836039354006E-9
4.621886847812294E-9
4.695709284528763E-9
4.621973440036278E-9
4.603793935717927E-9
4.5347362058329915E-9
5.3994105296147395E-9
6.167448302962993E-9
7.415897390754364E-9
8.405656662036752E-9
9.173960075170877E-9
9.585601305962456E-9
9.67310865134599E-9
9.478578776043503E-9
9.073563666543695E-9
8.521948526421456E-9
7.945762177583357E-9
7.284927286410418E-9
6.642856802867829E-9
6.006768266149005E-9
6.330747155895075E-9
6.57707654810604E-9
7.417206933326093E-9
8.01968909605631E-9
8.529115446278454E-9
8.71774247149191E-9
8.66050942607228E-9
8.37367112561334E-9
7.899840777191122E-9
7.296717668856424E-9
6.727878038836393E-9
6.397956755112919E-9
6.19232463786604E-9
6.1115007865938095E-9
6.036055031174605E-9
5.898803918013049E-9
5.760258671033592E-9
5.517952251104771E-9
5.3343438647583766E-9
5.061340855028757E-9
4.8485998537065566E-9
4.589193229365282E-9
4.375302743643011E-9
4.14907102068511E-9
3.9602903730622805E-9
3.776966683029282E-9
3.627099072873077E-9
3.5064732694264368E-9
3.427462381929433E-9
3.534463013760715E-9
3.4952058286969194E-9
4.774464062509456E-9
5.421446230535152E-9
9.271570657476502E-9
1.1021369603825856E-8
1.458669967714761E-8
1.6812494578715175E-8
1.9738129608258193E-8
2.2028186460275543E-8
2.4374758900569444E-8
2.652105246197015E-8
2.8325740235337276E-8
3.183365224072362E-8
3.4122195093643296E-8
4.9844374572387596E-8
5.7374055976184503E-8
7.177117745528436E-8
8.118153540153797E-8
9.583574465803071E-8
1.0695818928370428E-7
1.219357966684561E-7
1.3760554599813585E-7
1.4996453135694596E-7
1.6043609350577437E-7
1.717314058607947E-7
1.8144820837528066E-7
1.916225515455957E-7
1.9967618122659332E-7
2.0780828859047883E-7
2.1416528129596898E-7
2.2085549575793233E-7
2.260008972661067E-7
4.1048028105921154E-7
4.637605836316285E-7
6.411267939653348E-7
7.341840326863901E-7
8.979664686795621E-7
1.010972965562002E-6
1.156737998356589E-6
1.2685680613307792E-6
1.3937178647948948E-6
1.520493804632389E-6
1.6696309723921593E-6
1.7769673159841852E-6
1.8747089230924904E-6
1.9911807871885084E-6
2.083147081271305E-6
2.1838491467469864E-6
2.2628345604355776E-6
2.3437374554500177E-6
2.407179021686786E-6
2.4669165258423977E-6
2.5120096889552302E-6
2.5501283363657224E-6
2.5740068272584456E-6
2.5877871517076483E-6
2.589026484470365E-6
2.603320150806859E-6
2.587706978246362E-6
2.580125180636386E-6
2.5487470969955136E-6
2.5189421219057166E-6
2.4715161412780063E-6
2.4212342021216072E-6
2.358035981115044E-6
2.2910416558698137E-6
2.2317793622765773E-6
2.155841858020544E-6
2.0869233528327984E-6
2.013928522819189E-6
1.9395504464145736E-6
1.863881736652699E-6
1.7867148364992279E-6
1.7148860711500837E-6
1.6384867932006815E-6
1.5670363204165283E-6
1.4933187164896648E-6
1.427387887575464E-6
1.3582425463238463E-6
1.309994652167479E-6
1.2430596533625429E-6
1.1842107512145394E-6
1.1263464068012541E-6
1.0725625838523523E-6
1.0196614047538804E-6
9.698129736624168E-7
9.214680961593892E-7
8.756270464830615E-7
8.417216404071314E-7
7.972010789954397E-7
7.568961169138216E-7
7.183824560039312E-7
6.811330879143448E-7
6.452372660172928E-7
6.10428432570593E-7
5.769680724939691E-7
5.446050923092698E-7
5.199562034666323E-7
4.88655690202678E-7
4.600903496659053E-7
4.323969492328971E-7
4.05571722103708E-7
3.7965246730025067E-7
3.5460556972586985E-7
3.352523216515983E-7
3.1142054297855014E-7
2.935763406229189E-7
2.722021805779109E-7
2.5521947806760857E-7
2.3675110633168353E-7
2.198413606750273E-7
2.0346425350526025E-7
1.8897009037769672E-7
1.7493393527799563E-7
1.7217182015177904E-7
1.6342439083838935E-7
1.6346868902043285E-7
1.5916907597492766E-7
1.6018328026850853E-7
1.5836279240348752E-7
1.5951557274754532E-7
1.5887788513384463E-7
1.597329388283918E-7
1.596218620182633E-7
2.328367585425522E-7
2.593824202838741E-7
3.2739110630750193E-7
3.724707678567881E-7
4.3574296961875167E-7
4.841394373888313E-7
5.391959049883201E-7
6.073914215752449E-7
6.607600257598389E-7
7.220325785767378E-7
7.716074189406961E-7
8.241384200756021E-7
8.676473577779563E-7
9.36391879755045E-7
9.626718435116104E-7
9.954467538055477E-7
1.022135439018718E-6
1.047471641014327E-6
1.0670547321105726E-6
1.0834761704968154E-6
1.0949115806508122E-6
1.1170818076182547E-6
1.1166280135887263E-6
1.118290776646943E-6
1.113076299023238E-6
1.105887426484575E-6
1.0916178129697114E-6
1.0743708644904888E-6
1.0514203437111595E-6
1.0272161534554326E-6
1.0180635618380117E-6
9.938177109868192E-7
9.77627876201253E-7
9.515107526904791E-7
9.28460913548122E-7
9.120120295488422E-7
8.871613546918524E-7
8.668276969840792E-7
8.410152433570478E-7
8.178492879107213E-7
7.915433851089386E-7
7.667404111941638E-7
7.404956149952579E-7
7.152951361306969E-7
6.897705820993909E-7
6.652316730559769E-7
6.410055686286417E-7
6.304234610315868E-7
6.10594743212402E-7
5.996462478053542E-7
5.832334997463584E-7
5.801363586792239E-7
5.628657553104767E-7
5.568283310781126E-7
5.405118696515594E-7
5.27621132243751E-7
5.128666853126186E-7
4.989350285350269E-7
4.890613558708047E-7
4.7415811707016943E-7
4.590923379127956E-7
4.45333904680037E-7
4.3399652083970423E-7
4.203861628654795E-7
4.068330021895934E-7
3.916997888518517E-7
3.767957241557875E-7
3.6189499920252287E-7
3.4947663308917933E-7
3.3440233814627E-7
3.2125229111164164E-7
3.073965962518162E-7
2.932620119152706E-7
2.788580757410667E-7
2.6556326304642056E-7
2.51867207960952E-7
2.4358365117999225E-7
2.3216387062279828E-7
2.2621257761005257E-7
2.1676476240781553E-7
2.1000462173161603E-7
2.0372450860462667E-7
1.9706522550385376E-7
1.9121291942112803E-7
1.8497920734586527E-7
1.786714112709436E-7
1.7530939947786686E-7
1.7131701709027665E-7
1.683213506226631E-7
1.680325576899469E-7
1.6670095476098178E-7
1.67024218877395E-7
1.6698503150539564E-7
1.6772058757353687E-7
1.6803561490823652E-7
1.6831419041112566E-7
1.6871401367080616E-7
1.6827913609815157E-7
1.7280638869871681E-7
1.7572044233243891E-7
1.79155096439599E-7
1.802942253668471E-7
1.8260303273120047E-7
1.8332377139743686E-7
1.8444139154706067E-7
1.8448335829597952E-7
1.8450173152336392E-7
1.8427196916815827E-7
1.8347425089629434E-7
1.825008714725877E-7
1.8091344102173813E-7
1.7907286341229764E-7
1.7662290600937153E-7
1.7385676749138382E-7
1.7057815102647558E-7
1.6699277808672933E-7
1.630209387567495E-7
1.65004913955365E-7
1.6181754934664212E-7
1.6228323008082186E-7
1.5958157881644427E-7
1.5865900098120187E-7
1.557355974911182E-7
1.5351570349257977E-7
1.5006322548661744E-7
1.468289240307485E-7
1.4288042098114575E-7
1.390013987757253E-7
1.3472665800385889E-7
1.304898955515805E-7
1.2604314073172438E-7
1.216390489141168E-7
1.1714150210330219E-7
1.1269999398278924E-7
1.0925087603765566E-7
1.0463253634349789E-7
1.0027731178737653E-7
9.6582555121209E-8
9.235209375488722E-8
8.830718481763988E-8
8.479063539943168E-8
8.082286772308361E-8
7.75198986338559E-8
7.385059800787982E-8
7.061666524907932E-8
6.72916477026015E-8
6.411265875079916E-8
6.122219224667158E-8
5.8281065965709504E-8
5.524257418998889E-8
5.2469816669469815E-8
5.3441728069629254E-8
5.216563349697322E-8
5.318493919323286E-8
5.292616687099502E-8
5.4111957651334056E-8
5.6290457016166285E-8
5.856885420079691E-8
6.115146032847942E-8
6.374431258914987E-8
6.667578750465277E-8
6.914748589939565E-8
7.191472241996524E-8
7.420821349629152E-8
7.658874328742612E-8
7.856940360587335E-8
8.048821197331173E-8
8.207362924241564E-8
8.351255796159284E-8
8.465735082956946E-8
8.560418220450189E-8
8.62707232559154E-8
8.670404179484912E-8
8.685362263652449E-8
8.674394777918413E-8
8.634539712136624E-8
8.874298915503992E-8
8.841718099176886E-8
8.972864959389148E-8
8.931689459240647E-8
8.960751577316335E-8
9.052906099310274E-8
9.027711959041046E-8
9.1108209727167E-8
9.184707703478428E-8
9.187154650253497E-8
9.110753558914264E-8
9.04491240797041E-8
8.933650350576068E-8
8.816037183519316E-8
8.672178472355198E-8
8.518846420209217E-8
8.561171532337149E-8
8.404385924270957E-8
8.334897106980096E-8
8.275843700629931E-8
8.214801039721732E-8
8.12281985976035E-8
8.049238407128004E-8
7.91328005809997E-8
7.833344047028557E-8
8.152051437191111E-8
8.100570903900126E-8
1.0273940205374349E-7
1.1608946837395528E-7
1.3411399865550874E-7
3.4952527487866454E-6
6.310220116849453E-6
9.759946114290896E-6
1.2403484073142906E-5
1.4267941382854979E-5
1.53026004918897E-5
1.573831063355546E-5
1.5708661442789076E-5
1.5353613996238333E-5
1.4779697692869551E-5
1.4055266496570913E-5
1.323420969059126E-5
1.2355383267023637E-5
1.1490805849694698E-5
1.0620309398074923E-5
9.791964040458797E-6
8.9906395199177E-6
8.233825449866458E-6
7.522740411529879E-6
6.857014085341635E-6
6.2328883947664735E-6
5.647386162059725E-6
5.107327774997175E-6
4.9042626338471525E-6
4.7607796554779085E-6
4.803270841106145E-6
4.833970062344783E-6
4.8550262304022625E-6
4.817434191375706E-6
4.709125531605945E-6
4.54341901969289E-6
4.321847409673034E-6
4.065439686036568E-6
3.7811232945029856E-6
3.485785542263289E-6
3.187366006673716E-6
2.8946620864050095E-6
2.613162790553091E-6
2.3487061715316E-6
2.1940333532081425E-6
2.054518750862797E-6
1.99206537442252E-6
1.9382944495091725E-6
1.9014817760491191E-6
1.8594567070313094E-6
1.8040423768043465E-6
1.7326383569965814E-6
1.6494540728081015E-6
1.8108419977337115E-6
1.9620920235427154E-6
2.2289895667295993E-6
2.438540639710311E-6
2.603855455182764E-6
2.6785181880841025E-6
2.6775492414338884E-6
2.6047112275645686E-6
2.4789000727950814E-6
2.3144542068392688E-6
2.1270710795069612E-6
1.928690488997887E-6
1.72942593831462E-6
1.536043708854176E-6
1.3536238607645817E-6
1.1860945335733644E-6
1.0666752880092867E-6
9.57901037047592E-7
8.84816648964824E-7
9.811013081410273E-7
1.086752695490281E-6
1.2682660601380898E-6
1.4157903562292033E-6
1.5338678821149458E-6
1.590082995259175E-6
1.5948569691177433E-6
1.5521166802666446E-6
1.5939825895677947E-6
1.6031327243378868E-6
1.6528197203165098E-6
1.6656093960562233E-6
1.6560747479590667E-6
1.6074705597808573E-6
1.5780836282360955E-6
1.5036936448506112E-6
1.4452532535196383E-6
1.364561851355131E-6
1.2993100408111314E-6
1.226038867438874E-6
1.1584443873697415E-6
1.08228162506727E-6
1.0130057008950464E-6
1.032435638091977E-6
1.0419584529560867E-6
1.0992025015527645E-6
1.1439977745732875E-6
1.2062681929457909E-6
1.2467522007780492E-6
1.2779929880333306E-6
1.2854329551979586E-6
1.2726224509057652E-6
1.2442726432483402E-6
1.1953080203259388E-6
1.1331799301610183E-6
1.0638667760716019E-6
1.0210287653531235E-6
9.762401707952893E-7
9.49156409826887E-7
9.186853671785642E-7
8.879419178906732E-7
8.507040356064402E-7
8.082771059860495E-7
7.605283117341982E-7
7.094416073092E-7
6.698800730363353E-7
6.202465073925576E-7
5.793421561584943E-7
5.346058882360067E-7
5.106267118600615E-7
4.873920580267666E-7
4.7514426450867575E-7
4.614832292044771E-7
4.4818286077834094E-7
4.3102733028073427E-7
4.116398766290834E-7
3.8933944098525835E-7
3.6581353100898343E-7
3.4134216934343024E-7
3.171425253053753E-7
2.935501023776304E-7
2.713076812196078E-7
2.6025256471181324E-7
2.4345126515569213E-7
2.3426278358679993E-7
2.222436358028814E-7
2.146068661214999E-7
2.054937483752511E-7
1.9871370414810908E-7
1.9734041004727868E-7
1.9254670363071232E-7
1.9166796025789877E-7
1.885690364517447E-7
1.8737058243507277E-7
1.847885890263367E-7
1.8294838733932802E-7
1.8023825899311705E-7
1.7774581691384908E-7
1.747504664362823E-7
1.7177982435026865E-7
1.6849088987723747E-7
1.6727333476736536E-7
1.666742667592968E-7
1.6415224643665424E-7
1.6322111965754846E-7
1.7130362505907875E-7
1.8020768242124135E-7
1.9255226709587765E-7
2.0298404172661536E-7
2.1206444486219895E-7
2.1641099835619547E-7
2.1753232158400552E-7
2.1479523580612548E-7
2.0955381879479825E-7
2.0311663845936295E-7
1.9461681115323965E-7
1.8568261614867717E-7
1.7598378813044757E-7
1.6640319909956805E-7
1.5676501672693534E-7
1.475306537460555E-7
1.38602538921624E-7
1.3123866957356978E-7
1.2358210788325077E-7
1.1738857731488738E-7
1.1100870233812665E-7
1.0556726022069652E-7
1.0038819116980688E-7
9.563009777059841E-8
9.109920792381214E-8
8.68424019800854E-8
8.276551830351622E-8
7.888246945125799E-8
7.653952784714428E-8
7.292790911763231E-8
6.97981084213999E-8
6.762349813544609E-8
7.11414141562212E-8
7.545641143098218E-8
8.225906891687574E-8
9.10081217845806E-8
9.84747227417692E-8
1.0581170258962997E-7
1.1073408643354696E-7
1.1399527873633469E-7
1.145103438319587E-7
1.1300280500708688E-7
1.0943184507232277E-7
1.0443609661172702E-7
9.826377843707149E-8
9.144875501019314E-8
8.424961257154085E-8
7.70410224591202E-8
7.019078080494399E-8
6.358217258223214E-8
5.7529792625436204E-8
5.193093787780206E-8
4.690410994721477E-8
4.23558417178161E-8
3.831152515202595E-8
3.4694305646730355E-8
3.148909024141361E-8
2.8635145766530715E-8
2.6104662452882288E-8
2.3981489836459635E-8
2.2001422546033518E-8
2.0303627477315908E-8
1.873526770680848E-8
1.7357026118789465E-8
1.6082097423610828E-8
1.493673593618337E-8
1.3873239957533647E-8
1.2901551657600603E-8
1.1995854937043188E-8
1.1158842739734882E-8
1.0375642522232055E-8
9.646421853848447E-9
9.055517991494683E-9
8.434852759356673E-9
7.904589905965764E-9
7.372843370922063E-9
6.899298736801759E-9
6.435036296050382E-9
6.010803028307349E-9
5.601871609640313E-9
5.2852208307130175E-9
4.938592250124838E-9
4.6520540514582995E-9
4.372815186621518E-9
4.149774012793814E-9
3.3608688354002094E-8
4.0187050114020115E-8
6.570387387011749E-8
7.812776579969055E-8
1.0118952987155179E-7
1.1565108792600228E-7
1.4218003903498289E-7
1.5408200585639346E-7
1.7144771076785717E-7
1.8353325705370608E-7
2.007581785449974E-7
2.1373182807639772E-7
2.2898043839405964E-7
2.422547505242926E-7
2.601588688056649E-7
2.729542791530295E-7
2.878787518556182E-7
2.985349408423452E-7
3.092514671476089E-7
3.166787988279594E-7
3.2307531124948184E-7
3.268604606652196E-7
3.292564610766768E-7
3.29567613018898E-7
3.284886290289224E-7
3.25768464589499E-7
3.2181240708906783E-7
3.165496618818416E-7
3.1023670712221645E-7
3.028814808761609E-7
2.9637980760983815E-7
2.8694555454834216E-7
2.779386536039404E-7
2.765195925661766E-7
2.703494985208917E-7
2.6792808282361166E-7
2.631520535474229E-7
2.59793941842561E-7
2.5708673454734855E-7
2.5620353210872343E-7
2.5217334290292004E-7
2.5057768561385873E-7
2.45228421634285E-7
2.4315997355451803E-7
2.3747370709632048E-7
2.3289243161481293E-7
2.2779751226850848E-7
2.2395941657178832E-7
2.1918459521483246E-7
2.155188489280554E-7
2.1089450295761006E-7
2.070490193784816E-7
2.0234375897861268E-7
1.9807838145544195E-7
1.9767235633654315E-7
1.9463088508050159E-7
1.9518900191931082E-7
1.9185518618091608E-7
1.9162119681479854E-7
1.8786341471953608E-7
1.850884346629828E-7
1.815826631529695E-7
1.7869004038626098E-7
1.7470388716222998E-7
1.7133087021630891E-7
1.6718290700741834E-7
1.661084744496757E-7
1.6377596736337378E-7
1.622402583249742E-7
1.592741536408944E-7
1.5689091796658812E-7
5.181980536866233E-7
8.282371957755224E-7
1.301254700557284E-6
1.687974592195651E-6
2.0064192316043842E-6
2.207650927472111E-6
2.302395040016204E-6
2.301054683646199E-6
2.2246871964836615E-6
2.0937075546998377E-6
1.927449083681972E-6
1.7420848065200483E-6
1.5504555288832536E-6
1.3620649784147682E-6