
0.0
7.92497116436927E-4
7.069875358932472E-4
4.6138049769704623E-4
3.02547732268265E-4
1.8402656423518475E-4
1.3642716405578694E-4
1.100338212687149E-4
1.1206780533645775E-4
1.0583040984172709E-4
9.786820302695436E-5
8.818222968426853E-5
7.921473538084773E-5
7.478051392406667E-5
7.317130766007082E-5
7.625964141180785E-5
7.728461690040726E-5
6.983504745745691E-5
5.370984874337887E-5
4.114035280664809E-5
3.1680480710905227E-5
2.51695203200071E-5
2.100122972842048E-5
1.8461069879883996E-5
1.7027142932402904E-5
1.6348140476513593E-5
1.6215821657690176E-5
1.6301887218473885E-5
1.646513508500032E-5
1.6654056234120123E-5
1.68336936552083E-5
1.6925763112232674E-5
1.7205876945046292E-5
1.7137018239445228E-5
1.6875877266587516E-5
1.654913026819093E-5
1.5994314025664822E-5
1.5489301245088648E-5
1.5243423744375705E-5
1.5061769149461077E-5
1.4878036615972335E-5
1.452015525440557E-5
1.407134792861502E-5
1.3582867075773663E-5
1.7178481538489114E-5
1.8030767464454372E-5
1.7977053799320055E-5
1.7380835971285403E-5
1.6340659199599196E-5
1.7963263458329528E-5
1.8390721528610658E-5
1.8077877124040073E-5
1.7222220927260283E-5
1.8957722095079604E-5
1.9279480629377826E-5
1.8853704396826797E-5
1.7917828533310734E-5
1.9671293334534558E-5
1.988733710156039E-5
1.9278966980358857E-5
2.0800420767209443E-5
2.03015101860795E-5
2.0831431879941942E-5
2.0692737950688124E-5
2.037745943535753E-5
1.9080178737896083E-5
1.7103622256469854E-5
1.5476980446575712E-5
1.701275422361432E-5
1.7176605056673915E-5
1.6326674569545878E-5
1.521304886781736E-5
1.6853696719929338E-5
1.7026608903288223E-5
1.6267316577411477E-5
1.5184424507028205E-5
1.674599131439018E-5
1.6858501179340762E-5
1.6083642680109182E-5
1.4998775614253526E-5
1.6322424352631922E-5
1.6326651597133993E-5
1.5545224808042002E-5
1.4487303399305127E-5
1.3417080604780538E-5
1.4956318897492479E-5
1.4921762062825238E-5
1.4175122131061419E-5
1.326268027449385E-5
1.481037466323846E-5
1.4770416273161773E-5
1.4005945538675225E-5
1.308100493779055E-5
1.20496587001199E-5
1.3572220362588904E-5
1.356920898003732E-5
1.290605415005138E-5
1.2022446547214947E-5
1.351400077894521E-5
1.3498190751809386E-5
1.2802808534449157E-5
1.1904944299914182E-5
1.3352873901486065E-5
1.3321005581809535E-5
1.2601758219960674E-5
1.1688372884191825E-5
1.305640940275023E-5
1.3010111622014279E-5
1.2201698028909814E-5
1.1214792666628097E-5
1.0166761680752193E-5
1.0951195582939022E-5
1.0944294264278364E-5
1.0724982394626877E-5
1.0031936797493024E-5
1.094324928716837E-5
1.0945324672689366E-5
1.0532377277077111E-5
9.775008867728587E-6
8.730226170514818E-6
7.891651471767999E-6
7.779885523504082E-6
7.151918127290516E-6
6.398125583835442E-6
7.70670874144467E-6
8.073180192951523E-6
7.758493294431349E-6
7.156829828299434E-6
6.438409392279609E-6
6.028114899075665E-6
6.7785483312257975E-6
6.563171409092966E-6
6.0182139995620825E-6
6.0984393848036145E-6
5.952515037489226E-6
6.626391494527141E-6
6.716084977184589E-6
6.58674634557431E-6
6.226537229506651E-6
7.083206275513561E-6
7.054793656884143E-6
6.867190361744056E-6
7.458273879822694E-6
7.676574520819528E-6
7.4657099854109885E-6
6.961617357980035E-6
6.4679953762964225E-6
5.892359519235726E-6
6.71536675388839E-6
6.818693716628214E-6
6.5863980442088125E-6
6.117853904781765E-6
6.994902953674943E-6
7.084851343176235E-6
6.817827358613297E-6
6.329890179145089E-6
6.040091865996781E-6
5.5048837851780645E-6
6.455245793716744E-6
6.533378679842287E-6
6.223888719874287E-6
5.75513776362551E-6
5.278638982186159E-6
4.857977262126921E-6
4.520299466903088E-6
4.201169099845052E-6
4.950697419529281E-6
5.136523681762156E-6
4.98030653834525E-6
4.693895897428654E-6
5.45877765280835E-6
5.625476382909186E-6
5.427116471109804E-6
5.093073680834974E-6
4.68650268926468E-6
5.593878951352747E-6
5.7130438991538325E-6
5.829285850185769E-6
5.825336051193027E-6
5.725723258617497E-6
5.345138181033791E-6
4.805113665763254E-6
5.474533901541677E-6
5.518324712907292E-6
5.34651202706011E-6
4.885442475450169E-6
4.431457951319219E-6
4.94227018898484E-6
5.046183875799231E-6
4.868280610987082E-6
4.479098072674153E-6
4.991121247894488E-6
5.137067274140216E-6
5.0181193992401025E-6
4.6878511366807835E-6
5.2839995170833976E-6
5.3592287951314585E-6
5.132350078946055E-6
4.769193603858966E-6
5.365203798839934E-6
5.405557404464553E-6
5.1355838509797385E-6
5.790843019685866E-6
5.6816877043893264E-6
5.410189219292137E-6
5.017475625031891E-6
4.836148727275733E-6
5.373266378888878E-6
5.2690446364572915E-6
5.6298505926694775E-6
5.678885042158106E-6
5.44179178465613E-6
5.013996298236682E-6
5.3276847323978835E-6
5.29813963004972E-6
5.033530092319397E-6
4.621966265500324E-6
4.171173135222673E-6
3.8129529128661437E-6
3.509859307241479E-6
3.9087721641468975E-6
3.9025065044596325E-6
3.7362698650393883E-6
3.479046332290771E-6
3.166283619183694E-6
2.978885433496533E-6
2.8530430548243644E-6
2.748975691193083E-6
2.8698609260838492E-6
2.8835803295008594E-6
2.829957791483739E-6
2.720995729360942E-6
2.5161112341400393E-6
2.331154598432796E-6
2.1371650132289755E-6
2.0044686040328116E-6
2.384864586078401E-6
2.5352186961478453E-6
2.4972881754353413E-6
2.3929521756338213E-6
2.774808914960048E-6
2.8939242920623547E-6
2.806068807916389E-6
3.169869000319529E-6
3.2131882565389075E-6
3.1572299013731523E-6
2.9726117223756643E-6
2.855812850347283E-6
2.6591453747453023E-6
2.9811758528855175E-6
3.0087501092810075E-6
2.92148068721434E-6
2.7333068653155955E-6
2.523650299199601E-6
2.959040400467233E-6
3.013171309903991E-6
2.907338299444268E-6
3.4089914315760805E-6
3.425592994099585E-6
3.6529203418687053E-6
3.7086541651157964E-6
3.5494464195652054E-6
3.230375959968843E-6
3.593111209178399E-6
3.580398369685471E-6
3.3933612322204128E-6
3.1222829830878894E-6
3.4475143763049243E-6
3.4261023823210035E-6
3.2322736519649088E-6
2.9750948766074808E-6
3.2965930149055034E-6
3.2777793196642913E-6
3.093899165667182E-6
2.8507695800288454E-6
3.1651805809427575E-6
3.1498008999497525E-6
2.9746504506577136E-6
2.7382836281303054E-6
2.488401765978965E-6
2.828069544328338E-6
2.8264610513857712E-6
2.666254664901383E-6
2.9937611005696106E-6
3.0172632672299573E-6
2.884255864135808E-6
2.657479726024382E-6
2.9266006910766045E-6
2.9168191808323673E-6
2.7547540013144307E-6
3.012794787268201E-6
2.9565865276148647E-6
2.815281348436476E-6
2.607153958517569E-6
2.8263181186747204E-6
2.7911528201769007E-6
2.6347669053771824E-6
2.4081479057527708E-6
2.1389071667534654E-6
1.9623446314773035E-6
1.8816673289679422E-6
1.9585864600318817E-6
1.848355220646382E-6
1.6826556559478703E-6
1.8865492723301502E-6
1.954539401268218E-6
1.8660508436076082E-6
1.7329605172349189E-6
1.9587448568898823E-6
2.0091008852313943E-6
1.9090737168304904E-6
1.7653534213031285E-6
1.5751689257558179E-6
1.4397357494208178E-6
1.6830466378788214E-6
1.730229224617822E-6
1.640275598816607E-6
1.5303434021563749E-6
1.3687824316559495E-6
1.213688513907355E-6
1.5731661017092592E-6
1.6344656512420441E-6
1.5455662212196338E-6
1.7369923795641992E-6
1.8620217788704248E-6
1.8010187007192297E-6
1.8038436285516368E-6
1.847427818570668E-6
1.8288961810446488E-6
1.7978712629137765E-6
1.7026013833325498E-6
1.8588125830010875E-6
1.8628391619975431E-6
1.7955578836733753E-6
1.656852173372041E-6
1.4858968822805913E-6
1.4868020814260217E-6
1.4049125197065643E-6
1.2808578477138704E-6
1.1655621362477455E-6
1.0535769657620225E-6
1.245420111066694E-6
1.2724850946445273E-6
1.2311118753915329E-6
1.154210431000546E-6
1.062804384704637E-6
1.2661522124192283E-6
1.3009925028549045E-6
1.2574489551671707E-6
1.1759192951562387E-6
1.3771840208899237E-6
1.4024590327508839E-6
1.3433267001559997E-6
1.4731791798130327E-6
1.4857015210079667E-6
1.4306475786583287E-6
1.6113022187361842E-6
1.5744545435018722E-6
1.6393012522976235E-6
1.6469141986479054E-6
1.6224726998582296E-6
1.5953766642962183E-6
1.5495049035529959E-6
1.5079734327399036E-6
1.4950694765092158E-6
1.4723368609643188E-6
1.4450823868826115E-6
1.3392713089008457E-6
1.2730826780237796E-6
1.1946356759508102E-6
1.2625636093054458E-6
1.258905304012941E-6
1.2105166107521155E-6
1.1319507680541259E-6
1.0356577546664607E-6
9.499690659824372E-7
1.0501675991771085E-6
1.0599704708668248E-6
1.0230518403239575E-6
9.610446024995906E-7
1.0717405753018325E-6
1.083953382717426E-6
1.045552444749912E-6
9.82560954761893E-7
9.141516021418569E-7
8.264418716543981E-7
7.491856226249783E-7
7.40606905868812E-7
8.62221757094912E-7
8.718027032957529E-7
8.318686966949088E-7
7.925943026414513E-7
7.265342690531691E-7
6.621403444739333E-7
5.973850180866278E-7
7.366309572780121E-7
7.745817302148252E-7
8.229058561293302E-7
8.091508984537886E-7
8.174353535740393E-7
8.034590005111422E-7
9.241019227099623E-7
9.336913318777205E-7
9.022513947708565E-7
8.536084795118059E-7
9.691539936439674E-7
9.760761157087962E-7
1.0355703854899896E-6
1.0213350903553552E-6
1.021353334883617E-6
9.86336457862102E-7
8.951158434381023E-7
8.305234709156615E-7
7.471805564214245E-7
6.808046985095014E-7
7.988921636902085E-7
8.250970921261073E-7
8.119297079972389E-7
7.674126197498706E-7
8.754647668193067E-7
8.850602596856628E-7
8.591399680686913E-7
8.074737127743735E-7
9.083495048689546E-7
9.11291022054587E-7
8.771271255638494E-7
8.2080096561885E-7
7.674340560075435E-7
7.078170834488522E-7
8.041577339996376E-7
8.128354796930001E-7
7.80518830509311E-7
8.066463826458608E-7
8.474289015045636E-7
8.387006771548863E-7
8.106537793158845E-7
7.663757225899965E-7
6.771693974527734E-7
6.271405484206616E-7
6.049226391211884E-7
5.70851517859837E-7
5.152724422382781E-7
4.720508197939709E-7
5.428911552070824E-7
5.632920752875982E-7
6.11234529480171E-7
6.23495074416764E-7
6.201898327240189E-7
5.956287690426741E-7
5.706613817937793E-7
5.317893531891905E-7
6.136501554891367E-7
6.214582137963827E-7
6.090883411905627E-7
5.7748667967293E-7
6.512990379115844E-7
6.540721671945935E-7
6.349370660938581E-7
5.99277162874689E-7
5.493661265724111E-7
6.31760242060394E-7
6.390505951097563E-7
6.150624507797766E-7
5.747663399701371E-7
5.402299601339138E-7
5.039454792386346E-7
4.6362306393716235E-7
4.2167602584046943E-7
3.759783274841947E-7
3.4945295506757785E-7
3.3291018387080356E-7
3.437347974623412E-7
3.458274011302012E-7
3.4384119910528037E-7
3.385766330570767E-7
3.95880848782418E-7
4.178683640578926E-7
4.1367487470289925E-7
4.864062836973752E-7
5.031987547392947E-7
5.279989555870603E-7
5.340364127944993E-7
5.244908127208793E-7
4.993096696460502E-7
4.798813028321534E-7
5.511291330402215E-7
5.565675658660554E-7
5.393093013508467E-7
5.011999602846092E-7
5.481918226348006E-7
5.522285642190867E-7
5.807428407736555E-7
5.802682333755255E-7
5.690805293107836E-7
5.653074064430558E-7
5.281474888894714E-7
4.869972707908759E-7
5.473340492366731E-7
5.501251847912192E-7
5.245800337605299E-7
5.910142109694041E-7
5.906130195067362E-7
5.612007845294666E-7
6.006427508121074E-7
6.008907754962953E-7
5.759664360584193E-7
5.399973133931511E-7
5.713944984774402E-7
5.70013323389407E-7
5.559833943019675E-7
5.167349943324169E-7
5.607422926481811E-7
5.636303050287429E-7
5.356950485389723E-7
5.00583149942683E-7
4.870694774284503E-7
5.160600442762387E-7
5.13482427100548E-7
5.000129379577953E-7
4.7051033994354156E-7
4.3777760082100836E-7
3.9978334386383205E-7
3.6297709106013507E-7
4.054056457435598E-7
4.1067733445557846E-7
3.998319902893365E-7
3.7595560794153216E-7
4.226824573447194E-7
4.264069114115417E-7
4.1236019135826743E-7
3.868740065270942E-7
3.5580824089519146E-7
4.0585418713196577E-7
4.1241374159691395E-7
3.956536298925524E-7
4.5982479962570995E-7
4.598504240063648E-7
4.356718468949139E-7
4.0123635904419663E-7
4.485587131261788E-7
4.481735499824091E-7
4.2978219618924807E-7
3.960416113703415E-7
3.5060322374513554E-7
3.18620042190035E-7
2.88859536024286E-7
2.724983017926446E-7
3.129835191871144E-7
3.1765183447151505E-7
3.0638813797757766E-7
2.8962520212953007E-7
3.337523524430974E-7
3.385993155549163E-7
3.249954727110716E-7
3.7454261074711504E-7
3.772475323184659E-7
3.847465231665943E-7
3.8408113948488325E-7
3.8098562679708044E-7
3.5844267057049784E-7
3.1701590772685024E-7
3.543543664607762E-7
3.5988012089944743E-7
3.445107014614389E-7
3.7362231616137287E-7
3.7558712627754506E-7
4.0099806579288576E-7
4.0229816961055815E-7
3.8804821876348747E-7
3.7057542364682956E-7
3.390492140576149E-7
3.282688344620917E-7
3.133641597661851E-7
3.391941457512127E-7
3.356338031352661E-7
3.201692157211557E-7
3.347185960882056E-7
3.3867820682040267E-7
3.257115973783724E-7
2.9776256969190886E-7
2.7144833325879916E-7
2.4444646245400905E-7
2.1980518420860093E-7
2.400121859974937E-7
2.517302174585472E-7
2.4608984887057907E-7
2.771549489298707E-7
2.870478811338741E-7
2.7620552214359095E-7
2.5928399743227344E-7
2.359278779257946E-7
2.6906974510375004E-7
2.7130562996483425E-7
2.5837251118090014E-7
2.9603199724917923E-7
2.959720208246386E-7
2.807164680180785E-7
2.57360205408393E-7
2.9822074883843444E-7
2.957807540622459E-7
3.1487748258962265E-7
3.154927473570308E-7
2.9907775549213346E-7
2.680492183920926E-7
2.961779043678491E-7
2.944979902882519E-7
2.7723672758465353E-7
2.5289670677509895E-7
2.2767909605469688E-7
2.037435520349234E-7
2.3640793259902803E-7
2.3827985760245303E-7
2.247554698964578E-7
2.060673077173646E-7
2.0297881848015607E-7
2.2642381551085609E-7
2.2354777944052852E-7
2.1132629144098745E-7
2.0099864222716027E-7
2.2703446660477357E-7
2.2741268206284832E-7
2.1528115769945286E-7
2.021398199221991E-7
2.2768891291824157E-7
2.284448877478206E-7
2.1628542102816474E-7
2.0200319518607382E-7
2.2681549631527398E-7
2.2744210850805354E-7
2.1526869905767997E-7
2.0054651337161136E-7
1.835168960955733E-7
2.0889916510241508E-7
2.093444321683466E-7
1.9903548507495375E-7
1.8475299409449872E-7
2.1026702441288745E-7
2.106195352064092E-7
1.997536559948155E-7
1.8514183290818947E-7
2.0990456844105087E-7
2.1001653545946487E-7
1.988297254913543E-7
2.229340183019512E-7
2.2321769612605766E-7
2.2633490531268218E-7
2.2127396625446922E-7
2.21164017408561E-7
2.0809434162872784E-7
1.8054363161891487E-7
1.9629830677025407E-7
2.0139915844487844E-7
1.935182636549151E-7
2.1333941610303163E-7
2.0993563786604938E-7
2.2467250499518522E-7
2.24482824638119E-7
2.1555314766051868E-7
1.9912963186216558E-7
2.1487051508173307E-7
2.1247547565772561E-7
2.0293746875626346E-7
1.859374409068064E-7
2.0275317562767771E-7
2.000946176615381E-7
1.886136768569945E-7
1.7325133253531157E-7
1.901684496979341E-7
1.8833880007076735E-7
1.7750091952909799E-7
1.6337810076610428E-7
1.8016896577107128E-7
1.788764117702064E-7
1.6872371640684885E-7
1.555122157411009E-7
1.7202018848513658E-7
1.7109034626003397E-7
1.615133765958241E-7
1.4900766418919326E-7
1.3874603023888213E-7
1.2715275652995695E-7
1.1436388434907987E-7
1.0091065509947556E-7
9.020325246556644E-8
7.982885668886516E-8
1.0843332497507427E-7
1.1320449019850486E-7
1.1096352955598462E-7
1.0180945224376557E-7
9.612324311811194E-8
9.002009126789294E-8
8.756456910567517E-8
8.564416510336052E-8
1.0375488707155487E-7
1.081831436355511E-7
1.0652665208458855E-7
1.0189229401902884E-7
1.1757338683582996E-7
1.1950800995097606E-7
1.1487676528073194E-7
1.2002288957641726E-7
1.1679614503964193E-7
1.1151168818498069E-7
1.043255685844692E-7
9.712951542077742E-8
9.046247067631388E-8
1.0243550606536291E-7
1.0425827432284603E-7
1.0009578341829267E-7
9.423229247820606E-8
8.648518024779379E-8
7.956731260315334E-8
7.199370450637013E-8
6.563788786783526E-8
8.162919761443028E-8
8.623657143681902E-8
8.33646574587716E-8
7.889719927482372E-8
9.238722052879169E-8
9.565715861033058E-8
9.166328697404638E-8
8.64085008651208E-8
9.862290171052077E-8
1.0108673405163263E-7
9.626396264302366E-8
9.036359273708057E-8
8.224454170156823E-8
8.807943086068459E-8
8.794286423640826E-8
8.600379164571338E-8
8.07440241600976E-8
7.233605165923443E-8
6.988472565554719E-8
6.429414012590312E-8
7.097173096925033E-8
7.368292094338906E-8
7.381429169278315E-8
7.092318396472595E-8
7.03781845821631E-8
7.099238772928101E-8
7.81563171157731E-8
7.964222105160788E-8
7.862309212751718E-8
7.520368257372488E-8
7.183149489058141E-8
6.803861448979948E-8
6.311516314718806E-8
7.268097878211298E-8
7.428774837737653E-8
7.212714699050682E-8
6.828458030853538E-8
7.821715069412958E-8
7.949732853098019E-8
7.673761148999395E-8
7.234841648083132E-8
6.611805796928118E-8
7.706785022555007E-8
7.839349450445688E-8
7.535268168970985E-8
7.041926198485972E-8
8.582073860737273E-8
8.647491210539118E-8
8.213137053102031E-8
7.509571227720686E-8
8.621483278518593E-8
8.638867379036237E-8
8.186539286406549E-8
7.526074923822438E-8
8.575846061446072E-8
8.600262096362318E-8
8.161169942098211E-8
9.379070568576649E-8
9.3388019839847E-8
9.454064335340136E-8
9.386303398781722E-8
9.2450239511543E-8
9.824030839262762E-8
9.441617350394112E-8
9.085549517148877E-8
8.620486549248258E-8
7.835998302957892E-8
7.160278264147569E-8
7.762532635997369E-8
7.823164334066218E-8
7.324331120965187E-8
6.885616582082777E-8
6.501783051302578E-8
7.158201728051293E-8
7.213263637989591E-8
6.967719709975595E-8
6.603312916718021E-8
6.176837024215595E-8
5.698693811332019E-8
5.193372185700322E-8
4.761576508504324E-8
4.7508642363984156E-8
4.6109872293813296E-8
4.469874180807215E-8
5.344652745308742E-8
5.554893476707347E-8
5.564169255836391E-8
5.289473737857597E-8
4.977158790595272E-8
4.803029841137761E-8
4.502606269013089E-8
5.04524793090933E-8
5.129209867834236E-8
5.007397142415847E-8
5.901019456319269E-8
5.99032791803879E-8
5.843077332865046E-8
6.251290346927084E-8
6.41428889776805E-8
6.341062188942681E-8
5.638501562068733E-8
5.947716891089134E-8
6.023625232445356E-8
5.8412272765965496E-8
5.437999686952995E-8
5.9306349102950685E-8
5.979974566035816E-8
5.778051178973288E-8
5.387085568268628E-8
5.921182930609755E-8
5.95460131045661E-8
5.7286078910276814E-8
5.3383435730000806E-8
4.8391227568701775E-8
5.4854449076711946E-8
5.528897150024984E-8
5.2643458641388856E-8
4.861871405754174E-8
4.469151699470657E-8
4.1366380896951216E-8
3.9987787012764524E-8
4.0235800242171523E-8
4.147768413387527E-8
4.3381760734648305E-8
4.794315109451097E-8
5.0730134128190676E-8
5.2731321819256974E-8
5.3360150329382874E-8
5.209633449950151E-8
5.141886329722717E-8
5.74330368080972E-8
5.858876336774257E-8
5.7227970618907716E-8
5.488412377313495E-8
5.166919592696804E-8
5.672240370040761E-8
5.679428065326628E-8
5.459038891423065E-8
5.132687599544622E-8
5.62296843432989E-8
5.594266210566377E-8
5.331261111795004E-8
4.973681913885625E-8
5.379014928954038E-8
5.451453592035277E-8
5.2564153770503453E-8
4.8943531492898865E-8
5.3538560597331253E-8
5.3326500993927027E-8
5.0710423025185997E-8
5.50611053509325E-8
5.3277758975920774E-8
5.533042153676055E-8
5.5321166222236196E-8
5.393676809274603E-8
5.0193184187185835E-8
4.790662239796628E-8
4.4858825953408406E-8
4.151576046152439E-8
4.520704102720249E-8
4.5320615912562625E-8
4.3293205449511304E-8
4.0259782831188224E-8
3.67832923526508E-8
3.868790820102208E-8
3.8039376537924276E-8
3.808704443437834E-8
3.7678036004527186E-8
3.7073907794921996E-8
3.597574507066714E-8
3.485373703148421E-8
3.919595593954456E-8
4.03313694285042E-8
3.952322420823374E-8
3.736216238237289E-8
3.460664176141429E-8
3.270908550751771E-8
3.052713473172121E-8
3.4717583810876767E-8
3.505436651336646E-8
3.377627444039163E-8
3.1557614038606246E-8
3.023892496786836E-8
2.813262653759029E-8
3.202365058401107E-8
3.2353840956483046E-8
3.1270384117657004E-8
2.926234215234048E-8
3.3570429054399947E-8
3.400718718190325E-8
3.268878979998888E-8
3.049433002113735E-8
3.482000132551637E-8
3.5187639811236876E-8
3.368233970232529E-8
3.1336466847301516E-8
3.557027890308856E-8
3.5834913805711674E-8
3.419793658174477E-8
3.175131175884903E-8
3.5871269162715215E-8
3.604790095629407E-8
3.432751162182997E-8
3.182476439863297E-8
3.5829871704698304E-8
3.593740910013969E-8
3.417178053214872E-8
3.16507763559887E-8
2.8900621360005596E-8
2.5541960734542507E-8
3.079981652999047E-8
3.1238332336171096E-8
2.9601951966982038E-8
2.6871394985257888E-8
3.18827479402853E-8
3.224544899851702E-8
3.047116913895918E-8
2.771484074875535E-8
3.2377128773049484E-8
3.266182257583883E-8
3.0820282408625136E-8
2.8056795316291266E-8
3.2416974176931984E-8
3.264248164053131E-8
3.078168506308712E-8
2.803940983151871E-8
2.612892220786778E-8
3.009992980580404E-8
3.007480527401287E-8
2.8080476536610305E-8
2.6228439185706517E-8
3.0241183880120266E-8
3.02882956707863E-8
2.8083028344323935E-8
3.148137023915357E-8
3.1227405336703795E-8
3.003328595823781E-8
2.7619190315199077E-8
2.5924960050771776E-8
2.861257016770306E-8
2.8438864009552457E-8
2.6913773787999412E-8
2.5177174552247886E-8
2.809465168469156E-8
2.800277480137822E-8
2.6528392404939632E-8
2.4719348332918246E-8
2.7615066892511556E-8
2.7543038853999564E-8
2.608620739618415E-8
2.4261142877463953E-8
2.2163045436366677E-8
2.5281952501636233E-8
2.5256540504662023E-8
2.3921306699312907E-8
2.2161035763741273E-8
2.0871378328915616E-8
2.3649832416641295E-8
2.352961646466463E-8
2.2225729532031128E-8
2.5812770389209942E-8
2.587901775618546E-8
2.4672505534491163E-8
2.2756809809785205E-8
2.5330991150108483E-8
2.5325678042745482E-8
2.4001250554444174E-8
2.2120624541780963E-8
2.457929028561553E-8
2.459487608398598E-8
2.3309917234962233E-8
2.1502296084875184E-8
2.3896573274006564E-8
2.391889910821279E-8
2.2509277723194817E-8
2.0579434769208852E-8
1.8528866201526268E-8
1.670650321583494E-8
1.5106947872430112E-8
1.7689365702545873E-8
1.9078382003245195E-8
1.963252543963587E-8
1.9815967843307074E-8
2.2711553614335614E-8
2.3433735843691185E-8
2.3002961138736465E-8