
0.0,0.0,0.0,0.0,0.0,0.0,
0.0,0.0,0.0,0.0,0.0,0.0,
0.0,0.0,0.0,0.0,0.0,0.0,
0.0,0.0,0.0,0.0,0.0,0.0,
0.0,0.0,0.0,0.0,0.0,0.0,
0.0,0.0,0.0,0.0,0.0,0.0,
0.0,0.0,0.0,0.0,0.0,0.0,
0.0,0.0,0.0,0.0,0.0,0.0,
0.0,0.0,0.0,0.0,0.0,0.0,
0.0,0.0,0.0,0.0,0.0,0.0,
0.0,0.0,0.0,0.0,0.0,0.0,
0.0,0.0,0.0,0.0,0.0,0.0,
0.0,0.0,0.0,0.0,0.0,0.0,
0.0,0.0,0.0,0.0,0.0,0.0,
0.0,0.0,0.0,0.0,0.0,0.0,
0.0,0.0,0.0,0.0,0.0,0.0,
0.0,0.0,0.0,2.1738827775297313E-14,0.0,0.0,
0.0,0.0,0.0,2.1738827775297313E-14,0.0,0.0,
0.0,0.0,0.0,4.226076743761618E-14,0.0,0.0,
0.0,0.0,0.0,4.226076743761618E-14,0.0,0.0,
0.0,0.0,0.0,4.226076743761618E-14,0.0,0.0,
0.0,0.0,0.0,4.226076743761618E-14,0.0,0.0,
0.0,0.0,0.0,4.226076743761618E-14,0.0,0.0,
0.0,0.0,0.0,4.219583965856353E-10,0.0,0.0,
0.0,0.0,0.0,4.219583965856353E-10,0.0,0.0,
0.0,0.0,0.0,7.816721204776755E-9,0.0,0.0,
0.0,0.0,0.0,7.816721204776755E-9,0.0,0.0,
0.0,0.0,0.0,7.816721204776755E-9,0.0,0.0,
0.0,0.0,0.0,7.816721204776755E-9,0.0,0.0,
0.0,0.0,0.0,7.816721204776755E-9,0.0,0.0,
0.0,0.0,0.0,7.816721204776755E-9,0.0,0.0,
0.0,0.0,0.0,7.816721204776755E-9,0.0,0.0,
0.0,0.0,0.0,7.816721204776755E-9,0.0,0.0,
0.0,0.0,0.0,7.816721204776755E-9,0.0,0.0,
0.0,0.0,0.0,2.0097478695511698E-8,0.0,0.0,
0.0,0.0,0.0,1.9569866710882343E-8,0.0,0.0,
0.0,0.0,0.0,1.9569866710882343E-8,0.0,0.0,
0.0,0.0,0.0,2.0301927821859084E-8,0.0,0.0,
0.0,0.0,0.0,2.0301927821859084E-8,0.0,0.0,
0.0,0.0,0.0,2.0301927821859084E-8,0.0,1.054379534801163E-18,
0.0,0.0,0.0,2.0301927821859084E-8,0.0,1.054379534801163E-18,
0.0,0.0,0.0,2.0301927821859084E-8,0.0,1.054379534801163E-18,
0.0,0.0,0.0,2.0301927821859084E-8,2.9929474130209363E-7,1.054379534801163E-18,
0.0,0.0,0.0,8.592554547203777E-8,2.9929474130209363E-7,1.054379534801163E-18,
0.0,0.0,0.0,1.472543559955001E-7,2.9929474130209363E-7,1.054379534801163E-18,
0.0,0.0,0.0,1.472543559955001E-7,2.9929474130209363E-7,1.054379534801163E-18,
0.0,0.0,0.0,5.066138814572845E-7,2.9929474130209363E-7,1.054379534801163E-18,
0.0,0.0,0.0,9.800678458253706E-7,2.9929474130209363E-7,1.054379534801163E-18,
0.0,0.0,0.0,9.800678458253706E-7,2.9929474130209363E-7,1.054379534801163E-18,
0.0,0.0,0.0,9.800678458253706E-7,2.9929474130209363E-7,1.054379534801163E-18,
0.0,0.0,0.0,9.800678458253706E-7,2.9929474130209363E-7,1.9040138593391953E-12,
0.0,0.0,0.0,1.8958098637168978E-6,2.9929474130209363E-7,1.9040138593391953E-12,
0.0,0.0,0.0,1.7088227921502231E-6,2.9929474130209363E-7,1.9040138593391953E-12,
0.0,0.0,0.0,1.7088227921502231E-6,2.9929474130209363E-7,1.9040138593391953E-12,
0.0,0.0,0.0,4.306299991087062E-6,2.9929474130209363E-7,1.9040138593391953E-12,
0.0,0.0,0.0,7.350644616601478E-6,2.9929474130209363E-7,1.9040138593391953E-12,
0.0,0.0,0.0,7.350644616601478E-6,2.9929474130209363E-7,1.9040138593391953E-12,
0.0,0.0,0.0,7.350644616601478E-6,2.9929474130209363E-7,1.9040138593391953E-12,
0.0,0.0,0.0,7.350644616601478E-6,2.9929474130209363E-7,1.9040138593391953E-12,
0.0,0.0,0.0,9.087845489893319E-6,2.9929474130209363E-7,1.9040138593391953E-12,
0.0,0.0,0.0,7.466833932909698E-6,2.9929474130209363E-7,1.9040138593391953E-12,
0.0,0.0,0.0,7.466833932909698E-6,2.9929474130209363E-7,1.9040138593391953E-12,
0.0,0.0,0.0,7.466833932909698E-6,2.9929474130209363E-7,1.9040138593391953E-12,
0.0,0.0,0.0,1.0874367505198107E-5,2.9929474130209363E-7,1.9040138593391953E-12,
0.0,0.0,0.0,1.0874367505198107E-5,2.9929474130209363E-7,1.9040138593391953E-12,
0.0,0.0,0.0,1.0874367505198107E-5,2.9929474130209363E-7,1.9040138593391953E-12,
0.0,0.0,0.0,1.0874367505198107E-5,2.9929474130209363E-7,1.9040138593391953E-12,
0.0,6.238582653026258E-7,0.0,1.0874367505198107E-5,2.9929474130209363E-7,1.9040138593391953E-12,
0.0,6.238582653026258E-7,0.0,1.0874367505198107E-5,2.9929474130209363E-7,1.9040138593391953E-12,
0.0,6.238582653026258E-7,0.0,1.0874367505198107E-5,2.9929474130209363E-7,1.9040138593391953E-12,
0.0,6.238582653026258E-7,0.0,1.0874367505198107E-5,2.9929474130209363E-7,1.9040138593391953E-12,
0.0,6.238582653026258E-7,0.0,1.0874367505198107E-5,2.9929474130209363E-7,1.9040138593391953E-12,
0.0,6.238582653026258E-7,0.0,1.4228060275120708E-5,2.9929474130209363E-7,1.9040138593391953E-12,
0.0,1.0341676399270528E-6,0.0,1.4228060275120708E-5,2.9929474130209363E-7,1.9040138593391953E-12,
0.0,1.0341676399270528E-6,0.0,1.4228060275120708E-5,2.9929474130209363E-7,1.9040138593391953E-12,
0.0,1.0341676399270528E-6,0.0,1.4228060275120708E-5,2.9929474130209363E-7,1.9040138593391953E-12,
0.0,1.0341676399270528E-6,0.0,1.4228060275120708E-5,1.1479300220080564E-4,1.9040138593391953E-12,
0.0,1.0341676399270528E-6,0.0,2.952631544962401E-5,1.1479300220080564E-4,1.9040138593391953E-12,
0.0,1.0341676399270528E-6,0.0,2.952631544962401E-5,1.1479300220080564E-4,1.9040138593391953E-12,
0.0,1.0341676399270528E-6,0.0,2.952631544962401E-5,1.1479300220080564E-4,1.9040138593391953E-12,
0.0,1.0341676399270528E-6,0.0,2.952631544962401E-5,1.1479300220080564E-4,1.9040138593391953E-12,
0.0,1.0341676399270528E-6,0.0,2.952631544962401E-5,1.1479300220080564E-4,1.9040138593391953E-12,
0.0,1.0341676399270528E-6,0.0,2.952631544962401E-5,1.1479300220080564E-4,1.9040138593391953E-12,
0.0,1.0341676399270528E-6,0.0,2.952631544962401E-5,1.1479300220080564E-4,1.9040138593391953E-12,
0.0,1.0341676399270528E-6,0.0,2.952631544962401E-5,2.178390575805072E-4,1.9040138593391953E-12,
0.0,1.0341676399270528E-6,0.0,2.952631544962401E-5,2.178390575805072E-4,1.9040138593391953E-12,
0.0,1.0341676399270528E-6,0.0,5.632638929786821E-5,2.178390575805072E-4,1.9040138593391953E-12,
0.0,1.0341676399270528E-6,0.0,5.632638929786821E-5,2.178390575805072E-4,1.9040138593391953E-12,
0.0,1.0341676399270528E-6,0.0,5.632638929786821E-5,2.178390575805072E-4,1.9040138593391953E-12,
0.0,1.0341676399270528E-6,0.0,5.632638929786821E-5,2.178390575805072E-4,1.9040138593391953E-12,
0.0,1.0341676399270528E-6,0.0,5.632638929786821E-5,2.178390575805072E-4,3.29332762497613E-9,
0.0,1.0341676399270528E-6,0.0,5.632638929786821E-5,2.178390575805072E-4,3.29332762497613E-9,
0.0,1.0341676399270528E-6,0.0,5.126042492353741E-5,2.178390575805072E-4,3.29332762497613E-9,
0.0,1.0341676399270528E-6,0.0,5.126042492353741E-5,2.178390575805072E-4,3.29332762497613E-9,
0.0,1.0341676399270528E-6,0.0,5.126042492353741E-5,2.178390575805072E-4,3.29332762497613E-9,
0.0,1.0341676399270528E-6,0.0,1.7408720027426404E-4,2.178390575805072E-4,3.29332762497613E-9,
0.0,1.0341676399270528E-6,0.0,1.7408720027426404E-4,2.178390575805072E-4,3.29332762497613E-9,
0.0,1.0341676399270528E-6,0.0,1.7408720027426404E-4,2.178390575805072E-4,3.29332762497613E-9,
0.0,1.0341676399270528E-6,0.0,1.7408720027426404E-4,2.178390575805072E-4,3.29332762497613E-9,
0.0,1.0341676399270528E-6,0.0,1.7408720027426404E-4,6.739539664592903E-4,3.29332762497613E-9,
0.0,1.0341676399270528E-6,0.0,1.7408720027426404E-4,6.739539664592903E-4,7.092902072399065E-9,
0.0,1.0341676399270528E-6,0.0,1.7408720027426404E-4,6.739539664592903E-4,7.092902072399065E-9,
0.0,1.0341676399270528E-6,0.0,1.7408720027426404E-4,6.739539664592903E-4,7.092902072399065E-9,
0.0,1.0341676399270528E-6,0.0,1.7408720027426404E-4,6.739539664592903E-4,7.092902072399065E-9,
0.0,1.0341676399270528E-6,0.0,1.7408720027426404E-4,6.739539664592903E-4,7.092902072399065E-9,
0.0,1.0341676399270528E-6,0.0,1.7408720027426404E-4,6.739539664592903E-4,7.092902072399065E-9,
0.0,1.0341676399270528E-6,0.0,1.7408720027426404E-4,6.739539664592903E-4,7.092902072399065E-9,
0.0,1.0341676399270528E-6,0.0,1.7408720027426404E-4,6.739539664592903E-4,7.092902072399065E-9,
0.0,1.0341676399270528E-6,0.0,3.5149111956017914E-4,6.739539664592903E-4,7.092902072399065E-9,
0.0,1.0341676399270528E-6,0.0,3.5149111956017914E-4,6.739539664592903E-4,7.092902072399065E-9,
0.0,3.964055486151789E-5,0.0,5.627604147496819E-4,6.739539664592903E-4,7.092902072399065E-9,
0.0,1.0647117394896967E-4,0.0,8.062459673491371E-4,6.739539664592903E-4,7.092902072399065E-9,
0.0,1.0647117394896967E-4,0.0,8.062459673491371E-4,6.739539664592903E-4,7.092902072399065E-9,
0.0,1.0647117394896967E-4,0.0,8.062459673491371E-4,6.739539664592903E-4,7.092902072399065E-9,
0.0,1.0647117394896967E-4,0.0,8.062459673491371E-4,6.739539664592903E-4,7.092902072399065E-9,
0.0,1.0647117394896967E-4,0.0,8.062459673491371E-4,6.739539664592903E-4,7.092902072399065E-9,
0.0,1.0647117394896967E-4,0.0,8.062459673491371E-4,6.739539664592903E-4,7.092902072399065E-9,
0.0,1.0647117394896967E-4,0.0,8.062459673491371E-4,6.739539664592903E-4,7.092902072399065E-9,
0.0,1.0647117394896967E-4,0.0,8.376845667141728E-4,6.739539664592903E-4,7.092902072399065E-9,
0.0,1.0647117394896967E-4,0.0,0.00109813879745285,6.739539664592903E-4,7.092902072399065E-9,
0.0,1.0647117394896967E-4,0.0,0.0011446425267935983,6.739539664592903E-4,7.092902072399065E-9,
0.0,1.0647117394896967E-4,0.0,0.0011446425267935983,6.739539664592903E-4,7.092902072399065E-9,
0.0,1.0647117394896967E-4,0.0,0.0011446425267935983,6.739539664592903E-4,7.092902072399065E-9,
0.0,1.3453386053965624E-4,0.0,0.0011446425267935983,6.739539664592903E-4,7.092902072399065E-9,
0.0,1.3453386053965624E-4,0.0,0.0011446425267935983,6.739539664592903E-4,7.092902072399065E-9,
0.0,1.3453386053965624E-4,0.0,0.0011446425267935983,6.739539664592903E-4,7.092902072399065E-9,
0.0,1.3453386053965624E-4,0.0,0.0011446425267935983,6.739539664592903E-4,7.092902072399065E-9,
0.0,1.3453386053965624E-4,0.0,0.0011446425267935983,6.739539664592903E-4,7.092902072399065E-9,
0.0,1.3453386053965624E-4,0.0,0.0011446425267935983,6.739539664592903E-4,7.092902072399065E-9,
0.0,1.3453386053965624E-4,0.0,0.0011446425267935983,6.739539664592903E-4,7.092902072399065E-9,
0.0,1.3453386053965624E-4,0.0,0.0015384995624766469,6.739539664592903E-4,7.092902072399065E-9,
0.0,1.3453386053965624E-4,0.0,0.0015384995624766469,6.739539664592903E-4,7.092902072399065E-9,
0.0,1.3453386053965624E-4,0.0,0.0015384995624766469,0.0020848945797604487,7.092902072399065E-9,
0.0,1.3453386053965624E-4,0.0,0.0020424853193527154,0.0020848945797604487,7.092902072399065E-9,
0.0,1.3453386053965624E-4,0.0,0.0020424853193527154,0.0020848945797604487,7.092902072399065E-9,
0.0,1.3453386053965624E-4,0.0,0.0020424853193527154,0.003562288809096565,7.092902072399065E-9,
0.0,1.3453386053965624E-4,0.0,0.0020424853193527154,0.003562288809096565,7.092902072399065E-9,
0.0,1.3453386053965624E-4,0.0,0.0020424853193527154,0.003562288809096565,7.092902072399065E-9,
0.0,1.3453386053965624E-4,0.0,0.0025790560305370544,0.003562288809096565,7.092902072399065E-9,
0.0,1.3453386053965624E-4,0.0,0.0025790560305370544,0.003562288809096565,7.092902072399065E-9,
0.0,1.3453386053965624E-4,0.0,0.0025790560305370544,0.005384819160704123,7.092902072399065E-9,
0.0,1.3453386053965624E-4,0.0,0.003176128376587641,0.005384819160704123,7.092902072399065E-9,
0.0,1.3453386053965624E-4,0.0,0.003176128376587641,0.005384819160704123,7.092902072399065E-9,
0.0,1.3453386053965624E-4,0.0,0.003176128376587641,0.007196190237719017,7.092902072399065E-9,
0.0,1.3453386053965624E-4,0.0,0.003176128376587641,0.008478612160482207,7.092902072399065E-9,
0.0,1.3453386053965624E-4,0.0,0.003176128376587641,0.011704985972127338,7.092902072399065E-9,
0.0,1.3453386053965624E-4,0.0,0.003176128376587641,0.011704985972127338,7.092902072399065E-9,
0.0,1.3453386053965624E-4,0.0,0.003176128376587641,0.011704985972127338,7.092902072399065E-9,
0.0,1.7280745833294278E-4,0.0,0.005306989665878729,0.011704985972127338,7.092902072399065E-9,
0.0,1.7280745833294278E-4,0.0,0.005306989665878729,0.011704985972127338,7.092902072399065E-9,
0.0,1.7280745833294278E-4,0.0,0.005306989665878729,0.011704985972127338,7.092902072399065E-9,
0.0,1.7280745833294278E-4,0.0,0.005306989665878729,0.010937099354698512,7.092902072399065E-9,
0.0,1.7280745833294278E-4,0.0,0.005432345868251386,0.010937099354698512,7.092902072399065E-9,
0.0,1.7280745833294278E-4,0.0,0.005432345868251386,0.010937099354698512,7.092902072399065E-9,
0.0,1.7280745833294278E-4,0.0,0.0064304822196105255,0.010937099354698512,7.092902072399065E-9,
0.0,1.7280745833294278E-4,0.0,0.007471833967653607,0.010937099354698512,7.092902072399065E-9,
0.0,1.7280745833294278E-4,0.0,0.007471833967653607,0.010937099354698512,7.092902072399065E-9,
0.0,1.7280745833294278E-4,0.0,0.007471833967653607,0.010937099354698512,7.092902072399065E-9,
0.0,1.7280745833294278E-4,0.0,0.007471833967653607,0.010937099354698512,7.092902072399065E-9,
0.0,3.4055127772673194E-4,0.0,0.007471833967653607,0.010937099354698512,7.092902072399065E-9,
0.0,3.4055127772673194E-4,0.0,0.007471833967653607,0.010937099354698512,7.092902072399065E-9,
0.0,3.4055127772673194E-4,0.0,0.007471833967653607,0.010937099354698512,7.092902072399065E-9,
0.0,3.4055127772673194E-4,0.0,0.007471833967653607,0.010937099354698512,7.092902072399065E-9,
0.0,3.4055127772673194E-4,0.0,0.007471833967653607,0.010937099354698512,7.092902072399065E-9,
0.0,3.4055127772673194E-4,0.0,0.007471833967653607,0.010937099354698512,7.092902072399065E-9,
0.0,3.4055127772673194E-4,0.0,0.007471833967653607,0.010937099354698512,7.092902072399065E-9,
0.0,3.4055127772673194E-4,0.0,0.007471833967653607,0.010937099354698512,7.092902072399065E-9,
0.0,3.4055127772673194E-4,0.0,0.007812794369401702,0.010937099354698512,7.092902072399065E-9,
0.0,3.4055127772673194E-4,0.0,0.007812794369401702,0.010937099354698512,7.092902072399065E-9,
0.0,3.4055127772673194E-4,0.0,0.007812794369401702,0.010937099354698512,7.092902072399065E-9,
0.0,3.4055127772673194E-4,0.0,0.007812794369401702,0.010937099354698512,7.092902072399065E-9,
0.0,3.4055127772673194E-4,0.0,0.007812794369401702,0.010937099354698512,7.092902072399065E-9,
0.0,3.4055127772673194E-4,0.0,0.007812794369401702,0.010937099354698512,7.092902072399065E-9,
0.0,3.4055127772673194E-4,0.0,0.007812794369401702,0.010937099354698512,7.092902072399065E-9,
0.0,3.4055127772673194E-4,0.0,0.007812794369401702,0.010937099354698512,7.092902072399065E-9,
0.0,3.4055127772673194E-4,0.0,0.007812794369401702,0.010937099354698512,7.092902072399065E-9,
0.0,3.4055127772673194E-4,0.0,0.007812794369401702,0.010937099354698512,7.092902072399065E-9,
0.0,3.4055127772673194E-4,0.0,0.007812794369401702,0.010937099354698512,4.867302378145219E-5,
0.0,3.4055127772673194E-4,0.0,0.007812794369401702,0.010937099354698512,4.867302378145219E-5,
0.0,3.4055127772673194E-4,0.0,0.007812794369401702,0.010937099354698512,4.867302378145219E-5,
0.0,3.4055127772673194E-4,0.0,0.007812794369401702,0.010937099354698512,4.867302378145219E-5,
0.0,3.4055127772673194E-4,0.0,0.007812794369401702,0.010937099354698512,4.867302378145219E-5,
0.0,3.4055127772673194E-4,0.0,0.007812794369401702,0.010937099354698512,4.867302378145219E-5,
0.0,3.4055127772673194E-4,0.0,0.007812794369401702,0.010937099354698512,4.867302378145219E-5,
0.0,3.4055127772673194E-4,0.0,0.007812794369401702,0.010937099354698512,4.867302378145219E-5,
0.0,3.4055127772673194E-4,0.0,0.007812794369401702,0.010937099354698512,4.867302378145219E-5,
0.0,3.4055127772673194E-4,0.0,0.007812794369401702,0.010937099354698512,4.867302378145219E-5,
0.0,3.4055127772673194E-4,0.0,0.007812794369401702,0.010937099354698512,4.867302378145219E-5,
0.0,3.4055127772673194E-4,0.0,0.010200814503004425,0.010937099354698512,4.867302378145219E-5,
0.0,3.4055127772673194E-4,0.0,0.010200814503004425,0.010937099354698512,4.867302378145219E-5,
0.0,3.4055127772673194E-4,0.0,0.011151102230056484,0.010937099354698512,4.867302378145219E-5,
0.0,3.4055127772673194E-4,0.0,0.011151102230056484,0.010937099354698512,4.867302378145219E-5,
0.0,3.4055127772673194E-4,0.0,0.011151102230056484,0.010937099354698512,4.867302378145219E-5,
0.0,3.4055127772673194E-4,0.0,0.011151102230056484,0.010937099354698512,4.867302378145219E-5,
0.0,3.4055127772673194E-4,0.0,0.011151102230056484,0.010937099354698512,4.867302378145219E-5,
0.0,3.4055127772673194E-4,0.0,0.012304376365122445,0.010937099354698512,4.867302378145219E-5,
0.0,3.4055127772673194E-4,0.0,0.012304376365122445,0.010937099354698512,4.867302378145219E-5,
0.0,3.4055127772673194E-4,0.0,0.012304376365122445,0.010937099354698512,4.867302378145219E-5,
0.0,3.4055127772673194E-4,0.0,0.012304376365122445,0.010937099354698512,4.867302378145219E-5,
0.0,3.4055127772673194E-4,0.0,0.013497099183128783,0.010937099354698512,4.867302378145219E-5,
0.0,3.4055127772673194E-4,0.0,0.013497099183128783,0.010937099354698512,4.867302378145219E-5,
0.0,3.4055127772673194E-4,0.0,0.013497099183128783,0.010937099354698512,4.867302378145219E-5,
0.0,3.4055127772673194E-4,0.0,0.013497099183128783,0.010937099354698512,4.867302378145219E-5,
0.0,3.4055127772673194E-4,0.0,0.013497099183128783,0.010937099354698512,4.867302378145219E-5,
0.0,3.4055127772673194E-4,0.0,0.013497099183128783,0.010937099354698512,4.867302378145219E-5,
0.0,3.4055127772673194E-4,0.0,0.013497099183128783,0.010937099354698512,4.867302378145219E-5,
0.0,3.4055127772673194E-4,0.0,0.013497099183128783,0.010937099354698512,4.867302378145219E-5,
0.0,3.4055127772673194E-4,0.0,0.013497099183128783,0.010937099354698512,4.867302378145219E-5,
0.0,3.4055127772673194E-4,0.0,0.013497099183128783,0.010937099354698512,4.867302378145219E-5,
0.0,3.4055127772673194E-4,0.0,0.013497099183128783,0.010937099354698512,4.867302378145219E-5,
0.0,3.4055127772673194E-4,0.0,0.013497099183128783,0.010937099354698512,4.867302378145219E-5,
0.0,3.4055127772673194E-4,0.0,0.013497099183128783,0.010937099354698512,4.867302378145219E-5,
0.0,4.878387263331232E-4,0.0,0.013497099183128783,0.010937099354698512,4.867302378145219E-5,
0.0,4.878387263331232E-4,0.0,0.013497099183128783,0.010937099354698512,4.867302378145219E-5,
0.0,4.878387263331232E-4,0.0,0.013497099183128783,0.010937099354698512,4.867302378145219E-5,
0.0,4.878387263331232E-4,0.0,0.013497099183128783,0.010937099354698512,4.867302378145219E-5,
0.0,4.878387263331232E-4,0.0,0.013497099183128783,0.016358329221885782,4.867302378145219E-5,
0.0,4.878387263331232E-4,0.0,0.013497099183128783,0.016358329221885782,4.867302378145219E-5,
0.0,4.878387263331232E-4,0.0,0.013497099183128783,0.016358329221885782,4.867302378145219E-5,
0.0,4.878387263331232E-4,0.0,0.013497099183128783,0.016358329221885782,4.867302378145219E-5,
0.0,4.878387263331232E-4,0.0,0.013497099183128783,0.016358329221885782,4.867302378145219E-5,
0.0,4.878387263331232E-4,0.0,0.013497099183128783,0.016358329221885782,4.867302378145219E-5,
0.0,4.878387263331232E-4,0.0,0.013497099183128783,0.016358329221885782,4.867302378145219E-5,
0.0,4.878387263331232E-4,0.0,0.013497099183128783,0.016358329221885782,4.867302378145219E-5,
0.0,4.878387263331232E-4,0.0,0.013497099183128783,0.016358329221885782,4.867302378145219E-5,
0.0,4.878387263331232E-4,0.0,0.013497099183128783,0.016358329221885782,4.867302378145219E-5,
0.0,4.878387263331232E-4,0.0,0.013497099183128783,0.016358329221885782,4.867302378145219E-5,
0.0,4.878387263331232E-4,0.0,0.015128680779861948,0.016358329221885782,4.867302378145219E-5,
0.0,4.878387263331232E-4,0.0,0.015128680779861948,0.016358329221885782,4.867302378145219E-5,
0.0,4.878387263331232E-4,0.0,0.015128680779861948,0.01991155336738925,4.867302378145219E-5,
0.0,4.878387263331232E-4,0.0,0.015128680779861948,0.01991155336738925,4.867302378145219E-5,
0.0,4.878387263331232E-4,0.0,0.015128680779861948,0.01991155336738925,4.867302378145219E-5,
0.0,4.878387263331232E-4,0.0,0.015128680779861948,0.023446420565278656,4.867302378145219E-5,
0.0,4.878387263331232E-4,0.0,0.015128680779861948,0.023446420565278656,4.867302378145219E-5,
0.0,4.878387263331232E-4,0.0,0.015128680779861948,0.023446420565278656,4.867302378145219E-5,
0.0,4.878387263331232E-4,0.0,0.015128680779861948,0.023446420565278656,4.867302378145219E-5,
0.0,4.878387263331232E-4,0.0,0.015128680779861948,0.023446420565278656,4.867302378145219E-5,
0.0,4.878387263331232E-4,0.0,0.015128680779861948,0.023446420565278656,4.867302378145219E-5,
0.0,4.878387263331232E-4,0.0,0.015128680779861948,0.02855985177528774,4.867302378145219E-5,
0.0,4.878387263331232E-4,0.0,0.015128680779861948,0.02855985177528774,4.867302378145219E-5,
0.0,4.878387263331232E-4,0.0,0.015128680779861948,0.02855985177528774,4.867302378145219E-5,
0.0,4.878387263331232E-4,0.0,0.015128680779861948,0.02855985177528774,4.867302378145219E-5,
0.0,4.878387263331232E-4,0.0,0.015128680779861948,0.02855985177528774,4.867302378145219E-5,
0.0,4.878387263331232E-4,0.0,0.015128680779861948,0.02855985177528774,4.867302378145219E-5,
0.0,4.878387263331232E-4,0.0,0.015128680779861948,0.02855985177528774,4.867302378145219E-5,
0.0,4.878387263331232E-4,0.0,0.017282259151805562,0.02855985177528774,4.867302378145219E-5,
0.0,4.878387263331232E-4,0.0,0.017282259151805562,0.03174904858329785,4.867302378145219E-5,
0.0,4.878387263331232E-4,0.0,0.017282259151805562,0.03722524846974988,4.867302378145219E-5,
0.0,4.878387263331232E-4,0.0,0.017282259151805562,0.03722524846974988,4.867302378145219E-5,
0.0,4.878387263331232E-4,0.0,0.017282259151805562,0.03722524846974988,4.867302378145219E-5,
0.0,4.878387263331232E-4,0.0,0.017282259151805562,0.03722524846974988,4.867302378145219E-5,
0.0,4.878387263331232E-4,0.0,0.017282259151805562,0.03722524846974988,4.867302378145219E-5,
0.0,4.878387263331232E-4,0.0,0.017282259151805562,0.03981680905281872,4.867302378145219E-5,
0.0,4.878387263331232E-4,0.0,0.017282259151805562,0.03981680905281872,4.867302378145219E-5,
0.0,4.878387263331232E-4,0.0,0.017282259151805562,0.03981680905281872,4.867302378145219E-5,
0.0,4.878387263331232E-4,0.0,0.017282259151805562,0.042332259915219245,4.867302378145219E-5,
0.0,4.878387263331232E-4,0.0,0.017282259151805562,0.042332259915219245,4.867302378145219E-5,
0.0,4.878387263331232E-4,0.0,0.017282259151805562,0.04470851177871895,4.867302378145219E-5,
0.0,4.878387263331232E-4,0.0,0.017282259151805562,0.04470851177871895,4.867302378145219E-5,
0.0,4.878387263331232E-4,0.0,0.017282259151805562,0.04470851177871895,4.867302378145219E-5,
0.0,4.878387263331232E-4,0.0,0.017282259151805562,0.04470851177871895,4.867302378145219E-5,
0.0,4.878387263331232E-4,0.0,0.017282259151805562,0.04470851177871895,4.867302378145219E-5,
0.0,4.878387263331232E-4,0.0,0.017282259151805562,0.04496314413944467,4.867302378145219E-5,
0.0,4.878387263331232E-4,0.0,0.017282259151805562,0.044806011585699086,4.867302378145219E-5,
0.0,4.878387263331232E-4,0.0,0.017282259151805562,0.04668313875085229,4.867302378145219E-5,
0.0,4.878387263331232E-4,0.0,0.017282259151805562,0.04668313875085229,4.867302378145219E-5,
0.0,4.878387263331232E-4,0.0,0.017282259151805562,0.04668313875085229,4.867302378145219E-5,
0.0,4.878387263331232E-4,0.0,0.017282259151805562,0.04668313875085229,4.867302378145219E-5,
0.0,4.878387263331232E-4,0.0,0.017282259151805562,0.04668313875085229,4.867302378145219E-5,
0.0,4.878387263331232E-4,0.0,0.017282259151805562,0.04668313875085229,4.867302378145219E-5,
0.0,4.878387263331232E-4,0.0,0.017282259151805562,0.04668313875085229,4.867302378145219E-5,
0.0,4.878387263331232E-4,0.0,0.017282259151805562,0.04668313875085229,4.867302378145219E-5,
0.0,4.878387263331232E-4,0.0,0.017282259151805562,0.04668313875085229,4.867302378145219E-5,
0.0,4.878387263331232E-4,0.0,0.017282259151805562,0.04668313875085229,4.867302378145219E-5,
0.0,4.878387263331232E-4,0.0,0.017282259151805562,0.04852397544269099,4.867302378145219E-5,
0.0,4.878387263331232E-4,0.0,0.017282259151805562,0.04852397544269099,4.867302378145219E-5,
0.0,4.878387263331232E-4,0.0,0.017282259151805562,0.04852397544269099,4.867302378145219E-5,
0.0,4.878387263331232E-4,0.0,0.017282259151805562,0.04852397544269099,4.867302378145219E-5,
0.0,4.878387263331232E-4,0.0,0.017282259151805562,0.04852397544269099,4.867302378145219E-5,
0.0,4.878387263331232E-4,0.0,0.017282259151805562,0.04852397544269099,4.867302378145219E-5,
0.0,4.878387263331232E-4,0.0,0.017282259151805562,0.04852397544269099,4.867302378145219E-5,
0.0,4.878387263331232E-4,0.0,0.017282259151805562,0.04852397544269099,4.867302378145219E-5,
0.0,4.878387263331232E-4,0.0,0.017282259151805562,0.05046774234588067,4.867302378145219E-5,
0.0,4.878387263331232E-4,0.0,0.017282259151805562,0.05046774234588067,4.867302378145219E-5,
0.0,4.878387263331232E-4,0.0,0.017282259151805562,0.05046774234588067,4.867302378145219E-5,
0.0,4.878387263331232E-4,0.0,0.017282259151805562,0.05239677992688143,4.867302378145219E-5,
0.0,4.878387263331232E-4,0.0,0.017282259151805562,0.05239677992688143,4.867302378145219E-5,
0.0,4.878387263331232E-4,0.0,0.017282259151805562,0.05422688050579967,4.867302378145219E-5,
0.0,4.878387263331232E-4,0.0,0.021242910478296472,0.05422688050579967,4.867302378145219E-5,
0.0,4.878387263331232E-4,0.0,0.021242910478296472,0.05597031446948999,4.867302378145219E-5,
0.0,4.878387263331232E-4,0.0,0.021242910478296472,0.05597031446948999,4.867302378145219E-5,
0.0,4.878387263331232E-4,0.0,0.021242910478296472,0.05597031446948999,4.867302378145219E-5,
0.0,4.878387263331232E-4,0.0,0.021242910478296472,0.05597031446948999,4.867302378145219E-5,
0.0,4.878387263331232E-4,0.0,0.021242910478296472,0.05597031446948999,4.867302378145219E-5,
0.0,4.878387263331232E-4,0.0,0.021242910478296472,0.05597031446948999,4.867302378145219E-5,
0.0,4.878387263331232E-4,0.0,0.021242910478296472,0.05597031446948999,4.867302378145219E-5,
0.0,4.878387263331232E-4,0.0,0.021242910478296472,0.05597031446948999,4.867302378145219E-5,
0.0,4.878387263331232E-4,0.0,0.021242910478296472,0.05597031446948999,4.867302378145219E-5,
0.0,4.878387263331232E-4,0.0,0.023817983236691015,0.05597031446948999,4.867302378145219E-5,
0.0,4.878387263331232E-4,0.0,0.023817983236691015,0.05597031446948999,4.867302378145219E-5,
0.0,4.878387263331232E-4,0.0,0.023817983236691015,0.05597031446948999,4.867302378145219E-5,
0.0,4.878387263331232E-4,0.0,0.023817983236691015,0.05597031446948999,4.867302378145219E-5,
0.0,4.878387263331232E-4,0.0,0.023817983236691015,0.05572259717721481,4.867302378145219E-5,
0.0,4.878387263331232E-4,0.0,0.023817983236691015,0.05572259717721481,4.867302378145219E-5,
0.0,4.878387263331232E-4,0.0,0.023817983236691015,0.057679843954832895,4.867302378145219E-5,
0.0,4.878387263331232E-4,0.0,0.023817983236691015,0.057679843954832895,4.867302378145219E-5,
0.0,4.878387263331232E-4,0.0,0.026949367628127538,0.057679843954832895,4.867302378145219E-5,
0.0,4.878387263331232E-4,0.0,0.026949367628127538,0.05948751445496726,4.867302378145219E-5,
0.0,4.878387263331232E-4,0.0,0.026949367628127538,0.05948751445496726,4.867302378145219E-5,
0.0,4.878387263331232E-4,0.0,0.026949367628127538,0.061169058233843644,4.867302378145219E-5,
0.0,4.878387263331232E-4,0.0,0.026949367628127538,0.061169058233843644,4.867302378145219E-5,
0.0,4.878387263331232E-4,0.0,0.026949367628127538,0.061169058233843644,4.867302378145219E-5,
0.0,4.878387263331232E-4,0.0,0.026949367628127538,0.061169058233843644,4.867302378145219E-5,
0.0,4.878387263331232E-4,0.0,0.026949367628127538,0.061169058233843644,4.867302378145219E-5,
0.0,4.878387263331232E-4,0.0,0.026949367628127538,0.06179547430202702,4.867302378145219E-5,
0.0,4.878387263331232E-4,0.0,0.026949367628127538,0.06179547430202702,4.867302378145219E-5,
0.0,4.878387263331232E-4,0.0,0.026949367628127538,0.06179547430202702,4.867302378145219E-5,
0.0,4.878387263331232E-4,0.0,0.026949367628127538,0.06179547430202702,4.867302378145219E-5,
0.0,4.878387263331232E-4,0.0,0.026949367628127538,0.06179547430202702,4.867302378145219E-5,
0.0,4.878387263331232E-4,0.0,0.026949367628127538,0.06179547430202702,4.867302378145219E-5,
0.0,4.878387263331232E-4,0.0,0.03093899481555631,0.06179547430202702,4.867302378145219E-5,
0.0,4.878387263331232E-4,0.0,0.0345296592842422,0.06179547430202702,4.867302378145219E-5,
0.0,4.878387263331232E-4,0.0,0.0345296592842422,0.06179547430202702,4.867302378145219E-5,
0.0,4.878387263331232E-4,0.0,0.03776125730605951,0.06179547430202702,4.867302378145219E-5,
0.0,4.878387263331232E-4,0.0,0.03776125730605951,0.06179547430202702,4.867302378145219E-5,
0.0,4.878387263331232E-4,0.0,0.03776125730605951,0.06297140732377153,4.867302378145219E-5,
0.0,4.878387263331232E-4,0.0,0.03776125730605951,0.06297140732377153,4.867302378145219E-5,
0.0,4.878387263331232E-4,0.0,0.03776125730605951,0.06297140732377153,4.867302378145219E-5,
0.0,4.878387263331232E-4,0.0,0.03776125730605951,0.06297140732377153,4.867302378145219E-5,
0.0,4.878387263331232E-4,0.0,0.03776125730605951,0.06297140732377153,4.867302378145219E-5,
0.0,4.878387263331232E-4,0.0,0.03776125730605951,0.06275978961278599,4.867302378145219E-5,
0.0,4.878387263331232E-4,0.0,0.03776125730605951,0.06275978961278599,4.867302378145219E-5,
0.0,4.878387263331232E-4,0.0,0.03776125730605951,0.06407333089557743,4.867302378145219E-5,
0.0,4.878387263331232E-4,0.0,0.03776125730605951,0.06407333089557743,4.867302378145219E-5,
0.0,4.878387263331232E-4,0.0,0.03776125730605951,0.06533025757150768,4.867302378145219E-5,
0.0,4.878387263331232E-4,0.0,0.03776125730605951,0.06533025757150768,4.867302378145219E-5,
0.0,4.878387263331232E-4,0.0,0.03776125730605951,0.0663038769111882,4.867302378145219E-5,
0.0,4.878387263331232E-4,0.0,0.03776125730605951,0.0663038769111882,4.867302378145219E-5,
0.0,4.878387263331232E-4,0.0,0.03776125730605951,0.0663038769111882,4.867302378145219E-5,
0.0,4.878387263331232E-4,0.0,0.03776125730605951,0.0663038769111882,4.867302378145219E-5,
0.0,4.878387263331232E-4,0.0,0.03776125730605951,0.0663038769111882,4.867302378145219E-5,
0.0,4.878387263331232E-4,0.0,0.03776125730605951,0.06311894936536752,4.867302378145219E-5,
0.0,4.878387263331232E-4,0.0,0.03776125730605951,0.06311894936536752,4.867302378145219E-5,
0.0,4.878387263331232E-4,0.0,0.03776125730605951,0.06309694738232208,4.867302378145219E-5,
0.0,4.878387263331232E-4,0.0,0.04318898789017682,0.06309694738232208,4.867302378145219E-5,
0.0,4.878387263331232E-4,0.0,0.04318898789017682,0.0644522244743178,4.867302378145219E-5,
0.0,4.878387263331232E-4,0.0,0.04318898789017682,0.0644522244743178,4.867302378145219E-5,
0.0,4.878387263331232E-4,0.0,0.04318898789017682,0.0644522244743178,4.867302378145219E-5,
0.0,4.878387263331232E-4,0.0,0.04318898789017682,0.0644522244743178,4.867302378145219E-5,
0.0,4.878387263331232E-4,0.0,0.04318898789017682,0.06581989314507321,4.867302378145219E-5,
0.0,4.878387263331232E-4,0.0,0.04318898789017682,0.06391787477143025,4.867302378145219E-5,
0.0,4.878387263331232E-4,0.0,0.04318898789017682,0.06391787477143025,4.867302378145219E-5,
0.0,4.878387263331232E-4,0.0,0.04610885554856438,0.06391787477143025,4.867302378145219E-5,
0.0,4.878387263331232E-4,0.0,0.04610885554856438,0.06564552686157735,4.867302378145219E-5,
0.0,4.878387263331232E-4,0.0,0.04610885554856438,0.06715158370978,4.867302378145219E-5,
0.0,4.878387263331232E-4,0.0,0.04610885554856438,0.0637682348219615,4.867302378145219E-5,
0.0,4.878387263331232E-4,0.0,0.04610885554856438,0.0637682348219615,4.867302378145219E-5,
0.0,4.878387263331232E-4,0.0,0.04610885554856438,0.0637682348219615,4.867302378145219E-5,
0.0,4.878387263331232E-4,0.0,0.04610885554856438,0.06565890130957971,4.867302378145219E-5,
0.0,4.878387263331232E-4,0.0,0.04610885554856438,0.0672362071785386,4.867302378145219E-5,
0.0,4.878387263331232E-4,0.0,0.04610885554856438,0.0672362071785386,4.867302378145219E-5,
0.0,4.878387263331232E-4,0.0,0.04610885554856438,0.0672362071785386,4.867302378145219E-5,
0.0,4.878387263331232E-4,0.0,0.04610885554856438,0.0672362071785386,4.867302378145219E-5,
0.0,4.878387263331232E-4,0.0,0.04610885554856438,0.0672362071785386,4.867302378145219E-5,
0.0,4.878387263331232E-4,0.0,0.04610885554856438,0.0672362071785386,4.867302378145219E-5,
0.0,4.878387263331232E-4,0.0,0.04610885554856438,0.0672362071785386,4.867302378145219E-5,
0.0,4.878387263331232E-4,0.0,0.04610885554856438,0.0672362071785386,4.867302378145219E-5,
0.0,4.878387263331232E-4,0.0,0.04610885554856438,0.06746440372454646,4.867302378145219E-5,
0.0,4.878387263331232E-4,0.0,0.04610885554856438,0.06746440372454646,4.867302378145219E-5,
0.0,4.878387263331232E-4,0.0,0.04610885554856438,0.06746440372454646,4.867302378145219E-5,
0.0,4.878387263331232E-4,0.0,0.04610885554856438,0.06867266521413208,4.867302378145219E-5,
0.0,4.878387263331232E-4,0.0,0.048474227927462206,0.06867266521413208,4.867302378145219E-5,
0.0,4.878387263331232E-4,0.0,0.048474227927462206,0.06867266521413208,4.867302378145219E-5,
0.0,4.878387263331232E-4,0.0,0.048474227927462206,0.06867266521413208,4.867302378145219E-5,
0.0,4.878387263331232E-4,0.0,0.048474227927462206,0.06867266521413208,4.867302378145219E-5,
0.0,4.878387263331232E-4,0.0,0.048474227927462206,0.06867266521413208,4.867302378145219E-5,
0.0,4.878387263331232E-4,0.0,0.048474227927462206,0.06867266521413208,4.867302378145219E-5,
0.0,4.878387263331232E-4,0.0,0.048474227927462206,0.06867266521413208,4.867302378145219E-5,
0.0,4.878387263331232E-4,0.0,0.048474227927462206,0.06867266521413208,4.867302378145219E-5,
0.0,4.878387263331232E-4,0.0,0.048474227927462206,0.0698761239281349,4.867302378145219E-5,
0.0,4.878387263331232E-4,0.0,0.048474227927462206,0.0698761239281349,4.867302378145219E-5,
0.0,4.878387263331232E-4,0.0,0.050790464445526186,0.0698761239281349,4.867302378145219E-5,
0.0,4.878387263331232E-4,0.0,0.050790464445526186,0.0698761239281349,4.867302378145219E-5,
0.0,4.878387263331232E-4,0.0,0.050790464445526186,0.07065469793904036,4.867302378145219E-5,
0.0,4.878387263331232E-4,0.0,0.050790464445526186,0.06693091692275498,4.867302378145219E-5,
0.0,4.878387263331232E-4,0.0,0.050790464445526186,0.06693091692275498,4.867302378145219E-5,
0.0,4.878387263331232E-4,0.0,0.050790464445526186,0.06789325506608677,4.867302378145219E-5,
0.0,4.878387263331232E-4,0.0,0.050790464445526186,0.06789325506608677,4.867302378145219E-5,
0.0,4.878387263331232E-4,0.0,0.050790464445526186,0.06789325506608677,4.867302378145219E-5,
0.0,4.878387263331232E-4,0.0,0.050790464445526186,0.06789325506608677,4.867302378145219E-5,
0.0,4.878387263331232E-4,0.0,0.050790464445526186,0.06789325506608677,4.867302378145219E-5,
0.0,4.878387263331232E-4,0.0,0.05208698401168807,0.06789325506608677,4.867302378145219E-5,
0.0,4.878387263331232E-4,0.0,0.05208698401168807,0.06789325506608677,4.867302378145219E-5,
0.0,4.878387263331232E-4,0.0,0.05208698401168807,0.06789325506608677,4.867302378145219E-5,
0.0,4.878387263331232E-4,0.0,0.05208698401168807,0.06789325506608677,4.867302378145219E-5,
0.0,4.878387263331232E-4,0.0,0.05208698401168807,0.06789325506608677,4.867302378145219E-5,
0.0,4.878387263331232E-4,0.0,0.05208698401168807,0.06789325506608677,4.867302378145219E-5,
0.0,4.878387263331232E-4,0.0,0.05208698401168807,0.06789325506608677,4.867302378145219E-5,
0.0,4.878387263331232E-4,0.0,0.05208698401168807,0.06789325506608677,4.867302378145219E-5,
0.0,4.878387263331232E-4,0.0,0.05208698401168807,0.06848771052512469,4.867302378145219E-5,
0.0,4.878387263331232E-4,0.0,0.05208698401168807,0.06848771052512469,4.867302378145219E-5,
0.0,4.878387263331232E-4,0.0,0.05208698401168807,0.06949214270185318,4.867302378145219E-5,
0.0,4.878387263331232E-4,0.0,0.05208698401168807,0.07043758497731023,4.867302378145219E-5,
0.0,4.878387263331232E-4,0.0,0.05208698401168807,0.07043758497731023,4.867302378145219E-5,
0.0,4.878387263331232E-4,0.0,0.05208698401168807,0.07043758497731023,4.867302378145219E-5,
0.0,4.878387263331232E-4,0.0,0.05208698401168807,0.07043758497731023,4.867302378145219E-5,
0.0,4.878387263331232E-4,0.0,0.05208698401168807,0.07137802186553947,4.867302378145219E-5,
0.0,4.878387263331232E-4,0.0,0.05208698401168807,0.07137802186553947,4.867302378145219E-5,
0.0,4.878387263331232E-4,0.0,0.05208698401168807,0.07137802186553947,4.867302378145219E-5,
0.0,4.878387263331232E-4,0.0,0.05208698401168807,0.07137802186553947,4.867302378145219E-5,
0.0,4.878387263331232E-4,0.0,0.05208698401168807,0.0722679640235201,4.867302378145219E-5,
0.0,4.878387263331232E-4,0.0,0.05208698401168807,0.0722679640235201,4.867302378145219E-5,
0.0,4.878387263331232E-4,0.0,0.05208698401168807,0.0722679640235201,4.867302378145219E-5,
0.0,4.878387263331232E-4,0.0,0.05208698401168807,0.07231833600396657,4.867302378145219E-5,
0.0,4.878387263331232E-4,0.0,0.05208698401168807,0.07231833600396657,4.867302378145219E-5,
0.0,4.878387263331232E-4,0.0,0.05208698401168807,0.07231833600396657,4.867302378145219E-5,
0.0,4.878387263331232E-4,0.0,0.05208698401168807,0.07231833600396657,4.867302378145219E-5,
0.0,4.878387263331232E-4,0.0,0.05208698401168807,0.07231833600396657,4.867302378145219E-5,
0.0,4.878387263331232E-4,0.0,0.05208698401168807,0.07231833600396657,4.867302378145219E-5,
0.0,4.878387263331232E-4,0.0,0.05208698401168807,0.07231833600396657,4.867302378145219E-5,
0.0,4.878387263331232E-4,0.0,0.055588284293350505,0.07231833600396657,4.867302378145219E-5,
0.0,4.878387263331232E-4,0.0,0.055588284293350505,0.07231833600396657,4.867302378145219E-5,
0.0,4.878387263331232E-4,0.0,0.055588284293350505,0.07231833600396657,4.867302378145219E-5,
0.0,4.878387263331232E-4,0.0,0.055588284293350505,0.07231833600396657,4.867302378145219E-5,
0.0,4.878387263331232E-4,0.0,0.055588284293350505,0.07231833600396657,4.867302378145219E-5,
0.0,4.878387263331232E-4,0.0,0.055588284293350505,0.07231833600396657,4.867302378145219E-5,
0.0,4.878387263331232E-4,0.0,0.055588284293350505,0.07231833600396657,4.867302378145219E-5,
0.0,4.878387263331232E-4,0.0,0.055588284293350505,0.07328941618094388,4.867302378145219E-5,
0.0,4.878387263331232E-4,0.0,0.055588284293350505,0.07328941618094388,4.867302378145219E-5,
0.0,4.878387263331232E-4,0.0,0.055588284293350505,0.07328941618094388,4.867302378145219E-5,
0.0,4.878387263331232E-4,0.0,0.055588284293350505,0.06839617013640034,4.867302378145219E-5,
0.0,4.878387263331232E-4,0.0,0.055588284293350505,0.06839617013640034,4.867302378145219E-5,
0.0,4.878387263331232E-4,0.0,0.05751821138262521,0.06839617013640034,4.867302378145219E-5,
0.0,4.878387263331232E-4,0.0,0.05751821138262521,0.06733232803780942,4.867302378145219E-5,
0.0,4.878387263331232E-4,0.0,0.05751821138262521,0.06733232803780942,4.867302378145219E-5,
0.0,4.878387263331232E-4,0.0,0.05751821138262521,0.06914670814057697,4.867302378145219E-5,
0.0,4.878387263331232E-4,0.0,0.05751821138262521,0.06914670814057697,4.867302378145219E-5,
0.0,4.878387263331232E-4,0.0,0.05751821138262521,0.06914670814057697,4.867302378145219E-5,
0.0,4.878387263331232E-4,0.0,0.05751821138262521,0.07100936008097228,4.867302378145219E-5,
0.0,4.878387263331232E-4,0.0,0.05751821138262521,0.07100936008097228,4.867302378145219E-5,
0.0,4.878387263331232E-4,0.0,0.05751821138262521,0.07100936008097228,4.867302378145219E-5,
0.0,4.878387263331232E-4,0.0,0.05751821138262521,0.07261113326574065,4.867302378145219E-5,
0.0,4.878387263331232E-4,0.0,0.05944302546537279,0.07261113326574065,4.867302378145219E-5,
0.0,4.878387263331232E-4,0.0,0.05944302546537279,0.07261113326574065,4.867302378145219E-5,
0.0,4.878387263331232E-4,0.0,0.05944302546537279,0.07261113326574065,4.867302378145219E-5,
0.0,4.878387263331232E-4,0.0,0.05944302546537279,0.07261113326574065,4.867302378145219E-5,
0.0,4.878387263331232E-4,0.0,0.05944302546537279,0.07261113326574065,4.867302378145219E-5,
0.0,4.878387263331232E-4,0.0,0.05944302546537279,0.07261113326574065,4.867302378145219E-5,
0.0,4.878387263331232E-4,0.0,0.05944302546537279,0.07261113326574065,4.867302378145219E-5,
0.0,4.878387263331232E-4,0.0,0.05944302546537279,0.07261113326574065,4.867302378145219E-5,
0.0,4.878387263331232E-4,0.0,0.05944302546537279,0.07261113326574065,4.867302378145219E-5,
0.0,4.878387263331232E-4,0.0,0.05944302546537279,0.07261113326574065,4.867302378145219E-5,
0.0,4.878387263331232E-4,0.0,0.05944302546537279,0.06781274211011844,4.867302378145219E-5,
0.0,4.878387263331232E-4,0.0,0.05944302546537279,0.06781274211011844,4.867302378145219E-5,
0.0,4.878387263331232E-4,0.0,0.05944302546537279,0.06781274211011844,4.867302378145219E-5,
0.0,4.878387263331232E-4,0.0,0.05944302546537279,0.06990648031660253,4.867302378145219E-5,
0.0,4.878387263331232E-4,0.0,0.05944302546537279,0.06990648031660253,4.867302378145219E-5,
0.0,4.878387263331232E-4,0.0,0.05944302546537279,0.06990648031660253,4.867302378145219E-5,
0.0,4.878387263331232E-4,0.0,0.05944302546537279,0.06990648031660253,4.867302378145219E-5,
0.0,4.878387263331232E-4,0.0,0.06088093641396913,0.06990648031660253,4.867302378145219E-5,
0.0,4.878387263331232E-4,0.0,0.06088093641396913,0.06990648031660253,4.867302378145219E-5,
0.0,4.878387263331232E-4,0.0,0.06088093641396913,0.06601026616513825,4.867302378145219E-5,
0.0,4.878387263331232E-4,0.0,0.06088093641396913,0.06601026616513825,4.867302378145219E-5,
0.0,4.878387263331232E-4,0.0,0.06088093641396913,0.06601026616513825,4.867302378145219E-5,
0.0,4.878387263331232E-4,0.0,0.06088093641396913,0.06601026616513825,4.867302378145219E-5,
0.0,4.878387263331232E-4,0.0,0.06088093641396913,0.06601026616513825,4.867302378145219E-5,
0.0,4.878387263331232E-4,0.0,0.06088093641396913,0.06601026616513825,4.867302378145219E-5,
0.0,4.878387263331232E-4,0.0,0.06088093641396913,0.06601026616513825,4.867302378145219E-5,
0.0,4.878387263331232E-4,0.0,0.06088093641396913,0.06601026616513825,4.867302378145219E-5,
0.0,4.878387263331232E-4,0.0,0.06155124325412681,0.06601026616513825,4.867302378145219E-5,
0.0,4.878387263331232E-4,0.0,0.06155124325412681,0.06601026616513825,4.867302378145219E-5,
0.0,4.878387263331232E-4,0.0,0.06155124325412681,0.06601026616513825,4.867302378145219E-5,
0.0,4.878387263331232E-4,0.0,0.061341645097986335,0.06601026616513825,4.867302378145219E-5,
0.0,4.878387263331232E-4,0.0,0.061341645097986335,0.06601026616513825,4.867302378145219E-5,
0.0,4.878387263331232E-4,0.0,0.06220967144707553,0.06601026616513825,4.867302378145219E-5,
0.0,4.878387263331232E-4,0.0,0.06220967144707553,0.06601026616513825,4.867302378145219E-5,
0.0,4.878387263331232E-4,0.0,0.06220967144707553,0.06601026616513825,4.867302378145219E-5,
0.0,4.878387263331232E-4,0.0,0.06220967144707553,0.06601026616513825,4.867302378145219E-5,
0.0,4.878387263331232E-4,0.0,0.06309833576453314,0.06601026616513825,4.867302378145219E-5,
0.0,4.878387263331232E-4,0.0,0.06309833576453314,0.06601026616513825,4.867302378145219E-5,
0.0,4.878387263331232E-4,0.0,0.06309833576453314,0.06601026616513825,4.867302378145219E-5,
0.0,4.878387263331232E-4,0.0,0.06309833576453314,0.06601026616513825,4.867302378145219E-5,
0.0,4.878387263331232E-4,0.0,0.06309833576453314,0.06601026616513825,4.867302378145219E-5,
0.0,4.878387263331232E-4,0.0,0.06309833576453314,0.06741374918443868,4.867302378145219E-5,
0.0,4.878387263331232E-4,0.0,0.06404639623739151,0.06741374918443868,4.867302378145219E-5,
0.0,4.878387263331232E-4,0.0,0.06404639623739151,0.06741374918443868,4.867302378145219E-5,
0.0,4.878387263331232E-4,0.0,0.06404639623739151,0.06741374918443868,4.867302378145219E-5,
0.0,4.878387263331232E-4,0.0,0.06404639623739151,0.06841156961168132,4.867302378145219E-5,
0.0,4.878387263331232E-4,0.0,0.06404639623739151,0.06841156961168132,4.867302378145219E-5,
0.0,4.878387263331232E-4,0.0,0.06404639623739151,0.06841156961168132,4.867302378145219E-5,
0.0,4.878387263331232E-4,0.0,0.06404639623739151,0.06934971185773009,4.867302378145219E-5,
0.0,4.878387263331232E-4,0.0,0.06404639623739151,0.06934971185773009,4.867302378145219E-5,
0.0,4.878387263331232E-4,0.0,0.06404639623739151,0.06934971185773009,4.867302378145219E-5,
0.0,4.878387263331232E-4,0.0,0.06404639623739151,0.06943843208456814,4.867302378145219E-5,
0.0,4.878387263331232E-4,0.0,0.06404639623739151,0.06943843208456814,4.867302378145219E-5,
0.0,4.878387263331232E-4,0.0,0.06453559394071241,0.06943843208456814,4.867302378145219E-5,
0.0,4.878387263331232E-4,0.0,0.06453559394071241,0.06943843208456814,4.867302378145219E-5,
0.0,4.878387263331232E-4,0.0,0.06453559394071241,0.06943843208456814,4.867302378145219E-5,
0.0,4.878387263331232E-4,0.0,0.06453559394071241,0.06943843208456814,4.867302378145219E-5,
0.0,4.878387263331232E-4,0.0,0.06453559394071241,0.06943843208456814,4.867302378145219E-5,
0.0,4.878387263331232E-4,0.0,0.06453559394071241,0.06943843208456814,4.867302378145219E-5,
0.0,4.878387263331232E-4,0.0,0.06546532824365969,0.06943843208456814,4.867302378145219E-5,
0.0,4.878387263331232E-4,0.0,0.06546532824365969,0.06943843208456814,4.867302378145219E-5,
0.0,4.878387263331232E-4,0.0,0.06546532824365969,0.06943843208456814,4.867302378145219E-5,
0.0,4.878387263331232E-4,0.0,0.06546532824365969,0.07032774085129577,4.867302378145219E-5,
0.0,4.878387263331232E-4,0.0,0.06546532824365969,0.07103858353666655,4.867302378145219E-5,
0.0,4.878387263331232E-4,0.0,0.06546532824365969,0.07103858353666655,4.867302378145219E-5,
0.0,4.878387263331232E-4,0.0,0.06637860866869535,0.07103858353666655,4.867302378145219E-5,
0.0,4.878387263331232E-4,0.0,0.06637860866869535,0.07103858353666655,4.867302378145219E-5,
0.0,4.878387263331232E-4,0.0,0.06637860866869535,0.07103858353666655,4.867302378145219E-5,
0.0,4.878387263331232E-4,0.0,0.06637860866869535,0.07103858353666655,4.867302378145219E-5,
0.0,4.878387263331232E-4,0.0,0.06637860866869535,0.07103858353666655,4.867302378145219E-5,
0.0,4.878387263331232E-4,0.0,0.06637860866869535,0.07103858353666655,4.867302378145219E-5,
0.0,4.878387263331232E-4,0.0,0.06463682529515108,0.07103858353666655,4.867302378145219E-5,
0.0,4.878387263331232E-4,0.0,0.06463682529515108,0.07103858353666655,4.867302378145219E-5,
0.0,4.878387263331232E-4,0.0,0.06463682529515108,0.07103858353666655,4.867302378145219E-5,
0.0,4.878387263331232E-4,0.0,0.06463682529515108,0.07155671722866778,4.867302378145219E-5,
0.0,4.878387263331232E-4,0.0,0.06463682529515108,0.07155671722866778,4.867302378145219E-5,
0.0,4.878387263331232E-4,0.0,0.06463682529515108,0.07155671722866778,4.867302378145219E-5,
0.0,4.878387263331232E-4,0.0,0.06463682529515108,0.07155671722866778,4.867302378145219E-5,
0.0,4.878387263331232E-4,0.0,0.06463682529515108,0.07155671722866778,4.867302378145219E-5,
0.0,4.878387263331232E-4,0.0,0.06463682529515108,0.07155671722866778,4.867302378145219E-5,
0.0,4.878387263331232E-4,0.0,0.06463682529515108,0.07155671722866778,4.867302378145219E-5,
0.0,4.878387263331232E-4,0.0,0.06564917389466424,0.07155671722866778,4.867302378145219E-5,
0.0,4.878387263331232E-4,0.0,0.06564917389466424,0.07172689023961612,4.867302378145219E-5,
0.0,4.878387263331232E-4,0.0,0.06564917389466424,0.0659114466802586,4.867302378145219E-5,
0.0,4.878387263331232E-4,0.0,0.06564917389466424,0.0659114466802586,4.867302378145219E-5,
0.0,4.878387263331232E-4,0.0,0.06564917389466424,0.0659114466802586,4.867302378145219E-5,
0.0,4.878387263331232E-4,0.0,0.06564917389466424,0.0659114466802586,4.867302378145219E-5,
0.0,4.878387263331232E-4,0.0,0.06564917389466424,0.0659114466802586,4.867302378145219E-5,
0.0,4.878387263331232E-4,0.0,0.06564917389466424,0.0659114466802586,4.867302378145219E-5,
0.0,4.878387263331232E-4,0.0,0.06353686568170154,0.0659114466802586,4.867302378145219E-5,
0.0,4.878387263331232E-4,0.0,0.06353686568170154,0.0659114466802586,4.867302378145219E-5,
0.0,4.878387263331232E-4,0.0,0.06353686568170154,0.0659114466802586,4.867302378145219E-5,
0.0,4.878387263331232E-4,0.0,0.06353686568170154,0.0659114466802586,4.867302378145219E-5,
0.0,4.878387263331232E-4,0.0,0.06353686568170154,0.0659114466802586,4.867302378145219E-5,
0.0,4.878387263331232E-4,0.0,0.06353686568170154,0.0659114466802586,4.867302378145219E-5,
0.0,4.878387263331232E-4,0.0,0.06353686568170154,0.0659114466802586,4.867302378145219E-5,
0.0,4.878387263331232E-4,0.0,0.06353686568170154,0.0659114466802586,4.867302378145219E-5,
0.0,4.878387263331232E-4,0.0,0.06353686568170154,0.0659114466802586,4.867302378145219E-5,
0.0,4.878387263331232E-4,0.0,0.06353686568170154,0.0659114466802586,4.867302378145219E-5,
0.0,4.878387263331232E-4,0.0,0.062122653355066726,0.0659114466802586,4.867302378145219E-5,
0.0,4.878387263331232E-4,0.0,0.062122653355066726,0.0659114466802586,4.867302378145219E-5,
0.0,4.878387263331232E-4,0.0,0.062122653355066726,0.0659114466802586,4.867302378145219E-5,
0.0,4.878387263331232E-4,0.0,0.062122653355066726,0.06678018838862786,4.867302378145219E-5,
0.0,4.878387263331232E-4,0.0,0.062122653355066726,0.06678018838862786,4.867302378145219E-5,
0.0,4.878387263331232E-4,0.0,0.062122653355066726,0.06678018838862786,4.867302378145219E-5,
0.0,4.878387263331232E-4,0.0,0.062122653355066726,0.06678018838862786,4.867302378145219E-5,
0.0,4.878387263331232E-4,0.0,0.062166742489823484,0.06678018838862786,4.867302378145219E-5,
0.0,4.878387263331232E-4,0.0,0.062166742489823484,0.06678018838862786,4.867302378145219E-5,
0.0,4.878387263331232E-4,0.0,0.062166742489823484,0.06678018838862786,4.867302378145219E-5,
0.0,4.878387263331232E-4,0.0,0.06288475237766065,0.06678018838862786,4.867302378145219E-5,
0.0,4.878387263331232E-4,0.0,0.06347748045695296,0.06678018838862786,4.867302378145219E-5,
0.0,4.878387263331232E-4,0.0,0.06347748045695296,0.0662813604405897,4.867302378145219E-5,
0.0,4.878387263331232E-4,0.0,0.06347748045695296,0.0662813604405897,4.867302378145219E-5,
0.0,4.878387263331232E-4,0.0,0.06347748045695296,0.0662813604405897,4.867302378145219E-5,
0.0,4.878387263331232E-4,0.0,0.06347748045695296,0.0662813604405897,4.867302378145219E-5,
0.0,4.878387263331232E-4,0.0,0.06347748045695296,0.0662813604405897,4.867302378145219E-5,
0.0,4.878387263331232E-4,0.0,0.06106537978137373,0.0662813604405897,4.867302378145219E-5,
0.0,4.878387263331232E-4,0.0,0.06106537978137373,0.06741016571723105,4.867302378145219E-5,
0.0,4.878387263331232E-4,0.0,0.06106537978137373,0.06741016571723105,4.867302378145219E-5,
0.0,4.878387263331232E-4,0.0,0.06106537978137373,0.06741016571723105,4.867302378145219E-5,
0.0,4.878387263331232E-4,0.0,0.06106537978137373,0.06741016571723105,4.867302378145219E-5,
0.0,4.878387263331232E-4,0.0,0.06106537978137373,0.06741016571723105,4.867302378145219E-5,
0.0,4.878387263331232E-4,0.0,0.06095444445688956,0.06741016571723105,4.867302378145219E-5,
0.0,4.878387263331232E-4,0.0,0.06095444445688956,0.06741016571723105,4.867302378145219E-5,
0.0,4.878387263331232E-4,0.0,0.06095444445688956,0.06539224783928285,4.867302378145219E-5,
0.0,4.878387263331232E-4,0.0,0.06095444445688956,0.06539224783928285,4.867302378145219E-5,
0.0,4.878387263331232E-4,0.0,0.06095444445688956,0.06668440984219022,4.867302378145219E-5,
0.0,4.878387263331232E-4,0.0,0.06095444445688956,0.06668440984219022,4.867302378145219E-5,
0.0,4.878387263331232E-4,0.0,0.06095444445688956,0.06668440984219022,4.867302378145219E-5,
0.0,4.878387263331232E-4,0.0,0.06095444445688956,0.06668440984219022,4.867302378145219E-5,
0.0,4.878387263331232E-4,0.0,0.0589411246982116,0.06668440984219022,4.867302378145219E-5,
0.0,4.878387263331232E-4,0.0,0.0589411246982116,0.06668440984219022,4.867302378145219E-5,
0.0,4.878387263331232E-4,0.0,0.0589411246982116,0.06668440984219022,4.867302378145219E-5,
0.0,4.878387263331232E-4,0.0,0.06000088698787638,0.06668440984219022,4.867302378145219E-5,
0.0,4.878387263331232E-4,0.0,0.06000088698787638,0.06668440984219022,4.867302378145219E-5,
0.0,4.878387263331232E-4,0.0,0.06000088698787638,0.06668440984219022,4.867302378145219E-5,
0.0,4.878387263331232E-4,0.0,0.06096259106018237,0.06668440984219022,4.867302378145219E-5,
0.0,4.878387263331232E-4,0.0,0.06096259106018237,0.06777509978618679,4.867302378145219E-5,
0.0,4.878387263331232E-4,0.0,0.06096259106018237,0.06777509978618679,4.867302378145219E-5,
0.0,4.878387263331232E-4,0.0,0.06096259106018237,0.06777509978618679,4.867302378145219E-5,
0.0,4.878387263331232E-4,0.0,0.06096259106018237,0.06777509978618679,4.867302378145219E-5,
0.0,4.878387263331232E-4,0.0,0.06096259106018237,0.06881105061472058,4.867302378145219E-5,
0.0,4.878387263331232E-4,0.0,0.062027888210899156,0.06881105061472058,4.867302378145219E-5,
0.0,4.878387263331232E-4,0.0,0.062027888210899156,0.06881105061472058,4.867302378145219E-5,
0.0,4.878387263331232E-4,0.0,0.062027888210899156,0.06881105061472058,4.867302378145219E-5,
0.0,4.878387263331232E-4,0.0,0.062027888210899156,0.06881105061472058,4.867302378145219E-5,
0.0,4.878387263331232E-4,0.0,0.062027888210899156,0.06881105061472058,4.867302378145219E-5,
0.0,4.878387263331232E-4,0.0,0.062027888210899156,0.06881105061472058,4.867302378145219E-5,
0.0,4.878387263331232E-4,0.0,0.062027888210899156,0.06881105061472058,4.867302378145219E-5,
0.0,4.878387263331232E-4,0.0,0.062027888210899156,0.06881105061472058,4.867302378145219E-5,
0.0,4.878387263331232E-4,0.0,0.062027888210899156,0.06881105061472058,4.867302378145219E-5,
0.0,4.878387263331232E-4,0.0,0.062027888210899156,0.06881105061472058,4.867302378145219E-5,
0.0,4.878387263331232E-4,0.0,0.06308288301941653,0.06881105061472058,4.867302378145219E-5,
0.0,4.878387263331232E-4,0.0,0.06308288301941653,0.06881105061472058,4.867302378145219E-5,
0.0,4.878387263331232E-4,0.0,0.0640664357291203,0.06881105061472058,4.867302378145219E-5,
0.0,4.878387263331232E-4,0.0,0.06485289579604744,0.06881105061472058,4.867302378145219E-5,
0.0,4.878387263331232E-4,0.0,0.06485289579604744,0.06881105061472058,4.867302378145219E-5,
0.0,4.878387263331232E-4,0.0,0.06485289579604744,0.06881105061472058,4.867302378145219E-5,
0.0,4.878387263331232E-4,0.0,0.06485289579604744,0.06881105061472058,4.867302378145219E-5,
0.0,4.878387263331232E-4,0.0,0.06485289579604744,0.06881105061472058,4.867302378145219E-5,
0.0,4.878387263331232E-4,0.0,0.06485289579604744,0.06733008083555626,4.867302378145219E-5,
0.0,4.878387263331232E-4,0.0,0.06547208691795099,0.06733008083555626,4.867302378145219E-5,
0.0,4.878387263331232E-4,0.0,0.06547208691795099,0.06733008083555626,4.867302378145219E-5,
0.0,4.878387263331232E-4,0.0,0.06547208691795099,0.06733008083555626,4.867302378145219E-5,
0.0,4.878387263331232E-4,0.0,0.06547208691795099,0.06733008083555626,4.867302378145219E-5,
0.0,4.878387263331232E-4,0.0,0.06547208691795099,0.06733008083555626,4.867302378145219E-5,
0.0,4.878387263331232E-4,0.0,0.06599494579950588,0.06733008083555626,4.867302378145219E-5,
0.0,4.878387263331232E-4,0.0,0.06599494579950588,0.06733008083555626,4.867302378145219E-5,
0.0,4.878387263331232E-4,0.0,0.06599494579950588,0.06733008083555626,4.867302378145219E-5,
0.0,4.878387263331232E-4,0.0,0.06599494579950588,0.06733008083555626,4.867302378145219E-5,
0.0,4.878387263331232E-4,0.0,0.06599494579950588,0.06733008083555626,4.867302378145219E-5,
0.0,4.878387263331232E-4,0.0,0.06599494579950588,0.06733008083555626,4.867302378145219E-5,
0.0,4.878387263331232E-4,0.0,0.06599494579950588,0.06733008083555626,4.867302378145219E-5,
0.0,4.878387263331232E-4,0.0,0.06599494579950588,0.06733008083555626,4.867302378145219E-5,
0.0,4.878387263331232E-4,0.0,0.06599494579950588,0.06733008083555626,4.867302378145219E-5,
0.0,4.878387263331232E-4,0.0,0.06599494579950588,0.06733008083555626,4.867302378145219E-5,
0.0,4.878387263331232E-4,0.0,0.06599494579950588,0.06733008083555626,4.867302378145219E-5,
0.0,4.878387263331232E-4,0.0,0.06599494579950588,0.06733008083555626,4.867302378145219E-5,
0.0,4.878387263331232E-4,0.0,0.06599494579950588,0.06733008083555626,4.867302378145219E-5,
0.0,4.878387263331232E-4,0.0,0.06599494579950588,0.06733008083555626,4.867302378145219E-5,
0.0,4.878387263331232E-4,0.0,0.06599494579950588,0.06733008083555626,4.867302378145219E-5,
0.0,4.878387263331232E-4,0.0,0.06599494579950588,0.06733008083555626,4.867302378145219E-5,
0.0,4.878387263331232E-4,0.0,0.06599494579950588,0.06733008083555626,4.867302378145219E-5,
0.0,4.878387263331232E-4,0.0,0.06599494579950588,0.06733008083555626,4.867302378145219E-5,
0.0,4.878387263331232E-4,0.0,0.06640702280941772,0.06708218049047501,4.867302378145219E-5,
0.0,4.878387263331232E-4,0.0,0.06640702280941772,0.06708218049047501,4.867302378145219E-5,
0.0,4.878387263331232E-4,0.0,0.06640702280941772,0.06708218049047501,4.867302378145219E-5,
0.0,4.878387263331232E-4,0.0,0.06357454065367661,0.06708218049047501,4.867302378145219E-5,
0.0,4.878387263331232E-4,0.0,0.06357454065367661,0.06841749784657836,4.867302378145219E-5,
0.0,4.878387263331232E-4,0.0,0.06357454065367661,0.06841749784657836,4.867302378145219E-5,
0.0,4.878387263331232E-4,0.0,0.06357454065367661,0.06841749784657836,4.867302378145219E-5,
0.0,4.878387263331232E-4,0.0,0.06433185455970022,0.06841749784657836,4.867302378145219E-5,
0.0,4.878387263331232E-4,0.0,0.06433185455970022,0.06841749784657836,4.867302378145219E-5,
0.0,4.878387263331232E-4,0.0,0.06433185455970022,0.06944890022368869,4.867302378145219E-5,
0.0,4.878387263331232E-4,0.0,0.06433185455970022,0.06614717717743389,4.867302378145219E-5,
0.0,4.878387263331232E-4,0.0,0.06433185455970022,0.06614717717743389,4.867302378145219E-5,
0.0,4.878387263331232E-4,0.0,0.06493848922339443,0.06614717717743389,4.867302378145219E-5,
0.0,4.878387263331232E-4,0.0,0.06493848922339443,0.06614717717743389,4.867302378145219E-5,
0.0,4.878387263331232E-4,0.0,0.06493848922339443,0.06614717717743389,4.867302378145219E-5,
0.0,4.878387263331232E-4,0.0,0.06493848922339443,0.06614717717743389,4.867302378145219E-5,
0.0,4.878387263331232E-4,0.0,0.06493848922339443,0.06614717717743389,4.867302378145219E-5,
0.0,4.878387263331232E-4,0.0,0.06493848922339443,0.06614717717743389,4.867302378145219E-5,
0.0,4.878387263331232E-4,0.0,0.06493848922339443,0.06614717717743389,4.867302378145219E-5,
0.0,4.878387263331232E-4,0.0,0.06493848922339443,0.06614717717743389,4.867302378145219E-5,
0.0,4.878387263331232E-4,0.0,0.06493848922339443,0.06614717717743389,4.867302378145219E-5,
0.0,4.878387263331232E-4,0.0,0.06493848922339443,0.06614717717743389,4.867302378145219E-5,
0.0,4.878387263331232E-4,0.0,0.06493848922339443,0.06614717717743389,4.867302378145219E-5,
0.0,4.878387263331232E-4,0.0,0.06493848922339443,0.06614717717743389,4.867302378145219E-5,
0.0,4.878387263331232E-4,0.0,0.06493848922339443,0.06614717717743389,4.867302378145219E-5,
0.0,4.878387263331232E-4,0.0,0.06565792377231404,0.06614717717743389,4.867302378145219E-5,
0.0,4.878387263331232E-4,0.0,0.06565792377231404,0.06614717717743389,4.867302378145219E-5,
0.0,4.878387263331232E-4,0.0,0.06565792377231404,0.06614717717743389,4.867302378145219E-5,
0.0,4.878387263331232E-4,0.0,0.06491821050450587,0.06614717717743389,4.867302378145219E-5,
0.0,4.878387263331232E-4,0.0,0.06549233997638632,0.06614717717743389,4.867302378145219E-5,
0.0,4.878387263331232E-4,0.0,0.06549233997638632,0.06433582384474072,4.867302378145219E-5,
0.0,4.878387263331232E-4,0.0,0.06549233997638632,0.06433582384474072,4.867302378145219E-5,
0.0,4.878387263331232E-4,0.0,0.06549233997638632,0.06433582384474072,4.867302378145219E-5,
0.0,4.878387263331232E-4,0.0,0.06549233997638632,0.06567345735585838,4.867302378145219E-5,
0.0,4.878387263331232E-4,0.0,0.06549233997638632,0.06567345735585838,4.867302378145219E-5,
0.0,4.878387263331232E-4,0.0,0.06549233997638632,0.06304548580389012,4.867302378145219E-5,
0.0,4.878387263331232E-4,0.0,0.06549233997638632,0.06304548580389012,4.867302378145219E-5,
0.0,4.878387263331232E-4,0.0,0.06549233997638632,0.06304548580389012,4.867302378145219E-5,
0.0,4.878387263331232E-4,0.0,0.06549233997638632,0.06462227623181127,4.867302378145219E-5,
0.0,4.878387263331232E-4,0.0,0.06549233997638632,0.06462227623181127,4.867302378145219E-5,
0.0,4.878387263331232E-4,0.0,0.06549233997638632,0.06462227623181127,4.867302378145219E-5,
0.0,4.878387263331232E-4,0.0,0.06592132534915934,0.06462227623181127,4.867302378145219E-5,
0.0,4.878387263331232E-4,0.0,0.06592132534915934,0.06462227623181127,4.867302378145219E-5,
0.0,4.878387263331232E-4,0.0,0.06592132534915934,0.06623477933536465,4.867302378145219E-5,
0.0,4.878387263331232E-4,0.0,0.06592132534915934,0.06757764741591796,4.867302378145219E-5,
0.0,4.878387263331232E-4,0.0,0.06592132534915934,0.06884433963743683,4.867302378145219E-5,
0.0,4.878387263331232E-4,0.0,0.06592132534915934,0.06884433963743683,4.867302378145219E-5,
0.0,4.878387263331232E-4,0.0,0.06592132534915934,0.06884433963743683,4.867302378145219E-5,
0.0,4.878387263331232E-4,0.0,0.06639906047734634,0.06848880793489592,4.867302378145219E-5,
0.0,4.878387263331232E-4,0.0,0.06639906047734634,0.06848880793489592,4.867302378145219E-5,
0.0,4.878387263331232E-4,0.0,0.06682902209271463,0.06848880793489592,4.867302378145219E-5,
0.0,4.878387263331232E-4,0.0,0.06721598754654609,0.06848880793489592,4.867302378145219E-5,
0.0,4.878387263331232E-4,0.0,0.06761734532086439,0.06848880793489592,4.867302378145219E-5,
0.0,4.878387263331232E-4,0.0,0.06761734532086439,0.06848880793489592,4.867302378145219E-5,
0.0,4.878387263331232E-4,0.0,0.06761734532086439,0.06848880793489592,4.867302378145219E-5,
0.0,4.878387263331232E-4,0.0,0.06761734532086439,0.06848880793489592,4.867302378145219E-5,
0.0,4.878387263331232E-4,0.0,0.06761734532086439,0.06848880793489592,4.867302378145219E-5,
0.0,4.878387263331232E-4,0.0,0.06761734532086439,0.06848880793489592,4.867302378145219E-5,
0.0,4.878387263331232E-4,0.0,0.06761734532086439,0.06848880793489592,4.867302378145219E-5,
0.0,4.878387263331232E-4,0.0,0.06761734532086439,0.06924575544947169,4.867302378145219E-5,
0.0,4.878387263331232E-4,0.0,0.06761734532086439,0.07004799704525536,4.867302378145219E-5,
0.0,4.878387263331232E-4,0.0,0.06761734532086439,0.07088224128091768,4.867302378145219E-5,
0.0,4.878387263331232E-4,0.0,0.06761734532086439,0.07088224128091768,4.867302378145219E-5,
0.0,4.878387263331232E-4,0.0,0.06761734532086439,0.07088224128091768,4.867302378145219E-5,
0.0,4.878387263331232E-4,0.0,0.06761734532086439,0.07088224128091768,4.867302378145219E-5,
0.0,4.878387263331232E-4,0.0,0.06761734532086439,0.07088224128091768,4.867302378145219E-5,
0.0,4.878387263331232E-4,0.0,0.06761734532086439,0.07088224128091768,4.867302378145219E-5,
0.0,4.878387263331232E-4,0.0,0.06761734532086439,0.07088224128091768,4.867302378145219E-5,
0.0,4.878387263331232E-4,0.0,0.06761734532086439,0.06981696292196533,4.867302378145219E-5,
0.0,4.878387263331232E-4,0.0,0.06761734532086439,0.06981696292196533,4.867302378145219E-5,
0.0,4.878387263331232E-4,0.0,0.06761734532086439,0.06981696292196533,4.867302378145219E-5,
0.0,4.878387263331232E-4,0.0,0.06761734532086439,0.06981696292196533,4.867302378145219E-5,
0.0,4.878387263331232E-4,0.0,0.06512010412645002,0.06981696292196533,4.867302378145219E-5,
0.0,4.878387263331232E-4,0.0,0.06512010412645002,0.06981696292196533,4.867302378145219E-5,
0.0,4.878387263331232E-4,0.0,0.06512010412645002,0.06981696292196533,4.867302378145219E-5,
0.0,4.878387263331232E-4,0.0,0.06570814714293909,0.06981696292196533,4.867302378145219E-5,
0.0,4.878387263331232E-4,0.0,0.06570814714293909,0.06981696292196533,4.867302378145219E-5,
0.0,4.878387263331232E-4,0.0,0.06570814714293909,0.06981696292196533,4.867302378145219E-5,
0.0,4.878387263331232E-4,0.0,0.06570814714293909,0.0707908459934025,4.867302378145219E-5,
0.0,4.878387263331232E-4,0.0,0.06570814714293909,0.0707908459934025,4.867302378145219E-5,
0.0,4.878387263331232E-4,0.0,0.06570814714293909,0.0707908459934025,4.867302378145219E-5,
0.0,4.878387263331232E-4,0.0,0.06570814714293909,0.0707908459934025,4.867302378145219E-5,
0.0,4.878387263331232E-4,0.0,0.06570814714293909,0.0707908459934025,4.867302378145219E-5,
0.0,4.878387263331232E-4,0.0,0.06570814714293909,0.0707908459934025,4.867302378145219E-5,
0.0,4.878387263331232E-4,0.0,0.06570814714293909,0.07191169638044884,4.867302378145219E-5,
0.0,4.878387263331232E-4,0.0,0.06570814714293909,0.07191169638044884,4.867302378145219E-5,
0.0,4.878387263331232E-4,0.0,0.06570814714293909,0.07191169638044884,4.867302378145219E-5,
0.0,4.878387263331232E-4,0.0,0.06570814714293909,0.07191169638044884,4.867302378145219E-5,
0.0,4.878387263331232E-4,0.0,0.06570814714293909,0.07191169638044884,4.867302378145219E-5,
0.0,4.878387263331232E-4,0.0,0.06570814714293909,0.07191169638044884,4.867302378145219E-5,
0.0,4.878387263331232E-4,0.0,0.06570814714293909,0.07191169638044884,4.867302378145219E-5,
0.0,4.878387263331232E-4,0.0,0.06614821515931033,0.07191169638044884,4.867302378145219E-5,
0.0,4.878387263331232E-4,0.0,0.06614821515931033,0.07191169638044884,4.867302378145219E-5,
0.0,4.878387263331232E-4,0.0,0.06614821515931033,0.07191169638044884,4.867302378145219E-5,
0.0,4.878387263331232E-4,0.0,0.06614821515931033,0.07191169638044884,4.867302378145219E-5,
0.0,4.878387263331232E-4,0.0,0.06584727647702159,0.07191169638044884,4.867302378145219E-5,
0.0,4.878387263331232E-4,0.0,0.06584727647702159,0.07306057372888523,4.867302378145219E-5,
0.0,4.878387263331232E-4,0.0,0.06584727647702159,0.07306057372888523,4.867302378145219E-5,
0.0,4.878387263331232E-4,0.0,0.06584727647702159,0.07306057372888523,4.867302378145219E-5,
0.0,4.878387263331232E-4,0.0,0.06584727647702159,0.07306057372888523,4.867302378145219E-5,
0.0,4.878387263331232E-4,0.0,0.06584727647702159,0.07306057372888523,4.867302378145219E-5,
0.0,4.878387263331232E-4,0.0,0.06584727647702159,0.07414356923787806,4.867302378145219E-5,
0.0,4.878387263331232E-4,0.0,0.06584727647702159,0.07414356923787806,4.867302378145219E-5,
0.0,4.878387263331232E-4,0.0,0.06584727647702159,0.07414356923787806,4.867302378145219E-5,
0.0,4.878387263331232E-4,0.0,0.06584727647702159,0.07414356923787806,4.867302378145219E-5,
0.0,4.878387263331232E-4,0.0,0.06584727647702159,0.07414356923787806,4.867302378145219E-5,
0.0,4.878387263331232E-4,0.0,0.06584727647702159,0.07414356923787806,4.867302378145219E-5,
0.0,4.878387263331232E-4,0.0,0.0667649372251285,0.07414356923787806,4.867302378145219E-5,
0.0,4.878387263331232E-4,0.0,0.0667649372251285,0.07414356923787806,4.867302378145219E-5,
0.0,4.878387263331232E-4,0.0,0.06758753877452418,0.07414356923787806,4.867302378145219E-5,
0.0,4.878387263331232E-4,0.0,0.06758753877452418,0.07414356923787806,4.867302378145219E-5,
0.0,4.878387263331232E-4,0.0,0.06758753877452418,0.07414356923787806,4.867302378145219E-5,
0.0,4.878387263331232E-4,0.0,0.06758753877452418,0.07414356923787806,4.867302378145219E-5,
0.0,4.878387263331232E-4,0.0,0.06758753877452418,0.07414356923787806,4.867302378145219E-5,
0.0,4.878387263331232E-4,0.0,0.06758753877452418,0.07414356923787806,4.867302378145219E-5,
0.0,4.878387263331232E-4,0.0,0.06758753877452418,0.07414356923787806,4.867302378145219E-5,
0.0,4.878387263331232E-4,0.0,0.06758753877452418,0.07492967337666141,4.867302378145219E-5,
0.0,4.878387263331232E-4,0.0,0.06758753877452418,0.07492967337666141,4.867302378145219E-5,
0.0,4.878387263331232E-4,0.0,0.06758753877452418,0.07492967337666141,4.867302378145219E-5,
0.0,4.878387263331232E-4,0.0,0.06839801674804656,0.07492967337666141,4.867302378145219E-5,
0.0,4.878387263331232E-4,0.0,0.06839801674804656,0.07492967337666141,4.867302378145219E-5,
0.0,4.878387263331232E-4,0.0,0.06839801674804656,0.07492967337666141,4.867302378145219E-5,
0.0,4.878387263331232E-4,0.0,0.0671043368457823,0.07492967337666141,4.867302378145219E-5,
0.0,4.878387263331232E-4,0.0,0.0671043368457823,0.07492967337666141,4.867302378145219E-5,
0.0,4.878387263331232E-4,0.0,0.0671043368457823,0.07492967337666141,4.867302378145219E-5,
0.0,4.878387263331232E-4,0.0,0.0671043368457823,0.07492967337666141,4.867302378145219E-5,
0.0,4.878387263331232E-4,0.0,0.0671043368457823,0.07492967337666141,4.867302378145219E-5,
0.0,4.878387263331232E-4,0.0,0.0671043368457823,0.07516177559502542,4.867302378145219E-5,
0.0,4.878387263331232E-4,0.0,0.0671043368457823,0.07516177559502542,4.867302378145219E-5,
0.0,4.878387263331232E-4,0.0,0.0671043368457823,0.07516177559502542,4.867302378145219E-5,
0.0,4.878387263331232E-4,0.0,0.0671043368457823,0.07516177559502542,4.867302378145219E-5,
0.0,4.878387263331232E-4,0.0,0.0671043368457823,0.07516177559502542,4.867302378145219E-5,
0.0,4.878387263331232E-4,0.0,0.0671043368457823,0.07516177559502542,4.867302378145219E-5,
0.0,4.878387263331232E-4,0.0,0.0671043368457823,0.07516177559502542,4.867302378145219E-5,
0.0,4.878387263331232E-4,0.0,0.0671043368457823,0.07614079886204164,4.867302378145219E-5,
0.0,4.878387263331232E-4,0.0,0.0671043368457823,0.07614079886204164,4.867302378145219E-5,
0.0,4.878387263331232E-4,0.0,0.0671043368457823,0.07614079886204164,4.867302378145219E-5,
0.0,4.878387263331232E-4,0.0,0.0671043368457823,0.07614079886204164,4.867302378145219E-5,
0.0,4.878387263331232E-4,0.0,0.0671043368457823,0.07614079886204164,4.867302378145219E-5,
0.0,4.878387263331232E-4,0.0,0.0671043368457823,0.07614079886204164,4.867302378145219E-5,
0.0,4.878387263331232E-4,0.0,0.06707161847654475,0.07614079886204164,4.867302378145219E-5,
0.0,4.878387263331232E-4,0.0,0.06707161847654475,0.07614079886204164,4.867302378145219E-5,
0.0,4.878387263331232E-4,0.0,0.06707161847654475,0.07614079886204164,4.867302378145219E-5,
0.0,4.878387263331232E-4,0.0,0.06707161847654475,0.07614079886204164,4.867302378145219E-5,
0.0,4.878387263331232E-4,0.0,0.06707161847654475,0.07614079886204164,4.867302378145219E-5,
0.0,4.878387263331232E-4,0.0,0.06707161847654475,0.07614079886204164,4.867302378145219E-5,
0.0,4.878387263331232E-4,0.0,0.06707161847654475,0.07614079886204164,4.867302378145219E-5,
0.0,4.878387263331232E-4,0.0,0.06707161847654475,0.07614079886204164,4.867302378145219E-5,
0.0,4.878387263331232E-4,0.0,0.06707161847654475,0.07614079886204164,4.867302378145219E-5,
0.0,4.878387263331232E-4,0.0,0.06707161847654475,0.07614079886204164,4.867302378145219E-5,
0.0,4.878387263331232E-4,0.0,0.06707161847654475,0.07614079886204164,4.867302378145219E-5,
0.0,4.878387263331232E-4,0.0,0.06707161847654475,0.07614079886204164,4.867302378145219E-5,
0.0,4.878387263331232E-4,0.0,0.06707161847654475,0.07614079886204164,4.867302378145219E-5,
0.0,4.878387263331232E-4,0.0,0.06707161847654475,0.07614079886204164,4.867302378145219E-5,
0.0,4.878387263331232E-4,0.0,0.06707161847654475,0.07614079886204164,4.867302378145219E-5,
0.0,4.878387263331232E-4,0.0,0.06707161847654475,0.07614079886204164,4.867302378145219E-5,
0.0,4.878387263331232E-4,0.0,0.06707161847654475,0.07614079886204164,4.867302378145219E-5,
0.0,4.878387263331232E-4,0.0,0.06707161847654475,0.07614079886204164,4.867302378145219E-5,
0.0,4.878387263331232E-4,0.0,0.06707161847654475,0.07685996033726815,4.867302378145219E-5,
0.0,4.878387263331232E-4,0.0,0.06707161847654475,0.07765645747042446,4.867302378145219E-5,
0.0,4.878387263331232E-4,0.0,0.06707161847654475,0.07765645747042446,4.867302378145219E-5,
0.0,4.878387263331232E-4,0.0,0.06707161847654475,0.07765645747042446,4.867302378145219E-5,
0.0,4.878387263331232E-4,0.0,0.06707161847654475,0.07549697327359778,4.867302378145219E-5,
0.0,4.878387263331232E-4,0.0,0.06498407600468432,0.07549697327359778,4.867302378145219E-5,
0.0,4.878387263331232E-4,0.0,0.06313760461014653,0.07549697327359778,4.867302378145219E-5,
0.0,4.878387263331232E-4,0.0,0.06313760461014653,0.07549697327359778,4.867302378145219E-5,
0.0,4.878387263331232E-4,0.0,0.06313760461014653,0.07549697327359778,4.867302378145219E-5,
0.0,4.878387263331232E-4,0.0,0.06456022128481724,0.07549697327359778,4.867302378145219E-5,
0.0,4.878387263331232E-4,0.0,0.06456022128481724,0.07549697327359778,4.867302378145219E-5,
0.0,4.878387263331232E-4,0.0,0.06456022128481724,0.07549697327359778,4.867302378145219E-5,
0.0,4.878387263331232E-4,0.0,0.06456022128481724,0.07549697327359778,4.867302378145219E-5,
0.0,4.878387263331232E-4,0.0,0.06456022128481724,0.07549697327359778,4.867302378145219E-5,
0.0,4.878387263331232E-4,0.0,0.06456022128481724,0.07549697327359778,4.867302378145219E-5,
0.0,4.878387263331232E-4,0.0,0.06456022128481724,0.07549697327359778,4.867302378145219E-5,
0.0,4.878387263331232E-4,0.0,0.06456022128481724,0.07549697327359778,4.867302378145219E-5,
0.0,4.878387263331232E-4,0.0,0.06456022128481724,0.07549697327359778,4.867302378145219E-5,
0.0,4.878387263331232E-4,0.0,0.06456022128481724,0.07549697327359778,4.867302378145219E-5,
0.0,4.878387263331232E-4,0.0,0.06456022128481724,0.07549697327359778,4.867302378145219E-5,
0.0,4.878387263331232E-4,0.0,0.06456022128481724,0.07549697327359778,4.867302378145219E-5,
0.0,4.878387263331232E-4,0.0,0.06456022128481724,0.07549697327359778,4.867302378145219E-5,
0.0,4.878387263331232E-4,0.0,0.06456022128481724,0.07614462847359428,4.867302378145219E-5,
0.0,4.878387263331232E-4,0.0,0.06590922613603109,0.07614462847359428,4.867302378145219E-5,
0.0,4.878387263331232E-4,0.0,0.06590922613603109,0.07614462847359428,4.867302378145219E-5,
0.0,4.878387263331232E-4,0.0,0.06590922613603109,0.0756666934715999,4.867302378145219E-5,
0.0,4.878387263331232E-4,0.0,0.06590922613603109,0.07390129476018852,4.867302378145219E-5,
0.0,4.878387263331232E-4,0.0,0.06590922613603109,0.07390129476018852,4.867302378145219E-5,
0.0,4.878387263331232E-4,0.0,0.06698144789447072,0.07390129476018852,4.867302378145219E-5,
0.0,4.878387263331232E-4,0.0,0.06698144789447072,0.07452026340214794,4.867302378145219E-5,
0.0,4.878387263331232E-4,0.0,0.06698144789447072,0.07452026340214794,4.867302378145219E-5,
0.0,4.878387263331232E-4,0.0,0.06698144789447072,0.07452026340214794,4.867302378145219E-5,
0.0,4.878387263331232E-4,0.0,0.06698144789447072,0.0739475505020831,4.867302378145219E-5,
0.0,4.878387263331232E-4,0.0,0.06698144789447072,0.0739475505020831,4.867302378145219E-5,
0.0,4.878387263331232E-4,0.0,0.06698144789447072,0.0739475505020831,4.867302378145219E-5,
0.0,4.878387263331232E-4,0.0,0.06698144789447072,0.07464906273902383,4.867302378145219E-5,
0.0,4.878387263331232E-4,0.0,0.06698144789447072,0.07464906273902383,4.867302378145219E-5,
0.0,4.878387263331232E-4,0.0,0.06698144789447072,0.07464906273902383,4.867302378145219E-5,
0.0,4.878387263331232E-4,0.0,0.06698144789447072,0.07464906273902383,4.867302378145219E-5,
0.0,4.878387263331232E-4,0.0,0.06698144789447072,0.07524902519264691,4.867302378145219E-5,
0.0,4.878387263331232E-4,0.0,0.06698144789447072,0.07524902519264691,4.867302378145219E-5,
0.0,4.878387263331232E-4,0.0,0.06698144789447072,0.07524902519264691,4.867302378145219E-5,
0.0,4.878387263331232E-4,0.0,0.06698144789447072,0.07524902519264691,4.867302378145219E-5,
0.0,4.878387263331232E-4,0.0,0.06698144789447072,0.07524902519264691,4.867302378145219E-5,
0.0,4.878387263331232E-4,0.0,0.06698144789447072,0.07524902519264691,4.867302378145219E-5,
0.0,4.878387263331232E-4,0.0,0.06698144789447072,0.07524902519264691,4.867302378145219E-5,
0.0,4.878387263331232E-4,0.0,0.068053623228395,0.07524902519264691,4.867302378145219E-5,
0.0,4.878387263331232E-4,0.0,0.068053623228395,0.07524902519264691,4.867302378145219E-5,
0.0,4.878387263331232E-4,0.0,0.068053623228395,0.07524902519264691,4.867302378145219E-5,
0.0,4.878387263331232E-4,0.0,0.068053623228395,0.07524902519264691,4.867302378145219E-5,
0.0,4.878387263331232E-4,0.0,0.068053623228395,0.07524902519264691,4.867302378145219E-5,
0.0,4.878387263331232E-4,0.0,0.068053623228395,0.07524902519264691,4.867302378145219E-5,
0.0,4.878387263331232E-4,0.0,0.06901858102892686,0.07524902519264691,4.867302378145219E-5,
0.0,4.878387263331232E-4,0.0,0.06901858102892686,0.07524902519264691,4.867302378145219E-5,
0.0,4.878387263331232E-4,0.0,0.06988704304940553,0.07524902519264691,4.867302378145219E-5,
0.0,4.878387263331232E-4,0.0,0.06762829376240431,0.07524902519264691,4.867302378145219E-5,
0.0,4.878387263331232E-4,0.0,0.06762829376240431,0.07524902519264691,4.867302378145219E-5,
0.0,4.878387263331232E-4,0.0,0.06762829376240431,0.07524902519264691,4.867302378145219E-5,
0.0,4.878387263331232E-4,0.0,0.06762829376240431,0.07524902519264691,4.867302378145219E-5,
0.0,4.878387263331232E-4,0.0,0.06762829376240431,0.07524902519264691,4.867302378145219E-5,
0.0,4.878387263331232E-4,0.0,0.06762829376240431,0.07524902519264691,4.867302378145219E-5,
0.0,4.878387263331232E-4,0.0,0.06762829376240431,0.07524902519264691,4.867302378145219E-5,
0.0,4.878387263331232E-4,0.0,0.06762829376240431,0.07524902519264691,4.867302378145219E-5,
0.0,4.878387263331232E-4,0.0,0.06762829376240431,0.07524902519264691,4.867302378145219E-5,
0.0,4.878387263331232E-4,0.0,0.06762829376240431,0.07524902519264691,4.867302378145219E-5,
0.0,4.878387263331232E-4,0.0,0.06762829376240431,0.07524902519264691,4.867302378145219E-5,
0.0,4.878387263331232E-4,0.0,0.06762829376240431,0.07524902519264691,4.867302378145219E-5,
0.0,4.878387263331232E-4,0.0,0.06762829376240431,0.07524902519264691,4.867302378145219E-5,
0.0,4.878387263331232E-4,0.0,0.06762829376240431,0.07541718753662822,4.867302378145219E-5,
0.0,4.878387263331232E-4,0.0,0.06762829376240431,0.07541718753662822,4.867302378145219E-5,
0.0,4.878387263331232E-4,0.0,0.06762829376240431,0.07541718753662822,4.867302378145219E-5,
0.0,4.878387263331232E-4,0.0,0.06782092069201687,0.07541718753662822,4.867302378145219E-5,
0.0,4.878387263331232E-4,0.0,0.06782092069201687,0.07541718753662822,4.867302378145219E-5,
0.0,4.878387263331232E-4,0.0,0.06782092069201687,0.07541718753662822,4.867302378145219E-5,
0.0,4.878387263331232E-4,0.0,0.06782092069201687,0.07541718753662822,4.867302378145219E-5,
0.0,4.878387263331232E-4,0.0,0.06782092069201687,0.07541718753662822,4.867302378145219E-5,
0.0,4.878387263331232E-4,0.0,0.06782092069201687,0.07541718753662822,4.867302378145219E-5,
0.0,4.878387263331232E-4,0.0,0.06782092069201687,0.07541718753662822,4.867302378145219E-5,
0.0,4.878387263331232E-4,0.0,0.06782092069201687,0.07541718753662822,4.867302378145219E-5,
0.0,4.878387263331232E-4,0.0,0.06782092069201687,0.07541718753662822,4.867302378145219E-5,
0.0,4.878387263331232E-4,0.0,0.06782092069201687,0.07541718753662822,4.867302378145219E-5,
0.0,4.878387263331232E-4,0.0,0.06782092069201687,0.07541718753662822,4.867302378145219E-5,
0.0,4.878387263331232E-4,0.0,0.068801423220174,0.07541718753662822,4.867302378145219E-5,
0.0,4.878387263331232E-4,0.0,0.068801423220174,0.07541718753662822,4.867302378145219E-5,
0.0,4.878387263331232E-4,0.0,0.068801423220174,0.07541718753662822,4.867302378145219E-5,
0.0,4.878387263331232E-4,0.0,0.068801423220174,0.07541718753662822,4.867302378145219E-5,
0.0,4.878387263331232E-4,0.0,0.068801423220174,0.07484103219051579,4.867302378145219E-5,
0.0,4.878387263331232E-4,0.0,0.068801423220174,0.07540491871981334,4.867302378145219E-5,
0.0,4.878387263331232E-4,0.0,0.068801423220174,0.07540491871981334,4.867302378145219E-5,
0.0,4.878387263331232E-4,0.0,0.068801423220174,0.07600712629102604,4.867302378145219E-5,
0.0,4.878387263331232E-4,0.0,0.068801423220174,0.07662384305825265,4.867302378145219E-5,
0.0,4.878387263331232E-4,0.0,0.068801423220174,0.0757099208880593,4.867302378145219E-5,
0.0,4.878387263331232E-4,0.0,0.068801423220174,0.0757099208880593,4.867302378145219E-5,
0.0,4.878387263331232E-4,0.0,0.068801423220174,0.0757099208880593,4.867302378145219E-5,
0.0,4.878387263331232E-4,0.0,0.068801423220174,0.0757099208880593,4.867302378145219E-5,
0.0,4.878387263331232E-4,0.0,0.068801423220174,0.07336600224993108,4.867302378145219E-5,
0.0,4.878387263331232E-4,0.0,0.068801423220174,0.07336600224993108,4.867302378145219E-5,
0.0,4.878387263331232E-4,0.0,0.06968688067967671,0.07336600224993108,4.867302378145219E-5,
0.0,4.878387263331232E-4,0.0,0.07048379239322915,0.07336600224993108,4.867302378145219E-5,
0.0,4.878387263331232E-4,0.0,0.07048379239322915,0.07336600224993108,4.867302378145219E-5,
0.0,4.878387263331232E-4,0.0,0.07048379239322915,0.07336600224993108,4.867302378145219E-5,
0.0,4.878387263331232E-4,0.0,0.07048379239322915,0.07336600224993108,4.867302378145219E-5,
0.0,4.878387263331232E-4,0.0,0.07048379239322915,0.07132270219260714,4.867302378145219E-5,
0.0,4.878387263331232E-4,0.0,0.07048379239322915,0.07132270219260714,4.867302378145219E-5,
0.0,4.878387263331232E-4,0.0,0.07048379239322915,0.07132270219260714,4.867302378145219E-5,
0.0,4.878387263331232E-4,0.0,0.07048379239322915,0.07132270219260714,4.867302378145219E-5,
0.0,4.878387263331232E-4,0.0,0.07048379239322915,0.07132270219260714,4.867302378145219E-5,
0.0,4.878387263331232E-4,0.0,0.07190393426853812,0.07132270219260714,4.867302378145219E-5,
0.0,4.878387263331232E-4,0.0,0.07190393426853812,0.07132270219260714,4.867302378145219E-5,
0.0,4.878387263331232E-4,0.0,0.07250936317327511,0.07132270219260714,4.867302378145219E-5,
0.0,4.878387263331232E-4,0.0,0.07250936317327511,0.07132270219260714,4.867302378145219E-5,
0.0,4.878387263331232E-4,0.0,0.07250936317327511,0.07132270219260714,4.867302378145219E-5,
0.0,4.878387263331232E-4,0.0,0.07250936317327511,0.07132270219260714,4.867302378145219E-5,
0.0,4.878387263331232E-4,0.0,0.07250936317327511,0.07078613670976414,4.867302378145219E-5,
0.0,4.878387263331232E-4,0.0,0.07250936317327511,0.050995544893974586,4.867302378145219E-5,
0.0,4.878387263331232E-4,0.0,0.07250936317327511,0.050995544893974586,4.867302378145219E-5,
0.0,4.878387263331232E-4,0.0,0.07250936317327511,0.050995544893974586,4.867302378145219E-5,
0.0,4.878387263331232E-4,0.0,0.07287451773791138,0.050995544893974586,4.867302378145219E-5,
0.0,4.878387263331232E-4,0.0,0.07287451773791138,0.050995544893974586,4.867302378145219E-5,
0.0,4.878387263331232E-4,0.0,0.07287451773791138,0.050995544893974586,4.867302378145219E-5,
0.0,4.878387263331232E-4,0.0,0.07287451773791138,0.050995544893974586,4.867302378145219E-5,
0.0,4.878387263331232E-4,0.0,0.07320315684608403,0.050995544893974586,4.867302378145219E-5,
0.0,4.878387263331232E-4,0.0,0.07320315684608403,0.050995544893974586,4.867302378145219E-5,
0.0,4.878387263331232E-4,0.0,0.07320315684608403,0.050995544893974586,4.867302378145219E-5,
0.0,4.878387263331232E-4,0.0,0.07320315684608403,0.050995544893974586,4.867302378145219E-5,
0.0,4.878387263331232E-4,0.0,0.07320315684608403,0.050995544893974586,4.867302378145219E-5,
0.0,4.878387263331232E-4,0.0,0.07320315684608403,0.053478087677179945,4.867302378145219E-5,
0.0,4.878387263331232E-4,0.0,0.07349893204343941,0.053478087677179945,4.867302378145219E-5,
0.0,4.878387263331232E-4,0.0,0.07349893204343941,0.053478087677179945,4.867302378145219E-5,
0.0,4.878387263331232E-4,0.0,0.07349893204343941,0.053478087677179945,4.867302378145219E-5,
0.0,4.878387263331232E-4,0.0,0.07197817826874371,0.053478087677179945,4.867302378145219E-5,
0.0,4.878387263331232E-4,0.0,0.07197817826874371,0.053478087677179945,4.867302378145219E-5,
0.0,4.878387263331232E-4,0.0,0.07197817826874371,0.053478087677179945,4.867302378145219E-5,
0.0,4.878387263331232E-4,0.0,0.07197817826874371,0.053478087677179945,4.867302378145219E-5,
0.0,4.878387263331232E-4,0.0,0.07239645132383313,0.053478087677179945,4.867302378145219E-5,
0.0,4.878387263331232E-4,0.0,0.07239645132383313,0.053478087677179945,4.867302378145219E-5,
0.0,4.878387263331232E-4,0.0,0.07239645132383313,0.053478087677179945,4.867302378145219E-5,
0.0,4.878387263331232E-4,0.0,0.07239645132383313,0.053478087677179945,4.867302378145219E-5,
0.0,4.878387263331232E-4,0.0,0.07239645132383313,0.053478087677179945,4.867302378145219E-5,
0.0,4.878387263331232E-4,0.0,0.07239645132383313,0.053478087677179945,4.867302378145219E-5,
0.0,4.878387263331232E-4,0.0,0.07239645132383313,0.053478087677179945,4.867302378145219E-5,
0.0,4.878387263331232E-4,0.0,0.07239645132383313,0.053478087677179945,4.867302378145219E-5,
0.0,4.878387263331232E-4,0.0,0.07239645132383313,0.053478087677179945,4.867302378145219E-5,
0.0,4.878387263331232E-4,0.0,0.07239645132383313,0.053478087677179945,4.867302378145219E-5,
0.0,4.878387263331232E-4,0.0,0.07239645132383313,0.053478087677179945,4.867302378145219E-5,
0.0,4.878387263331232E-4,0.0,0.07239645132383313,0.053478087677179945,4.867302378145219E-5,
0.0,4.878387263331232E-4,0.0,0.07323850241263331,0.053478087677179945,4.867302378145219E-5,
0.0,4.878387263331232E-4,0.0,0.07323850241263331,0.053478087677179945,4.867302378145219E-5,
0.0,4.878387263331232E-4,0.0,0.07323850241263331,0.053478087677179945,4.867302378145219E-5,
0.0,4.878387263331232E-4,0.0,0.07323850241263331,0.053478087677179945,4.867302378145219E-5,
0.0,4.878387263331232E-4,0.0,0.07323850241263331,0.053478087677179945,4.867302378145219E-5,
0.0,4.878387263331232E-4,0.0,0.06916183555649257,0.053478087677179945,4.867302378145219E-5,
0.0,4.878387263331232E-4,0.0,0.06916183555649257,0.053478087677179945,4.867302378145219E-5,
0.0,4.878387263331232E-4,0.0,0.06916183555649257,0.053478087677179945,4.867302378145219E-5,
0.0,4.878387263331232E-4,0.0,0.06992848191680566,0.053478087677179945,4.867302378145219E-5,
0.0,4.878387263331232E-4,0.0,0.06992848191680566,0.05670098112251017,4.867302378145219E-5,
0.0,4.878387263331232E-4,0.0,0.06992848191680566,0.05670098112251017,4.867302378145219E-5,
0.0,4.878387263331232E-4,0.0,0.06992848191680566,0.05670098112251017,4.867302378145219E-5,
0.0,4.878387263331232E-4,0.0,0.06992848191680566,0.05670098112251017,4.867302378145219E-5,
0.0,4.878387263331232E-4,0.0,0.06992848191680566,0.05670098112251017,4.867302378145219E-5,
0.0,4.878387263331232E-4,0.0,0.06992848191680566,0.05670098112251017,4.867302378145219E-5,
0.0,4.878387263331232E-4,0.0,0.06992848191680566,0.05670098112251017,4.867302378145219E-5,
0.0,4.878387263331232E-4,0.0,0.06992848191680566,0.05670098112251017,4.867302378145219E-5,
0.0,4.878387263331232E-4,0.0,0.06992848191680566,0.05670098112251017,4.867302378145219E-5,
0.0,4.878387263331232E-4,0.0,0.06992848191680566,0.05670098112251017,4.867302378145219E-5,
0.0,4.878387263331232E-4,0.0,0.06992848191680566,0.059681347038382494,4.867302378145219E-5,
0.0,4.878387263331232E-4,0.0,0.07079513555904128,0.059681347038382494,4.867302378145219E-5,
0.0,4.878387263331232E-4,0.0,0.07079513555904128,0.059681347038382494,4.867302378145219E-5,
0.0,4.878387263331232E-4,0.0,0.07079513555904128,0.059681347038382494,4.867302378145219E-5,
0.0,4.878387263331232E-4,0.0,0.07079513555904128,0.059681347038382494,4.867302378145219E-5,
0.0,4.878387263331232E-4,0.0,0.07079513555904128,0.059681347038382494,4.867302378145219E-5,
0.0,4.878387263331232E-4,0.0,0.07079513555904128,0.059681347038382494,4.867302378145219E-5,
0.0,4.878387263331232E-4,0.0,0.07079513555904128,0.059681347038382494,4.867302378145219E-5,
0.0,4.878387263331232E-4,0.0,0.07079513555904128,0.059681347038382494,4.867302378145219E-5,
0.0,4.878387263331232E-4,0.0,0.07079513555904128,0.059681347038382494,4.867302378145219E-5,
0.0,4.878387263331232E-4,0.0,0.07079513555904128,0.059681347038382494,4.867302378145219E-5,
0.0,4.878387263331232E-4,0.0,0.07079513555904128,0.059681347038382494,4.867302378145219E-5,
0.0,4.878387263331232E-4,0.0,0.07079513555904128,0.059681347038382494,4.867302378145219E-5,
0.0,4.878387263331232E-4,0.0,0.07079513555904128,0.059681347038382494,4.867302378145219E-5,
0.0,4.878387263331232E-4,0.0,0.07079513555904128,0.059681347038382494,4.867302378145219E-5,
0.0,4.878387263331232E-4,0.0,0.07079513555904128,0.059681347038382494,4.867302378145219E-5,
0.0,4.878387263331232E-4,0.0,0.07079513555904128,0.059681347038382494,4.867302378145219E-5,
0.0,4.878387263331232E-4,0.0,0.07079513555904128,0.059681347038382494,4.867302378145219E-5,
0.0,4.878387263331232E-4,0.0,0.07079513555904128,0.059681347038382494,4.867302378145219E-5,
0.0,4.878387263331232E-4,0.0,0.07079513555904128,0.059681347038382494,4.867302378145219E-5,
0.0,4.878387263331232E-4,0.0,0.06895289274498749,0.059681347038382494,4.867302378145219E-5,
0.0,4.878387263331232E-4,0.0,0.06895289274498749,0.059681347038382494,4.867302378145219E-5,
0.0,4.878387263331232E-4,0.0,0.06895289274498749,0.059681347038382494,4.867302378145219E-5,
0.0,4.878387263331232E-4,0.0,0.06895289274498749,0.06230160044732518,4.867302378145219E-5,
0.0,4.878387263331232E-4,0.0,0.06895289274498749,0.06230160044732518,4.867302378145219E-5,
0.0,4.878387263331232E-4,0.0,0.06895289274498749,0.06230160044732518,4.867302378145219E-5,
0.0,4.878387263331232E-4,0.0,0.06895289274498749,0.06230160044732518,4.867302378145219E-5,
0.0,4.878387263331232E-4,0.0,0.06895289274498749,0.06230160044732518,4.867302378145219E-5,
0.0,4.878387263331232E-4,0.0,0.06895289274498749,0.06230160044732518,4.867302378145219E-5,
0.0,4.878387263331232E-4,0.0,0.06895289274498749,0.06230160044732518,4.867302378145219E-5,
0.0,4.878387263331232E-4,0.0,0.06895289274498749,0.06491125992532686,4.867302378145219E-5,
0.0,4.878387263331232E-4,0.0,0.067068161393329,0.06491125992532686,4.867302378145219E-5,
0.0,4.878387263331232E-4,0.0,0.067068161393329,0.06491125992532686,4.867302378145219E-5,
0.0,4.878387263331232E-4,0.0,0.067068161393329,0.06491125992532686,4.867302378145219E-5,
0.0,4.878387263331232E-4,0.0,0.067068161393329,0.06491125992532686,4.867302378145219E-5,
0.0,4.878387263331232E-4,0.0,0.067068161393329,0.0666677679095358,4.867302378145219E-5,
0.0,4.878387263331232E-4,0.0,0.067068161393329,0.0666677679095358,4.867302378145219E-5,
0.0,4.878387263331232E-4,0.0,0.06541419532714134,0.0666677679095358,4.867302378145219E-5,
0.0,4.878387263331232E-4,0.0,0.06541419532714134,0.0666677679095358,4.867302378145219E-5,
0.0,4.878387263331232E-4,0.0,0.06541419532714134,0.0666677679095358,4.867302378145219E-5,
0.0,4.878387263331232E-4,0.0,0.06541419532714134,0.0666677679095358,4.867302378145219E-5,
0.0,4.878387263331232E-4,0.0,0.06541419532714134,0.0666677679095358,4.867302378145219E-5,
0.0,4.878387263331232E-4,0.0,0.06541419532714134,0.0666677679095358,4.867302378145219E-5,
0.0,4.878387263331232E-4,0.0,0.06541419532714134,0.0666677679095358,4.867302378145219E-5,
0.0,4.878387263331232E-4,0.0,0.06541419532714134,0.0666677679095358,4.867302378145219E-5,
0.0,4.878387263331232E-4,0.0,0.06541419532714134,0.0666677679095358,4.867302378145219E-5,
0.0,4.878387263331232E-4,0.0,0.06541419532714134,0.0666677679095358,4.867302378145219E-5,
0.0,4.878387263331232E-4,0.0,0.06541419532714134,0.06910663509343024,4.867302378145219E-5,
0.0,4.878387263331232E-4,0.0,0.06541419532714134,0.06910663509343024,4.867302378145219E-5,
0.0,4.878387263331232E-4,0.0,0.06541419532714134,0.06910663509343024,4.867302378145219E-5,
0.0,4.878387263331232E-4,0.0,0.06541419532714134,0.06910663509343024,4.867302378145219E-5,