
0.0
7.669769893165178E-4
7.413212964610802E-4
6.697194067301298E-4
6.008665026777135E-4
5.391315061152171E-4
4.869386719547986E-4
4.4095084792383744E-4
4.000011817217286E-4
3.6336300926929444E-4
3.305338983492474E-4
3.012590064374991E-4
2.748608417247777E-4
2.511129976312739E-4
2.2970826600038723E-4
2.1031660752807965E-4
1.926003636934177E-4
1.7631891241863992E-4
1.614927638212704E-4
1.4792256304415656E-4
1.3553619082951605E-4
1.2420134145375722E-4
1.1380389371505698E-4
1.0435369736221418E-4
9.567103415816694E-5
8.771727419739161E-5
8.040379544754993E-5
7.370085272492863E-5
6.756141263828495E-5
6.193519025734793E-5
5.677914251908916E-5
5.2053522752827324E-5
4.772165160089383E-5
4.3750911662818926E-5
4.01111470915913E-5
3.6774630025131475E-5
3.371604719795238E-5
3.091217504526294E-5
2.8341760494913065E-5
2.59853255809367E-5
2.382502309956624E-5
2.1844500806301586E-5
2.002877416489846E-5
1.8364077953533808E-5
1.6837809310693824E-5
1.543845741534329E-5
1.4155446433466947E-5
1.2979095173950156E-5
1.1900517033496635E-5
1.091157856857608E-5
1.0004853260734894E-5
9.173734008420168E-6
8.412049891614918E-6
7.713702486587459E-6
7.073392538138867E-6
6.486207052878944E-6
5.947688898457666E-6
5.453785531811338E-6
5.000807631058173E-6
4.585384905086891E-6
4.204789642993787E-6
3.856282253983408E-6
3.536824471054039E-6
3.2439956187775294E-6
2.975367952954166E-6
2.728906168061273E-6
2.5027749129824892E-6
2.2953459824760897E-6
2.1050348831100895E-6
1.930466852889649E-6
1.7703046530677915E-6
1.6234023989495775E-6
1.4887584914082224E-6
1.3654277897241249E-6
1.252309838459113E-6
1.148580696233984E-6
1.0533855475313786E-6
9.66088266084277E-7
8.859727708186224E-7
8.124485743238887E-7
7.449923015637287E-7
6.831281659431809E-7
6.263861288776086E-7
5.745172708851152E-7
5.271838365101721E-7
4.837864499973439E-7
4.440254224268752E-7
4.075226044429591E-7
3.740070063474065E-7
3.4317749632850505E-7
3.148264058486889E-7
2.8876184335716654E-7
2.647952164179489E-7
2.427954150375526E-7
2.2266864312690385E-7
2.0429354703156708E-7
1.874680244411976E-7
1.7204651548647185E-7
1.5788360334441638E-7
1.448681805961587E-7
1.3289967413785299E-7
1.2189602796160976E-7
1.11781481323907E-7
1.0248867526475742E-7
9.395481857292152E-8
8.611812345114877E-8
7.89266307722751E-8
7.234024469877581E-8
6.63106158457192E-8
6.08355087254031E-8
5.588887202013177E-8
5.136778603991402E-8
4.7224155732537664E-8
4.340328443039647E-8
3.988027165447524E-8
3.662602864543141E-8
3.362455665175937E-8
3.085479295693805E-8
2.8301933651388727E-8
2.595045551103513E-8
2.378698035405421E-8
2.1798278127159065E-8
1.9971993129002522E-8
1.8296150052694527E-8
1.6760839920660345E-8
1.5351264583686372E-8
1.4060681596027413E-8
1.2879760862455055E-8
1.1807918275165553E-8
1.100150473680386E-8
1.0486282132981638E-8
1.0013192798131899E-8
9.560106770156057E-9
9.031775983788879E-9
8.531793935535941E-9
8.067339140849722E-9
7.558332436726472E-9
7.033569324268593E-9
6.495705648066341E-9
5.962602481038762E-9
5.4518246444273E-9
4.997815929577141E-9
4.596922080812828E-9
4.338123353294797E-9
4.274025221189333E-9
4.228961176024895E-9
4.171716011551351E-9
4.0793274903508E-9
3.9442685225036496E-9
3.7525501447489444E-9
3.5378887837165577E-9
3.3356812906153934E-9
3.1391423644173005E-9
2.9151617184686777E-9
2.6810479648860227E-9
2.4314494215314242E-9
2.1948540587790066E-9
1.9711848923863245E-9
1.768165525215735E-9
1.5843419566694919E-9
1.420058356193506E-9
1.2732635325521384E-9
1.1425380769626745E-9
1.026036641008518E-9
9.22234261364837E-10
8.296570599646365E-10
7.470343180005481E-10
6.732235377976765E-10
6.07225380597437E-10
5.481566280637423E-10
4.952400412245779E-10
4.477902297479548E-10
4.052022728223071E-10
3.669421464750027E-10
3.325377476178191E-10
3.015716886880624E-10
2.7367453537739576E-10
2.485182269223354E-10
2.2581764687413312E-10
2.053092846458759E-10
1.8676825205194246E-10
1.70551514746835E-10
1.551345671292936E-10
1.4139198354732864E-10
1.296914915553859E-10
1.2366231694661705E-10
1.8466794691453526E-10
3.304259957533396E-10
4.5904198805865247E-10
6.013166922966408E-10
7.531913893741146E-10
8.601225805733893E-10
9.173416026174604E-10
9.225224390080552E-10
9.158916396482021E-10
9.181143703523007E-10
9.113727548469855E-10
9.075117027484311E-10
8.986183812229353E-10
8.788514190463326E-10
8.441479122109433E-10
8.019081522212778E-10
7.439614393040736E-10
6.785205540516809E-10
6.07508374205652E-10
5.361594228574333E-10
4.672180848143536E-10
4.0309785400579926E-10
3.6958815090116374E-10
3.7234758036018296E-10
3.7440239241748127E-10
3.717670668083367E-10
3.6079243289669817E-10
3.7666109908062366E-10
4.290184990977224E-10
4.718845034740556E-10
5.125908207755262E-10
5.316098592595198E-10
5.306230964067386E-10
5.205533631295418E-10
4.976845985602688E-10
4.6353431768410177E-10
4.2841735714905495E-10
3.937852126456073E-10
3.568284161738642E-10
3.231486588228185E-10
2.911533519588485E-10
2.5977468365868063E-10
2.3767534196407494E-10
2.1709268014423315E-10
2.0063648443772023E-10
3.2403664684787206E-10
6.191221243105426E-10
1.192133364625738E-9
3.635991528429694E-9
5.779435888534501E-9
8.234014569716758E-9
1.0124062528363499E-8
1.1109482684640815E-8
1.1606984551942301E-8
1.1682767975036907E-8
1.1621404819369478E-8
1.1489993826797929E-8
1.1343109785871831E-8
1.120305416253756E-8
1.1086177056318323E-8
1.0983792686533789E-8
1.2173738104732808E-8
1.3341917507941698E-8
1.4211343135915538E-8
1.4779028401559352E-8
1.4972344140692074E-8
1.498653923784033E-8
1.4702511265164816E-8
1.4337905553712517E-8
1.3771339909722443E-8
1.3174349259337252E-8
1.2494733952633813E-8
1.1820645278690816E-8
1.1351719021933802E-8
1.0769187795713756E-8
1.0451056891929123E-8
1.019190046122819E-8
1.0097633878356056E-8
9.902206165081055E-9
9.689110781728393E-9
9.318950030193561E-9
8.94641750814693E-9
8.472109385413168E-9
8.007914037167407E-9
7.517030910851617E-9
7.061127292323628E-9
6.594421964839363E-9
6.147345183774781E-9
5.703559007539326E-9
5.277202241708934E-9
4.932329221710361E-9
4.774786057824586E-9
4.834698864083004E-9
4.8258244122960075E-9
4.886698686303433E-9
4.985243005066001E-9
5.841299976434197E-9
6.4178223426437864E-9
7.14340811279326E-9
7.523592409916508E-9
7.789009391671458E-9
7.808556783165291E-9
7.702160705061057E-9
7.460163288545717E-9
7.1590244372223E-9
6.80415175805829E-9
6.543245544752731E-9
6.214440389463118E-9
5.9361428552415195E-9
5.62379173286644E-9
5.35757788624367E-9
5.075744503041111E-9
4.789595790226972E-9
4.4893184810582235E-9
4.194468627560431E-9
3.90274245914944E-9
3.622921072290423E-9
3.3536464867584018E-9
3.0982603101630567E-9
2.8556702925040632E-9
2.626895827744678E-9
2.411137644991562E-9
2.2101889186089977E-9
2.020184123613072E-9
1.8430150392107954E-9
1.6775125825014614E-9
1.5239606229519744E-9
1.4139806171432955E-9
1.4547426567907778E-9
1.4822828513999435E-9
1.543713509902585E-9
1.5501035626032199E-9
1.5444880249315722E-9
1.5018565785093425E-9
1.4426414492896536E-9
1.5775064786250617E-9
1.6223373885002603E-9
1.7252476774613962E-9
1.7997119915395983E-9
1.828706880808258E-9
1.8219311360153137E-9
1.798363197094628E-9
1.7864072379019535E-9
1.8046455759109864E-9
1.7988736182373797E-9
1.7637365975413282E-9
1.694748968165971E-9
1.6064714611474315E-9
1.5037831360666328E-9
1.4352131410113472E-9
1.3569173341176337E-9
1.297414638758141E-9
1.2372949065313737E-9
1.1967569925437722E-9
1.1511143837682375E-9
1.104601609293036E-9
1.052225302152659E-9
1.2826053015182058E-9
1.3664849588314992E-9
1.5085003411676808E-9
1.5403200900182107E-9
1.5908567440430336E-9
1.6178016130906492E-9
1.6761944178786244E-9
1.7326854004800668E-9
1.7590184622302013E-9
1.741847995934497E-9
1.6873173309639307E-9
1.5992673121913276E-9
1.5099403534100247E-9
1.4159329810447332E-9
1.3250734106828417E-9
1.2200112288234505E-9
1.1269906072360987E-9
1.022559229284911E-9
9.218564906852064E-10
9.73475808782963E-10
9.666713856489701E-10
1.0147727055824031E-9
9.967413357815774E-10
1.0003728751252172E-9
9.563011829369918E-10
9.086454963498581E-10
8.423986424287382E-10
7.824487979674385E-10
7.145690177037595E-10
6.507926555770761E-10
5.884124421916677E-10
5.301089962724984E-10
4.754890292018344E-10
4.24892420824495E-10
3.770190741967E-10
3.3591865548259477E-10
2.979273739840411E-10
2.6532015632246373E-10
2.3550274816147085E-10
2.0933832410205712E-10
1.8564252164382648E-10
1.6467541980150083E-10
1.4587482904442482E-10
1.2931202034541777E-10
1.1394622611687001E-10
1.0140026519766309E-10
9.000479195452789E-11
8.059911561659007E-11
7.43569304546412E-11
9.078642334867412E-11
9.836629492252113E-11
1.1086219886410178E-10
1.1683604546440783E-10
1.2276446122756975E-10
1.2647916483268984E-10
1.3334082728343842E-10
1.3676086426017618E-10
1.3905590022256573E-10
1.3747857637698876E-10
1.3369522763036723E-10
1.2731174672697325E-10
1.1954155018657853E-10
1.1065315273119236E-10
1.0397526575566962E-10
1.01811957722834E-10
9.963405747305759E-11
9.814238018448493E-11
9.50641136826679E-11
9.12078291342517E-11
8.606777084824836E-11
8.032612606665438E-11
7.928935731056264E-11
7.207246677009069E-11
6.629954464103381E-11
5.951316035997425E-11
5.3633581706909455E-11
1.3642338613719117E-10
6.606488226546377E-10
1.0559263532492988E-9
1.5177571954979697E-9
1.7880136279527995E-9
2.0122106563064306E-9
2.1781390783686043E-9
2.303124328666954E-9
2.3383302648572013E-9
2.3097241274104562E-9
2.2112499792042255E-9
2.0716578065813054E-9
1.899914973262835E-9
1.7145722793786625E-9
1.5478239025827237E-9
1.5362498864422168E-9
1.5177128367662643E-9
1.5223478307023277E-9
1.4814471196508192E-9
1.4228995904170078E-9
1.3315778061917374E-9
1.2268615362076936E-9
1.1372612460776895E-9
1.0395665118682262E-9
9.464766301610085E-10
8.519649407231767E-10
7.623001376986695E-10
6.759827397151479E-10
5.96255708175907E-10
5.22550452149518E-10
4.734984056630802E-10
5.198084200164324E-10
5.582045433735434E-10
6.077737337096944E-10
6.266268759610796E-10
6.402853739604535E-10
6.250213387475122E-10
5.983814007023389E-10
5.54618135587602E-10
5.21112956959229E-10
4.809183553847597E-10
4.410920054005348E-10
4.0771695854431486E-10
4.241482191710655E-10
4.380701311190529E-10
4.765137665760527E-10
4.93470823634683E-10
5.044595605819382E-10
4.945455001041282E-10
4.79100811932693E-10
4.707417489937322E-10
4.5436869049646213E-10
4.4649670596943077E-10
4.337738846741998E-10
4.226740172950471E-10
4.1065508178352295E-10
3.919452089676645E-10
3.687463208990265E-10
3.6671597451686413E-10
4.774434391795322E-10
5.584094008877024E-10
6.720572550496443E-10
7.406912242364473E-10
8.523446630786933E-10
1.2639423281507312E-9
1.5773785555502807E-9
1.9511215592564855E-9
2.172864146029919E-9
2.3341745162199024E-9
2.373727318417956E-9
2.3606494143979565E-9
2.2777848068377163E-9
2.164566659821396E-9
2.019359744565101E-9
1.861288239895089E-9
1.6929045513036003E-9
1.5247241451129135E-9
1.3592511750056354E-9
1.2166151062484086E-9
1.1551678401558271E-9
1.0949592376552604E-9
1.0570565978474655E-9
1.0005817483062398E-9
9.512791033173627E-10
9.264516525177909E-10
8.90584445032759E-10
8.546922778427365E-10
8.032182923413591E-10
7.470363047372481E-10
6.822005703279036E-10
6.161189656628236E-10
5.487436047426547E-10
4.842088850928045E-10
4.230338996947592E-10
3.6705638690998686E-10
3.1640485000095416E-10
2.7155317176789085E-10
2.3220922488156317E-10
1.9816654614396865E-10
1.6948591221460937E-10
1.4451466025215771E-10
1.2347287947699262E-10
1.0554430039892453E-10
9.047863477720379E-11
8.747219735037815E-11
1.361878165002523E-10
1.795641335863064E-10
2.331590600797633E-10
2.645129090023033E-10
2.868162230668896E-10
2.9070751993570055E-10
2.8872928716796135E-10
2.9139152716090754E-10
2.877750500929836E-10
2.8385830279339975E-10
2.7298669271953953E-10
2.593526571100274E-10
2.411047580078567E-10
2.2107842858725752E-10
1.99324336683236E-10
1.7756192109127444E-10
1.562063428048154E-10
1.3613901650939934E-10
1.1761038103177612E-10
1.0094316087592345E-10
8.629538037089578E-11
7.341131633123187E-11
6.228389965399452E-11
5.275408671782262E-11
4.4673059749409267E-11
4.023995502493377E-11
4.928479246985337E-11
5.856933380870572E-11
6.92222959560714E-11
7.517826381206242E-11
7.826281300494142E-11
7.728558142978151E-11
7.793337543820094E-11
7.552655397642096E-11
7.208667406393952E-11
6.659679274868597E-11
6.181171404738487E-11
6.485463985797122E-11
6.740031631042449E-11
7.069861701503151E-11
7.202694580432185E-11
7.18159629286071E-11
6.946702751457824E-11
6.632872930322642E-11
6.541652745047399E-11
6.355507792679523E-11
6.206558952849004E-11
5.935151058434276E-11
5.706042443542041E-11
5.415956805181784E-11
5.160057813351707E-11
4.8868371726933636E-11
4.6601972488555114E-11
4.43854456861721E-11
4.2380322095226523E-11
3.981760415515823E-11
3.77460412315172E-11
3.504574659006254E-11
3.2862523586794384E-11
3.07119626940099E-11
2.8611712547272592E-11
2.6384827052584203E-11
2.4063302896744633E-11
2.170763391070409E-11
1.9395185495141476E-11
1.7222062237307876E-11
1.5282217268325728E-11
1.3548130652494608E-11
1.3199946731753701E-11
1.1813754685898388E-11
1.0751504049660437E-11
9.601811770248037E-12
8.683506115619642E-12
2.8110847467978932E-11
1.512733330595568E-10
2.496679718037702E-10
3.6407607024098063E-10
4.3523274355365917E-10
4.94798191053963E-10
5.170454805465407E-10
5.228255396186982E-10
5.061552626984068E-10
4.797077684920594E-10
4.5770867304974454E-10
4.936118975915576E-10
5.150856643497153E-10
5.533228557202859E-10
5.723349210560376E-10
5.861406296058502E-10
5.901871900253365E-10
6.027172180836271E-10
5.986273885061384E-10
5.919560435000655E-10
5.727735336586367E-10
5.519366098368153E-10
5.249505521834179E-10
4.943292870430769E-10
4.6068868077466023E-10
4.2582069602015443E-10
6.033576902318265E-10
7.110007262949164E-10
9.426536091220719E-10
1.0898143675858033E-9
1.2223624452211765E-9
1.2916384681605103E-9
1.3719214162359465E-9
1.4137978599118515E-9
1.4579980385724284E-9
1.4687152144447316E-9
1.4711690204781782E-9
1.4467762790000003E-9
1.4130067826160205E-9
1.3613930651657758E-9
1.2859430771175637E-9
1.1830387286955868E-9
1.0750153551799605E-9
9.555156355146678E-10
8.534692485798533E-10
7.736981248368978E-10
7.329849472954173E-10
7.066571849187748E-10
7.118566279919879E-10
7.114112993862082E-10
7.523036346161378E-10
7.758119486642385E-10
8.0386317294389E-10
8.016642713896308E-10
7.955139266628462E-10
7.656694746374001E-10
7.315736549077767E-10
6.878934106122321E-10
6.419870207619049E-10
6.009945296877073E-10
6.119610357422207E-10
6.059493952151099E-10
6.377840244498503E-10
6.449188576657271E-10
6.626751097345034E-10
6.624205784910003E-10
6.619787338129485E-10
6.3518196202786E-10
6.037270380473471E-10
5.557526425021377E-10
5.093594035764635E-10
4.5654344617625435E-10
4.0974722219730095E-10
3.637734930596533E-10
3.233780073066127E-10
2.858617156618854E-10
2.557168383538839E-10
2.5139550985975374E-10
2.4947357324692146E-10
2.565671185851503E-10
2.6353988766862487E-10
2.675046825246733E-10
2.676485672841209E-10
2.6562964538048076E-10
2.732444966774262E-10
2.760677064657009E-10
2.773110690758523E-10
2.733797647803557E-10
2.657727899035102E-10
2.552777945804495E-10
2.433007717197486E-10
2.3049895767878582E-10
2.1789689139744238E-10
2.050299190587409E-10
1.9125091890854167E-10
1.7724573120645196E-10
1.6298034426729507E-10
1.5794250651685578E-10
1.505640435437765E-10
1.4544699101834563E-10
1.4171216110939892E-10
1.3659835790519553E-10
1.309198296618672E-10
1.2539302050003588E-10
1.1879516090320894E-10
1.1122386603932161E-10
1.0338345354671142E-10
9.537034494874207E-11
8.747402396207856E-11
7.976079850308674E-11
7.369903335309E-11
6.76101766786594E-11
6.201963572714086E-11
5.6108877763374374E-11
5.0621528969037485E-11
4.530486647945309E-11
4.5569956149439785E-11
4.482919209620046E-11
4.5772717925654E-11
4.508201831964299E-11
4.4046549182820975E-11
4.1889060277055044E-11
4.110028333849756E-11
3.9654884505373965E-11
3.890539094645023E-11
3.8060233559401085E-11
3.7677831085488206E-11
3.638231947289273E-11
3.4702861009911295E-11
3.237244728951894E-11
3.0113999833096894E-11
2.931882182192479E-11
2.8355598751265053E-11
2.7473240595382177E-11
2.612185706294871E-11
2.451623276372143E-11
2.262088533859332E-11
2.0603566869302335E-11
1.8734210324147292E-11
1.7713937628763995E-11
1.6788159631546156E-11
1.589099019466716E-11
1.48204138681842E-11
1.3650529111757003E-11
1.2397647630350143E-11
1.298641546562328E-11
1.3322508965565628E-11
1.3978434866005897E-11
1.3948520368379854E-11
1.3581118568560614E-11
1.2772475301061479E-11
1.1746926119533899E-11
1.13751466768218E-11
1.4501055892087887E-11
1.7479934327905547E-11
2.0737284180394553E-11
2.3832300978388634E-11
2.671036065753815E-11
3.504599025141875E-11
4.0687587799512804E-11
4.4975098372471814E-11
4.882802457558035E-11
5.039551706502519E-11
5.03140045308391E-11
4.8580520110086287E-11
4.618547205170086E-11
4.338911520731811E-11
4.226815624007465E-11
4.0492440071048934E-11
3.8562172046979394E-11
3.59829397594261E-11
3.3534951428673855E-11
3.077955570211757E-11
2.7922249048541176E-11
2.497656132997279E-11
2.212679399938591E-11
1.969819290431058E-11
1.786172541433945E-11
1.878934055423767E-11
1.911340491255844E-11
1.9491798031853268E-11
2.0079302079744868E-11
4.4601653204779505E-11
3.475140307001002E-11
4.5959242255477864E-11
5.3728629882979685E-11
6.232419667516639E-11
3.528719655055738E-10
2.1258373686161056E-9
3.678665015421246E-9
5.3152125276746474E-9
6.478962242468232E-9
7.448236322440806E-9
8.05597967527337E-9
8.322051460281882E-9
8.412963733869869E-9
8.422152489876368E-9
8.35126728303449E-9
8.172162619495066E-9
7.956997691171212E-9
7.635204781416244E-9
7.276725051057101E-9
6.855002362023835E-9
6.40924646503245E-9
5.936705668358964E-9
5.460204306887525E-9
4.983792076555903E-9
4.5210895551472505E-9
4.082578121862935E-9
3.6623166428781734E-9
3.2716805972361615E-9
2.9107328247732346E-9
2.581491978989595E-9
2.4007993794136687E-9
2.8675059350652513E-9
3.196741980374091E-9
3.645539416774582E-9
3.934511403514133E-9
4.203435113811294E-9
4.267775318707288E-9
4.318791270690357E-9
4.2069817908513965E-9
4.05261916979924E-9
3.849043408566961E-9
3.611608838451398E-9
3.344000342756419E-9
3.0614912539461817E-9
2.7787331758946233E-9
2.494847417079962E-9
2.2247443490197753E-9
2.0080523069879658E-9
2.0024069545824158E-9
2.0915702286128405E-9
2.848380610561011E-9
3.3721100790146684E-9
3.997976497592257E-9
4.417781824083181E-9
4.7911188584961106E-9
4.913942038206524E-9
4.934501751278404E-9
4.792300350186794E-9
4.582121767528023E-9
4.320355119724576E-9
4.061806619249918E-9
3.790599372156427E-9
3.5636811120208713E-9
3.5509687723102607E-9
3.4730318075660603E-9
3.3895773127086137E-9
3.246301838452407E-9
3.109223304618546E-9
2.9205143125294764E-9
2.7267708625082025E-9
2.5307174224497796E-9
2.341831225251188E-9
2.14292391986043E-9
1.9443413690717156E-9
1.745383775371255E-9
1.5542983621470023E-9
1.3736974308057635E-9
1.20714810694081E-9
1.0694169513439748E-9
1.024121734878367E-9
9.976898045784346E-10
9.797833468539684E-10
9.592031640734277E-10
9.280800201619897E-10
9.872114568980748E-10
1.0527119190892514E-9
1.3771017714462744E-9
1.576451640825918E-9
1.7672456718045239E-9
1.8429341444282825E-9
1.86077707909776E-9
1.8032850421462445E-9
1.7143021945565465E-9
1.6262042566365794E-9
1.5244349535106554E-9
1.4256687821151172E-9
1.3175105623530577E-9
1.212915477145901E-9
1.110974228517989E-9
1.015856741999918E-9
9.222500902278668E-10
8.328630893926929E-10
7.46383766542821E-10
6.647702400378003E-10
5.881200668440937E-10
5.190738480286941E-10
4.5433457886523393E-10
3.968123068826765E-10
3.4485997130824146E-10
3.590484066300762E-10
3.8777041084088406E-10
5.923421195504669E-10
7.248999710878002E-10
9.038758265297457E-10
9.791750230631204E-10
1.0557545802303784E-9
1.0460562348154005E-9
1.019575245367419E-9
9.520073419364702E-10
8.75713915885782E-10
8.089543420735125E-10
7.462354077787559E-10
7.452909795548612E-10
7.187904817367178E-10
6.92349859575331E-10
6.464656595920656E-10
5.952933349110006E-10
5.92977235953086E-10
8.871217237046498E-10
1.1156902340360939E-9
1.3413815898290406E-9
1.4757178619231946E-9
1.5638884347023471E-9
1.5874640397579937E-9
1.5819842964600213E-9
1.5420671953316306E-9
1.4917194896690276E-9
1.4392505715312263E-9
1.377445342096859E-9
1.3442656469684137E-9
1.5793605651856253E-9
1.7743813141305777E-9
2.0432011636320102E-9
3.486140745726256E-9
6.247718271250096E-9
8.285399943317645E-9
1.0441401155495208E-8
1.2360492008883811E-8
1.3348977512052035E-8
1.4059852067924944E-8
1.4419244655676612E-8
1.4537552320610904E-8
1.450997215271082E-8
1.4402592453256876E-8
1.4239664358984148E-8
1.4026508724786638E-8
1.3780817383621757E-8
1.3441698289744387E-8
1.2999576419734828E-8
1.2476859480170846E-8
1.189078702985391E-8
1.1272173390028234E-8
1.0627343838366829E-8
9.965948096967365E-9
9.296429742708075E-9
8.628728186263988E-9
7.971008142261877E-9
7.352166294915504E-9
6.750284978507371E-9
6.150851033195102E-9
5.589768279438316E-9
5.055141194903409E-9
4.8361920035919965E-9
4.984582343860064E-9
5.085694230163474E-9
5.142625156062559E-9
5.064092040627979E-9
4.902748057839123E-9
5.095489112541994E-9
5.779497158593978E-9
6.300200354424089E-9
6.711799237221034E-9
6.9320940802071105E-9
7.028394287985009E-9
6.9449002830791255E-9
6.7592570871908555E-9
6.462973139767427E-9
6.133286728425184E-9
5.7944224504164866E-9
5.467802775919769E-9
5.173493692143873E-9
4.883946095143449E-9
4.565108719122357E-9
4.2210983051806215E-9
3.875806031486394E-9
3.5421660837301055E-9
3.2149249712987884E-9
2.8988776562843086E-9
2.5962978413509614E-9
2.3112543575758056E-9
2.123061011187203E-9
2.0541565130711564E-9
1.997363962135441E-9
1.9465974874014924E-9
1.870822485561569E-9
1.775598811954798E-9
1.6589730570305658E-9
1.5611527660409803E-9
1.501289916789912E-9
1.4409032116147073E-9
1.3738870225215795E-9
1.2937000508912224E-9
1.2166423840333975E-9
1.2083479797769143E-9
1.2907905962569647E-9
1.3508087185028956E-9
1.395382821551622E-9
1.3892267301785933E-9
1.3507998616024398E-9
1.278809450382541E-9