
0.0
7.83178433139422E-19
1.91192567523927E-12
2.414764314022336E-8
4.085711024888485E-9
2.310129578869425E-9
1.3777646608746015E-9
1.0731767321227085E-9
1.228048226555478E-9
1.8037526921411246E-9
3.1146379104861914E-9
3.795107703828737E-9
5.0099202602496356E-9
5.610283916519504E-9
6.420333631496693E-9
6.910480276082105E-9
7.391137307521146E-9
7.846918420098918E-9
8.35775712708987E-9
8.72920224120985E-9
9.108010430586763E-9
9.374683019984776E-9
9.594768314817921E-9
9.684612511295804E-9
9.681143050085958E-9
9.527275151950565E-9
9.252463711293022E-9
8.836178825005362E-9
8.31714990694682E-9
7.707313110221088E-9
7.049437430615774E-9
6.364277262032258E-9
5.686109854132182E-9
5.0299724875395114E-9
4.414852320593905E-9
3.8472502667669204E-9
3.333449392100714E-9
2.873312173972118E-9
2.4662615535801827E-9
2.1086861496920234E-9
1.7972114124998446E-9
1.5271689076943795E-9
1.2944653990545515E-9
1.0946080202099871E-9
9.237328957319979E-10
7.780113043231635E-10
6.541847346316028E-10
5.491336472600111E-10
4.6028993978572896E-10
3.8526328445333213E-10
3.2199874081873535E-10
2.609266835655643E-10
2.291673992886602E-10
1.9404038919021498E-10
1.6619869948522292E-10
1.4032990121451713E-10
1.1855655655642801E-10
9.942041863746087E-11
8.337595801300749E-11
6.969291687405482E-11
5.820377841721576E-11
4.850062557391259E-11
4.035570678359228E-11
3.3515840922154725E-11
2.779301986923084E-11
2.247859012275668E-11
1.9353011562813688E-11
1.5772693207434707E-11
1.3778390597633205E-11
1.1681053758770998E-11
9.560647076507352E-12
8.433857191689902E-12
7.23492783523758E-12
6.297602052664261E-12
5.4264382534814544E-12
4.6561163666620635E-12
3.95938278435764E-12
3.3586780045735265E-12
2.8367630859409E-12
2.3886313068820038E-12
2.00436394253787E-12
1.6768956003034955E-12
1.3986899101335705E-12
1.1635090112932144E-12
9.654379854848029E-13
7.99323676829842E-13
6.604824397612966E-13
5.448354582796343E-13
4.4885478219908957E-13
3.69325473873932E-13
3.035871899899794E-13
2.493337164908679E-13
2.046342860668552E-13
1.6785693329901377E-13
1.376358923099223E-13
1.1283034782723195E-13
9.249554747347729E-14
7.583262105979305E-14
6.21914603099124E-14
5.1029656560253474E-14
4.190212368367545E-14
3.4441271881414896E-14
2.8345152532304295E-14
2.3365493799288617E-14
1.9298604789505682E-14
1.597745787886484E-14
1.3265243668255423E-14
1.1049996330016538E-14
9.240148719481113E-15
7.76087699967809E-15
6.5510718896917264E-15
5.560859762225398E-15
4.749550567866441E-15
4.08396976397745E-15
3.5370982105244487E-15
3.086891127391819E-15
2.7154160018303302E-15
2.408064579669638E-15
2.1531047888758146E-15
1.940757245299323E-15
1.7632373751747498E-15
1.6140605194097916E-15
1.4883131752699744E-15
1.3815230754458757E-15
1.2904341137819818E-15
1.8355167245058075E-15
2.2375388348518656E-15
2.485832692793748E-15
2.7191731254664927E-15
6.613600602363262E-15
8.334047521876597E-15
9.12545811691249E-15
8.918576904940357E-15
7.906501878452763E-15
9.819101645013768E-15
9.935986663382818E-15
1.008609632072689E-14
1.2729483267626036E-14
1.3094427124855056E-14
1.2902706009470188E-14
1.1727209397249493E-14
1.0452339169617944E-14
9.145590235652485E-15
8.062619904123318E-15
7.219938068595736E-15
6.516608302436205E-15
5.9430928988746635E-15
6.45931275783851E-15
6.887743875916957E-15
6.9758546832E-15
6.911940380778984E-15
6.3929735825016345E-15
5.737247316341838E-15
5.006799791574407E-15
4.340362207587012E-15
3.735111019045001E-15
3.2208345967217854E-15
2.827675331385383E-15
2.497933070012133E-15
2.206826200966237E-15
2.67644741216228E-15
2.94998874703481E-15
3.169343591987075E-15
3.409096783812868E-15
3.224039586192685E-15
2.9083908964554824E-15
2.5354433401530594E-15
2.2260768187347036E-15
1.978034844000737E-15
1.8046137369865187E-15
1.6755863124350716E-15
1.583672244601417E-15
1.509364862009458E-15
1.4442574604944235E-15
1.393969447611808E-15
1.3423003672364213E-15
1.3563235669628432E-15
1.3559008557074268E-15
1.7194161417669407E-15
1.9513684933511047E-15
2.018412045788519E-15
2.0600241258772358E-15
1.997640090410138E-15
1.869149543872925E-15
1.7114358212939733E-15
1.5648303089870949E-15
1.4349552533011764E-15
1.3266279315666699E-15
1.235039185096354E-15
1.1589563404002172E-15
1.0948375668720775E-15
1.040383615250709E-15
9.931239833545968E-16
9.51485569898171E-16
9.142872233724847E-16
8.80595477187371E-16
8.49764152458978E-16
8.212820602278708E-16
7.947979153736097E-16
7.700111113283937E-16
7.467266335934418E-16
7.24776675726848E-16
7.040525590078908E-16
6.844544510195041E-16
6.659112320351163E-16
6.483483942866789E-16
6.317015712465518E-16
6.1590323910443325E-16
6.008892801199178E-16
5.86590349448711E-16
5.729406378364497E-16
5.5987067978982935E-16
5.473488594803507E-16
5.352886077261415E-16
5.239114980341757E-16
5.130150690823418E-16
5.03107392894216E-16
4.935869584184015E-16
4.947320374178562E-16
4.970636645740918E-16
4.977378754996883E-16
4.976313115074012E-16
4.952872015730541E-16
4.894872362390002E-16
4.827320658972018E-16
4.724754523051559E-16
5.114612557921303E-16
5.323891056751112E-16
5.352774032011394E-16
5.362582229916656E-16
5.259102869114124E-16
5.067547782156137E-16
4.832308329591254E-16
4.588691714037033E-16
4.356082890286822E-16
4.146085073260296E-16
4.009120471159429E-16
3.8846129515941535E-16
1.8349681013775695E-15
2.551381078945266E-15
3.172690813145856E-15
3.637116792021426E-15
3.4339657590820547E-15
3.067737611255449E-15
2.615006970840949E-15
2.2690092984113042E-15
1.9552875591533258E-15
1.688833255162302E-15
1.4565222952217037E-15
1.2587186955403044E-15
1.0945415140881197E-15
9.589046788447465E-16
8.455965228003466E-16
7.511858632663374E-16
6.709874664787502E-16
6.158774231614852E-16
5.671444255694625E-16
5.212828680946533E-16
4.821417292632101E-16
4.448245769784886E-16
4.0948045608539635E-16
3.8237181922806446E-16
3.566026445491758E-16
3.3130374977302913E-16
3.0875060461406457E-16
2.87881048829538E-16
2.6848348807125613E-16
2.507720039549517E-16
2.3494489627911753E-16
2.2099921722454802E-16
2.088419837433245E-16
1.9833064284866976E-16
1.8943546561848017E-16
1.8183875294232544E-16
1.752523077654337E-16
1.6953933492232635E-16
2.387969778297317E-16
2.7748394222287677E-16
2.906628247248802E-16
3.094150473109597E-16
3.0754104941693044E-16
2.90624315679753E-16
2.671999265103242E-16
2.4754893236376485E-16
2.3368801650565825E-16
2.36255482165268E-16
2.414948844045244E-16
2.507352466984672E-16
2.665125781809847E-16
2.8105592882797626E-16
2.9342236837825296E-16
3.128938596582143E-16
3.2663458199803677E-16
3.340915778710519E-16
3.4146111227715363E-16
3.463013030122063E-16
3.4877935468633647E-16
3.4911268080156366E-16
3.4961751570308037E-16
3.498385618722058E-16
3.4983757035827225E-16
3.497111822167004E-16
3.493067643619585E-16
3.4852273849874503E-16
3.4729419085783905E-16
3.456374315293076E-16
3.435722472168136E-16
3.4114281716288645E-16
3.4344749742223074E-16
3.430751135281528E-16
3.4206984146086033E-16
3.4118195985723604E-16
3.416762595240905E-16
3.403289243919478E-16
3.371134861095562E-16
3.335551863039957E-16
3.2925111081371034E-16
3.2445273962550143E-16
3.1927350820600583E-16
3.136783991995141E-16
3.078640651276175E-16
3.0194903026953507E-16
2.959797185453967E-16
2.9001148893948097E-16
2.841250219371348E-16
2.7836808513150043E-16
9.21147062847294E-16
1.2883422058055865E-15
1.8699113057846344E-15
2.5740041840892834E-15
2.879403072776731E-15
2.7556570946593435E-15
2.4560620520963544E-15
2.117541083380019E-15
1.786602668786633E-15
1.5126900363800356E-15
1.2812889817156166E-15
1.097660515993318E-15
9.459140246893792E-16
8.228942907864055E-16
7.207530909935923E-16
6.833666577255886E-16
6.568060682651802E-16
6.424077117702374E-16
6.49529312433168E-16
6.482563288003665E-16
6.41383099360858E-16
6.24683127706631E-16
6.053732335319963E-16
5.834358710305888E-16
5.626472533730868E-16
5.42992685041203E-16
5.255748997491243E-16
5.100409714176969E-16
4.964213551150308E-16
4.843279901428841E-16
4.735331608205729E-16
4.637310488812047E-16
4.547040189480516E-16
4.462493552048081E-16
4.382203368041178E-16
4.3050122708867483E-16
4.230073709462584E-16
4.156784443127766E-16
4.084719534810055E-16
4.0135963403776955E-16
3.9432489707464533E-16
3.8837383897552788E-16
3.8286191793565714E-16
3.777605321078191E-16
3.725720698533181E-16
3.6510376361733225E-16
3.550632089539454E-16
3.427532934218287E-16
3.287173528556438E-16
3.1402627612043204E-16
2.995627935194249E-16
2.863495169371438E-16
2.7471524652438E-16
2.647209390436321E-16
2.5634130680314345E-16
2.498070434312011E-16
2.444092158921558E-16
2.401415156211051E-16
2.365545462228194E-16
2.3348854473049636E-16
2.306681652527262E-16
2.3521171382359744E-16
2.3846248709992404E-16
6.224669201478623E-16
8.503776870658727E-16
1.026137126979222E-15
1.1893845579472561E-15
1.175171111226338E-15
1.278153737339235E-15
1.270692598152775E-15
1.2076219510040966E-15
1.1107458483084143E-15
9.967788988564412E-16
9.041783204201619E-16
8.164931741777155E-16
7.352398593048009E-16
6.624093347647862E-16
5.989067321104697E-16
5.442784866535602E-16
4.966408067352931E-16
4.569742106857731E-16
4.230987872737804E-16
4.474260382078701E-16
4.655355048901661E-16
4.712716175763198E-16
4.784987248272876E-16
5.109657215087481E-16
5.16906010991688E-16
4.989175458528008E-16
4.76967416880828E-16
4.451373340814388E-16
4.109838874597327E-16
3.8192932808794434E-16
3.576383242148448E-16
3.3831134390690253E-16
3.243172607605494E-16
3.137777720013572E-16
3.057927215636468E-16
2.9869290184301943E-16
2.9190218445125994E-16
2.8487336314618434E-16
2.774411188826614E-16
2.6959263142267843E-16
2.6148213055994537E-16
2.5328758934307165E-16
2.651120382219069E-16
2.701881230378193E-16
2.705061361811612E-16
2.721103740944344E-16
2.7083787761230344E-16
2.6609867181220615E-16
2.588155104938435E-16
2.505318317564563E-16
2.4174075717334554E-16
2.329472352653335E-16
2.2576228164722896E-16
2.184609312979761E-16
2.1181432965006398E-16
2.062802033697995E-16
2.0083695980111156E-16
1.9576659002471257E-16
1.909626384019486E-16
1.8773732557977846E-16
1.8453087315698208E-16
1.8103732418687737E-16
1.8139527300454095E-16
1.8182289163780418E-16
1.8048432079595352E-16
1.7847322412465645E-16
1.7561202366025612E-16
1.7146812323966177E-16
1.6940178233191053E-16
1.661899351794932E-16
1.6209165848828973E-16
1.580134173243283E-16
1.535762886727842E-16
1.4885795759545546E-16
1.4399147626373673E-16
1.4861304485169605E-16
1.4992328858942778E-16
1.4830404700103207E-16
1.5172444770162954E-16
1.5205257809119872E-16
1.4941593166127962E-16
1.456414501265084E-16
1.4090922899625868E-16
1.3593571044887138E-16
1.3099867689507972E-16
1.264008360463298E-16
1.223754429003495E-16
1.1887327546556862E-16
1.160284209586038E-16
1.1363659084137644E-16
1.1159042213306296E-16
1.0985444680365278E-16
1.0844638747832457E-16
1.0724752081295738E-16
1.0623728144587549E-16
1.0585647638029603E-16
1.0539913044613771E-16
1.0473161462405258E-16
1.0398327436559331E-16
1.0309943931867277E-16
1.0196174683421066E-16
1.0202150101746041E-16
1.0166847317850651E-16
1.007241976647308E-16
9.970990684488923E-17
9.839423472864956E-17
9.673451460330461E-17
5.81505639427879E-16
9.525445857786992E-16
1.3898919352155299E-15
1.6922455532110818E-15
1.6075147328130803E-15
1.9363956699106422E-15
1.850244646729083E-15
1.7412962010069817E-15
1.4903880906439003E-15
1.2571621447959275E-15
1.0351430214818288E-15
9.855968801752084E-16
1.0241821134784457E-15
1.127384847339159E-15
5.978603125434202E-15
4.163179372354976E-14
9.31094049863159E-14
2.176891248396797E-13
9.675277280116034E-13
1.503758028038353E-12
2.1504571117209365E-12
2.577528269777134E-12
2.937536410773301E-12
3.164771091009221E-12
3.313823342012361E-12
3.3502291330329232E-12
3.2971872833985647E-12
3.271898617518924E-12
3.1982712982515197E-12
3.0751198421682142E-12
2.92111263467617E-12
2.7335856956636868E-12
2.5306921694482695E-12
2.3242712727634507E-12
2.125116449383186E-12
1.9368622785438837E-12
1.7781763478597016E-12
1.637371399543402E-12
1.5116932696425015E-12
1.400424317196646E-12
1.2981970731479487E-12
1.2030547316404354E-12
1.113918045698173E-12
1.0647543382258705E-12
1.0214076721447963E-12
9.85561170996845E-13
9.535949289786557E-13
9.156862938432307E-13
8.712034391482612E-13
8.204971114120225E-13
7.671626009888873E-13
7.839167640340053E-13
7.983696706333455E-13
7.948568687711754E-13
7.876008109833124E-13
7.641059419365764E-13
7.25312023024221E-13
6.789340903017092E-13
6.317419364103485E-13
5.86627638270867E-13
5.45751651217015E-13
5.098410418933163E-13
4.782759844751107E-13
4.534952720511456E-13
4.326339576643722E-13
4.1382234284667287E-13
3.972749728858296E-13
3.8247959024911277E-13
3.6884804093905365E-13
3.5609513386799694E-13
3.442209000170627E-13
3.3321107682534504E-13
3.2305222969762125E-13
3.137103296741779E-13
3.0517174358517416E-13
2.973893088983252E-13
2.9029728564919114E-13
2.8381273851213953E-13
2.778481353311142E-13
2.723123377871692E-13
2.671184721261923E-13
2.6218806852797694E-13
2.5745393809542825E-13
2.5286092269075303E-13
2.483649583018539E-13
2.439316928894078E-13
2.3953535873594623E-13
2.3515714515368193E-13
2.3078402101368673E-13
2.26456559964627E-13
2.2211440971406615E-13
2.1781581541604464E-13
2.1350418942183373E-13
2.091817354083533E-13
2.0484176979426026E-13
2.0048399373810883E-13
1.9611085629993139E-13
1.9173017592466348E-13
1.8735268596053753E-13
1.8299020321230318E-13
1.7865450756725759E-13
1.7435642524427517E-13
1.701055295806413E-13
1.6590994016054393E-13
1.6177634171840373E-13
1.5771007501336127E-13
1.5371526304511386E-13
1.4979496335965007E-13
1.4595134144899292E-13
1.4218582005419898E-13
1.3849920206285315E-13
1.3489181915657016E-13
1.31363598042313E-13
1.279141896992181E-13
1.2454302496694147E-13
1.2124933635322198E-13
1.180503584691058E-13
1.1492406791334678E-13
1.1192299527965701E-13
1.0899168439590774E-13
1.0613370547584997E-13
1.0334177347124312E-13
1.0060749437680764E-13
9.792593235451656E-14
9.529582924314513E-14
9.271880289392429E-14
9.01978119074734E-14
8.773652523581544E-14
8.533826889733923E-14
8.321965393179419E-14
8.113664757450865E-14
7.912553482926068E-14
7.71714085423818E-14
7.52592758282674E-14
7.336979516645375E-14
7.15001039650576E-14
6.965801590907851E-14
6.785340739595459E-14
6.623454264651709E-14
6.466280474315627E-14
6.314241254687919E-14
6.169427495357131E-14
6.031203237402076E-14
5.897891907835932E-14
5.769648304938842E-14
5.647023669373468E-14
5.530371364807086E-14
5.420107562349147E-14
5.3164092476077814E-14
5.2193502229364644E-14
5.12967754196142E-14
5.0462286152093795E-14
4.968762994597616E-14
4.896801611955604E-14
4.8297085629552794E-14
4.767183146984067E-14
4.7083400124670403E-14
4.652594206712153E-14
4.5996341488269744E-14
4.548791260302691E-14
4.4995716769544465E-14
4.4515628809401784E-14
4.404577738907455E-14
4.35810902788201E-14
4.311871461396378E-14
4.265646362406996E-14
4.219220200873471E-14
4.172418883625369E-14
4.125105579812906E-14
4.077195666086498E-14
4.028613625271391E-14
3.9834045424944725E-14
3.9380738381196224E-14
3.9017818623047186E-14
3.8640747985558744E-14
3.836835235028866E-14
3.809444883147182E-14
1.4866988139580062E-13
2.718775426924758E-13
4.587319059031088E-13
7.309572968523038E-13
8.999688739971891E-13
1.107906058603472E-12
1.4706175382769997E-12
4.2314718413849715E-12
2.250683597855838E-11
4.927030041386673E-11
8.739310837575941E-11
1.1567703256104984E-10
1.6106860702872697E-10
1.8669560656330314E-10
2.0462976433443674E-10
2.0936936211344072E-10
2.013702841865247E-10
1.9075529308288765E-10
1.7770625655777033E-10
1.66837161783177E-10
1.5608360834769879E-10
1.4647264395108117E-10
1.3684437450579434E-10
1.2776071370398594E-10
1.1888237002517438E-10
1.1051960864860364E-10
1.0252091170866404E-10
9.496148010848917E-11
8.776568142365662E-11
8.095330147942432E-11
7.450248031383663E-11
6.842939239516688E-11
6.273580162156488E-11
5.7431205919458684E-11
5.25128411694053E-11
4.798257444248986E-11
4.426312823033607E-11
4.1135794080792974E-11
3.8379511528380606E-11
3.588240205239354E-11
3.3475952220319743E-11
3.1151999899051196E-11
2.8861787612606713E-11
2.664723481893717E-11
2.455069627011036E-11
2.2595312624525492E-11
2.0793576722370948E-11
1.914865889170106E-11
1.765665225297112E-11
1.6316479410944354E-11
1.5109892471798052E-11
1.4024938391823957E-11
1.30490664547883E-11
1.2168936898195535E-11
1.1373436038697861E-11
1.0653696543282422E-11
1.3035641928836173E-11
1.5338717163413402E-11
1.7196337261781068E-11
1.9118418229757595E-11
1.9582511960201392E-11
1.9343822251308486E-11
1.837370527992226E-11
1.7299484863866823E-11
1.6166940813760346E-11
1.5087479004894074E-11
1.4080393444501043E-11
1.3167993046357896E-11
1.235361108372756E-11
1.163496290878306E-11
1.1010475101997661E-11
1.046887540141192E-11
9.998667132746066E-12
9.58497864678519E-12
9.217405150725422E-12
8.88334820776842E-12
8.57432678079961E-12
8.283193453594775E-12
8.139269755366225E-12
8.0084886295051E-12
7.931224853559371E-12
7.861805046497655E-12
7.756045406102266E-12
7.605095979127422E-12
7.395716179868888E-12
7.14005489904744E-12
6.849595507647226E-12
6.543046329150856E-12
6.343172992480045E-12
6.141713966388745E-12
5.944705112830084E-12
5.7639555352324595E-12
5.580009972272901E-12
5.3911826543349955E-12
5.1994599585589514E-12
5.0098284740341045E-12
4.825149295881869E-12
4.643165082221673E-12
4.475323588184241E-12
4.312050205271181E-12
4.152417538156245E-12
3.99834123895821E-12
3.850008666751406E-12
3.707906420939025E-12
3.572626602124577E-12
3.444570893839076E-12
3.323771930759058E-12
3.2100659656381883E-12
3.1032799576030658E-12
3.0028882508730844E-12
2.9113828824358635E-12
2.8255464249308987E-12
2.74317231781221E-12
2.664220176017831E-12
2.5880923708125725E-12
1.6274839541112826E-11
2.4772110374796888E-11
3.40689113887467E-11
4.100263939465673E-11
3.9888918256269846E-11
3.615750999163575E-11
3.125961161480091E-11
2.809265212892592E-11
2.5661437309958923E-11
2.456980660982068E-11
2.3843678520616775E-11
2.3602826891027922E-11
2.3363890805712523E-11
2.3187277434485752E-11
2.2952640454551774E-11
2.2670791279117666E-11
2.228376305063568E-11
2.1813356308732968E-11
2.1231855517238385E-11
2.05615675816474E-11
1.9900438553976764E-11
1.9212390479252605E-11
1.8508731308561814E-11
1.7793377984668332E-11
1.7051567927999452E-11
1.629052569281536E-11
1.5514782485587727E-11
1.473929159437047E-11
1.3973476516466646E-11
1.3228798532108644E-11
1.2511261110368381E-11
1.1826891247263297E-11
1.1178263754542066E-11
1.0566436778357407E-11
9.99236462783021E-12
9.454789162222399E-12
8.952736456995462E-12
8.484767663167165E-12
8.048608053722688E-12
7.762999230248727E-12
7.518625195015532E-12
7.309151652104486E-12
7.177544305518473E-12
7.0487798152830416E-12
6.910849732538801E-12
6.751187627782761E-12
6.562792792199961E-12
6.721882941382156E-12
7.6134688303501E-12
8.48296640585882E-12
9.200128230024581E-12
9.681876500319447E-12
9.70123101750448E-12
9.339973302776248E-12
8.948979593464673E-12
8.457249824582507E-12
7.93717217031744E-12
7.438768929761378E-12
6.9583464618211506E-12
6.513855182584924E-12
6.108380421017949E-12
5.755945011020771E-12
5.453450284618312E-12
5.197066446328014E-12
4.978591995822695E-12
4.789920733244709E-12
4.623677095965484E-12
4.474473687647346E-12
4.338471654510435E-12
4.228292002601696E-12
4.126457817712607E-12
4.037474822027633E-12
3.984541036325931E-12
3.938576583540273E-12
3.9085833273792394E-12
3.877718121279251E-12
3.837643979897341E-12
3.789477934682319E-12
3.726911548899336E-12
3.6583609150498815E-12
4.011980937931974E-12
4.289112281187547E-12
4.470009233815244E-12
9.899790560324946E-12
1.3639376465193663E-11
1.6108492011361402E-11
1.7625143231223337E-11
1.690028357667005E-11
1.530903556247783E-11
1.3465846723923906E-11
1.1895930649257052E-11
1.0568657228657865E-11
1.6506839851776596E-11
2.052747977239611E-11
2.4011421397519165E-11
2.638369674009704E-11
2.4584071622960513E-11
2.1787269513062132E-11
1.8594596209118326E-11
1.6079267591014836E-11
1.3989276648965548E-11
1.2398172465369816E-11
1.1099915376387337E-11
1.005403336669752E-11
9.176394626052795E-12
8.440770646362458E-12
7.815936271015073E-12
7.288517518774806E-12
6.858958678887975E-12
6.4955877172853865E-12
6.1913646602509224E-12
2.388592710381265E-11
3.4145657007931395E-11
4.393381663713303E-11
5.208577684428939E-11
4.873170765135955E-11
4.242480716351513E-11
3.512676062028822E-11
2.9066458564790357E-11
2.4027596611004642E-11
2.0106532279044798E-11
3.017492515154214E-11
3.550537710315774E-11
3.9465460049055355E-11
4.105061341782824E-11
3.65425404138289E-11
3.109147663315065E-11
2.559190378373594E-11
2.124262698323678E-11
1.7822608605985314E-11
1.5322324372485403E-11
1.3385906023222201E-11
1.1908785229150813E-11
1.0695639015038876E-11
9.669604663007717E-12
1.416358412805906E-11
1.9555467881087057E-11
2.7790876155852857E-11
3.6866383017701203E-11
3.81315641287868E-11
3.6438989620730565E-11
3.213125759847859E-11
2.8851393892441097E-11
2.608002505813214E-11
2.4353819157835657E-11
2.3019584269992596E-11
2.194303918561927E-11
2.083692219210912E-11
3.94500226180172E-11
5.289163856803087E-11
6.64288880044303E-11
7.407849731647059E-11
6.906037933083875E-11
6.083594470543917E-11
5.117505538816888E-11
4.347856584785731E-11
3.6975973996154476E-11
3.199248536565664E-11
2.7873488503647857E-11
2.453194622170326E-11
2.1695663468736005E-11
1.9299011186438246E-11
1.7376593201642558E-11
1.575315958723744E-11
1.4335062458720705E-11
1.3118055945817119E-11
1.2037662996873035E-11
1.1188470748793101E-11
1.0428246433690968E-11
9.74596244136595E-12
4.096380174482023E-11
5.934014518851491E-11
7.931190263887215E-11
9.220804190592165E-11
8.579280988384831E-11
7.423916748899893E-11
6.097294584794986E-11
5.008343427391735E-11
4.110235335488835E-11
3.4189920056368074E-11
2.8679113784423395E-11
2.4315254753294E-11
2.076668329827215E-11
1.787093261869579E-11
3.713688102153164E-11
4.8335945600610127E-11
6.007660252706686E-11
6.727792226566268E-11
6.11366696094796E-11
5.311988565479369E-11
4.43622731158532E-11
3.7576009108406386E-11
3.1911120233251184E-11
2.763828826735867E-11
2.4143752871210966E-11
2.130547738097851E-11
1.8916672102185074E-11
1.6893391012602787E-11
1.5142913906636432E-11
1.3618592506454997E-11
1.226424909064267E-11
1.1061700888460124E-11
9.987590968429298E-12
9.03614541024633E-12
8.19710793241949E-12
7.46083894255018E-12
6.81632192891227E-12
6.2509127414962105E-12
5.752897206044698E-12
5.701968683835969E-12
5.6720511003665505E-12
5.559506533093001E-12