
0.0
7.339624097960359E-15
1.5149714261827022E-14
2.190073005688404E-8
4.669344165721526E-8
3.2280830088497097E-4
3.970034045125579E-4
0.0030350406747199545
0.004167737747655342
0.005180995282206232
0.0052295615324930165
0.005328212803419776
0.004982160726503075
0.004645717386964395
0.00413068328316314
0.0036771772931706026
0.003180409898123767
0.002750106170686345
0.0023330909964363843
0.0019791192318035448
0.0016569403589662454
0.0013865448557391366
0.00114931633801233
9.52070533084079E-4
7.831382267681553E-4
6.436633805578926E-4
5.261672464449857E-4
4.297309323876631E-4
3.4958840458183436E-4
2.8419152056775133E-4
2.3040568085005026E-4
1.8668394983583484E-4
1.5088219179554434E-4
1.218682029096214E-4
9.824096765286221E-5
7.914618194755533E-5
6.365172773737682E-5
5.110339323137256E-5
4.0989807964455706E-5
3.286544509419713E-5
2.6299232981241626E-5
2.0994163475590726E-5
1.673328131249047E-5
1.3326457085969363E-5
1.0878259741272486E-5
8.790815385245131E-6
7.067276036312103E-6
5.668014236513836E-6
4.535707520495204E-6
3.6235376991846796E-6
2.889132102748562E-6
2.3002176051845967E-6
1.829497655979345E-6
1.4537415336291894E-6
1.1544896544714014E-6
9.164119407840278E-7
7.27343055734769E-7
5.77248948967524E-7
4.5822523616959857E-7
3.6384263403628523E-7
2.9251096699025195E-7
2.3405305739235774E-7
1.8726906832052485E-7
1.4965645158845387E-7
1.1982631641324798E-7
9.621898352358533E-8
8.145375338522303E-8
6.666956885209771E-8
5.4278133318129704E-8
4.409042647523228E-8
3.58749370629091E-8
2.9168714867152587E-8
2.3701574164847847E-8
1.9259170642044114E-8
1.5660620382343256E-8
1.2730236808847759E-8
1.0378245977778388E-8
8.452124469193716E-9
6.889646315922331E-9
5.75043623122745E-9
4.719518613265833E-9
3.868855928043166E-9
3.172061617923387E-9
2.6041924470664927E-9
2.1470536324042184E-9
1.7694270898018042E-9
1.4680128823262192E-9
1.2157628455729563E-9
1.0078509480973645E-9
8.367019046570962E-10
6.950450011102467E-10
5.786911284092514E-10
4.822525782111075E-10
4.024896731172063E-10
3.3666260622241203E-10
2.817888427722352E-10
2.379425528321154E-10
2.010943017304614E-10
1.761492412715557E-10
1.5453040268181827E-10
1.418336201045399E-10
1.3042779988621356E-10
1.2486183838326254E-10
1.192704728004392E-10
1.1716984772068617E-10
1.1440522223290102E-10
1.1360706011615753E-10
1.1192413879869428E-10
1.1111649460702195E-10
1.0950904112921615E-10
1.0799659406730831E-10
1.0612817945288221E-10
1.038621750202413E-10
1.0136736224020675E-10
9.834557523853765E-11
9.50714584493872E-11
9.173454546031189E-11
8.800514066598229E-11
8.438842176464428E-11
8.033585524998703E-11
7.643250998547045E-11
7.213274967484485E-11
6.794588009710959E-11
6.349822348868775E-11
5.916047346727563E-11
5.476573089522796E-11
5.050151157830457E-11
4.626966821629991E-11
4.222190957512833E-11
3.829824934143256E-11
3.4878960501848527E-11
3.1589059874401385E-11
3.0878211448955976E-11
2.975879366926407E-11
3.3152717332066954E-11
3.510948823252421E-11
4.1666377629322046E-11
4.6093205751548027E-11
5.404204726441067E-11
5.96306987633925E-11
6.710994273788687E-11
7.238271844075335E-11
7.77910625554069E-11
8.14015268078731E-11
8.42776270703578E-11
8.5784521281659E-11
8.661466472704924E-11
8.634167308357972E-11
8.564987997334799E-11
8.400578191856431E-11
8.215333143765158E-11
7.952153725030634E-11
7.692693542184061E-11
7.373168538789495E-11
7.065494315251684E-11
6.730007831915832E-11
6.401144680952176E-11
6.163984105122225E-11
5.889458509944984E-11
5.7377127924070445E-11
5.514468187357972E-11
5.387666322471742E-11
5.179804189708089E-11
5.0314054652398635E-11
4.820557985420687E-11
4.639177796742378E-11
4.412551075686809E-11
4.198956370962656E-11
3.956152553392823E-11
3.719141396859592E-11
3.466601035321488E-11
3.220358260850659E-11
2.982973017456602E-11
2.7517537656396718E-11
2.53702662355394E-11
2.3313281813699703E-11
2.1411902931959852E-11
1.9613506290868975E-11
1.811222689367236E-11
1.6633490997012273E-11
1.6545652086952623E-11
1.594204567792148E-11
1.6736832884070232E-11
1.6674631127182047E-11
1.7567477702361244E-11
1.759495101148138E-11
1.8131927498093902E-11
1.7924890527553703E-11
1.795235511213227E-11
1.7409698728749627E-11
1.697403885403507E-11
1.6139676708362644E-11
1.5360883632419343E-11
1.4338078217120099E-11
1.336841996231637E-11
1.2371430104558436E-11
1.1401628110400992E-11
1.1105049007071114E-11
1.0578841049116148E-11
1.079335032418976E-11
1.0609545374868248E-11
1.100863246564401E-11
1.0959100819132506E-11
1.1291379181328506E-11
1.1203643973865468E-11
1.1331384569559867E-11
1.1111085257942115E-11
1.101164460855633E-11
1.064727238894828E-11
1.034950724951941E-11
9.863127277402293E-12
9.419012219238105E-12
8.85161276422065E-12
8.33016424770789E-12
7.73483725639904E-12
7.1880630810444015E-12
6.604098128628675E-12
6.0675553751131E-12
5.51951185525784E-12
5.017133452085249E-12
4.524663895971439E-12
4.076239691187363E-12
3.65099976361356E-12
3.2670013293592633E-12
2.9117641211839328E-12
2.5937626184270273E-12
2.3027593689200418E-12
2.0415239138361853E-12
1.8072928784867792E-12
1.59701157766621E-12
1.4236131556583779E-12
1.2600446884517658E-12
1.114622708617504E-12
9.812228876471767E-13
8.615155130574758E-13
8.50482654670064E-13
8.032229450140451E-13
1.4904854176387321E-12
1.8110826474758758E-12
2.8637248444428946E-12
3.362908968868763E-12
4.342631912295669E-12
4.752439881927291E-12
5.432844086202358E-12
5.6215418250149415E-12
5.967511970664009E-12
5.928790497212144E-12
5.982796175047102E-12
5.764897326460122E-12
5.657231568624208E-12
5.352630624178791E-12
5.474815271805098E-12
5.316569621007214E-12
5.5774164792014174E-12
5.51379979400836E-12
5.94864881381001E-12
6.001703875082893E-12
7.859192322258236E-12
8.873481912088174E-12
1.1716382127042526E-11
1.3604428924138642E-11
1.647267482177262E-11
1.915613687936844E-11
2.179392794325422E-11
2.4738951431860214E-11
2.7053249269700227E-11
2.966152461275217E-11
3.144083151689528E-11
3.323045040659374E-11
3.418551876690392E-11
3.496266117653065E-11
3.503693684658464E-11
3.488115956236632E-11
3.4184311097752604E-11
3.328628843961247E-11
3.2012885517061327E-11
3.0633471122453145E-11
2.900996570163656E-11
2.7363886232661537E-11
2.5592331411781618E-11
2.38553143070792E-11
2.2079662891084795E-11
2.0371270709591185E-11
1.8680892862167472E-11
1.7077410819534266E-11
1.553237631753369E-11
1.408855551669511E-11
1.2726343197973167E-11
1.146876754273379E-11
1.0303545632003588E-11
9.241708357892312E-12
8.271665193089634E-12
7.394536981910318E-12
6.6092449615767076E-12
5.902601961072899E-12
5.278806022891601E-12
4.7180200553300854E-12
4.225163564039422E-12
3.781564341805854E-12
3.3915486864656503E-12
3.0400450431952275E-12
2.731426881021559E-12
2.452399687426215E-12
2.206887756926106E-12
1.984958486681156E-12
1.787907013035998E-12
1.6161923039648674E-12
1.4591313615520087E-12
1.31672714723149E-12
1.186979833638405E-12
1.0687555129355233E-12
1.0137347782869248E-12
9.647447473491136E-13
1.3401706884715555E-12
1.6812834697537664E-12
2.585433873456298E-12
3.4073112195147455E-12
4.624181216950611E-12
5.687666015342701E-12
6.9146786626684656E-12
7.921597567147892E-12
8.915150254481563E-12
9.654360751063323E-12
1.0283542818450156E-11
1.0667376725568636E-11
1.0927482596720662E-11
1.0983740005577165E-11
1.093085263187208E-11
1.0723880045882167E-11
1.0434439420856904E-11
1.0044171217058901E-11
9.63997323393861E-12
9.172310138268634E-12
8.968281114640004E-12
8.67089667586382E-12
8.676486636714549E-12
8.54351668288978E-12
8.619658264931004E-12
8.527053502542747E-12
8.542253275482984E-12
8.388519449261268E-12
8.321755634528746E-12
8.105312930480029E-12
7.958511372207642E-12
7.692509292346619E-12
7.471021041569628E-12
7.162437481488084E-12
6.878574924776458E-12
6.5324692563893275E-12
6.193582450034341E-12
5.81572983336527E-12
5.4422169192604325E-12
5.105099100229817E-12
4.751613593529429E-12
4.808166722200065E-12
4.684882926716042E-12
5.0348784140482995E-12
5.1105318098111495E-12
5.5249621657482595E-12
5.7482224756755046E-12
6.128881198251425E-12
6.3440778107787265E-12
6.581873068783853E-12
6.6623274977776845E-12
6.700115608515258E-12
6.603145364807056E-12
6.4661905456350635E-12
6.229331019543689E-12
5.971023928356133E-12
5.6479087171648386E-12
5.318809676826522E-12
4.95392308318101E-12
4.594489522604492E-12
4.221134225685605E-12
3.864362030966252E-12
3.5095007165366183E-12
3.1803252525806728E-12
2.8630234574263888E-12
2.5701202839680185E-12
2.331115423950796E-12
2.098814083652178E-12
2.1659913038875486E-12
2.118681931038403E-12
2.3633224561946436E-12
2.4219875443595637E-12
2.6710112373325107E-12
2.7472051802580067E-12
2.9255596461007357E-12
2.9659431891739777E-12
3.0488040099383606E-12
3.0255445974682848E-12
3.0152290365205266E-12
2.9290081275872335E-12
2.847477759714959E-12
2.7133070721381782E-12
2.5781953765733333E-12
2.411808118494407E-12
2.2466115315202632E-12
2.0932091738425187E-12
1.935255107590061E-12
1.971018388138301E-12
1.93554400888993E-12
2.0897714580885847E-12
2.129624914651922E-12
2.3026396136812355E-12
2.35783788380941E-12
2.4927858413556354E-12
2.5285156785295148E-12
2.6063914607660632E-12
2.606945575786182E-12
2.6380539261587135E-12
2.607949313177566E-12
2.6022591845573916E-12
2.548489965989122E-12
2.5103483011623216E-12
2.4362184423412993E-12
2.3727344371583593E-12
2.2827016582550397E-12
2.1991372052840817E-12
2.0965838109390715E-12
2.000146596741862E-12
1.89129592701744E-12
1.7882399825561501E-12
1.687112162200925E-12
1.588693023745443E-12
1.5834643214708913E-12
1.553285302926308E-12
1.8009075356009505E-12
1.9487526385019933E-12
2.3416307768940078E-12
2.594671899877483E-12
2.991978295689156E-12
3.239419663279282E-12
3.5425535947720515E-12
3.707573390888184E-12
3.872924258244535E-12
3.925386063999298E-12
3.954480421175629E-12
3.900989017140695E-12
3.830741361366515E-12
3.70207805748121E-12
3.571192051895748E-12
3.3939560340564147E-12
3.2286620673235277E-12
3.0276680514246218E-12
2.8635746553203998E-12
2.666698086537458E-12
2.5076629048866586E-12
2.3212670955255024E-12
2.168408925552038E-12
1.9939499310485163E-12
1.867452536562878E-12
1.7173803272638424E-12
1.6095812196540727E-12
1.48014430343743E-12
1.3804419706621565E-12
1.2640012988520462E-12
1.1675843811585912E-12
1.0635490124020297E-12
9.887397949134485E-13
9.05910613724269E-13
9.554200888610445E-13
1.2307089416030498E-12
1.6319967930218491E-12
3.9202017721290334E-12
5.933101607407064E-12
9.263193832089574E-12
1.209572934838371E-11
1.5351024797420878E-11
1.802592494416312E-11
2.053123913038683E-11
2.2445223172412702E-11
2.3929951008544542E-11
2.487720799222081E-11
2.5359830245283488E-11
2.542927490804882E-11
2.5119086573690343E-11
2.4541356422706144E-11
2.3709445680194906E-11
2.2738445814550625E-11
2.1630098561680673E-11
2.0475623254147825E-11
1.92799411163932E-11
1.8086256312240735E-11
1.6961413299954512E-11
1.584207339312699E-11
1.4827188328936152E-11
1.3819728411638936E-11
1.2904636451648535E-11
1.204568639292408E-11
1.1241981730095989E-11
1.0508487436724939E-11
9.829458480584634E-12
9.198714881006365E-12
8.612312152553037E-12
8.051246576004133E-12
7.523907504373863E-12
7.007744007680044E-12
6.51492945399776E-12
6.030522016519303E-12
5.568472165092313E-12
5.119486876438824E-12
4.6900567785961145E-12
4.2817022922696805E-12
3.892923181366787E-12
3.5550817806358247E-12
3.2278133582398935E-12
2.9610125287099167E-12
2.6971565690643335E-12
2.4857363132542895E-12
2.2733029294209343E-12
2.101265415069516E-12
1.927602737396869E-12
1.7823012435073852E-12
1.635557673925952E-12
1.5080035116898728E-12
1.3794568438278544E-12
1.2663243748473366E-12
1.1538159078220162E-12
1.0612618442631183E-12
9.661173837643128E-13
8.804693255216521E-13
7.958973437319057E-13
7.183155310898062E-13
7.86244670330142E-13
8.027928868852805E-13
1.8986015310999506E-12
2.543621113195923E-12
4.3454901080967685E-12
5.449144758173464E-12
7.32939157633906E-12
8.430482076982427E-12
9.914591431420978E-12
1.0668209632990776E-11
1.1547597027159736E-11
1.1823036563306453E-11
1.2101723494861645E-11
1.1936126116316756E-11
1.1738584312682871E-11
1.1276204353515435E-11
1.077882421880076E-11
1.014500738825046E-11
9.491649478899744E-12
8.786844423143596E-12
8.088134459743648E-12
7.404053463908808E-12
6.730991683585623E-12
6.107923626406458E-12
5.502748460453317E-12
4.966552323742774E-12
4.448204809208726E-12
3.9861875313273406E-12
3.5491616515352064E-12
3.1595513614217367E-12
2.8990859258708443E-12
2.6390098595895884E-12
3.1033915221077725E-12
3.3134300070835147E-12
4.29537768337176E-12
4.853770302852457E-12
5.93958133225475E-12
6.540508159575202E-12
7.410714433437783E-12
7.824116483532862E-12
8.343339103246567E-12
8.48276414530202E-12
8.666773395530764E-12
8.563077986758018E-12
8.497188717420455E-12
8.21360724764541E-12
7.96781120055516E-12
7.565626601253096E-12
7.200434731772127E-12
6.8038377392376424E-12
6.415719854023477E-12
6.5497261127293705E-12
6.475456552678847E-12
7.2650480720620755E-12
7.628107335084488E-12
8.679834394527293E-12
9.226398974157967E-12
1.0201795855863322E-11
1.0673653429899418E-11
1.1345506875244792E-11
1.1565426267786477E-11
1.1837499981555056E-11
1.1739986260765499E-11
1.1625640069323123E-11
1.123996395624879E-11
1.0825188759694889E-11
1.0247333618409222E-11
9.660170801813844E-12
8.998723138410381E-12
8.354462215869435E-12
7.695948576696822E-12
7.074018703827725E-12
6.470671801155094E-12
5.912268007619639E-12
5.3865872037103045E-12
4.906987449730778E-12
4.463070833502767E-12
4.060409303945E-12
3.691778678630113E-12
3.3585827021616737E-12
3.0554839464892513E-12
2.7818000541799377E-12
2.5338440173215646E-12
2.3099160594609704E-12
2.1093128332426626E-12
1.9292626201453655E-12
1.7688778148307468E-12
1.6246179514410474E-12
1.496028179673424E-12
1.3791138514131825E-12
1.2734881755502062E-12
1.1763911777489591E-12
1.0881544914725465E-12
1.006184912855652E-12
9.356913155210076E-13
8.691743070809098E-13
8.142858770322927E-13
7.610680954125912E-13
7.167006345278538E-13
6.720252168238149E-13
6.329843577644253E-13
5.925238104038466E-13
5.551372984280819E-13
5.167145298703669E-13
4.799031082701939E-13
4.458741339870586E-13
4.116928826752323E-13
3.825498119775317E-13
3.5252052904414897E-13
3.278624894320436E-13
3.0245370012881465E-13
2.8174128475574916E-13
2.6069875640430425E-13
2.4337933559694084E-13
2.2609912100764694E-13
2.1162064329197042E-13
1.9741660623888038E-13
1.8526695089227412E-13
1.7350072483660225E-13
1.6321916778528393E-13
1.5334217752411698E-13
1.4459862851588535E-13
1.3619907364656383E-13
1.28630010408798E-13
1.214849424961492E-13
1.148609984238021E-13
1.0950241930316746E-13
1.0391111711028283E-13
9.854096453661487E-14
9.320819163733321E-14
8.805730249300747E-14
9.519056556111416E-14
1.0029646780899651E-13
1.9578081685382155E-13
2.704962268894851E-13
4.3578628699605064E-13
5.717236964051272E-13
7.563262416863097E-13
9.896174051144843E-13
1.1998431670441917E-12
1.4929011339595487E-12
1.7037639797717716E-12
1.968498085679603E-12
2.1251384477288786E-12
2.2965077242212573E-12
2.3868375801817968E-12
2.456760536045501E-12
2.623860922987479E-12
2.684221390476495E-12
2.8827042883918286E-12
2.9454795319653166E-12
3.094552859839976E-12
3.1666248754289276E-12
3.252758745657508E-12
3.2851691505917303E-12
3.291652042671833E-12
3.2634441600149233E-12
3.20039873675601E-12
3.118025437652749E-12
3.006761559053285E-12
2.8866948940015343E-12
2.747790793602321E-12
2.606934905741414E-12
2.4561463655634074E-12
2.3079265506033033E-12
2.1565831778473765E-12
2.0105567203996625E-12
1.865970925158289E-12
1.728226633379524E-12
1.5948151316191864E-12
1.4689982108233256E-12
1.349529493974292E-12
1.2375584872881204E-12
1.1325281293715362E-12
1.0350950956619083E-12
9.444225989009547E-13
8.603327463455557E-13
7.826889813985137E-13
7.13133461458126E-13
6.497886600372287E-13
6.079845833942255E-13
5.658928970840116E-13
5.464439745464957E-13
5.216995852050938E-13
5.158880803120475E-13
5.009116633287346E-13
5.220782753652014E-13
5.247651471286211E-13
5.575263586763443E-13
5.662198133902741E-13
5.909060229303794E-13
6.025724169753729E-13
6.14615678617529E-13
7.202463440308821E-13
7.707204669567815E-13
1.126360719433241E-12
1.3084206081043442E-12
1.7867336728411431E-12
2.0426567738540817E-12
2.4821190891884624E-12
2.7002683689287577E-12
3.0063792217939072E-12
3.118628514747458E-12
3.305831741325786E-12
3.3190759667519577E-12
3.390071078266332E-12
3.3163216521842608E-12
3.281031984042073E-12
3.1377481761647085E-12
3.018935809578194E-12
2.828769609919359E-12
2.657587600881531E-12
2.475873256850857E-12
2.2992278173922426E-12
2.330563134621983E-12
2.2768749074226557E-12
2.4592714626564974E-12
2.5059354920891426E-12
2.7136309811946637E-12
2.7728185659835454E-12
2.9135034620675772E-12
2.920675470816338E-12
2.9595489396058096E-12
2.9013079594125547E-12
2.8526688464230076E-12
2.7386167885411838E-12
2.6277537111573947E-12
2.476154137443316E-12
2.3279732940820317E-12
2.1597551524071494E-12
1.9966273787954256E-12
1.8435428524893274E-12
1.6904466898278125E-12
1.5666565146965403E-12
1.4366949555533514E-12
1.341903709922926E-12
1.2387849299331367E-12
1.1642897667646453E-12
1.0788502621163206E-12
1.013771549935038E-12
9.390019291421106E-13
8.920067892210436E-13
8.321234654756445E-13
8.8772030329601E-13
8.90254388486589E-13
1.0091272622010102E-12
1.04728396801429E-12
1.1624366718528853E-12
1.192217324859086E-12
1.2607006436490454E-12
1.2559605433882993E-12
1.2674185933789453E-12
1.238288613746612E-12
1.2095414655700592E-12
1.248558093948369E-12
1.2434616697154327E-12
1.3194227036517928E-12
1.361087039343098E-12
1.44437181276835E-12
1.4919382305340804E-12
1.5649747742850781E-12
1.5928264081729804E-12
1.6292259143318963E-12
1.6222360185588252E-12
1.6110121138790797E-12
1.5855533343509207E-12
1.5444773083727304E-12
1.4997393025094384E-12
1.4474398743524293E-12
1.3885144687156123E-12
1.3254245381522966E-12
1.2539948252430642E-12
1.1818292400541037E-12
1.1020514712427324E-12
1.0357209070372745E-12
9.60343376371353E-13
8.992187727118998E-13
8.386253358167897E-13
7.84770152291611E-13
7.360728328662132E-13
6.889014009671977E-13
6.458513479407949E-13
6.021705531274286E-13
5.614322719542956E-13
5.19634714701222E-13
4.799916878003774E-13
4.40824516381803E-13
4.0325923774813107E-13
3.7325924193183085E-13
3.416824774956249E-13
3.184411907212299E-13
2.9196289008304877E-13
2.7507952792797673E-13
2.5400601896464783E-13
2.402876384348937E-13
2.2409240294777944E-13
2.1207439628783623E-13
1.984062420073564E-13
1.8671790920305E-13
1.738567757085748E-13
1.6192048045707194E-13
1.4930643327807688E-13
1.3736074715772932E-13
1.2521800616964764E-13
1.1377105548002469E-13
1.0252870344047714E-13
9.21139649062533E-14
8.217229573937925E-14
7.305126824184682E-14
6.455917716642246E-14
5.687412212207892E-14
4.985994408390429E-14
4.3633599633504E-14
3.802419756131292E-14
3.3151688627683365E-14
2.8901040371212406E-14
2.5301709827226182E-14
2.299093194989726E-14
2.0692957190723604E-14
2.0752333481775448E-14
2.0172915277281645E-14
2.1582765826784755E-14
2.3861721500687112E-14
2.6469528373333544E-14
3.6462480033453564E-14
4.297668809739995E-14
5.595714427654983E-14
6.33512628429591E-14
7.409056334843045E-14
7.899701669887086E-14
8.49414685184032E-14
8.601367471568994E-14
8.71819144877729E-14
8.485863443439185E-14
8.259979625272696E-14
7.827474032552091E-14
7.413553232107164E-14
7.024285953344073E-14
6.612154929471719E-14
6.724329830175354E-14
6.625985482627925E-14
7.227014630090568E-14
7.436409316139413E-14
8.238987870549781E-14
8.541513032480815E-14
9.230663880786258E-14
9.417440686099661E-14
9.838554658142712E-14
9.827004189511632E-14
9.934981152001175E-14
9.702548510877625E-14
9.577691673252279E-14
9.191584325448443E-14
8.877558654087361E-14
8.380144277834102E-14
7.929530524554995E-14
7.369070875390655E-14
6.845997202233334E-14
6.263646979300635E-14
5.721431983601772E-14
5.160164083041036E-14
4.658327023018433E-14
4.156683055984353E-14
3.796530592910677E-14
3.414096644848696E-14
3.168570241408295E-14
2.886670031497553E-14
2.6993671693382093E-14
2.4828751718943116E-14
2.3208154773488995E-14
2.2002026790616634E-14
2.0843344087792993E-14
2.015136255177212E-14
1.9500655015482166E-14
5.265454159975349E-14
7.368763399214345E-14
3.4133426008388077E-13
5.150323764315873E-13
9.084626112695983E-13
1.1654779687577666E-12
1.5458610154905887E-12
1.7786593812023394E-12
2.088541817680037E-12
2.255675328273199E-12
2.4546121185059175E-12
2.550690998153754E-12
2.6415083667501586E-12
2.6565479893375483E-12
2.6490175103317045E-12
2.5861611304288076E-12
2.4995885571792106E-12
2.376148635883279E-12
2.236986139754305E-12
2.078365914456471E-12
1.914213478363343E-12
1.7451900771081837E-12
1.5785045240078112E-12
1.415609576486681E-12
1.2617504635705317E-12
1.1166842889957876E-12
9.86560022726699E-13
8.653651423248218E-13
7.571307437392077E-13
6.587199290260802E-13
5.719724669502392E-13
5.133801502735327E-13
4.556384155354121E-13
5.659015079462425E-13
6.086928239824185E-13
9.311927263263873E-13
1.1122794077750525E-12
1.5082814847695147E-12
1.7314529424733618E-12
2.0739452531851467E-12
2.2491470750813346E-12
2.4711307838313145E-12
2.552054411934352E-12
2.6401429600477146E-12
2.6217744619230732E-12
2.5963243308061565E-12
2.498985769312934E-12
2.395789061024628E-12
2.249311454880005E-12
2.102568869292587E-12
1.9349388458770394E-12
1.772960770488632E-12
1.6070481236252442E-12
1.4503712244145342E-12
1.2971567287300337E-12
1.1558349772057954E-12
1.0218382970252451E-12
9.091308555645865E-13
8.030677280461971E-13
7.769676126737663E-13
7.384716307462152E-13
7.893225889257707E-13
8.049507414986674E-13
8.797020674725995E-13
9.081221148300637E-13
9.674027202368019E-13
9.797672018685176E-13
1.0268045839435526E-12
1.0254854001292614E-12
1.0484980054178608E-12
1.0282827678221537E-12
1.020504488557222E-12
9.791041690959842E-13
9.437025115093231E-13
8.85651956673194E-13
8.320947008308506E-13
7.655979923371468E-13
7.040434663573325E-13
6.36803996923537E-13
5.757271896438327E-13
5.139234903604887E-13
4.589385979801302E-13
4.0603565597946627E-13
3.5975296471920497E-13
3.1677966189576445E-13
2.79386206080256E-13
2.4526643131779113E-13
2.1540747724333517E-13
1.8848005723358568E-13
1.6486574622538153E-13
1.4381648078845367E-13
1.2532969896980722E-13
1.0896664354360231E-13
9.46496884569922E-14
8.199228358132985E-14
7.093840962258266E-14
6.134001320694117E-14
5.298493513101534E-14
4.6551022256320977E-14
4.0582643719329506E-14
3.5434761369456355E-14
3.8418619170195407E-14