
0.0
1.138651026953353E-28
1.3567828478635636E-16
2.72122438911329E-7
2.399035321823863E-7
2.9464992455160775E-6
5.288847617157642E-7
6.268440631121168E-7
1.2316099976880956E-7
1.7185812340413877E-7
4.0295882809773623E-8
5.568588072012066E-8
2.2393328152927682E-8
2.997084675037582E-8
1.883865989768412E-8
2.1439090722447675E-8
1.7077435720473454E-8
1.768996047664268E-8
1.6173582117040103E-8
1.6347977902033594E-8
1.5510414490024403E-8
1.516184490557011E-8
1.4406466969176433E-8
1.381117911074855E-8
1.3050094269549228E-8
1.2338331609342968E-8
1.155456574462205E-8
1.0792078564265174E-8
1.0014841439933744E-8
9.281645611133937E-9
8.695666440283335E-9
8.262305166376767E-9
7.745896030001224E-9
7.411776429950392E-9
7.0835932242641944E-9
6.81742875657807E-9
6.553704452755874E-9
6.224545720396651E-9
5.9068732719949696E-9
5.563346246773749E-9
5.228851209665925E-9
4.884820964481434E-9
4.559136655742862E-9
4.754742695244663E-9
4.822968508062358E-9
4.808511077120103E-9
4.94245873868092E-9
4.53200563200016E-9
4.336984041395789E-9
4.252867014215315E-9
4.2490007906512245E-9
4.104227893580084E-9
4.272806563348737E-9
4.140345554832543E-9
4.103692627246642E-9
3.764689218559774E-9
3.5161189087482515E-9
3.1477286133613374E-9
2.8771555461454015E-9
2.5734556746060037E-9
2.3297045374727518E-9
2.0978838346913918E-9
1.8997664294171913E-9
1.7179118684383769E-9
1.5619067088628525E-9
1.4213426888228816E-9
1.4842922259175085E-9
1.4390239461036694E-9
1.2920540952811178E-9
1.3606926582231427E-9
1.3202081453114914E-9
1.2657630813768273E-9
1.1701219673862581E-9
1.0640961431360682E-9
9.572187714979658E-10
9.618209612750303E-10
9.538645714186108E-10
8.768630113705027E-10
8.114582211045787E-10
7.229532844799756E-10
7.247752069707175E-10
6.699099959307797E-10
5.983549368162059E-10
5.429385909647893E-10
4.779864557121152E-10
4.296508694138851E-10
3.8242805164850436E-10
3.459302041046452E-10
3.580364865566476E-10
3.3930000237962104E-10
2.990753535017582E-10
2.7800277136189007E-10
2.4673361096117047E-10
2.2746701916877355E-10
2.0515982593895685E-10
1.8835152623283466E-10
2.0292055230440664E-10
1.9016846030514976E-10
1.6802458557432865E-10
1.5637529400035888E-10
1.388820250602529E-10
1.2765312283692844E-10
1.1513087571166438E-10
1.0601104273160858E-10
9.716759057978525E-11
9.035048990317478E-11
8.390394144857796E-11
7.830667143909618E-11
7.742025838323894E-11
7.288277561756028E-11
7.026670659844777E-11
6.682553021397549E-11
6.197044889326192E-11
5.899735581090434E-11
5.420488697390164E-11
5.104585578667547E-11
5.1012291102970374E-11
4.9759911127283313E-11
4.751697157172544E-11
4.5949661412413634E-11
4.3926916034898246E-11
4.16760807666661E-11
4.309115639306225E-11
4.151815598698546E-11
4.2220765584552085E-11
4.009894757509714E-11
3.689966120332314E-11
3.410585475657373E-11
3.0783047806502885E-11
2.7984600728320787E-11
2.5197852187354808E-11
2.2846528430151712E-11
2.069815299039849E-11
1.8879445340111332E-11
1.727555936078198E-11
1.5903103433390205E-11
1.4697745761101624E-11
1.364656025984154E-11
1.3583119552948465E-11
1.274349546936555E-11
1.2005127140441311E-11
1.126674398233741E-11
1.0303422448241513E-11
9.665563473515777E-12
8.82904079838861E-12
8.265959783709253E-12
7.60372295944234E-12
7.115000967217145E-12
6.596510248340782E-12
6.8316507741695805E-12
6.40325414524106E-12
6.810775033902798E-12
6.846405028151718E-12
6.347727499867599E-12
6.709795706775698E-12
6.293345480624357E-12
5.847689062262251E-12
5.344902871747513E-12
4.850057220581969E-12
4.373042984875935E-12
3.950877287498728E-12
3.5755694223439024E-12
3.464871794979025E-12
3.2180780092391357E-12
2.9314781989368925E-12
3.20531816098625E-12
2.9624953135254605E-12
2.6676233583386234E-12
2.442135669790065E-12
2.193068395692831E-12
2.0015773430228686E-12
1.8597733989697875E-12
1.7244255346728174E-12
1.5728318808171371E-12
1.4528088954370564E-12
1.334341697423839E-12
1.2375539569103217E-12
1.1463779572177577E-12
1.068711523073979E-12
9.96993540653424E-13
9.33712162561295E-13
8.753771656327396E-13
8.225596552800787E-13
7.736408830184194E-13
7.286191607263186E-13
6.867193867436229E-13
6.478055600460792E-13
6.114766460376224E-13
5.775844216931899E-13
5.458934838809808E-13
5.162701356716978E-13
4.885550366291786E-13
4.626324260984749E-13
4.383825544827188E-13
4.157075975291662E-13
3.9451415608684365E-13
3.747236488303796E-13
3.5626654122687096E-13
3.3908759382977895E-13
3.231448859632681E-13
3.1530470895167757E-13
3.032862912654541E-13
3.4634060081691074E-13
3.326320776424271E-13
3.0952954625608163E-13
3.053781819658511E-13
2.8467286234523475E-13
2.691501431258057E-13
2.4812833324083983E-13
2.317078818804845E-13
2.1493447447758226E-13
2.0131114843701614E-13
1.8851738082104527E-13
1.7761775383593066E-13
1.7120550210532502E-13
1.6348724959723122E-13
1.9321621407031504E-13
1.8665504855987482E-13
1.7489466344653448E-13
1.6980436649342028E-13
1.5728363083942904E-13
1.4764172510590136E-13
1.7511477097144392E-13
1.705024544799235E-13
1.5902704818399498E-13
1.5141838069442559E-13
1.4344738998459226E-13
1.3447954611078328E-13
1.4714965958200969E-13
1.4220655048573953E-13
1.3063475209194137E-13
1.2262518667270234E-13
1.1055272968907245E-13
1.0190275064459021E-13
9.242605400207669E-14
8.522383599649823E-14
7.832114994586494E-14
7.27606026011588E-14
6.76595248272251E-14
6.332021454486473E-14
5.935364243575131E-14
5.5832185160128336E-14
5.258637515123869E-14
4.96253973031578E-14
4.6874724970943704E-14
5.654311359114582E-14
5.120433252243963E-14
4.655890080525349E-14
4.452636349913615E-14
4.056409505640665E-14
3.7949670450769284E-14
3.6561423844667046E-14
3.513797552936692E-14
3.345211869203319E-14
3.215978344052656E-14
2.975044326348515E-14
2.8038492628274706E-14
2.6009324278129345E-14
2.4320378658312913E-14
2.265369788799446E-14
2.1374451133465863E-14
2.0060625071323268E-14
2.2824848180565262E-14
2.2848177427489416E-14
2.1793358361641313E-14
2.0833894488829134E-14
1.9224288622898988E-14
1.7914154336418606E-14
1.634221326243233E-14
1.5067372898463755E-14
1.3805095672279222E-14
1.277214053208428E-14
1.1819174230409827E-14
1.1015931834391073E-14
1.0286831558747785E-14
9.649838215740192E-15
1.1694007254864884E-14
1.1047311347062314E-14
1.0043981604235489E-14
9.512625886638843E-15
8.65026274581858E-15
8.024034821326311E-15
7.399440730749467E-15
6.887529433098391E-15
6.385098109363696E-15
5.9725199596781E-15
5.5464136849997904E-15
5.1994368858365985E-15
4.855949130969912E-15
4.677058922151956E-15
4.418637474052681E-15
4.195466513655147E-15
3.983928667297672E-15
3.7245175840371776E-15
3.5408446074289798E-15
3.78554563141065E-15
3.6866091645515345E-15
3.4027994202732655E-15
3.253313716870884E-15
3.0272375722626305E-15
2.8511966312660784E-15
3.1296854382697766E-15
3.2389242958448647E-15
3.1271123489057628E-15
2.991412381319359E-15
2.7715799204966416E-15
2.574995172007885E-15
2.3486838975662787E-15
2.1568902349859E-15
2.4747384464493615E-15
2.568882832983708E-15
2.589842860656023E-15
2.5267860160410863E-15
2.562619697405456E-15
2.4396484400199775E-15
2.4479120930764136E-15
2.290367023135176E-15
2.1121682118705384E-15
2.057543344751651E-15
2.0122879272215098E-15
2.0859185287819878E-15
2.1518447452184666E-15
2.2469835136240686E-15
2.3011979312346466E-15
2.3482017776405433E-15
2.3539576275463954E-15
2.3429415305603704E-15
3.157509743072756E-15
3.593487900087379E-15
3.916149542434362E-15
4.0189268450639835E-15
3.963227247659018E-15
3.839231930118559E-15
3.648807701896692E-15
3.457230668740034E-15
3.2435855371527887E-15
3.0571647336228012E-15
2.877904012211695E-15
2.7238747741836376E-15
2.57694127914685E-15
2.4490054399182247E-15
3.1063530866542424E-15
3.1794333575260934E-15
3.565702980680809E-15
4.0003000502803856E-15
4.414141566764594E-15
4.5661750003677296E-15
4.518391747986049E-15
4.365800463378645E-15
4.6922474757369335E-15
4.538691048511921E-15
4.3459484366941204E-15
4.758539794266718E-15
4.637669688747701E-15
4.632851869358205E-15
5.204508975757232E-15
5.8425381702209576E-15
6.6085211987320656E-15
7.274251096903921E-15
7.635944945560252E-15
8.309879069210591E-15
8.407669010841046E-15
8.258266392840018E-15
7.959058207488274E-15
7.582229663938505E-15
7.14610249317236E-15
6.739429195498349E-15
6.3091357673882E-15
7.475738527077615E-15
8.115637387980135E-15
8.321871679815579E-15
8.187754445162962E-15
7.782139721856268E-15
7.312554667216855E-15
6.763981022213216E-15
6.424267352510921E-15
6.0742081843004075E-15
6.156325227242414E-15
6.016068584238755E-15
5.698971281872556E-15
5.437588016294681E-15
5.183626601577709E-15
4.9024138806337614E-15
4.589492889030922E-15
4.306313217888988E-15
4.0045315934476355E-15
3.738650853839947E-15
4.30720886532518E-15
4.209753961827719E-15
3.923396742043179E-15
4.437873283317308E-15
4.5615412565960874E-15
4.447715693653342E-15
4.74019178236992E-15
4.482118478315583E-15
4.1765141112761345E-15
3.818647003901911E-15
3.443870755169041E-15
3.1084549068593796E-15
2.800176845154518E-15
2.539197725666596E-15
2.9058468514115923E-15
2.7346198769190784E-15
2.4666430370068468E-15
2.2897470266321003E-15
2.2437140084705663E-15
2.1464675180465753E-15
1.9624531216558924E-15
1.832479282506329E-15
1.6633706329100212E-15
1.5297954860748352E-15
1.3954495035339268E-15
1.2839369133598648E-15
1.180646267348819E-15
1.092806132974366E-15
1.0137832905673918E-15
1.2030142167488346E-15
1.1909272271214603E-15
1.105600369614165E-15
1.0353488968645473E-15
1.113573802746974E-15
1.0504592126007737E-15
9.520718961686792E-16
8.735595102192383E-16
7.785216504684748E-16
7.062320562383931E-16
6.348617936806479E-16
5.793603777015817E-16
5.291487513573949E-16
5.211669554587462E-16
4.94797588582572E-16
4.504376900582895E-16
4.186040593215412E-16
3.8428211886505513E-16
3.5817711069854374E-16
3.3201353060649673E-16
3.9182610503783477E-16
3.9049728022587497E-16
3.6169074472626885E-16
3.7493351286824773E-16
3.5182632171955393E-16
3.5971698311492946E-16
3.677898539395142E-16
3.4142848639368035E-16
3.1605003657065176E-16
2.880272208239263E-16
2.6091863745743623E-16
2.3595677847156004E-16
2.1319310323159476E-16
1.931348857737396E-16
1.7540256194219515E-16
1.6000515306753656E-16
1.4657736390061663E-16
1.6508023862388298E-16
1.5676591860655302E-16
1.441406243474139E-16
1.3472391094141557E-16
1.2122848087729318E-16
1.114861339929919E-16
1.0053343339676346E-16
9.208207555786587E-17
1.0322595683343142E-16
9.621723825641628E-17
8.68156083433967E-17
8.018297148907926E-17
7.140741866817287E-17
7.942753521310945E-17
7.223987163603662E-17
6.534152129236965E-17
5.949377409587762E-17
5.2995551392766596E-17
4.81789121755229E-17
4.340954722856064E-17
3.974252286580086E-17
3.636266158155503E-17
3.362357507286709E-17
3.115506087654642E-17
2.905191184401141E-17
2.805325249086373E-17
2.648324137840231E-17
2.4444184412362333E-17
2.808135771827933E-17
2.7331707143693795E-17
2.5421997484259984E-17
2.7339047514470593E-17
2.5251430839455238E-17
2.3371689433649894E-17
2.1257834047929152E-17
1.9191600385591015E-17
1.7299562485798384E-17
1.5609523922444946E-17
1.4160941649388738E-17
1.2916784389752437E-17
1.1862895835280548E-17
1.095745203857159E-17
1.017608203727711E-17
9.490055374781173E-18
1.0896410426665189E-17
1.0265969283434366E-17
9.228755898530308E-18
8.651625720024898E-18
7.793791399845244E-18
7.214495511570235E-18
6.558974158069217E-18
6.066105448299885E-18
5.588906142487927E-18
5.206833076106396E-18
4.853104979403613E-18
4.550780854257068E-18
4.271955074984108E-18
4.022698256852545E-18
3.791390478925023E-18
3.5791498318040836E-18
3.381028375239485E-18
3.1968600632282706E-18
3.074528065141305E-18
2.91954678337264E-18
2.7375014840250605E-18
2.5918141417440278E-18
2.4378001675479964E-18
2.307750967834821E-18
2.1794052358541766E-18
2.615457412545898E-18
2.5877518762323656E-18
2.691215117811256E-18
2.78458536681378E-18
3.1378873963369163E-18
3.157198875608649E-18
3.047752701365614E-18
3.0932121660782506E-18
6.365670654851998E-18
2.7336391114254597E-17
5.534066049652474E-17
9.723609102618462E-17
1.4066292215506566E-16
1.8593619425256173E-16
3.028153356031395E-16
4.2103912879760637E-16
5.072813613815828E-16
5.62882696181112E-16
5.916174192836491E-16
6.018076773825802E-16
5.943008015764098E-16
5.774219307177793E-16
5.538847356502513E-16
5.295711920193172E-16
5.05365326536401E-16
4.833501783903023E-16
4.632242891688568E-16
4.452170422767486E-16
4.287702626597613E-16
4.137128151420276E-16
3.996606957171268E-16
5.654430173661747E-16
6.061978418027857E-16
6.246807074232778E-16
6.3286356049828285E-16
6.106457488987791E-16
5.852629338379941E-16
5.45990836892128E-16
5.121698604002176E-16
4.788206311734025E-16
4.515873464148554E-16
4.25586833489734E-16
5.392903356747231E-16
5.505626234906049E-16
5.432537331420441E-16
5.358429892636693E-16
5.053901970964219E-16
4.783940448017356E-16
4.442154655832911E-16
4.1570229255563763E-16
3.877481888431794E-16
3.649842225161514E-16
4.726636888805897E-16
5.130477109081998E-16
5.695112867163081E-16
6.039441160487189E-16
5.995076669243569E-16
5.837071407259027E-16
5.457949766314724E-16
5.068802541622812E-16
4.664509766646949E-16
4.478165846335844E-16
4.3299991671614033E-16
4.704520761688048E-16
5.198737688735973E-16
5.843321359457304E-16
6.328901932840099E-16
6.656567894318264E-16
6.860672055981215E-16
6.870955166923083E-16
6.749555320466958E-16
6.521459624905971E-16
6.25269125169107E-16
5.96432957959832E-16
5.684665084597735E-16
5.419971818884615E-16
5.174184865795577E-16
4.946638453021792E-16
6.733139621126133E-16
7.415889179473685E-16
9.474567248185993E-16
1.0032166282195573E-15
1.0406939248097118E-15
1.1820195720609888E-15
1.1753088169743932E-15
1.1430534604711232E-15
1.07273409561677E-15
1.052394731777365E-15
9.806235500130498E-16
9.274052634214857E-16
8.722221420086648E-16
8.139694728976607E-16
7.656810900265698E-16
9.07368428441271E-16
9.069344923433986E-16
8.743904285224584E-16
8.4081662132489055E-16
7.928146242322574E-16
7.545497282018874E-16
7.8885999413315E-16
7.781755356169456E-16
7.407010298491058E-16
8.152185668323515E-16
7.938260178279612E-16
8.631465261840815E-16
8.428140906555571E-16
8.024658354699744E-16
7.542597614791072E-16
6.935753323083616E-16
6.382749609542069E-16
5.826013033296028E-16
5.348107387067119E-16
4.911847320006068E-16
4.542150078564664E-16
4.215627848587723E-16
3.934768259346803E-16
3.6855278781098217E-16
3.4651294843450085E-16
3.2658252471212633E-16
3.0848985562606584E-16
3.8286179213391667E-16
3.5803099128977687E-16
3.3161901143709674E-16
3.1690410875086354E-16
2.887378771740504E-16
2.6983134632432977E-16
2.626840595955705E-16
2.5065070134599497E-16
2.3540131523534945E-16
2.5560422683104825E-16
2.4595157941823357E-16
2.3108500983218127E-16
2.17821592228838E-16
2.022441134092496E-16
1.8772921382820285E-16
1.7359522640295493E-16
1.6106736356374883E-16
1.5440751560416276E-16
1.4677495175661585E-16
1.375813138422252E-16
1.3008364955037018E-16
1.2179996723992073E-16
1.1482711302227353E-16
1.0790487159970079E-16
1.0273005908274892E-16
9.729197442381372E-17
9.197523996417453E-17
8.719318127501204E-17
8.245415997232558E-17
8.697322409065107E-17
8.681781399952715E-17
8.509951101040436E-17
8.341199854347202E-17
8.034518305637818E-17
7.857976461094545E-17
7.446276066446055E-17
7.057646075190123E-17
7.486834175896374E-17
7.642584766043256E-17
7.712812050272797E-17
8.06441372321918E-17
8.193936388685358E-17
8.384859241768158E-17
8.389259644353268E-17
8.361732251064459E-17
8.220427855940508E-17
8.07430700751178E-17
7.889413965791259E-17
1.15668739329659E-16
1.33503938406168E-16
1.7839657039590663E-16
1.9730234565949244E-16
2.0796269838058582E-16
2.0698141820198257E-16
2.0904130916891517E-16
2.0337509799690468E-16
2.297075906525476E-16
2.3172325127759495E-16
2.624455301831153E-16
2.660243700477963E-16
2.6193382674405446E-16
2.5418241418395513E-16
2.38947670993126E-16
2.252442171449699E-16
2.0877509266090818E-16
1.947989086904906E-16
2.39566101925882E-16
2.390477278405072E-16
2.293088716299611E-16
2.1946150376979271E-16
2.0169489130674729E-16
1.8831545419752082E-16
1.7296418009933424E-16
1.610263062672901E-16
1.4943562193244028E-16
1.4007532606110758E-16
1.3147487827862458E-16
1.2416479582974193E-16
1.1747095419523405E-16
1.115063845986791E-16
1.149336187790276E-16
1.1166697795057285E-16
1.0389346366406373E-16
9.915233290510328E-17
1.0117722937989787E-16
9.898843537941325E-17
9.205963520080662E-17
8.856867843402178E-17
1.0211489154867824E-16
1.014289312807436E-16
9.634015705978618E-17
9.335353826512398E-17
8.660377233158767E-17
8.14183995223283E-17
7.51684549102025E-17
7.024463980541284E-17
6.540032135117932E-17
6.1484190688077E-17
5.787807501362178E-17
5.813298515105396E-17
5.628571537747368E-17
5.339658023634903E-17
5.140128839045214E-17
4.85425592875108E-17
4.6366820425380684E-17
4.384037597528551E-17
4.252110051138081E-17
4.06634262988295E-17
4.646166862055943E-17
4.623514836851554E-17
4.438093370352135E-17
4.350112210560962E-17
4.097582337417652E-17
3.901732233842945E-17
3.645516517539965E-17
3.476586948129359E-17
3.277760870698001E-17
3.100109938114932E-17
2.936720746351667E-17
2.786189145845146E-17
2.652328964545378E-17
2.528108068045021E-17
2.4154408939934234E-17
2.3105877849623366E-17
3.004289860434306E-17
3.1749863935098E-17
3.541106580213189E-17
4.091980861160527E-17
4.616471670285075E-17
4.811822282829143E-17
4.720888145092878E-17
4.492814166001168E-17
4.2091037651065626E-17
4.2762292133037466E-17
4.3907911264243076E-17
4.728369369887854E-17
5.00504693176498E-17
5.2753008683284333E-17
5.42721395326132E-17
5.522983317173412E-17
9.136590907052352E-17
1.224612562489909E-16
1.690071851979062E-16
1.9515506992379545E-16
2.068040836284553E-16
2.051243303035687E-16
1.9462786034378434E-16
1.8117962271849898E-16
2.1009348659659843E-16
2.0987790245103255E-16
2.3726800297994507E-16
2.3502256018752886E-16
2.263117700243724E-16
2.1612469450706497E-16
2.1370285106895068E-16
2.0808256360244968E-16
2.0433110948241565E-16
1.9987002458477027E-16
1.872218532922021E-16
2.044883164812652E-16
2.1315708806363715E-16
2.263282905616792E-16
2.221023264320675E-16
2.1250768536367903E-16
2.008278626394273E-16
1.870833071553958E-16
1.960376926887026E-16
2.0181245898643226E-16
1.9896405372586598E-16
2.153122982918553E-16
2.1942038467771564E-16
2.2062766258027542E-16
2.2063924726342868E-16
2.1561788689719103E-16
2.0872075822001623E-16
1.9892511168908565E-16
1.8823951673724067E-16
2.314385653555607E-16
2.41499910670445E-16
2.382638395939403E-16
2.3029252966309987E-16
2.1439463454856397E-16
2.0003139505015236E-16
1.8416577939672219E-16
1.7073995928991356E-16
1.5811953254759132E-16
1.475815354615714E-16
1.381682218594615E-16
1.318154752851131E-16
1.251845506383163E-16
1.187867784063947E-16
1.13093614892019E-16
1.0709575239699241E-16
1.0192224116246053E-16
9.669637497758103E-17
9.207579079301495E-17
1.1578642560301196E-16
1.2114313464040474E-16
1.219823615592419E-16
1.2304852783429452E-16
1.1764130482319175E-16
1.3759168190704878E-16
1.362844189821576E-16
1.3036433239739537E-16
1.4494216962637965E-16
1.3912363625772003E-16
1.3081708943408044E-16
1.2103334559530432E-16
1.0991042670352829E-16
1.0048129060440252E-16
9.229975511804227E-17
8.507566432954847E-17
7.841396418274638E-17
7.281092944304294E-17
6.755001574427605E-17
6.311867834278065E-17
5.901938482401364E-17
5.546279547278618E-17
5.218739606563406E-17
4.9258192055408326E-17
5.757851029378439E-17
5.5736954966394E-17
5.155285540778775E-17
4.93042326019075E-17
4.526226479954315E-17
4.23369658137321E-17
3.888288037533719E-17
3.620229188611926E-17
3.355985803727061E-17
4.0983008083680104E-17
3.901837715490781E-17
3.608273064562286E-17
3.4314662696970114E-17
3.1306850877865225E-17
2.91299545351553E-17
3.4366762895283755E-17
3.297100400221172E-17
3.0370192162880973E-17
2.860125451612767E-17
2.5828918470141868E-17
2.3908284998075753E-17
2.1782661588182628E-17
2.0198961903650494E-17
1.866914544813257E-17
1.7450163379089972E-17
1.632404777638515E-17
1.5368112145060964E-17
1.448821765030326E-17
1.370415465819671E-17
1.7050842602596177E-17
1.604802428615284E-17
1.4864463673343834E-17
1.4249368924996574E-17
1.638146201587722E-17
1.5873759759716137E-17
1.755904593147744E-17
1.6989230517670213E-17
1.582771550789942E-17
1.4768327356907722E-17
1.3255077646494534E-17
1.4999845464790258E-17
1.3852499492077312E-17
1.2766808556419694E-17
1.1744092124177199E-17
1.3012702465602233E-17
1.2140593282407303E-17
1.1091180067957415E-17
1.0295472917960578E-17
9.33089115789755E-18
8.6038814938936E-18
7.810483125264373E-18
7.20696514524901E-18
6.606810225934696E-18
6.131247623761461E-18
5.686152406674558E-18
5.3145435360831095E-18
4.974702250179551E-18
4.6780819907977805E-18
4.405260849778035E-18
4.158308210335592E-18
3.9288108544747615E-18
3.716682589781022E-18
3.518303288799978E-18
3.3331807596174365E-18
3.159628605361833E-18
2.9971178469512612E-18
2.8509334709201494E-18
2.7082413941938906E-18
2.5717050706408607E-18
2.44602225148884E-18
2.322197402173827E-18
2.209851264249182E-18
2.1042288985168602E-18
2.439725682171574E-18
2.3015146700822556E-18
2.1421231887078432E-18
2.103614832704492E-18
1.9659500345341987E-18
1.865351656522199E-18
1.7316224744062868E-18
1.6518700611265796E-18
1.6820498884381139E-18
1.6532894586881772E-18
1.5650067340829707E-18
1.5085345313415464E-18
1.4204137515380833E-18
1.3715284644431408E-18
1.305627908727973E-18
1.2312633711668121E-18
1.1632291408618856E-18
1.1163658826934935E-18
1.0659674545706653E-18
1.0123470292162141E-18
1.1685385124430642E-18
1.1533045373211592E-18
1.0948460728202654E-18
1.0594646963635684E-18
9.896284874775516E-19
9.322984401349494E-19
8.653656538244265E-19
8.106562725172914E-19
7.692372542975012E-19
7.292736077770227E-19
6.844934820751596E-19
6.486269036978894E-19
6.178767063136717E-19
5.890360582013684E-19
5.574930833961115E-19
5.309177743090749E-19
5.042169068713817E-19
4.807410128992307E-19
4.580646843264183E-19
4.374407597315988E-19
4.211074407848896E-19
5.055755281442387E-19
5.188760326861104E-19
5.588145278329573E-19
5.920752449884069E-19
5.91342967498089E-19
5.838272899482953E-19
5.707230799655365E-19
5.722161607621106E-19
9.024198232742285E-19
2.8799746167796233E-18
5.315721407128445E-18
9.301213912665299E-18
1.308022184674981E-17
1.6895492118876487E-17
2.746705930210548E-17
4.1075845519261974E-17
5.673710129084366E-17
7.469389006800446E-17
8.666886012317588E-17
9.388416243489421E-17
1.0961546361893904E-16
1.152651048068375E-16
1.1699473746776533E-16
1.1464662319897246E-16