
0.0
2.0205255724946044E-29
4.7287334219124126E-24
7.293114111195716E-21
9.085639469556533E-21
1.3499494563118922E-19
2.1297839836200456E-19
3.2148173960447283E-19
7.235521782745371E-19
1.005113191128786E-18
1.1991672212537972E-18
3.1543949581444837E-18
0.03954238491437495
0.024844833081769033
0.04975552999569277
0.03301463227311217
0.04399648334588318
0.03159342611269714
0.06679044840122618
0.043749068994617175
0.03713395194419189
0.025221298834520497
0.020921521732456327
0.015440841028034653
0.013230019754937457
0.010883884631687721
0.009894382027281132
0.009053636232311289
0.01621943170467221
0.015017562978213824
0.014202958601833678
0.013581406128748466
0.013333482214756937
0.013098894153534255
0.01313551603207289
0.012411404345031168
0.012272525204446104
0.012055344688206671
0.011949890124845625
0.011563995074943042
0.011236098733689939
0.010952327888240828
0.012065437336120848
0.011820394562795504
0.011681186897157083
0.011432469456145502
0.01120123183041351
0.01098021678588792
0.010770621911634158
0.010571229568521322
0.01037986599179091
0.010249730763998623
0.010147105591824988
0.010034984208705409
0.009917272981755952
0.008354003891309029
0.008320506031231495
0.008269452389372565
0.008208551100123295
0.008138749088906199
0.00591496925384782
0.0059077473781675785
0.005887027959841431
0.005850168555560578
0.00580464110833659
0.00573141918875239
0.003455507195446411
0.0034812953809258197
0.003380037262681482
0.0033620924941011633
0.0031981662512622056
0.0031318996273113483
0.0029796930453748357
0.002935577237869168
0.002812818951167348
0.002766495606860565
0.0029025583053459213
0.0029046786014828244
0.002849068838581005
0.0027760781125223156
0.0027034043046933586
0.0026600966015276908
0.0026016746636021975
0.016268640253585712
0.016152700145481855
0.016058047619253307
0.015945698794798624
0.015856310984224364
0.015741068632836048
0.01563709169128519
0.015524958763658123
0.015398043251312268
0.015447119788357652
0.015536990672725261
0.015806477630279054
0.013090205756069728
0.013081477612199247
0.012200028363152465
0.012170576824371372
0.011799067576972059
0.001773942723274079
0.0017711199590566538
0.0016770732347796953
0.001666655883553569
0.0016408739100310977
0.00164347876264737
0.0016334795516455827
0.0018596034730167135
0.00185948962576828
0.0018579856636229384
0.0018289431207261031
0.0018070200098224082
0.01630175940673641
0.017489536189734582
0.03333026362731699
0.0340153695372538
0.029323149911291122
0.028905118481052892
0.026793549506990887
0.02631082946647634
0.02520032432732814
0.02468215431222895
0.023877481649481197
0.02312715694650105
0.022325233870258535
0.019959767779888966
0.019170352714864815
0.018055442159668318
0.01741895370909117
0.016677662642127347
0.0041521011092382635
0.00413933171097245
0.0041278028874883865
0.0041171796304884925
0.004107560137914686
0.004098838524429198
0.0040909511019580035
0.004084045018973509
0.0040782352369438625
0.00407456907748022
0.004072631251852386
0.004073009306884674
0.004074880428058466
0.004077636322158769
0.0040807512391390225
0.004084041800653483
0.004087178065888394
0.004090486758780601
0.004093629144114268
0.004096822262350807
0.0040997999032470304
0.004102638225957157
0.0041049860728092896
0.00410676139346692
0.004107585712933583
0.004107456223404276
0.004106159119361868
0.0041037967139490325
0.0041000401629179934
0.004095379444972738
0.004090097041604079
0.004084406472700665
0.004078404873742323
0.004081279876711769
0.0040563678453277695
0.009457746919146314
0.009436491820539345
0.009415189042429368
0.009393871123937568
0.009372567717148114
0.009351297009642231
0.00933031014355544
0.009309523676118195
0.009289059252486
0.009269170085507324
0.009249719453768965
0.009230831567976239
0.00921257529292648
0.009194956165918857
0.009178160444241005
0.009162141792219263
0.009147052993700684
0.009132864032672773
0.009119488536201242
0.009106851082622285
0.009094868107659285
0.009083492464794235
0.009072620781373168
0.009062160063142777
0.009051996949757737
0.009042028832923099
0.009032154664014382
0.009022282077226745
0.009012325343846564
0.009002206679300693
0.008991856969549253
0.008981214275379824
0.008970224275146058
0.00895884412087342
0.008947041409419999
0.00893479438714184
0.00892208884777178
0.008908917475970677
0.008895278325932213
0.008881173624877161
0.008866608299196468
0.0088515902198864
0.008836127992703285
0.00882023241452013
0.008803913387041853
0.008787182970823792
0.008770053423749077
0.00875253923517831
0.008734655468217624
0.008716418471345272
0.008697841181912887
0.008678933151943
0.008659713422166909
0.008640206190260043
0.00862043295428637
0.008600407557345903
0.00858013938177613
0.008559646264028085
0.00853893969410712
0.008518025251323667
0.008496908238370756
0.008475598785507856
0.008454112121768354
0.008432456754425954
0.008410637422198658
0.008388655586781903
0.008366514175178278
0.008344215632570082
0.008321762274742187
0.008299156471391502
0.008276416107770945
0.008253566285896043
0.008230629229837505
0.008207634370839835
0.008184607153804466
0.008161578407307678
0.008138578470226622
0.008115633576380224
0.008092778013046741
0.008070048377804378
0.008047487689967287
0.00802515409646889
0.008003163040307761
0.007981608492506963
0.007960562272388892
0.007940128343058617
0.007920464298749768
0.00790172195279104
0.007883990460874724
0.007867413982424458
0.0078521186450491
0.007838215937274432
0.007825782747776433
0.007814905550303744
0.00780573382444891
0.007798384125972986
0.00779299542568664
0.007789646271591266
0.007788218193783892
0.007789323870339019
0.007793090476635361
0.007798919947260993
0.007806208842291393
0.007815185404195787
0.007825644370749523
0.007837986889531998
0.007852493994230892
0.007867892756457683
0.007884307742532555
0.007903676153242214
0.00792572804495209
0.007950355492157979
0.00797761537753773
0.008004624298452234
0.008030382033173866
0.008055880136911525
0.008082208904204366
0.008109751718088466
0.008138680963319584
0.008167189337504526
0.008197141122425426
0.00822772555531264
0.008257304180555702
0.008287943753269768
0.008318996960577583
0.00834887826340228
0.00837879252403668
0.00840948770334646
0.008440469719994933
0.008471090343746296
0.008501953716045898
0.008532325247803391
0.008562115929595406
0.00859144078867767
0.00861978593473009
0.008646741888949002
0.008673025281001702
0.00869826152709285
0.008722443625377758
0.008746396956164965
0.008769867968150309
0.008792269193861856
0.00881368196108994
0.008834615427794982
0.008855182885952743
0.008875562566973097
0.008896484054860815
0.008916651386635924
0.008935485215173226
0.008954167500749328
0.008972184686987034
0.008989536552355336
0.0090066620031366
0.009023084591583241
0.009038613444017496
0.009053514690630525
0.009067021964192507
0.009080221160696672
0.009092855372413222
0.00910494651738424
0.009116488248807588
0.009127479163454778
0.00913730413684961
0.009146374580043774
0.009157792631142
0.009168071432499899
0.009178010519684953
0.009186925920379924
0.009195432904247037
0.009203404710475179
0.009209258901909467
0.009215238939603913
0.009221190026808436
0.009226844573312644
0.00923213896223321
0.009237249450952181
0.009242011103279692
0.009246471351551058
0.009250683564391354
0.009254763896245669
0.009258147696506793
0.009260890824355156
0.009263211814931591
0.009264625056645028
0.009265875766383031
0.009266539175923766
0.00926662865814219
0.009265849285149239
0.009264733016276854
0.009263583209877883
0.009261933688290208
0.009259255563252224
0.009259151598700702
0.009257700779140525
0.009251545290345956
0.015943106755764606
0.01599099172590949
0.01603892568952019
0.01608653111033259
0.016133844694084014
0.016181110911694576
0.016228002954718785
0.016274702580004165
0.01632106635491768
0.01636643342852712
0.01641128810166133
0.016455602035506674
0.0164993836842617
0.016542477639226272
0.016584572583578917
0.01662647872115202
0.01666748398835356
0.016707973052901372
0.016748373816711112
0.016788289674975712
0.016827702151056372
0.016866684327942322
0.016905201374775868
0.01694289700233236
0.016980472019160562
0.017017669170777173
0.017053708140829252
0.017088882776249273
0.01712355004190617
0.01715751685176976
0.01719027227461617
0.017222022750116264
0.01725290789383615
0.017282751364005516
0.017311857083421287
0.0173404437074882
0.01736865727365911
0.017396634219090674
0.017424353438262027
0.0174518487327321
0.017478922308935368
0.017505537954995345
0.01753183850977523
0.017557702959845135
0.017583111725184185
0.017608048154180028
0.017632463485359393
0.01765652105982833
0.017679715936177242
0.017702491812603496
0.017724805486067682
0.01774668995076606
0.017768107542939095
0.017788839503400027
0.017809086471487972
0.01782889037581215
0.01784843454369705
0.01786766588448871
0.017886482883264436
0.017904525032011405
0.01792159523604145
0.017938539901641178
0.017955103900803793
0.01797122712945851
0.017986624983714616
0.018001586822827906
0.018016151545207193
0.018030488101488624
0.018044675843665224
0.018058677646697188
0.018072070846523482
0.018085235523376895
0.018097786862282514
0.018109960106955904
0.018121918383670596
0.018133377465570134
0.01814401981398268
0.01815386210052997
0.018163569340935378
0.0181730396419085
0.018182665850740132
0.018192269020453507
0.01820171780627383
0.018211868877937246
0.01822232752005539
0.018232199455836328
0.018241962970199855
0.018251538623725732
0.029918375876291415
0.02987423636785289
0.029838410113506294
0.029808033049141706
0.02977921158228372
0.02975468691143106
0.02973064258479714
0.029702746173011517
0.029674812124365235
0.02964404600517662
0.029612015185756485
0.029578348094948664
0.029543726000719226
0.029508084547700743
0.029471172958366897
0.029432839601605795
0.029393153776856914
0.029351584146057836
0.029308277035339454
0.02926309248533163
0.029216081553964362
0.02916632388164481
0.029114314691699825
0.02905950461772475
0.029002035215926165
0.028941914182114892
0.028879464874034425
0.02881421515948966
0.028746869407300035
0.02867751425494174
0.02860658298802141
0.02853439378712759
0.02846121055782403
0.028387293754151697
0.028312736320967122
0.028237739759786953
0.028162347792771422
0.028086771452025715
0.028011100484330892
0.02793490614240179
0.027857374794186037
0.027779375017432266
0.027699843913133664
0.027619586110775828
0.027538199690539337
0.02745626487654864
0.027377855694104707
0.027299992582554132
0.027228598117239666
0.027163233684077012
0.02710270514284625
0.02702236868028385
0.026920529534422203
0.026813482059139398
0.026725222785735345
0.026641633484953152
0.02663566144332536
0.02662382389460608
0.026565912449267003
0.02652170042961563
0.02653183567993986
0.026560893024060298
0.026536238598971685
0.026524199913604864
0.026581104214332556
0.02659212778289069
0.02662352597820251
0.026676057842642785
0.026732257223693563
0.027223075153975717
0.02653003080835657
0.026342973580519173
0.026161005527088686
0.026030697222120005
0.02590847902730209
0.013505686541189933
0.013481660940431003
0.013446022756458455
0.013545692141609722
0.01360959977215465
0.013616770673197923
0.01363460917292204
0.013719358905075153
0.013805382843700274
0.013908561327873986
0.013681340497238756
0.014774331353291315
0.01605520578991111
0.01635410464770178
0.016656039134993868
0.01691568266806754
0.017066534455682774
0.01716365312504053
0.01724675749812931
0.017419780125404603
0.017584143351038185
0.01774895755510522
0.017997097128234114
0.018201819761667064
0.018399943302514626
0.01858275191938561
0.018459344094459127
0.018546284083320697
0.01852156827792189
0.01853324024188242
0.01852318089766694
0.018521874340838216
0.01851234425708982
0.01847613002795115
0.018454863979533723
0.01840434348189778
0.01808543663919476
0.018252241028289165
0.018395630445283105
0.019881240688876107
0.02057166372579551
0.021931267143359197
0.02253470792291293
0.02287092987010705
0.023168580715317612
0.023441998659134072
0.02367760660438331
0.02392112729186673
0.02393765053074933
0.023995599712472806
0.025883329557569227
0.026515414635109837
0.02699936747639073
0.027406376554805833
0.02771375549156442
0.028347119504138433
0.02862882704685783
0.02936093844370094
0.028927665271132816
0.029008023941544524
0.02784162665903196
0.027682748827991044
0.02885477370155112
0.029269117556853998
0.034158232541823194
0.03463851770709583
0.035439882097648305
0.03546624430735089
0.0358581911742352
0.035800291670326466
0.03548104380100012
0.035252344316809674
0.03498423354416897
0.03473988085102949
0.03451258725920547
0.034295292787866596
0.03404965217837879
0.033816842079815286
0.033580835369734933
0.03334682043475241
0.033182947825781316
0.033005083434888276
0.032850693340787815
0.032690747230816254
0.03254252935725202
0.03239781105966063
0.03223893842415227
0.032080806773151276
0.03193531687089524
0.03179180296818255
0.031099655057350045
0.03106590260963668
0.031046328907144653
0.030909681261219037
0.030827589617439415
0.03050667269939095
0.030292956141892063
0.030017615223134314
0.029784492281640845
0.029516268885381277
0.029267955994750863
0.028939950177047338
0.02863435025829228
0.02831853257441118
0.027986242096953762
0.02766859808443371
0.027357522719220786
0.02706723459418345
0.02679943382974775
0.026548873650535793
0.02631895559548618
0.026099101142398922
0.025889045181332025
0.025680702920162144
0.025456826314239813
0.0252444582055535
0.025063127862272497
0.024894125115186173
0.024723002703078114
0.02442650984263368
0.024319864631977568
0.024110502705453892
0.02410362860488277
0.024041037067699153
0.023298732505345296
0.023099886994027555
0.02276800350653551
0.02257640220465422
0.022294341344188357
0.021993093729063683
0.021672638528077857
0.0213648349936835
0.021064370395717336
0.02079487239017795
0.020538710166727592
0.02030640927386351
0.020087273355089377
0.019881847597487352
0.019686521069812207
0.019499060348482037
0.019319461549234945
0.0191484027053488
0.018984575494989366
0.018832612278019478
0.018687759405431763
0.018552219952981775
0.01842337094803855
0.018299979751795727
0.0181586499866216
0.01801445302553639
0.017865427691166107
0.017717881472857064
0.017571515470497488
0.01743056811882647
0.017271829433578266
0.017156178911481145
0.017013658674889232
0.016889372350967175
0.01675848460139528
0.01664599190865545
0.01652955594423965
0.016422110838781912
0.0163125850310829
0.016209914292083998
0.016107831449392623
0.01601128572923917
0.015916710884537298
0.015826681593668342
0.015739698998071254
0.015656681004280044
0.015577135416630873
0.015501295130306129
0.015428873299769136
0.01535981295952127
0.01529383552050188
0.01523081367516116
0.015170537870400493
0.015112849691594108
0.015057493220106619
0.015004400103366438
0.014953415640189949
0.014904453333679093
0.014857392021605721
0.014812087195680744
0.014768444346482132
0.014726340996541921
0.014685673543004124
0.014646347052795536
0.014608270925814609
0.014571347936705583
0.014535492027854896
0.014500605974246393
0.014466619404901722
0.014433452750863229
0.014401034903839623
0.01436929919143388
0.01433817821128239
0.014307617771185794
0.014277546416948063
0.014247952025767186
0.014219011935895715
0.014190702272287359
0.014162949511859521
0.01413570405560839
0.014108972777003232
0.014082709544325986
0.014056735039487475
0.014030973847440868
0.014005351923873416
0.013979844233850111
0.013954487875139504
0.013929237720449392
0.013904138634449488
0.013879218952045996
0.013854467712128435
0.013829876369307336
0.013805447561818139
0.013781197058182227
0.013757143790321174
0.013733247661525373
0.013709561206728933
0.013686079706254333
0.013662852318926817
0.013639883956860818
0.01361716703332754
0.013594680363506487
0.013572366330194287
0.013550212216267307
0.013528206588644665
0.013506649227684579
0.013485105944219035
0.013464050761019565
0.013443521553597489
0.013423476658037867
0.013403854360317716
0.01338462617813227
0.013365205502456552
0.013346321717784049
0.01332757422359264
0.01330909869132077
0.013290827821352491
0.013272757116727762
0.013254894125470772
0.01323718663660746
0.013219629783382316
0.01320225363822664
0.013184972957030009
0.013167834772088565
0.013150902530446273
0.013134131244287407
0.013117538441480855
0.01310110813222842
0.013084858986485733
0.013068787744215292
0.01305290814767855
0.013037153193838117
0.013021548640484515
0.013006100190454036
0.012990818515584476
0.012975727434413246
0.012960796882450538
0.012946039854134374
0.012931436672543659
0.012916996958610502
0.0129026774725643
0.01288846188578113
0.012874376453834137
0.012860367916393455
0.01284652502610284
0.01283276692030166
0.012819165150375953
0.012805697187867763
0.012792396033782323
0.012779175582376687
0.012766039352472133
0.012753038293800482
0.012740185521545403
0.012727477775548762
0.01271489713009126
0.012702453187047855
0.012690192605272061
0.012678081728407729
0.012666107060715904
0.012654282714295606
0.012642647279357494
0.0126311072500206
0.012619627704656074
0.012608193040968572
0.012597228457320172
0.012585830961438832
0.01257436663242415
0.012562736852841127
0.012551128035641108
0.016559532131955466
0.016545465687564605
0.016530764791744007
0.016515654028255777
0.01650016028168019
0.01648425554731351
0.0164680896123775
0.01645163387526336
0.01643493904191131
0.016417955342847963
0.016400747040149412
0.016383139541261964
0.016365170498348465
0.016346920996592348
0.016328343141551308
0.016309534863870326
0.01629042901218019
0.016271063267371672
0.016251377156511582
0.016231158358646757
0.016210688392928798
0.01618970887240328
0.016168380855654342
0.01614673114697875
0.01612482707552783
0.016103027945371697
0.01607936659392327
0.016055190263923515
0.01603021670077682
0.016004742584262023
0.01597859476919549
0.015951619527110678
0.015924063657188885
0.015895939048531725
0.01586735287037048
0.015838620687517325
0.015809773728433747
0.01578109686940121
0.015752651381547748
0.015724492380397047
0.015696228566504367
0.015668081324943108
0.015639721841207925
0.015611181790202948
0.015582456366658977
0.01555359329804693
0.015524417625899305
0.015495027910744148
0.015464917621616473
0.015434396081763094
0.01540308764440963
0.015371261286609405
0.01533891282339274
0.015306419832367078
0.015273720431312513
0.015240168777050674
0.015206483115077133
0.015171858776215005
0.015137831149151161
0.01510337572670875
0.015069210548022188
0.015034858730436947
0.015001036077086922
0.014968413998161897
0.014936432372003414
0.014905569709293827
0.014876913087603414
0.014849934882500975
0.014825259042660023
0.01481946906723048
0.01481256254581613
0.014816071557696283
0.014821765748131205
0.014825355186069398
0.014828919202253212
0.014821880572457823
0.014816900289710446
0.014808483451884312
0.014803150274088609
0.014797695307979215
0.01479535463567336
0.014794253261622866
0.01479458686057766
0.014744226214453503
0.01470180451424369
0.014647972152592783
0.014593567085851859
0.014537709918364571
0.014482584412660133
0.014429028944374608
0.014377299243794535
0.01432808860952021
0.014281142568155008
0.014236758026074787
0.014194940351991675
0.014153715640706726
0.014115831967920505
0.014078675211697972
0.01404452741569132
0.014008222209393389
0.013975227969331254
0.013941873912006781
0.013911787965680534
0.013882104067383839
0.013854422923232568
0.013827930950327137
0.01382861201775113
0.013824159617699793
0.013799139131472732
0.013764774322310123
0.013736599881687418
0.013724190260860303
0.013703705571808793
0.013696136106495421
0.013688216736602695
0.013685912184195884
0.013685562484122834
0.013693268283485936
0.013700290733401614
0.013702329505050972
0.013708556811939419
0.013700956297246535
0.013697053055485933
0.013684873992322625
0.013672964319212845
0.013657518309431915
0.01360341203792752
0.013555324364432608
0.013508253907212489
0.013465518922060651
0.013426646074202402
0.013390585177023616
0.013357597041409973
0.013327589608942245
0.013298011813777136
0.013269379800763339
0.013240446829430434
0.013211204979347259
0.013182190438289327
0.013152773326330382
0.013123509278151875
0.013094235575922554
0.013064736299419214
0.013035095640104202
0.013004957460985006
0.012974790427348408
0.012944508490773337
0.012914232928441231
0.012883876599038146
0.012853555730048255
0.012823682596581622
0.012793791501376514
0.012763881257573429
0.012733731213503414
0.01270362131210896
0.012673567063932283
0.012644280609563383
0.012616083014543077
0.01258907718905233
0.012562932852741772
0.012538018427306305
0.012514100725400079
0.012491601847920546
0.012470106891193147
0.012449292357294143
0.012428981107960094
0.012408912203475368
0.012389066833841266
0.012369875739388476
0.012351052688696629
0.012332413366832344
0.01231399407137491
0.012295725271781549
0.012277620888465898
0.012259608094392223
0.012241604434609898
0.012223467592008238
0.01220529456393672
0.01218696407967117
0.01216857139163808
0.012150046184340377
0.012131740606167538
0.012113745557471281
0.012095969897628496