
0.0,0.0,0.0,0.0,0.0,0.0,0.0,
0.0,0.0,0.0,0.0,0.0,0.0,0.0,
0.0,0.0,0.0,0.0,0.0,0.0,0.0,
0.0,0.0,0.0,0.0,0.0,0.0,0.0,
0.0,0.0,0.0,0.0,0.0,0.0,0.0,
0.0,0.0,0.0,0.0,0.0,0.0,0.0,
0.0,0.0,0.0,-0.03498498324002373,0.0,0.0,0.0,
0.0,0.09603923672627354,0.0,-0.12618631671103164,0.0,0.0,0.0,
0.0,0.09603923672627354,0.0,-0.12618631671103164,0.0,0.0,0.0,
0.0,0.04505861946591047,0.0,-0.12618631671103164,0.0,0.0,0.0,
0.0,0.3232959845013236,0.0,-0.12618631671103164,0.0,0.0,0.0,
0.0,-0.044701712142934474,0.0,-0.12618631671103164,0.0,0.0,0.0,
0.0,0.46776892243273543,0.0,-0.12618631671103164,0.0,0.0,0.0,
0.0,-0.19441510695662018,0.0,-0.14678862794223776,0.0,0.0,0.0,
0.0,-0.3596273266256797,0.0,-0.10933695193390394,0.0,0.0,0.0,
0.0,-0.3596273266256797,0.0,0.21426911235709897,0.0,0.0,0.0,
0.0,-0.3596273266256797,0.0,0.16379381359513073,0.0,0.0,0.0,
0.0,-0.3596273266256797,0.0,0.41195471409360024,0.0,0.0,0.0,
0.0,-0.3596273266256797,0.0,0.3117786723293639,0.0,0.0,0.0,
0.0,-0.3596273266256797,0.0,0.4539312713928142,0.0,0.0,0.0,
0.0,-0.3596273266256797,0.0,0.5791670020926112,0.0,0.0,0.0,
0.0,-0.3596273266256797,0.0,0.7193489231586714,0.0,0.0,0.0,
0.0,-0.3596273266256797,0.0,0.7193489231586714,0.0,0.0,0.0,
0.0,-0.3596273266256797,0.0,0.5812957936842463,0.0,0.0,0.0,
0.0,-0.3596273266256797,0.0,0.5812957936842463,0.0,0.0,0.0,
0.0,-0.3596273266256797,0.0,0.5812957936842463,0.0,0.0,0.0,
0.0,-0.3596273266256797,0.0,0.5812957936842463,0.0,0.0,0.0,
0.0,-0.3596273266256797,0.0,0.8481376820266302,0.0,0.0,0.0,
0.0,-0.3596273266256797,0.0,0.7596260910898007,0.0,0.0,0.0,
0.0,-0.3596273266256797,0.0,0.8501647624172151,0.0,0.0,0.0,
0.0,-0.3596273266256797,0.0,0.7251904326181499,0.0,0.0,0.0,
0.0,-0.3596273266256797,0.0,0.7251904326181499,0.0,0.0,0.0,
0.0,-0.3596273266256797,0.0,0.7378384491142637,0.0,0.0,0.0,
0.0,-0.3596273266256797,0.0,0.5448037798254872,0.0,0.0,0.0,
0.0,-0.3596273266256797,0.0,0.24797537070532716,0.0,0.0,0.0,
0.0,-0.3596273266256797,0.0,0.21969238149250048,0.0,0.0,0.0,
0.0,-0.3596273266256797,0.0,0.2960599414178627,0.0,0.0,0.0,
0.0,-0.3596273266256797,0.0,0.4697415369830109,0.0,0.0,0.0,
0.0,-0.3596273266256797,0.0,0.4961422357610248,0.0,0.0,0.0,
0.0,-0.3596273266256797,0.0,0.420617598873869,0.0,0.0,0.0,
0.0,-0.3596273266256797,0.0,0.3772559017373571,0.0,0.0,0.0,
0.0,-0.3596273266256797,0.0,0.2760473635951634,0.0,0.0,0.0,
0.0,-0.3596273266256797,0.0,0.2760473635951634,0.0,0.0,0.0,
0.0,-0.3596273266256797,0.0,0.2760473635951634,0.0,0.0,0.0,
0.0,-0.3596273266256797,0.0,0.1018450832180899,0.0,0.0,0.0,
0.0,-0.3596273266256797,0.0,0.27707320906177424,0.0,0.0,0.0,
0.0,-0.3596273266256797,0.0,0.44397226837196974,0.0,0.0,0.0,
0.0,-0.3596273266256797,0.0,0.5045621901697627,0.0,0.0,0.0,
0.0,-0.3596273266256797,0.0,0.7161421138257831,0.0,0.0,0.0,
0.0,-0.3596273266256797,0.0,0.5254442649530812,0.0,0.0,0.0,
0.0,-0.3596273266256797,0.0,0.5254442649530812,0.0,0.0,0.0,
0.0,-0.3596273266256797,0.0,0.5673102667521261,0.0,0.0,0.0,
0.0,-0.3596273266256797,0.0,0.5673102667521261,0.0,0.0,0.0,
0.0,-0.3596273266256797,0.0,0.5673102667521261,0.0,0.0,0.0,
0.0,-0.3596273266256797,0.0,0.5673102667521261,0.0,0.0,0.0,
0.0,-0.3596273266256797,0.0,0.37310100293362336,0.0,0.0,0.0,
0.0,-0.3596273266256797,0.0,0.5350564152279872,0.0,0.0,0.0,
0.0,-0.3596273266256797,0.0,0.4944838029660473,0.0,0.0,0.0,
0.0,-0.3596273266256797,0.0,0.26399516363461245,0.0,0.0,0.0,
0.0,-0.3596273266256797,0.0,0.4345424054323792,0.0,0.0,0.0,
0.0,-0.3596273266256797,0.0,0.5162540336797945,0.0,0.0,0.0,
0.0,-0.3596273266256797,0.0,0.6606046343175875,0.0,0.0,0.0,
0.0,-0.3596273266256797,0.0,0.6606046343175875,0.0,0.0,0.0,
0.0,-0.3596273266256797,0.0,0.7761851093878839,0.0,0.0,0.0,
0.0,-0.3596273266256797,0.0,0.9787131246848201,0.0,0.0,0.0,
0.0,-0.3596273266256797,0.0,1.124953805479421,0.0,0.0,0.0,
0.0,-0.3596273266256797,0.0,1.1104411733509552,0.0,0.0,0.0,
0.0,-0.3596273266256797,0.0,1.0618371307952779,0.0,0.0,0.0,
0.0,-0.3596273266256797,0.0,0.918169380390552,0.0,0.0,0.0,
0.0,-0.3596273266256797,0.0,1.0430679215060603,0.0,0.0,0.0,
0.0,-0.3596273266256797,0.0,1.0246905785733424,0.0,0.0,0.0,
0.0,-0.3596273266256797,0.0,0.8937824578493897,0.0,0.0,0.0,
0.0,-0.3596273266256797,0.0,0.9733130020757478,0.0,0.0,0.0,
0.0,-0.3596273266256797,0.0,0.9249657524337481,0.0,0.0,0.0,
0.0,-0.3596273266256797,0.0,0.90535684887124,0.0,0.0,0.0,
0.0,-0.3596273266256797,0.0,0.90535684887124,0.0,0.0,0.0,
0.0,-0.3596273266256797,0.0,0.9501469031618073,0.0,0.0,0.0,
0.0,-0.3596273266256797,0.0,0.956300255019936,0.0,0.0,0.0,
0.0,-0.3596273266256797,0.0,0.956300255019936,0.0,0.0,0.0,
0.0,-0.3596273266256797,0.0,1.0414963286444034,0.0,0.0,0.0,
0.0,-0.3596273266256797,0.0,1.0205157929836846,0.0,0.0,0.0,
0.0,-0.3596273266256797,0.0,1.0576369293205161,0.0,0.0,0.0,
0.0,-0.3596273266256797,0.0,1.0489149250277034,0.0,0.0,0.0,
0.0,-0.3596273266256797,0.0,1.0306402945857869,0.0,0.0,0.0,
0.0,-0.3596273266256797,0.0,1.0306402945857869,0.0,0.0,0.0,
0.0,-0.3596273266256797,0.0,0.9866066435146162,0.0,0.0,0.0,
0.0,-0.3596273266256797,0.0,1.0404253125246195,0.0,0.0,0.0,
0.0,-0.3596273266256797,0.0,1.2112513119779194,0.0,0.0,0.0,
0.0,-0.3596273266256797,0.0,1.2549752581724891,0.0,0.0,0.0,
0.0,-0.3596273266256797,0.0,1.3175764517478608,0.0,0.0,0.0,
0.0,-0.3596273266256797,0.0,1.1421168540558453,0.0,0.0,0.0,
0.0,-0.3596273266256797,0.0,1.1421168540558453,0.0,0.0,0.0,
0.0,-0.3596273266256797,0.0,1.243011543338213,0.0,0.0,0.0,
0.0,-0.3596273266256797,0.0,1.1421205035820405,0.0,0.0,0.0,
0.0,-0.3596273266256797,0.0,1.1412326331333023,0.0,0.0,0.0,
0.0,-0.3596273266256797,0.0,1.1438243602666218,0.0,0.0,0.0,
0.0,-0.3596273266256797,0.0,1.0572449073308796,0.0,0.0,0.0,
0.0,-0.3596273266256797,0.0,1.1191110910184419,0.0,0.0,0.0,
0.0,-0.3596273266256797,0.0,0.8074206465984085,0.0,0.0,0.0,
0.0,-0.3596273266256797,0.0,0.9294962424793903,0.0,0.0,0.0,
0.0,-0.3596273266256797,0.0,0.8431962162302762,0.0,0.0,0.0,
0.0,-0.3596273266256797,0.0,0.8863672603530086,0.0,0.0,0.0,
0.0,-0.3596273266256797,0.0,0.8227272779187597,0.0,0.0,0.0,
0.0,-0.3596273266256797,0.0,0.6561309422897037,0.0,0.0,0.0,
0.0,-0.3596273266256797,0.0,0.607627843048421,0.0,0.0,0.0,
0.0,-0.3596273266256797,0.0,0.6282405773454551,0.0,0.0,0.0,
0.0,-0.3596273266256797,0.0,0.7276737882631361,0.0,0.0,0.0,
0.0,-0.3596273266256797,0.0,0.8404083811424478,0.0,0.0,0.0,
0.0,-0.3596273266256797,0.0,0.9229815982324506,0.0,0.0,0.0,
0.0,-0.3596273266256797,0.0,0.952109173081087,0.0,0.0,0.0,
0.0,-0.3596273266256797,0.0,0.9596699285045706,0.0,0.0,0.0,
0.0,-0.3596273266256797,0.0,1.1001674322323953,0.0,0.0,0.0,
0.0,-0.3596273266256797,0.0,1.1808343399847565,0.0,0.0,0.0,
0.0,-0.3596273266256797,0.0,1.131818968918734,0.0,0.0,0.0,
0.0,-0.3596273266256797,0.0,1.131818968918734,0.0,0.0,0.0,
0.0,-0.3596273266256797,0.0,1.131818968918734,0.0,0.0,0.0,
0.0,-0.3596273266256797,0.0,1.0578625826865877,0.0,0.0,0.0,
0.0,-0.3596273266256797,0.0,0.8521010274753327,0.0,0.0,0.0,
0.0,-0.3596273266256797,0.0,0.6928125203177237,0.0,0.0,0.0,
0.0,-0.3596273266256797,0.0,0.5470633821157819,0.0,0.0,0.0,
0.0,-0.3596273266256797,0.0,0.46834339955203275,0.0,0.0,0.0,
0.0,-0.3596273266256797,0.0,0.4469260659361023,0.0,0.0,0.0,
0.0,-0.3596273266256797,0.0,0.5308512284191522,0.0,0.0,0.0,
0.0,-0.3596273266256797,0.0,0.6557016035510814,0.0,0.0,0.0,
0.0,-0.3596273266256797,0.0,0.9456973135095257,0.0,0.0,0.0,
0.0,-0.3596273266256797,0.0,0.9051769189577408,0.0,0.0,0.0,
0.0,-0.3596273266256797,0.0,1.0231437366318277,0.0,0.0,0.0,
0.0,-0.3596273266256797,0.0,1.0647149762202635,0.0,0.0,0.0,
0.0,-0.3596273266256797,0.0,1.117621869489213,0.0,0.0,0.0,
0.0,-0.3596273266256797,0.0,1.1298795384783082,0.0,0.0,0.0,
0.0,-0.3596273266256797,0.0,1.2547297100658512,0.0,0.0,0.0,
0.0,-0.3596273266256797,0.0,1.2127303777942635,0.0,0.0,0.0,
0.0,-0.3596273266256797,0.0,1.1497562686515794,0.0,0.0,0.0,
0.0,-0.3596273266256797,0.0,0.9855238440104915,0.0,0.0,0.0,
0.0,-0.3596273266256797,0.0,0.9613791054845824,0.0,0.0,0.0,
0.0,-0.3596273266256797,0.0,0.8463227422344034,0.0,0.0,0.0,
0.0,-0.3596273266256797,0.0,0.8463227422344034,0.0,0.0,0.0,
0.0,-0.3596273266256797,0.0,0.649458055688066,0.0,0.0,0.0,
0.0,-0.3596273266256797,0.0,0.9903153968924506,0.0,0.0,0.0,
0.0,-0.3596273266256797,0.0,1.3022630063577796,0.0,0.0,0.0,
0.0,-0.3596273266256797,0.0,1.5404032431343933,0.0,0.0,0.0,
0.0,-0.3596273266256797,0.0,1.4634515950657847,0.0,0.0,0.0,
0.0,-0.3596273266256797,0.0,1.349679622343361,0.0,0.0,0.0,
0.0,-0.3596273266256797,0.0,1.2880265424156387,0.0,0.0,0.0,
0.0,-0.3596273266256797,0.0,1.2845453861456602,0.0,0.0,0.0,
0.0,-0.3596273266256797,0.0,1.386588648715355,0.0,0.0,0.0,
0.0,-0.3596273266256797,0.0,1.2582521866071843,0.0,0.0,0.0,
0.0,-0.3596273266256797,0.0,1.414853935195825,0.0,0.0,0.0,
0.0,-0.3596273266256797,0.0,1.4492989319885956,0.0,0.0,0.0,
0.0,-0.3596273266256797,0.0,1.3417106883241927,0.0,0.0,0.0,
0.0,-0.3596273266256797,0.0,1.2835452052193845,0.0,0.0,0.0,
0.0,-0.3596273266256797,0.0,1.140791721256764,0.0,0.0,0.0,
0.0,-0.3596273266256797,0.0,1.1914704789773765,0.0,0.0,0.0,
0.0,-0.3596273266256797,0.0,1.023367359809308,0.0,0.0,0.0,
0.0,-0.3596273266256797,0.0,1.0976833527841543,0.0,0.0,0.0,
0.0,-0.3596273266256797,0.0,0.9623236410460827,0.0,0.0,0.0,
0.0,-0.3596273266256797,0.0,1.1846854732699126,0.0,0.0,0.0,
0.0,-0.3596273266256797,0.0,1.054779104855671,0.0,0.0,0.0,
0.0,-0.3596273266256797,0.0,1.0849061403091032,0.0,0.0,0.0,
0.0,-0.3596273266256797,0.0,0.9516088135728074,0.0,0.0,0.0,
0.0,-0.3596273266256797,0.0,0.994386142969211,0.0,0.0,0.0,
0.0,-0.3596273266256797,0.0,0.9302125978144495,0.0,0.0,0.0,
0.0,-0.3596273266256797,0.0,1.052909861610763,0.0,0.0,0.0,
0.0,-0.3596273266256797,0.0,1.2703270255946395,0.0,0.0,0.0,
0.0,-0.3596273266256797,0.0,1.0640582183701823,0.0,0.0,0.0,
0.0,-0.3596273266256797,0.0,1.1566849233647551,0.0,0.0,0.0,
0.0,-0.3596273266256797,0.0,1.0977175243656976,0.0,0.0,0.0,
0.0,-0.3596273266256797,0.0,1.0440920643893854,0.0,0.0,0.0,
0.0,-0.3596273266256797,0.0,0.6789744513247694,0.0,0.0,0.0,
0.0,-0.3596273266256797,0.0,0.542981166259511,0.0,0.0,0.0,
0.0,-0.3596273266256797,0.0,0.5083889584154709,0.0,0.0,0.0,
0.0,-0.3596273266256797,0.0,0.5836852452597693,0.0,0.0,0.0,
0.0,-0.3596273266256797,0.0,0.5488332612915148,0.0,0.0,0.0,
0.0,-0.3596273266256797,0.0,0.627590786013108,0.0,0.0,0.0,
0.0,-0.3596273266256797,0.0,0.6505259936946176,0.0,0.0,0.0,
0.0,-0.3596273266256797,0.0,0.7047178730047003,0.0,0.0,0.0,
0.0,-0.3596273266256797,0.0,0.5674684257956694,0.0,0.0,0.0,
0.0,-0.3596273266256797,0.0,0.5197070076192187,0.0,0.0,0.0,
0.0,-0.3596273266256797,0.0,0.5299866487991999,0.0,0.0,0.0,
0.0,-0.3596273266256797,0.0,0.5838921228957806,0.0,0.0,0.0,
0.0,-0.3596273266256797,0.0,0.4924657319157427,0.0,0.0,0.0,
0.0,-0.3596273266256797,0.0,0.7872226680331704,0.0,0.0,0.0,
0.0,-0.3596273266256797,0.0,0.9153108027733823,0.0,0.0,0.0,
0.0,-0.3596273266256797,0.0,0.948745364101107,0.0,0.0,0.0,
0.0,-0.3596273266256797,0.0,0.9151285241720363,0.0,0.0,0.0,
0.0,-0.3596273266256797,0.0,0.9788136101963726,0.0,0.0,0.0,
0.0,-0.3596273266256797,0.0,0.7153051291548389,0.0,0.0,0.0,
0.0,-0.3596273266256797,0.0,0.8080005477268323,0.0,0.0,0.0,
0.0,-0.3596273266256797,0.0,0.967432937612206,0.0,0.0,0.0,
0.0,-0.3596273266256797,0.0,1.3108581067062335,0.0,0.0,0.0,
0.0,-0.3596273266256797,0.0,1.3999191105340698,0.0,0.0,0.0,
0.0,-0.3596273266256797,0.0,1.3999191105340698,0.0,0.0,0.0,
0.0,-0.3596273266256797,0.0,1.4927828592241281,0.0,0.0,0.0,
0.0,-0.3596273266256797,0.0,1.5207420550883939,0.0,0.0,0.0,
0.0,-0.3596273266256797,0.0,1.4797516855607278,0.0,0.0,0.0,
0.0,-0.3596273266256797,0.0,1.5682262965300957,0.0,0.0,0.0,
0.0,-0.3596273266256797,0.0,1.395603795600826,0.0,0.0,0.0,
0.0,-0.3596273266256797,0.0,1.5432761396004713,0.0,0.0,0.0,
0.0,-0.3596273266256797,0.0,1.5106474526165794,0.0,0.0,0.0,
0.0,-0.3596273266256797,0.0,1.5413885023354594,0.0,0.0,0.0,
0.0,-0.3596273266256797,0.0,1.5774125057079529,0.0,0.0,0.0,
0.0,-0.3596273266256797,0.0,1.6688560857534132,0.0,0.0,0.0,
0.0,-0.3596273266256797,0.0,1.6525120801147457,0.0,0.0,0.0,
0.0,-0.3596273266256797,0.0,1.7481768554911534,0.0,0.0,0.0,
0.0,-0.3596273266256797,0.0,1.8471498068924537,0.0,0.0,0.0,
0.0,-0.3596273266256797,0.0,1.7507166658200206,0.0,0.0,0.0,
0.0,-0.3596273266256797,0.0,1.6220233544100426,0.0,0.0,0.0,
0.0,-0.3596273266256797,0.0,1.8177142297465687,0.0,0.0,0.0,
0.0,-0.3596273266256797,0.0,1.597567022960195,0.0,0.0,0.0,
0.0,-0.3596273266256797,0.0,1.475295142115172,0.0,0.0,0.0,
0.0,-0.3596273266256797,0.0,1.4116084100822441,0.0,0.0,0.0,
0.0,-0.3596273266256797,0.0,1.0691879202433223,0.0,0.0,0.0,
0.0,-0.3596273266256797,0.0,1.0771594491706318,0.0,0.0,0.0,
0.0,-0.3596273266256797,0.0,1.346501802201845,0.0,0.0,0.0,
0.0,-0.3596273266256797,0.0,1.1764890251830076,0.0,0.0,0.0,
0.0,-0.3596273266256797,0.0,0.9860685589548687,0.0,0.0,0.0,
0.0,-0.3596273266256797,0.0,1.0847572853808745,0.0,0.0,0.0,
0.0,-0.3596273266256797,0.0,1.023146001108384,0.0,0.0,0.0,
0.0,-0.3596273266256797,0.0,1.023146001108384,0.0,0.0,0.0,
0.0,-0.3596273266256797,0.0,0.8517230415501038,0.0,0.0,0.0,
0.0,-0.3596273266256797,0.0,0.9858944913128399,0.0,0.0,0.0,
0.0,-0.3596273266256797,0.0,1.1657409435031054,0.0,0.0,0.0,
0.0,-0.3596273266256797,0.0,1.0942524748961888,0.0,0.0,0.0,
0.0,-0.3596273266256797,0.0,1.0430589461254745,0.0,0.0,0.0,
0.0,-0.3596273266256797,0.0,1.1278618695583942,0.0,0.0,0.0,
0.0,-0.3596273266256797,0.0,1.2343665266347223,0.0,0.0,0.0,
0.0,-0.3596273266256797,0.0,1.121850774819438,0.0,0.0,0.0,
0.0,-0.3596273266256797,0.0,1.145205862878267,0.0,0.0,0.0,
0.0,-0.3596273266256797,0.0,1.2321599728918118,0.0,0.0,0.0,
0.0,-0.3596273266256797,0.0,1.172053517923917,0.0,0.0,0.0,
0.0,-0.3596273266256797,0.0,1.4078603768108673,0.0,0.0,0.0,
0.0,-0.3596273266256797,0.0,1.5835847642242327,0.0,0.0,0.0,
0.0,-0.3596273266256797,0.0,1.484567849524542,0.0,0.0,0.0,
0.0,-0.3596273266256797,0.0,1.5045117297337185,0.0,0.0,0.0,
0.0,-0.3596273266256797,0.0,1.6128454021733867,0.0,0.0,0.0,
0.0,-0.3596273266256797,0.0,1.4473008570334351,0.0,0.0,0.0,
0.0,-0.3596273266256797,0.0,1.2746082812745585,0.0,0.0,0.0,
0.0,-0.3596273266256797,0.0,1.4367472206838279,0.0,0.0,0.0,
0.0,-0.3596273266256797,0.0,1.3959919042106659,0.0,0.0,0.0,
0.0,-0.3596273266256797,0.0,1.3359582166246569,0.0,0.0,0.0,
0.0,-0.3596273266256797,0.0,1.4494414778334943,0.0,0.0,0.0,
0.0,-0.3596273266256797,0.0,1.3713343877821667,0.0,0.0,0.0,
0.0,-0.3596273266256797,0.0,1.2540979066644515,0.0,0.0,0.0,
0.0,-0.3596273266256797,0.0,1.396941159320744,0.0,0.0,0.0,
0.0,-0.3596273266256797,0.0,1.2086515684088006,0.0,0.0,0.0,
0.0,-0.3596273266256797,0.0,1.0518694011315681,0.0,0.0,0.0,
0.0,-0.3596273266256797,0.0,1.2005918936826978,0.0,0.0,0.0,
0.0,-0.3596273266256797,0.0,1.3867450118006375,0.0,0.0,0.0,
0.0,-0.3596273266256797,0.0,1.197655642168566,0.0,0.0,0.0,
0.0,-0.3596273266256797,0.0,1.0988376860360638,0.0,0.0,0.0,
0.0,-0.3596273266256797,0.0,1.1204868109607506,0.0,0.0,0.0,
0.0,-0.3596273266256797,0.0,1.1951534304640479,0.0,0.0,0.0,
0.0,-0.3596273266256797,0.0,1.0067441804797599,0.0,0.0,0.0,
0.0,-0.3596273266256797,0.0,1.0544937590028254,0.0,0.0,0.0,
0.0,-0.3596273266256797,0.0,1.08394508577096,0.0,0.0,0.0,
0.0,-0.3596273266256797,0.0,1.1352819462656425,0.0,0.0,0.0,
0.0,-0.3596273266256797,0.0,1.4050443943885733,0.0,0.0,0.0,
0.0,-0.3596273266256797,0.0,1.289689194605071,0.0,0.0,0.0,
0.0,-0.3596273266256797,0.0,1.2838351746370515,0.0,0.0,0.0,
0.0,-0.3596273266256797,0.0,0.9560848484852161,0.0,0.0,0.0,
0.0,-0.3596273266256797,0.0,1.0311091638001384,0.0,0.0,0.0,
0.0,-0.3596273266256797,0.0,1.0835810994482515,0.0,0.0,0.0,
0.0,-0.3596273266256797,0.0,1.1164703624001615,0.0,0.0,0.0,
0.0,-0.3596273266256797,0.0,1.0981088577812688,0.0,0.0,0.0,
0.0,-0.3596273266256797,0.0,1.1454105824762362,0.0,0.0,0.0,
0.0,-0.3596273266256797,0.0,1.2140060800773596,0.0,0.0,0.0,
0.0,-0.3596273266256797,0.0,1.1635418940607736,0.0,0.0,0.0,
0.0,-0.3596273266256797,0.0,0.9832334312695267,0.0,0.0,0.0,
0.0,-0.3596273266256797,0.0,1.10748501823133,0.0,0.0,0.0,
0.0,-0.3596273266256797,0.0,1.0735522183131274,0.0,0.0,0.0,
0.0,-0.3596273266256797,0.0,1.0430391869027142,0.0,0.0,0.0,
0.0,-0.3596273266256797,0.0,1.2614275670412078,0.0,0.0,0.0,
0.0,-0.3596273266256797,0.0,1.1830470190231968,0.0,0.0,0.0,
0.0,-0.3596273266256797,0.0,1.267981209222577,0.0,0.0,0.0,
0.0,-0.3596273266256797,0.0,1.3249341250226516,0.0,0.0,0.0,
0.0,-0.3596273266256797,0.0,1.2430432784889993,0.0,0.0,0.0,
0.0,-0.3596273266256797,0.0,1.4709882302048887,0.0,0.0,0.0,
0.0,-0.3596273266256797,0.0,1.4709882302048887,0.0,0.0,0.0,
0.0,-0.3596273266256797,0.0,1.5054783253764623,0.0,0.0,0.0,
0.0,-0.3596273266256797,0.0,1.5470817429094257,0.0,0.0,0.0,
0.0,-0.3596273266256797,0.0,1.6211493006542046,0.0,0.0,0.0,
0.0,-0.3596273266256797,0.0,1.7436113330928795,0.0,0.0,0.0,
0.0,-0.3596273266256797,0.0,1.6685028828854176,0.0,0.0,0.0,
0.0,-0.3596273266256797,0.0,1.6727366779862218,0.0,0.0,0.0,
0.0,-0.3596273266256797,0.0,1.7561097377614394,0.0,0.0,0.0,
0.0,-0.3596273266256797,0.0,1.902143656103523,0.0,0.0,0.0,
0.0,-0.3596273266256797,0.0,1.8924325988654778,0.0,0.0,0.0,
0.0,-0.3596273266256797,0.0,1.8812737097882204,0.0,0.0,0.0,
0.0,-0.3596273266256797,0.0,1.7173855491538346,0.0,0.0,0.0,
0.0,-0.3596273266256797,0.0,1.5302402403813882,0.0,0.0,0.0,
0.0,-0.3596273266256797,0.0,1.450597527483841,0.0,0.0,0.0,
0.0,-0.3596273266256797,0.0,1.596567538668785,0.0,0.0,0.0,
0.0,-0.3596273266256797,0.0,1.596567538668785,0.0,0.0,0.0,
0.0,-0.3596273266256797,0.0,1.3549262977471745,0.0,0.0,0.0,
0.0,-0.3596273266256797,0.0,1.370245347255913,0.0,0.0,0.0,
0.0,-0.3596273266256797,0.0,1.281487058446199,0.0,0.0,0.0,
0.0,-0.3596273266256797,0.0,1.1072958374434854,0.0,0.0,0.0,
0.0,-0.3596273266256797,0.0,1.0179236484591028,0.0,0.0,0.0,
0.0,-0.3596273266256797,0.0,1.1007275219758346,0.0,0.0,0.0,
0.0,-0.3596273266256797,0.0,1.2967337137687829,0.0,0.0,0.0,
0.0,-0.3596273266256797,0.0,1.3540308020456968,0.0,0.0,0.0,
0.0,-0.3596273266256797,0.0,1.4852696261822687,0.0,0.0,0.0,
0.0,-0.3596273266256797,0.0,1.4793867784674337,0.0,0.0,0.0,
0.0,-0.3596273266256797,0.0,1.3506596960216521,0.0,0.0,0.0,
0.0,-0.3596273266256797,0.0,1.1846002506710587,0.0,0.0,0.0,
0.0,-0.3596273266256797,0.0,1.218376762310722,0.0,0.0,0.0,
0.0,-0.3596273266256797,0.0,1.28101561308607,0.0,0.0,0.0,
0.0,-0.3596273266256797,0.0,1.2506134998790182,0.0,0.0,0.0,
0.0,-0.3596273266256797,0.0,1.1567071977888927,0.0,0.0,0.0,
0.0,-0.3596273266256797,0.0,1.2416396734296793,0.0,0.0,0.0,
0.0,-0.3596273266256797,0.0,1.3096536054447954,0.0,0.0,0.0,
0.0,-0.3596273266256797,0.0,1.6531177390089082,0.0,0.0,0.0,
0.0,-0.3596273266256797,0.0,1.764499459943129,0.0,0.0,0.0,
0.0,-0.3596273266256797,0.0,1.764499459943129,0.0,0.0,0.0,
0.0,-0.3596273266256797,0.0,1.7244364051590304,0.0,0.0,0.0,
0.0,-0.3596273266256797,0.0,1.668008002472973,0.0,0.0,0.0,
0.0,-0.3596273266256797,0.0,1.713678073343948,0.0,0.0,0.0,
0.0,-0.3596273266256797,0.0,1.7428130079889508,0.0,0.0,0.0,
0.0,-0.3596273266256797,0.0,1.8827991228834473,0.0,0.0,0.0,
0.0,-0.3596273266256797,0.0,1.7545417075350416,0.0,0.0,0.0,
0.0,-0.3596273266256797,0.0,1.6967431366333936,0.0,0.0,0.0,
0.0,-0.3596273266256797,0.0,1.5842293733497292,0.0,0.0,0.0,
0.0,-0.3596273266256797,0.0,1.6422235720722544,0.0,0.0,0.0,
0.0,-0.3596273266256797,0.0,1.6788421717487068,0.0,0.0,0.0,
0.0,-0.3596273266256797,0.0,1.609815707527077,0.0,0.0,0.0,
0.0,-0.3596273266256797,0.0,1.502177343497807,0.0,0.0,0.0,
0.0,-0.3596273266256797,0.0,1.3852462785786843,0.0,0.0,0.0,
0.0,-0.3596273266256797,0.0,1.090981335100909,0.0,0.0,0.0,
0.0,-0.3596273266256797,0.0,0.9827146190283931,0.0,0.0,0.0,
0.0,-0.3596273266256797,0.0,0.9222902696533228,0.0,0.0,0.0,
0.0,-0.3596273266256797,0.0,0.8599441210329999,0.0,0.0,0.0,
0.0,-0.3596273266256797,0.0,1.019755695075782,0.0,0.0,0.0,
0.0,-0.3596273266256797,0.0,0.9041519256647178,0.0,0.0,0.0,
0.0,-0.3596273266256797,0.0,1.0026323186607509,0.0,0.0,0.0,
0.0,-0.3596273266256797,0.0,0.9187211284342163,0.0,0.0,0.0,
0.0,-0.3596273266256797,0.0,1.2231678067196572,0.0,0.0,0.0,
0.0,-0.3596273266256797,0.0,1.4293600533127748,0.0,0.0,0.0,
0.0,-0.3596273266256797,0.0,1.4293600533127748,0.0,0.0,0.0,
0.0,-0.3596273266256797,0.0,1.517893887207041,0.0,0.0,0.0,
0.0,-0.3596273266256797,0.0,1.5380263328136439,0.0,0.0,0.0,
0.0,-0.3596273266256797,0.0,1.594869146178955,0.0,0.0,0.0,
0.0,-0.3596273266256797,0.0,1.6544727801695693,0.0,0.0,0.0,
0.0,-0.3596273266256797,0.0,1.8198162498707207,0.0,0.0,0.0,
0.0,-0.3596273266256797,0.0,1.6580345974119164,0.0,0.0,0.0,
0.0,-0.3596273266256797,0.0,1.7964735553415396,0.0,0.0,0.0,
0.0,-0.3596273266256797,0.0,1.7928204161285801,0.0,0.0,0.0,
0.0,-0.3596273266256797,0.0,1.6965922562591855,0.0,0.0,0.0,
0.0,-0.3596273266256797,0.0,1.6611570153499953,0.0,0.0,0.0,
0.0,-0.3596273266256797,0.0,1.7580708597122676,0.0,0.0,0.0,
0.0,-0.3596273266256797,0.0,1.7520839799317411,0.0,0.0,0.0,
0.0,-0.3596273266256797,0.0,1.7271571734882172,0.0,0.0,0.0,
0.0,-0.3596273266256797,0.0,1.5863917986227198,0.0,0.0,0.0,
0.0,-0.3596273266256797,0.0,1.4413939687306703,0.0,0.0,0.0,
0.0,-0.3596273266256797,0.0,1.4413939687306703,0.0,0.0,0.0,
0.0,-0.3596273266256797,0.0,1.3925689424624477,0.0,0.0,0.0,
0.0,-0.3596273266256797,0.0,1.4372405337624123,0.0,0.0,0.0,
0.0,-0.3596273266256797,0.0,1.6683536331008892,0.0,0.0,0.0,
0.0,-0.3596273266256797,0.0,1.7176422442364907,0.0,0.0,0.0,
0.0,-0.3596273266256797,0.0,1.7436343926462352,0.0,0.0,0.0,
0.0,-0.3596273266256797,0.0,1.651717986692402,0.0,0.0,0.0,
0.0,-0.3596273266256797,0.0,1.651717986692402,0.0,0.0,0.0,
0.0,-0.3596273266256797,0.0,1.541766771475116,0.0,0.0,0.0,
0.0,-0.3596273266256797,0.0,1.591259102047129,0.0,0.0,0.0,
0.0,-0.3596273266256797,0.0,1.4747710143321748,0.0,0.0,0.0,
0.0,-0.3596273266256797,0.0,1.3991155394240455,0.0,0.0,0.0,
0.0,-0.3596273266256797,0.0,1.206234057912735,0.0,0.0,0.0,
0.0,-0.3596273266256797,0.0,1.2168646915846466,0.0,0.0,0.0,
0.0,-0.3596273266256797,0.0,1.1643626281211972,0.0,0.0,0.0,
0.0,-0.3596273266256797,0.0,1.0801764048115141,0.0,0.0,0.0,
0.0,-0.3596273266256797,0.0,1.1909696600445094,0.0,0.0,0.0,
0.0,-0.3596273266256797,0.0,1.1666126369317842,0.0,0.0,0.0,
0.0,-0.3596273266256797,0.0,1.1494116126620093,0.0,0.0,0.0,
0.0,-0.3596273266256797,0.0,1.2258430879815503,0.0,0.0,0.0,
0.0,-0.3596273266256797,0.0,1.106073674483229,0.0,0.0,0.0,
0.0,-0.3596273266256797,0.0,1.0552400903737011,0.0,0.0,0.0,
0.0,-0.3596273266256797,0.0,0.9405922889424472,0.0,0.0,0.0,
0.0,-0.3596273266256797,0.0,0.8567943231872304,0.0,0.0,0.0,
0.0,-0.3596273266256797,0.0,0.7529040430784447,0.0,0.0,0.0,
0.0,-0.3596273266256797,0.0,0.7808839635877922,0.0,0.0,0.0,
0.0,-0.3596273266256797,0.0,0.8416498667028475,0.0,0.0,0.0,
0.0,-0.3596273266256797,0.0,0.8017139116445952,0.0,0.0,0.0,
0.0,-0.3596273266256797,0.0,0.8198083198005508,0.0,0.0,0.0,
0.0,-0.3596273266256797,0.0,0.7672468092846287,0.0,0.0,0.0,
0.0,-0.3596273266256797,0.0,1.0275313200215086,0.0,0.0,0.0,
0.0,-0.3596273266256797,0.0,1.1884441848242782,0.0,0.0,0.0,
0.0,-0.3596273266256797,0.0,1.458312350686673,0.0,0.0,0.0,
0.0,-0.3596273266256797,0.0,1.3742552339144298,0.0,0.0,0.0,
0.0,-0.3596273266256797,0.0,1.403051899692869,0.0,0.0,0.0,
0.0,-0.3596273266256797,0.0,1.3559950093816393,0.0,0.0,0.0,
0.0,-0.3596273266256797,0.0,1.257583642856843,0.0,0.0,0.0,
0.0,-0.3596273266256797,0.0,1.381123788505521,0.0,0.0,0.0,
0.0,-0.3596273266256797,0.0,1.4174294259790825,0.0,0.0,0.0,
0.0,-0.3596273266256797,0.0,1.395372983604774,0.0,0.0,0.0,
0.0,-0.3596273266256797,0.0,1.353660272384977,0.0,0.0,0.0,
0.0,-0.3596273266256797,0.0,1.325590508214551,0.0,0.0,0.0,
0.0,-0.3596273266256797,0.0,1.197531771826944,0.0,0.0,0.0,
0.0,-0.3596273266256797,0.0,1.1457018802832177,0.0,0.0,0.0,
0.0,-0.3596273266256797,0.0,1.1775392996061518,0.0,0.0,0.0,
0.0,-0.3596273266256797,0.0,1.2487963400177433,0.0,0.0,0.0,
0.0,-0.3596273266256797,0.0,1.2224296027633983,0.0,0.0,0.0,
0.0,-0.3596273266256797,0.0,1.1891907794945316,0.0,0.0,0.0,
0.0,-0.3596273266256797,0.0,1.112891597098701,0.0,0.0,0.0,
0.0,-0.3596273266256797,0.0,1.1657680481544541,0.0,0.0,0.0,
0.0,-0.3596273266256797,0.0,1.132832962721556,0.0,0.0,0.0,
0.0,-0.3596273266256797,0.0,0.7155864461118221,0.0,0.0,0.0,
0.0,-0.3596273266256797,0.0,0.61850987900172,0.0,0.0,0.0,
0.0,-0.3596273266256797,0.0,0.5821277555903486,0.0,0.0,0.0,
0.0,-0.3596273266256797,0.0,0.5902580571878412,0.0,0.0,0.0,
0.0,-0.3596273266256797,0.0,0.5819709327440722,0.0,0.0,0.0,
0.0,-0.3596273266256797,0.0,0.5572086434793109,0.0,0.0,0.0,
0.0,-0.3596273266256797,0.0,0.8703793397720784,0.0,0.0,0.0,
0.0,-0.3596273266256797,0.0,0.9302436398875732,0.0,0.0,0.0,
0.0,-0.3596273266256797,0.0,0.9823849978139154,0.0,0.0,0.0,
0.0,-0.3596273266256797,0.0,1.030028366248207,0.0,0.0,0.0,
0.0,-0.3596273266256797,0.0,0.9982700085101008,0.0,0.0,0.0,
0.0,-0.3596273266256797,0.0,0.9622492424158025,0.0,0.0,0.0,
0.0,-0.3596273266256797,0.0,1.0037357168407877,0.0,0.0,0.0,
0.0,-0.3596273266256797,0.0,1.2746212401843122,0.0,0.0,0.0,
0.0,-0.3596273266256797,0.0,1.3171106590085724,0.0,0.0,0.0,
0.0,-0.3596273266256797,0.0,1.3697092808352382,0.0,0.0,0.0,
0.0,-0.3596273266256797,0.0,1.4460934383402537,0.0,0.0,0.0,
0.0,-0.3596273266256797,0.0,1.3711580829577226,0.0,0.0,0.0,
0.0,-0.3596273266256797,0.0,1.193798196106327,0.0,0.0,0.0,
0.0,-0.3596273266256797,0.0,1.175793371275673,0.0,0.0,0.0,
0.0,-0.3596273266256797,0.0,1.1623820589067912,0.0,0.0,0.0,
0.0,-0.3596273266256797,0.0,1.3084927008108689,0.0,0.0,0.0,
0.0,-0.3596273266256797,0.0,1.3940474155148546,0.0,0.0,0.0,
0.0,-0.3596273266256797,0.0,1.4174975098448581,0.0,0.0,0.0,
0.0,-0.3596273266256797,0.0,1.3292887167887455,0.0,0.0,0.0,
0.0,-0.3596273266256797,0.0,1.3521947109195012,0.0,0.0,0.0,
0.0,-0.3596273266256797,0.0,1.3965484173989355,0.0,0.0,0.0,
0.0,-0.3596273266256797,0.0,1.5078460444990065,0.0,0.0,0.0,
0.0,-0.3596273266256797,0.0,1.4322184634324415,0.0,0.0,0.0,
0.0,-0.3596273266256797,0.0,1.4322184634324415,0.0,0.0,0.0,
0.0,-0.3596273266256797,0.0,1.5448907108474583,0.0,0.0,0.0,
0.0,-0.3596273266256797,0.0,1.341541296660823,0.0,0.0,0.0,
0.0,-0.3596273266256797,0.0,1.6053151081080685,0.0,0.0,0.0,
0.0,-0.3596273266256797,0.0,1.541009446645253,0.0,0.0,0.0,
0.0,-0.3596273266256797,0.0,1.414943714029488,0.0,0.0,0.0,
0.0,-0.3596273266256797,0.0,1.4369685680493718,0.0,0.0,0.0,
0.0,-0.3596273266256797,0.0,1.569268074866068,0.0,0.0,0.0,
0.0,-0.3596273266256797,0.0,1.2962107344549656,0.0,0.0,0.0,
0.0,-0.3596273266256797,0.0,1.2183211507254892,0.0,0.0,0.0,
0.0,-0.3596273266256797,0.0,1.2065012759370757,0.0,0.0,0.0,
0.0,-0.3596273266256797,0.0,1.219542026506618,0.0,0.0,0.0,
0.0,-0.3596273266256797,0.0,1.219542026506618,0.0,0.0,0.0,
0.0,-0.3596273266256797,0.0,1.219542026506618,0.0,0.0,0.0,
0.0,-0.3596273266256797,0.0,1.2573770328562035,0.0,0.0,0.0,
0.0,-0.3596273266256797,0.0,1.3862886260734644,0.0,0.0,0.0,
0.0,-0.3596273266256797,0.0,1.6061105303611438,0.0,0.0,0.0,
0.0,-0.3596273266256797,0.0,1.6214747143446409,0.0,0.0,0.0,
0.0,-0.3596273266256797,0.0,2.011506341069452,0.0,0.0,0.0,
0.0,-0.3596273266256797,0.0,1.838179741008359,0.0,0.0,0.0,
0.0,-0.3596273266256797,0.0,1.7468687185098468,0.0,0.0,0.0,
0.0,-0.3596273266256797,0.0,1.9852774609562513,0.0,0.0,0.0,
0.0,-0.3596273266256797,0.0,1.9442785901757274,0.0,0.0,0.0,
0.0,-0.3596273266256797,0.0,1.919302900744363,0.0,0.0,0.0,
0.0,-0.3596273266256797,0.0,2.086691674491596,0.0,0.0,0.0,
0.0,-0.3596273266256797,0.0,1.9810852187896224,0.0,0.0,0.0,
0.0,-0.3596273266256797,0.0,2.088817630239033,0.0,0.0,0.0,
0.0,-0.3596273266256797,0.0,2.1394744935421204,0.0,0.0,0.0,
0.0,-0.3596273266256797,0.0,2.103713024511275,0.0,0.0,0.0,
0.0,-0.3596273266256797,0.0,2.3496437505224623,0.0,0.0,0.0,
0.0,-0.3596273266256797,0.0,2.329292354800458,0.0,0.0,0.0,
0.0,-0.3596273266256797,0.0,2.4011427007747494,0.0,0.0,0.0,
0.0,-0.3596273266256797,0.0,2.0444674250604824,0.0,0.0,0.0,
0.0,-0.3596273266256797,0.0,1.9380083472704792,0.0,0.0,0.0,
0.0,-0.3596273266256797,0.0,1.9320413538793602,0.0,0.0,0.0,
0.0,-0.3596273266256797,0.0,1.5546251808715343,0.0,0.0,0.0,
0.0,-0.3596273266256797,0.0,1.302861044331236,0.0,0.0,0.0,
0.0,-0.3596273266256797,0.0,1.366021334998705,0.0,0.0,0.0,
0.0,-0.3596273266256797,0.0,1.6351737508462214,0.0,0.0,0.0,
0.0,-0.3596273266256797,0.0,1.6422686897936045,0.0,0.0,0.0,
0.0,-0.3596273266256797,0.0,1.5058926476709118,0.0,0.0,0.0,
0.0,-0.3596273266256797,0.0,1.475461660133352,0.0,0.0,0.0,
0.0,-0.3596273266256797,0.0,1.6146443617704553,0.0,0.0,0.0,
0.0,-0.3596273266256797,0.0,1.3814823285287265,0.0,0.0,0.0,
0.0,-0.3596273266256797,0.0,1.1598998560072298,0.0,0.0,0.0,
0.0,-0.3596273266256797,0.0,1.1034139500533828,0.0,0.0,0.0,
0.0,-0.3596273266256797,0.0,1.2258051595156507,0.0,0.0,0.0,
0.0,-0.3596273266256797,0.0,1.1826658212804437,0.0,0.0,0.0,
0.0,-0.3596273266256797,0.0,1.1817001744882725,0.0,0.0,0.0,
0.0,-0.3596273266256797,0.0,1.0827561447358938,0.0,0.0,0.0,
0.0,-0.3596273266256797,0.0,1.3609053141234313,0.0,0.0,0.0,
0.0,-0.3596273266256797,0.0,1.3293531062877564,0.0,0.0,0.0,
0.0,-0.3596273266256797,0.0,1.2980850028115576,0.0,0.0,0.0,
0.0,-0.3596273266256797,0.0,1.1759224436914348,0.0,0.0,0.0,
0.0,-0.3596273266256797,0.0,1.3813345052915902,0.0,0.0,0.0,
0.0,-0.3596273266256797,0.0,1.360280464401368,0.0,0.0,0.0,
0.0,-0.3596273266256797,0.0,1.360280464401368,0.0,0.0,0.0,
0.0,-0.3596273266256797,0.0,1.3451520926057454,0.0,0.0,0.0,
0.0,-0.3596273266256797,0.0,1.322972324439567,0.0,0.0,0.0,
0.0,-0.3596273266256797,0.0,1.4762786633770866,0.0,0.0,0.0,
0.0,-0.3596273266256797,0.0,1.7122547590882324,0.0,0.0,0.0,
0.0,-0.3596273266256797,0.0,1.6715943970824716,0.0,0.0,0.0,
0.0,-0.3596273266256797,0.0,1.653276045225863,0.0,0.0,0.0,
0.0,-0.3596273266256797,0.0,1.7571474694304754,0.0,0.0,0.0,
0.0,-0.3596273266256797,0.0,1.630953344252741,0.0,0.0,0.0,
0.0,-0.3596273266256797,0.0,1.519007668849185,0.0,0.0,0.0,
0.0,-0.3596273266256797,0.0,1.4795203078511903,0.0,0.0,0.0,
0.0,-0.3596273266256797,0.0,1.5328887576044636,0.0,0.0,0.0,
0.0,-0.3596273266256797,0.0,1.3472631118892462,0.0,0.0,0.0,
0.0,-0.3596273266256797,0.0,1.4207487603839168,0.0,0.0,0.0,
0.0,-0.3596273266256797,0.0,1.2610449033200475,0.0,0.0,0.0,
0.0,-0.3596273266256797,0.0,1.3370694639236773,0.0,0.0,0.0,
0.0,-0.3596273266256797,0.0,1.129517010012636,0.0,0.0,0.0,
0.0,-0.3596273266256797,0.0,1.4457587392824611,0.0,0.0,0.0,
0.0,-0.3596273266256797,0.0,1.4494015739484352,0.0,0.0,0.0,
0.0,-0.3596273266256797,0.0,1.302126708534795,0.0,0.0,0.0,
0.0,-0.3596273266256797,0.0,1.2003160672021647,0.0,0.0,0.0,
0.0,-0.3596273266256797,0.0,1.2003160672021647,0.0,0.0,0.0,
0.0,-0.3596273266256797,0.0,1.3332878784913589,0.0,0.0,0.0,
0.0,-0.3596273266256797,0.0,1.2712025345517215,0.0,0.0,0.0,
0.0,-0.3596273266256797,0.0,1.3668075552452954,0.0,0.0,0.0,
0.0,-0.3596273266256797,0.0,1.2709283975496009,0.0,0.0,0.0,
0.0,-0.3596273266256797,0.0,1.1320255665995205,0.0,0.0,0.0,
0.0,-0.3596273266256797,0.0,1.3429613696452805,0.0,0.0,0.0,
0.0,-0.3596273266256797,0.0,1.3429613696452805,0.0,0.0,0.0,
0.0,-0.3596273266256797,0.0,1.363494004633837,0.0,0.0,0.0,
0.0,-0.3596273266256797,0.0,1.3848749982289332,0.0,0.0,0.0,
0.0,-0.3596273266256797,0.0,1.4019173092376684,0.0,0.0,0.0,
0.0,-0.3596273266256797,0.0,1.4609191613552712,0.0,0.0,0.0,
0.0,-0.3596273266256797,0.0,1.3074896406549654,0.0,0.0,0.0,
0.0,-0.3596273266256797,0.0,1.2837981468703346,0.0,0.0,0.0,
0.0,-0.3596273266256797,0.0,1.1919347472834518,0.0,0.0,0.0,
0.0,-0.3596273266256797,0.0,1.2459020317774026,0.0,0.0,0.0,
0.0,-0.3596273266256797,0.0,1.1476150988926543,0.0,0.0,0.0,
0.0,-0.3596273266256797,0.0,1.296857565513134,0.0,0.0,0.0,
0.0,-0.3596273266256797,0.0,1.3991562115588152,0.0,0.0,0.0,
0.0,-0.3596273266256797,0.0,1.367712800516595,0.0,0.0,0.0,
0.0,-0.3596273266256797,0.0,1.3749359017154574,0.0,0.0,0.0,
0.0,-0.3596273266256797,0.0,1.2599269786430123,0.0,0.0,0.0,
0.0,-0.3596273266256797,0.0,1.1466901345646328,0.0,0.0,0.0,
0.0,-0.3596273266256797,0.0,1.2001386065400215,0.0,0.0,0.0,
0.0,-0.3596273266256797,0.0,1.3125590462760086,0.0,0.0,0.0,
0.0,-0.3596273266256797,0.0,1.4505763325628274,0.0,0.0,0.0,
0.0,-0.3596273266256797,0.0,1.3633965608063505,0.0,0.0,0.0,
0.0,-0.3596273266256797,0.0,1.3470143892574618,0.0,0.0,0.0,
0.0,-0.3596273266256797,0.0,1.2053462302497968,0.0,0.0,0.0,
0.0,-0.3596273266256797,0.0,1.2053462302497968,0.0,0.0,0.0,
0.0,-0.3596273266256797,0.0,0.990600088983923,0.0,0.0,0.0,
0.0,-0.3596273266256797,0.0,0.9525134337732797,0.0,0.0,0.0,
0.0,-0.3596273266256797,0.0,0.9525134337732797,0.0,0.0,0.0,
0.0,-0.3596273266256797,0.0,0.9305667280042538,0.0,0.0,0.0,
0.0,-0.3596273266256797,0.0,0.7197329935247966,0.0,0.0,0.0,
0.0,-0.3596273266256797,0.0,0.7469695804958728,0.0,0.0,0.0,
0.0,-0.3596273266256797,0.0,0.7954045358744793,0.0,0.0,0.0,
0.0,-0.3596273266256797,0.0,1.0274742294049144,0.0,0.0,0.0,
0.0,-0.3596273266256797,0.0,1.0274742294049144,0.0,0.0,0.0,
0.0,-0.3596273266256797,0.0,0.8728274211435845,0.0,0.0,0.0,
0.0,-0.3596273266256797,0.0,1.1180780482518051,0.0,0.0,0.0,
0.0,-0.3596273266256797,0.0,0.9636568394770719,0.0,0.0,0.0,
0.0,-0.3596273266256797,0.0,0.9270389453450643,0.0,0.0,0.0,
0.0,-0.3596273266256797,0.0,1.0748296945635154,0.0,0.0,0.0,
0.0,-0.3596273266256797,0.0,1.0155031031711117,0.0,0.0,0.0,
0.0,-0.3596273266256797,0.0,1.1885513042390015,0.0,0.0,0.0,
0.0,-0.3596273266256797,0.0,1.1488491119947077,0.0,0.0,0.0,
0.0,-0.3596273266256797,0.0,0.9882209110215587,0.0,0.0,0.0,
0.0,-0.3596273266256797,0.0,0.9366802660670293,0.0,0.0,0.0,
0.0,-0.3596273266256797,0.0,0.9197003483760616,0.0,0.0,0.0,
0.0,-0.3596273266256797,0.0,0.8410858247564467,0.0,0.0,0.0,
0.0,-0.3596273266256797,0.0,0.9678879061418164,0.0,0.0,0.0,
0.0,-0.3596273266256797,0.0,0.9492577457320721,0.0,0.0,0.0,
0.0,-0.3596273266256797,0.0,0.9863762703779136,0.0,0.0,0.0,
0.0,-0.3596273266256797,0.0,1.065813275365876,0.0,0.0,0.0,
0.0,-0.3596273266256797,0.0,1.1761306249767145,0.0,0.0,0.0,
0.0,-0.3596273266256797,0.0,1.2372639594289658,0.0,0.0,0.0,
0.0,-0.3596273266256797,0.0,1.3698332656348908,0.0,0.0,0.0,
0.0,-0.3596273266256797,0.0,1.106267991016305,0.0,0.0,0.0,
0.0,-0.3596273266256797,0.0,1.0527812930111011,0.0,0.0,0.0,
0.0,-0.3596273266256797,0.0,1.0293462263215793,0.0,0.0,0.0,
0.0,-0.3596273266256797,0.0,0.9827001658894343,0.0,0.0,0.0,
0.0,-0.3596273266256797,0.0,0.9827001658894343,0.0,0.0,0.0,
0.0,-0.3596273266256797,0.0,0.9157568574735078,0.0,0.0,0.0,
0.0,-0.3596273266256797,0.0,0.9157568574735078,0.0,0.0,0.0,
0.0,-0.3596273266256797,0.0,0.8520184259213729,0.0,0.0,0.0,
0.0,-0.3596273266256797,0.0,0.7557626073552524,0.0,0.0,0.0,
0.0,-0.3596273266256797,0.0,0.7445817495907993,0.0,0.0,0.0,
0.0,-0.3596273266256797,0.0,0.7197364513323813,0.0,0.0,0.0,
0.0,-0.3596273266256797,0.0,0.8284331472679168,0.0,0.0,0.0,
0.0,-0.3596273266256797,0.0,0.84105017425104,0.0,0.0,0.0,
0.0,-0.3596273266256797,0.0,0.9555603329040553,0.0,0.0,0.0,
0.0,-0.3596273266256797,0.0,0.8571979221359026,0.0,0.0,0.0,
0.0,-0.3596273266256797,0.0,0.7973708889392283,0.0,0.0,0.0,
0.0,-0.3596273266256797,0.0,0.7616983859113511,0.0,0.0,0.0,
0.0,-0.3596273266256797,0.0,0.6560473053302318,0.0,0.0,0.0,
0.0,-0.3596273266256797,0.0,0.6560473053302318,0.0,0.0,0.0,
0.0,-0.3596273266256797,0.0,0.7677351411072733,0.0,0.0,0.0,
0.0,-0.3596273266256797,0.0,0.8903107817801669,0.0,0.0,0.0,
0.0,-0.3596273266256797,0.0,0.9790866465915194,0.0,0.0,0.0,
0.0,-0.3596273266256797,0.0,1.0952770819448916,0.0,0.0,0.0,
0.0,-0.3596273266256797,0.0,1.229508341931224,0.0,0.0,0.0,
0.0,-0.3596273266256797,0.0,1.229508341931224,0.0,0.0,0.0,
0.0,-0.3596273266256797,0.0,1.1071087122813468,0.0,0.0,0.0,
0.0,-0.3596273266256797,0.0,1.1965376830204777,0.0,0.0,0.0,
0.0,-0.3596273266256797,0.0,1.1372871099933555,0.0,0.0,0.0,
0.0,-0.3596273266256797,0.0,0.9953303030435071,0.0,0.0,0.0,
0.0,-0.3596273266256797,0.0,1.002022021947309,0.0,0.0,0.0,
0.0,-0.3596273266256797,0.0,1.2326028168064949,0.0,0.0,0.0,
0.0,-0.3596273266256797,0.0,1.3463609462669737,0.0,0.0,0.0,
0.0,-0.3596273266256797,0.0,1.3777995930017075,0.0,0.0,0.0,
0.0,-0.3596273266256797,0.0,1.3982338785321955,0.0,0.0,0.0,
0.0,-0.3596273266256797,0.0,1.4611232864791024,0.0,0.0,0.0,
0.0,-0.3596273266256797,0.0,1.4859197660434773,0.0,0.0,0.0,
0.0,-0.3596273266256797,0.0,1.6259629695331308,0.0,0.0,0.0,
0.0,-0.3596273266256797,0.0,1.583289620056221,0.0,0.0,0.0,
0.0,-0.3596273266256797,0.0,1.7339773991671887,0.0,0.0,0.0,
0.0,-0.3596273266256797,0.0,1.8106201920692158,0.0,0.0,0.0,
0.0,-0.3596273266256797,0.0,1.8364485910511132,0.0,0.0,0.0,
0.0,-0.3596273266256797,0.0,1.8598453355842524,0.0,0.0,0.0,
0.0,-0.3596273266256797,0.0,1.8433600055876247,0.0,0.0,0.0,
0.0,-0.3596273266256797,0.0,1.7297411429826597,0.0,0.0,0.0,
0.0,-0.3596273266256797,0.0,1.671137272595598,0.0,0.0,0.0,
0.0,-0.3596273266256797,0.0,1.6986559306601912,0.0,0.0,0.0,
0.0,-0.3596273266256797,0.0,1.604574253057858,0.0,0.0,0.0,
0.0,-0.3596273266256797,0.0,1.333897751364934,0.0,0.0,0.0,
0.0,-0.3596273266256797,0.0,1.5143793451635652,0.0,0.0,0.0,
0.0,-0.3596273266256797,0.0,1.5190665281213989,0.0,0.0,0.0,
0.0,-0.3596273266256797,0.0,1.7050711128932763,0.0,0.0,0.0,
0.0,-0.3596273266256797,0.0,1.6918066385297674,0.0,0.0,0.0,
0.0,-0.3596273266256797,0.0,1.6015423415483834,0.0,0.0,0.0,
0.0,-0.3596273266256797,0.0,1.403660599024307,0.0,0.0,0.0,
0.0,-0.3596273266256797,0.0,1.4285844705432746,0.0,0.0,0.0,
0.0,-0.3596273266256797,0.0,1.4268877239683802,0.0,0.0,0.0,
0.0,-0.3596273266256797,0.0,1.3192254258202467,0.0,0.0,0.0,
0.0,-0.3596273266256797,0.0,1.4776053723669949,0.0,0.0,0.0,
0.0,-0.3596273266256797,0.0,1.3483017627320224,0.0,0.0,0.0,
0.0,-0.3596273266256797,0.0,1.3763642325496577,0.0,0.0,0.0,
0.0,-0.3596273266256797,0.0,1.0997137846295204,0.0,0.0,0.0,
0.0,-0.3596273266256797,0.0,1.0997137846295204,0.0,0.0,0.0,
0.0,-0.3596273266256797,0.0,1.125759938460894,0.0,0.0,0.0,
0.0,-0.3596273266256797,0.0,1.016947427172338,0.0,0.0,0.0,
0.0,-0.3596273266256797,0.0,1.0251707182360792,0.0,0.0,0.0,
0.0,-0.3596273266256797,0.0,1.22483251761052,0.0,0.0,0.0,
0.0,-0.3596273266256797,0.0,1.342874614597755,0.0,0.0,0.0,
0.0,-0.3596273266256797,0.0,1.2076359346363728,0.0,0.0,0.0,
0.0,-0.3596273266256797,0.0,1.0936982110685223,0.0,0.0,0.0,
0.0,-0.3596273266256797,0.0,1.0695644947865777,0.0,0.0,0.0,
0.0,-0.3596273266256797,0.0,0.8332993231608838,0.0,0.0,0.0,
0.0,-0.3596273266256797,0.0,0.9496308914387211,0.0,0.0,0.0,
0.0,-0.3596273266256797,0.0,0.7744908989081426,0.0,0.0,0.0,
0.0,-0.3596273266256797,0.0,0.7414462072073497,0.0,0.0,0.0,
0.0,-0.3596273266256797,0.0,0.9089619194336188,0.0,0.0,0.0,
0.0,-0.3596273266256797,0.0,0.70511651362369,0.0,0.0,0.0,
0.0,-0.3596273266256797,0.0,0.924999084720926,0.0,0.0,0.0,
0.0,-0.3596273266256797,0.0,0.8944521686418025,0.0,0.0,0.0,
0.0,-0.3596273266256797,0.0,1.0451408744915163,0.0,0.0,0.0,
0.0,-0.3596273266256797,0.0,0.9290442611460009,0.0,0.0,0.0,
0.0,-0.3596273266256797,0.0,1.0153892868702252,0.0,0.0,0.0,
0.0,-0.3596273266256797,0.0,1.1289754300336834,0.0,0.0,0.0,
0.0,-0.3596273266256797,0.0,1.2046343386897111,0.0,0.0,0.0,
0.0,-0.3596273266256797,0.0,1.2617475300917893,0.0,0.0,0.0,
0.0,-0.3596273266256797,0.0,1.0595720384767517,0.0,0.0,0.0,
0.0,-0.3596273266256797,0.0,1.09655977589662,0.0,0.0,0.0,
0.0,-0.3596273266256797,0.0,1.1106360184079578,0.0,0.0,0.0,
0.0,-0.3596273266256797,0.0,1.2334906894543545,0.0,0.0,0.0,
0.0,-0.3596273266256797,0.0,1.0629920237078372,0.0,0.0,0.0,
0.0,-0.3596273266256797,0.0,1.002217075887009,0.0,0.0,0.0,
0.0,-0.3596273266256797,0.0,0.8336814698622019,0.0,0.0,0.0,
0.0,-0.3596273266256797,0.0,0.8309445969497339,0.0,0.0,0.0,
0.0,-0.3596273266256797,0.0,0.8975976352243822,0.0,0.0,0.0,
0.0,-0.3596273266256797,0.0,0.8200656121257741,0.0,0.0,0.0,
0.0,-0.3596273266256797,0.0,0.8200656121257741,0.0,0.0,0.0,
0.0,-0.3596273266256797,0.0,0.8970780947941455,0.0,0.0,0.0,
0.0,-0.3596273266256797,0.0,0.8408282985706901,0.0,0.0,0.0,
0.0,-0.3596273266256797,0.0,0.8322878068877255,0.0,0.0,0.0,
0.0,-0.3596273266256797,0.0,0.8224805490207759,0.0,0.0,0.0,
0.0,-0.3596273266256797,0.0,0.8224805490207759,0.0,0.0,0.0,
0.0,-0.3596273266256797,0.0,0.8269614558625502,0.0,0.0,0.0,
0.0,-0.3596273266256797,0.0,0.8049232582157756,0.0,0.0,0.0,
0.0,-0.3596273266256797,0.0,0.7906821482820516,0.0,0.0,0.0,
0.0,-0.3596273266256797,0.0,0.9434761455424788,0.0,0.0,0.0,
0.0,-0.3596273266256797,0.0,1.014620551206881,0.0,0.0,0.0,
0.0,-0.3596273266256797,0.0,0.6571946679342875,0.0,0.0,0.0,
0.0,-0.3596273266256797,0.0,0.8167244155045048,0.0,0.0,0.0,
0.0,-0.3596273266256797,0.0,0.8090248432450834,0.0,0.0,0.0,
0.0,-0.3596273266256797,0.0,0.8090248432450834,0.0,0.0,0.0,
0.0,-0.3596273266256797,0.0,0.8854954092118917,0.0,0.0,0.0,
0.0,-0.3596273266256797,0.0,1.0204518589140605,0.0,0.0,0.0,
0.0,-0.3596273266256797,0.0,1.131295403532655,0.0,0.0,0.0,
0.0,-0.3596273266256797,0.0,1.230027493908785,0.0,0.0,0.0,
0.0,-0.3596273266256797,0.0,1.2182729793343408,0.0,0.0,0.0,
0.0,-0.3596273266256797,0.0,1.0904985102355662,0.0,0.0,0.0,
0.0,-0.3596273266256797,0.0,1.1977619034802518,0.0,0.0,0.0,
0.0,-0.3596273266256797,0.0,1.0114616326320314,0.0,0.0,0.0,
0.0,-0.3596273266256797,0.0,1.0836434069174348,0.0,0.0,0.0,
0.0,-0.3596273266256797,0.0,1.101779544016445,0.0,0.0,0.0,
0.0,-0.3596273266256797,0.0,0.9924856628332572,0.0,0.0,0.0,
0.0,-0.3596273266256797,0.0,1.0123338060023008,0.0,0.0,0.0,
0.0,-0.3596273266256797,0.0,1.1365124447579447,0.0,0.0,0.0,
0.0,-0.3596273266256797,0.0,1.2800082144063378,0.0,0.0,0.0,
0.0,-0.3596273266256797,0.0,1.3533532892506797,0.0,0.0,0.0,
0.0,-0.3596273266256797,0.0,1.232412371632644,0.0,0.0,0.0,
0.0,-0.3596273266256797,0.0,1.2945236362832262,0.0,0.0,0.0,
0.0,-0.3596273266256797,0.0,1.1662291014407546,0.0,0.0,0.0,
0.0,-0.3596273266256797,0.0,1.2148509668693146,0.0,0.0,0.0,
0.0,-0.3596273266256797,0.0,1.0843442728776045,0.0,0.0,0.0,
0.0,-0.3596273266256797,0.0,1.2277516114772284,0.0,0.0,0.0,
0.0,-0.3596273266256797,0.0,1.1730498376205354,0.0,0.0,0.0,
0.0,-0.3596273266256797,0.0,1.0546314430242345,0.0,0.0,0.0,
0.0,-0.3596273266256797,0.0,0.8921556354846669,0.0,0.0,0.0,
0.0,-0.3596273266256797,0.0,1.075427014846745,0.0,0.0,0.0,
0.0,-0.3596273266256797,0.0,0.9473490064531498,0.0,0.0,0.0,
0.0,-0.3596273266256797,0.0,0.9825754049328675,0.0,0.0,0.0,
0.0,-0.3596273266256797,0.0,1.076110544666125,0.0,0.0,0.0,
0.0,-0.3596273266256797,0.0,1.1792391164751241,0.0,0.0,0.0,
0.0,-0.3596273266256797,0.0,1.2603814574086052,0.0,0.0,0.0,
0.0,-0.3596273266256797,0.0,1.2517341242073292,0.0,0.0,0.0,
0.0,-0.3596273266256797,0.0,1.1079521802457823,0.0,0.0,0.0,
0.0,-0.3596273266256797,0.0,1.2357270055478702,0.0,0.0,0.0,
0.0,-0.3596273266256797,0.0,1.3338565868348304,0.0,0.0,0.0,
0.0,-0.3596273266256797,0.0,1.521927729947897,0.0,0.0,0.0,
0.0,-0.3596273266256797,0.0,1.3282816239810873,0.0,0.0,0.0,
0.0,-0.3596273266256797,0.0,1.4617095077961781,0.0,0.0,0.0,
0.0,-0.3596273266256797,0.0,1.3212029653276895,0.0,0.0,0.0,
0.0,-0.3596273266256797,0.0,1.3598195024582913,0.0,0.0,0.0,
0.0,-0.3596273266256797,0.0,1.1058612830028234,0.0,0.0,0.0,
0.0,-0.3596273266256797,0.0,0.98192919754712,0.0,0.0,0.0,
0.0,-0.3596273266256797,0.0,1.1179248949587564,0.0,0.0,0.0,
0.0,-0.3596273266256797,0.0,1.257993155306572,0.0,0.0,0.0,
0.0,-0.3596273266256797,0.0,1.1821316617135267,0.0,0.0,0.0,
0.0,-0.3596273266256797,0.0,1.2179634291523858,0.0,0.0,0.0,
0.0,-0.3596273266256797,0.0,1.2179634291523858,0.0,0.0,0.0,
0.0,-0.3596273266256797,0.0,1.102367168612896,0.0,0.0,0.0,
0.0,-0.3596273266256797,0.0,1.097758933823707,0.0,0.0,0.0,
0.0,-0.3596273266256797,0.0,0.9699155310966384,0.0,0.0,0.0,
0.0,-0.3596273266256797,0.0,1.045449987845822,0.0,0.0,0.0,
0.0,-0.3596273266256797,0.0,0.8523843897620098,0.0,0.0,0.0,
0.0,-0.3596273266256797,0.0,0.8522460582429126,0.0,0.0,0.0,
0.0,-0.3596273266256797,0.0,0.68535144310233,0.0,0.0,0.0,
0.0,-0.3596273266256797,0.0,0.7045315025752817,0.0,0.0,0.0,
0.0,-0.3596273266256797,0.0,0.7013063260515647,0.0,0.0,0.0,
0.0,-0.3596273266256797,0.0,0.6750097617380976,0.0,0.0,0.0,
0.0,-0.3596273266256797,0.0,0.7086965111117596,0.0,0.0,0.0,
0.0,-0.3596273266256797,0.0,0.7133255168292882,0.0,0.0,0.0,
0.0,-0.3596273266256797,0.0,0.8011687037841174,0.0,0.0,0.0,
0.0,-0.3596273266256797,0.0,0.8011687037841174,0.0,0.0,0.0,
0.0,-0.3596273266256797,0.0,0.6665781818056464,0.0,0.0,0.0,
0.0,-0.3596273266256797,0.0,0.7858696732461447,0.0,0.0,0.0,
0.0,-0.3596273266256797,0.0,0.9203287292421749,0.0,0.0,0.0,
0.0,-0.3596273266256797,0.0,1.0967911406609683,0.0,0.0,0.0,
0.0,-0.3596273266256797,0.0,1.1973584940845532,0.0,0.0,0.0,
0.0,-0.3596273266256797,0.0,1.2848681044432728,0.0,0.0,0.0,
0.0,-0.3596273266256797,0.0,1.2763466831571504,0.0,0.0,0.0,
0.0,-0.3596273266256797,0.0,1.4736955757071426,0.0,0.0,0.0,
0.0,-0.3596273266256797,0.0,1.5066559767197316,0.0,0.0,0.0,
0.0,-0.3596273266256797,0.0,1.4987179108473643,0.0,0.0,0.0,
0.0,-0.3596273266256797,0.0,1.3658714427433203,0.0,0.0,0.0,
0.0,-0.3596273266256797,0.0,1.4671025139287943,0.0,0.0,0.0,
0.0,-0.3596273266256797,0.0,1.5938594957210144,0.0,0.0,0.0,
0.0,-0.3596273266256797,0.0,1.624816592240668,0.0,0.0,0.0,
0.0,-0.3596273266256797,0.0,1.5208179085991305,0.0,0.0,0.0,
0.0,-0.3596273266256797,0.0,1.3222786348467341,0.0,0.0,0.0,
0.0,-0.3596273266256797,0.0,1.442532222674139,0.0,0.0,0.0,
0.0,-0.3596273266256797,0.0,1.5189796449115305,0.0,0.0,0.0,
0.0,-0.3596273266256797,0.0,1.6318853630023473,0.0,0.0,0.0,
0.0,-0.3596273266256797,0.0,1.5280198217902305,0.0,0.0,0.0,
0.0,-0.3596273266256797,0.0,1.4433850183649781,0.0,0.0,0.0,
0.0,-0.3596273266256797,0.0,1.4115481348738126,0.0,0.0,0.0,
0.0,-0.3596273266256797,0.0,1.4549574099952145,0.0,0.0,0.0,
0.0,-0.3596273266256797,0.0,1.373794707626834,0.0,0.0,0.0,
0.0,-0.3596273266256797,0.0,1.4974506700304502,0.0,0.0,0.0,
0.0,-0.3596273266256797,0.0,1.3951701933034253,0.0,0.0,0.0,
0.0,-0.3596273266256797,0.0,1.1932769481387264,0.0,0.0,0.0,
0.0,-0.3596273266256797,0.0,1.0896657130769327,0.0,0.0,0.0,
0.0,-0.3596273266256797,0.0,1.2300055639209133,0.0,0.0,0.0,
0.0,-0.3596273266256797,0.0,1.2300055639209133,0.0,0.0,0.0,
0.0,-0.3596273266256797,0.0,1.360843471221991,0.0,0.0,0.0,
0.0,-0.3596273266256797,0.0,1.606156562858596,0.0,0.0,0.0,
0.0,-0.3596273266256797,0.0,1.5398172025655246,0.0,0.0,0.0,
0.0,-0.3596273266256797,0.0,1.7005322622787113,0.0,0.0,0.0,
0.0,-0.3596273266256797,0.0,1.746153812457691,0.0,0.0,0.0,
0.0,-0.3596273266256797,0.0,1.6024574588991678,0.0,0.0,0.0,
0.0,-0.3596273266256797,0.0,1.8638483788311722,0.0,0.0,0.0,
0.0,-0.3596273266256797,0.0,1.7869602661014918,0.0,0.0,0.0,
0.0,-0.3596273266256797,0.0,1.7309145302078903,0.0,0.0,0.0,
0.0,-0.3596273266256797,0.0,1.64293969846096,0.0,0.0,0.0,
0.0,-0.3596273266256797,0.0,1.5856913833416115,0.0,0.0,0.0,
0.0,-0.3596273266256797,0.0,1.6759283726457488,0.0,0.0,0.0,
0.0,-0.3596273266256797,0.0,1.7713732326888458,0.0,0.0,0.0,
0.0,-0.3596273266256797,0.0,1.918792389887652,0.0,0.0,0.0,
0.0,-0.3596273266256797,0.0,1.7897998017612473,0.0,0.0,0.0,
0.0,-0.3596273266256797,0.0,1.9059180190433422,0.0,0.0,0.0,
0.0,-0.3596273266256797,0.0,1.8408309482342422,0.0,0.0,0.0,
0.0,-0.3596273266256797,0.0,1.8769887688300246,0.0,0.0,0.0,
0.0,-0.3596273266256797,0.0,1.8769887688300246,0.0,0.0,0.0,
0.0,-0.3596273266256797,0.0,1.752546685654867,0.0,0.0,0.0,
0.0,-0.3596273266256797,0.0,1.7549121512432369,0.0,0.0,0.0,
0.0,-0.3596273266256797,0.0,1.7549121512432369,0.0,0.0,0.0,
0.0,-0.3596273266256797,0.0,1.514410144884046,0.0,0.0,0.0,
0.0,-0.3596273266256797,0.0,1.6779904996129584,0.0,0.0,0.0,
0.0,-0.3596273266256797,0.0,1.4831603822839734,0.0,0.0,0.0,
0.0,-0.3596273266256797,0.0,1.7365617117477585,0.0,0.0,0.0,
0.0,-0.3596273266256797,0.0,1.5864337584480137,0.0,0.0,0.0,
0.0,-0.3596273266256797,0.0,1.792810299390371,0.0,0.0,0.0,
0.0,-0.3596273266256797,0.0,1.6842500870467005,0.0,0.0,0.0,
0.0,-0.3596273266256797,0.0,1.522712758768281,0.0,0.0,0.0,
0.0,-0.3596273266256797,0.0,1.4838507132893872,0.0,0.0,0.0,
0.0,-0.3596273266256797,0.0,1.2827010283849185,0.0,0.0,0.0,
0.0,-0.3596273266256797,0.0,1.2696340047477117,0.0,0.0,0.0,
0.0,-0.3596273266256797,0.0,1.038707319592443,0.0,0.0,0.0,
0.0,-0.3596273266256797,0.0,0.9744190938975983,0.0,0.0,0.0,
0.0,-0.3596273266256797,0.0,0.9664982299144956,0.0,0.0,0.0,
0.0,-0.3596273266256797,0.0,0.985006654465363,0.0,0.0,0.0,
0.0,-0.3596273266256797,0.0,1.0651952136060252,0.0,0.0,0.0,
0.0,-0.3596273266256797,0.0,1.0651952136060252,0.0,0.0,0.0,
0.0,-0.3596273266256797,0.0,1.2093873383404385,0.0,0.0,0.0,
0.0,-0.3596273266256797,0.0,1.1501819831242142,0.0,0.0,0.0,
0.0,-0.3596273266256797,0.0,0.9542305683131475,0.0,0.0,0.0,
0.0,-0.3596273266256797,0.0,1.010180078685839,0.0,0.0,0.0,
0.0,-0.3596273266256797,0.0,1.1679546603817852,0.0,0.0,0.0,
0.0,-0.3596273266256797,0.0,1.115761263894944,0.0,0.0,0.0,
0.0,-0.3596273266256797,0.0,1.1258500249696688,0.0,0.0,0.0,
0.0,-0.3596273266256797,0.0,0.9803341161790687,0.0,0.0,0.0,
0.0,-0.3596273266256797,0.0,0.9037237811597407,0.0,0.0,0.0,
0.0,-0.3596273266256797,0.0,0.8751691641168611,0.0,0.0,0.0,
0.0,-0.3596273266256797,0.0,0.802745424389657,0.0,0.0,0.0,
0.0,-0.3596273266256797,0.0,0.8662764573927291,0.0,0.0,0.0,
0.0,-0.3596273266256797,0.0,0.931537047974983,0.0,0.0,0.0,
0.0,-0.3596273266256797,0.0,0.9810193204525935,0.0,0.0,0.0,
0.0,-0.3596273266256797,0.0,0.9810193204525935,0.0,0.0,0.0,
0.0,-0.3596273266256797,0.0,1.0503370260382239,0.0,0.0,0.0,
0.0,-0.3596273266256797,0.0,1.2506117552893086,0.0,0.0,0.0,
0.0,-0.3596273266256797,0.0,1.0312254491620454,0.0,0.0,0.0,
0.0,-0.3596273266256797,0.0,1.1468970659118447,0.0,0.0,0.0,
0.0,-0.3596273266256797,0.0,1.1824759003818248,0.0,0.0,0.0,
0.0,-0.3596273266256797,0.0,1.245766794528699,0.0,0.0,0.0,
0.0,-0.3596273266256797,0.0,1.1017962822474572,0.0,0.0,0.0,
0.0,-0.3596273266256797,0.0,0.9099031619159442,0.0,0.0,0.0,
0.0,-0.3596273266256797,0.0,0.9221256739292631,0.0,0.0,0.0,
0.0,-0.3596273266256797,0.0,0.9041667915974987,0.0,0.0,0.0,
0.0,-0.3596273266256797,0.0,0.9925022862173462,0.0,0.0,0.0,
0.0,-0.3596273266256797,0.0,0.9201343149270077,0.0,0.0,0.0,
0.0,-0.3596273266256797,0.0,0.9591410110242924,0.0,0.0,0.0,
0.0,-0.3596273266256797,0.0,0.8889969818111777,0.0,0.0,0.0,
0.0,-0.3596273266256797,0.0,0.8145201304352951,0.0,0.0,0.0,
0.0,-0.3596273266256797,0.0,0.9156100481215326,0.0,0.0,0.0,
0.0,-0.3596273266256797,0.0,0.8391054580494267,0.0,0.0,0.0,
0.0,-0.3596273266256797,0.0,0.8891713864996872,0.0,0.0,0.0,
0.0,-0.3596273266256797,0.0,0.9492301288707972,0.0,0.0,0.0,
0.0,-0.3596273266256797,0.0,0.9349396725700306,0.0,0.0,0.0,
0.0,-0.3596273266256797,0.0,0.7899544354382482,0.0,0.0,0.0,
0.0,-0.3596273266256797,0.0,0.8116232367322913,0.0,0.0,0.0,
0.0,-0.3596273266256797,0.0,0.8116232367322913,0.0,0.0,0.0,
0.0,-0.3596273266256797,0.0,0.7641070818406404,0.0,0.0,0.0,
0.0,-0.3596273266256797,0.0,0.7984880282898306,0.0,0.0,0.0,
0.0,-0.3596273266256797,0.0,0.8332284241729406,0.0,0.0,0.0,
0.0,-0.3596273266256797,0.0,0.8483479880427882,0.0,0.0,0.0,
0.0,-0.3596273266256797,0.0,0.6782007168158138,0.0,0.0,0.0,
0.0,-0.3596273266256797,0.0,0.6547443119617303,0.0,0.0,0.0,
0.0,-0.3596273266256797,0.0,0.5382433754390978,0.0,0.0,0.0,
0.0,-0.3596273266256797,0.0,0.5606626985202359,0.0,0.0,0.0,
0.0,-0.3596273266256797,0.0,0.6390067159618036,0.0,0.0,0.0,
0.0,-0.3596273266256797,0.0,0.7629993228268266,0.0,0.0,0.0,
0.0,-0.3596273266256797,0.0,0.7308317483022324,0.0,0.0,0.0,
0.0,-0.3596273266256797,0.0,0.8200292991535929,0.0,0.0,0.0,
0.0,-0.3596273266256797,0.0,0.7596351459252841,0.0,0.0,0.0,
0.0,-0.3596273266256797,0.0,0.8097803834315342,0.0,0.0,0.0,
0.0,-0.3596273266256797,0.0,0.6862439128538743,0.0,0.0,0.0,
0.0,-0.3596273266256797,0.0,0.6417401245884744,0.0,0.0,0.0,
0.0,-0.3596273266256797,0.0,0.6417401245884744,0.0,0.0,0.0,
0.0,-0.3596273266256797,0.0,0.6334564455861071,0.0,0.0,0.0,
0.0,-0.3596273266256797,0.0,0.6334564455861071,0.0,0.0,0.0,
0.0,-0.3596273266256797,0.0,0.6888174393635764,0.0,0.0,0.0,
0.0,-0.3596273266256797,0.0,0.6442234018374867,0.0,0.0,0.0,
0.0,-0.3596273266256797,0.0,0.9622848885194994,0.0,0.0,0.0,
0.0,-0.3596273266256797,0.0,0.9613017277454273,0.0,0.0,0.0,
0.0,-0.3596273266256797,0.0,0.9310138691653689,0.0,0.0,0.0,
0.0,-0.3596273266256797,0.0,1.0549385256513566,0.0,0.0,0.0,
0.0,-0.3596273266256797,0.0,0.9867086787742214,0.0,0.0,0.0,
0.0,-0.3596273266256797,0.0,0.8689940831701187,0.0,0.0,0.0,
0.0,-0.3596273266256797,0.0,0.7176031665897263,0.0,0.0,0.0,
0.0,-0.3596273266256797,0.0,0.7977944445654399,0.0,0.0,0.0,
0.0,-0.3596273266256797,0.0,0.8111276326222758,0.0,0.0,0.0,
0.0,-0.3596273266256797,0.0,0.8783946545336171,0.0,0.0,0.0,
0.0,-0.3596273266256797,0.0,0.7860823538827089,0.0,0.0,0.0,
0.0,-0.3596273266256797,0.0,0.840647128297072,0.0,0.0,0.0,
0.0,-0.3596273266256797,0.0,1.1670698523656236,0.0,0.0,0.0,
0.0,-0.3596273266256797,0.0,1.4969495392722818,0.0,0.0,0.0,
0.0,-0.3596273266256797,0.0,1.5491575799368829,0.0,0.0,0.0,
0.0,-0.3596273266256797,0.0,1.5491575799368829,0.0,0.0,0.0,
0.0,-0.3596273266256797,0.0,1.4754905368140312,0.0,0.0,0.0,
0.0,-0.3596273266256797,0.0,1.3438429248362425,0.0,0.0,0.0,
0.0,-0.3596273266256797,0.0,1.243682804620744,0.0,0.0,0.0,
0.0,-0.3596273266256797,0.0,1.444022867224703,0.0,0.0,0.0,
0.0,-0.3596273266256797,0.0,1.4409967302518485,0.0,0.0,0.0,
0.0,-0.3596273266256797,0.0,1.3537765610230004,0.0,0.0,0.0,
0.0,-0.3596273266256797,0.0,1.3043774413870508,0.0,0.0,0.0,
0.0,-0.3596273266256797,0.0,1.47206523559571,0.0,0.0,0.0,
0.0,-0.3596273266256797,0.0,1.399398758761132,0.0,0.0,0.0,
0.0,-0.3596273266256797,0.0,1.6542853408815412,0.0,0.0,0.0,
0.0,-0.3596273266256797,0.0,1.5248826588780544,0.0,0.0,0.0,
0.0,-0.3596273266256797,0.0,1.5248826588780544,0.0,0.0,0.0,
0.0,-0.3596273266256797,0.0,1.4497627545951906,0.0,0.0,0.0,
0.0,-0.3596273266256797,0.0,1.2453127956395995,0.0,0.0,0.0,
0.0,-0.3596273266256797,0.0,1.3196067712997237,0.0,0.0,0.0,
0.0,-0.3596273266256797,0.0,1.260075518222289,0.0,0.0,0.0,
0.0,-0.3596273266256797,0.0,1.1923460424067334,0.0,0.0,0.0,
0.0,-0.3596273266256797,0.0,1.1923460424067334,0.0,0.0,0.0,
0.0,-0.3596273266256797,0.0,1.1923460424067334,0.0,0.0,0.0,
0.0,-0.3596273266256797,0.0,1.2302396658970527,0.0,0.0,0.0,
0.0,-0.3596273266256797,0.0,1.3095084858770298,0.0,0.0,0.0,
0.0,-0.3596273266256797,0.0,1.3003494092937824,0.0,0.0,0.0,
0.0,-0.3596273266256797,0.0,1.193588041334382,0.0,0.0,0.0,
0.0,-0.3596273266256797,0.0,1.1313626440801101,0.0,0.0,0.0,
0.0,-0.3596273266256797,0.0,1.1383899011993526,0.0,0.0,0.0,
0.0,-0.3596273266256797,0.0,1.1383899011993526,0.0,0.0,0.0,
0.0,-0.3596273266256797,0.0,1.0318369476417575,0.0,0.0,0.0,
0.0,-0.3596273266256797,0.0,1.1390845895641457,0.0,0.0,0.0,
0.0,-0.3596273266256797,0.0,0.9923997815161583,0.0,0.0,0.0,
0.0,-0.3596273266256797,0.0,0.94711726246528,0.0,0.0,0.0,
0.0,-0.3596273266256797,0.0,1.138908870994126,0.0,0.0,0.0,
0.0,-0.3596273266256797,0.0,1.0952070608819888,0.0,0.0,0.0,
0.0,-0.3596273266256797,0.0,1.1766237167006266,0.0,0.0,0.0,
0.0,-0.3596273266256797,0.0,1.2852030155803609,0.0,0.0,0.0,
0.0,-0.3596273266256797,0.0,1.3905991399792605,0.0,0.0,0.0,
0.0,-0.3596273266256797,0.0,1.4868661852365423,0.0,0.0,0.0,
0.0,-0.3596273266256797,0.0,1.6630891483402934,0.0,0.0,0.0,
0.0,-0.3596273266256797,0.0,1.5978955860170707,0.0,0.0,0.0,
0.0,-0.3596273266256797,0.0,1.5474366756914826,0.0,0.0,0.0,
0.0,-0.3596273266256797,0.0,1.7275080045395155,0.0,0.0,0.0,
0.0,-0.3596273266256797,0.0,1.5559661045545843,0.0,0.0,0.0,
0.0,-0.3596273266256797,0.0,1.7318069628411341,0.0,0.0,0.0,
0.0,-0.3596273266256797,0.0,1.5557840356268222,0.0,0.0,0.0,
0.0,-0.3596273266256797,0.0,1.4844396063706762,0.0,0.0,0.0,
0.0,-0.3596273266256797,0.0,1.601408100051637,0.0,0.0,0.0,
0.0,-0.3596273266256797,0.0,1.577148780364062,0.0,0.0,0.0,
0.0,-0.3596273266256797,0.0,1.619392368714206,0.0,0.0,0.0,
0.0,-0.3596273266256797,0.0,1.5956202633170404,0.0,0.0,0.0,
0.0,-0.3596273266256797,0.0,1.7914595798639523,0.0,0.0,0.0,
0.0,-0.3596273266256797,0.0,1.5016591567688027,0.0,0.0,0.0,
0.0,-0.3596273266256797,0.0,1.3686106723367883,0.0,0.0,0.0,
0.0,-0.3596273266256797,0.0,1.2635212240643434,0.0,0.0,0.0,
0.0,-0.3596273266256797,0.0,1.2393754943131523,0.0,0.0,0.0,
0.0,-0.3596273266256797,0.0,1.131390082244994,0.0,0.0,0.0,
0.0,-0.3596273266256797,0.0,1.1835957502371657,0.0,0.0,0.0,
0.0,-0.3596273266256797,0.0,1.2203284045207272,0.0,0.0,0.0,
0.0,-0.3596273266256797,0.0,1.1931507288431715,0.0,0.0,0.0,
0.0,-0.3596273266256797,0.0,1.129284661504872,0.0,0.0,0.0,
0.0,-0.3596273266256797,0.0,1.2211025209586792,0.0,0.0,0.0,
0.0,-0.3596273266256797,0.0,1.0585588062774391,0.0,0.0,0.0,
0.0,-0.3596273266256797,0.0,1.365491413287128,0.0,0.0,0.0,
0.0,-0.3596273266256797,0.0,1.3811450033674177,0.0,0.0,0.0,
0.0,-0.3596273266256797,0.0,1.3923392268684942,0.0,0.0,0.0,
0.0,-0.3596273266256797,0.0,1.6082886443071986,0.0,0.0,0.0,
0.0,-0.3596273266256797,0.0,1.4990712312678234,0.0,0.0,0.0,
0.0,-0.3596273266256797,0.0,1.5308258335691531,0.0,0.0,0.0,
0.0,-0.3596273266256797,0.0,1.5995457898952719,0.0,0.0,0.0,
0.0,-0.3596273266256797,0.0,1.578495816386693,0.0,0.0,0.0,
0.0,-0.3596273266256797,0.0,1.5416509118212645,0.0,0.0,0.0,
0.0,-0.3596273266256797,0.0,0.9928613649392328,0.0,0.0,0.0,
0.0,-0.3596273266256797,0.0,0.9298767799519223,0.0,0.0,0.0,
0.0,-0.3596273266256797,0.0,1.0396764714895244,0.0,0.0,0.0,
0.0,-0.3596273266256797,0.0,1.0961412367053507,0.0,0.0,0.0,
0.0,-0.3596273266256797,0.0,1.185703589196872,0.0,0.0,0.0,
0.0,-0.3596273266256797,0.0,1.0755416151195742,0.0,0.0,0.0,
0.0,-0.3596273266256797,0.0,0.9744753132858196,0.0,0.0,0.0,
0.0,-0.3596273266256797,0.0,1.0911968214897674,0.0,0.0,0.0,
0.0,-0.3596273266256797,0.0,1.23340282031966,0.0,0.0,0.0,
0.0,-0.3596273266256797,0.0,1.406181962939182,0.0,0.0,0.0,
0.0,-0.3596273266256797,0.0,1.3323334663690305,0.0,0.0,0.0,
0.0,-0.3596273266256797,0.0,1.3323334663690305,0.0,0.0,0.0,
0.0,-0.3596273266256797,0.0,1.3380627522436939,0.0,0.0,0.0,
0.0,-0.3596273266256797,0.0,1.358924047520782,0.0,0.0,0.0,
0.0,-0.3596273266256797,0.0,1.244904440617985,0.0,0.0,0.0,
0.0,-0.3596273266256797,0.0,1.2927369968897626,0.0,0.0,0.0,
0.0,-0.3596273266256797,0.0,1.2927369968897626,0.0,0.0,0.0,
0.0,-0.3596273266256797,0.0,1.1091839459090875,0.0,0.0,0.0,
0.0,-0.3596273266256797,0.0,1.1173562488538842,0.0,0.0,0.0,
0.0,-0.3596273266256797,0.0,1.3571076139022824,0.0,0.0,0.0,
0.0,-0.3596273266256797,0.0,1.3171616509638784,0.0,0.0,0.0,
0.0,-0.3596273266256797,0.0,1.276817888265054,0.0,0.0,0.0,
0.0,-0.3596273266256797,0.0,1.5321802607929453,0.0,0.0,0.0,
0.0,-0.3596273266256797,0.0,1.6650162019820443,0.0,0.0,0.0,
0.0,-0.3596273266256797,0.0,1.5812657911112704,0.0,0.0,0.0,
0.0,-0.3596273266256797,0.0,1.6973008736360375,0.0,0.0,0.0,
0.0,-0.3596273266256797,0.0,1.5370413893868653,0.0,0.0,0.0,
0.0,-0.3596273266256797,0.0,1.5298878030497767,0.0,0.0,0.0,
0.0,-0.3596273266256797,0.0,1.3281861247529287,0.0,0.0,0.0,
0.0,-0.3596273266256797,0.0,1.603114667649812,0.0,0.0,0.0,
0.0,-0.3596273266256797,0.0,1.6073488752029124,0.0,0.0,0.0,
0.0,-0.3596273266256797,0.0,1.7494779444704964,0.0,0.0,0.0,
0.0,-0.3596273266256797,0.0,1.6230927572869427,0.0,0.0,0.0,
0.0,-0.3596273266256797,0.0,1.6064514982849625,0.0,0.0,0.0,
0.0,-0.3596273266256797,0.0,1.563453908382335,0.0,0.0,0.0,
0.0,-0.3596273266256797,0.0,1.6127438547337873,0.0,0.0,0.0,
0.0,-0.3596273266256797,0.0,1.518709766788765,0.0,0.0,0.0,
0.0,-0.3596273266256797,0.0,1.3883731605447536,0.0,0.0,0.0,
0.0,-0.3596273266256797,0.0,1.5939485396222197,0.0,0.0,0.0,
0.0,-0.3596273266256797,0.0,1.5939485396222197,0.0,0.0,0.0,
0.0,-0.3596273266256797,0.0,1.620980898632409,0.0,0.0,0.0,
0.0,-0.3596273266256797,0.0,1.7677958409637107,0.0,0.0,0.0,
0.0,-0.3596273266256797,0.0,1.6291033208605956,0.0,0.0,0.0,
0.0,-0.3596273266256797,0.0,1.6097375224801727,0.0,0.0,0.0,
0.0,-0.3596273266256797,0.0,1.6752962819460775,0.0,0.0,0.0,
0.0,-0.3596273266256797,0.0,1.5983142897927811,0.0,0.0,0.0,
0.0,-0.3596273266256797,0.0,1.5350329763116988,0.0,0.0,0.0,
0.0,-0.3596273266256797,0.0,1.452203823225222,0.0,0.0,0.0,
0.0,-0.3596273266256797,0.0,1.3400104719529078,0.0,0.0,0.0,
0.0,-0.3596273266256797,0.0,1.3685333494089615,0.0,0.0,0.0,