
0.0
1.6348928756784693E-17
6.6907704495447795E-15
8.708090553940534E-14
1.0525184656992415E-12
3.0799640233345187E-12
4.007937255584106E-12
7.836876301678633E-12
8.27321095147271E-9
8.371154045707961E-9
1.1622335754388347E-8
1.2782303082071352E-8
1.625254156348911E-8
1.937304103377824E-8
5.3240039705904634E-8
8.668352617137492E-8
1.2182979540076495E-7
1.4314893142790066E-7
1.5110725418528393E-7
1.4942793487009647E-7
1.3593633134301837E-7
1.2090567233655622E-7
1.0257850901912673E-7
8.459408492671577E-8
6.831715015985976E-8
5.397382915252669E-8
4.193749797851463E-8
3.2718182205157356E-8
2.61083768416534E-8
2.07613340105315E-8
1.648763468427242E-8
1.3020099462306859E-8
1.057320619191423E-8
8.616467211166418E-9
7.61838562593128E-9
6.584907913905954E-9
5.759031061482571E-9
5.09384265381643E-9
4.604739794023324E-9
4.209188650911741E-9
3.888155084112412E-9
3.6037460462663136E-9
3.3371257058232062E-9
3.0764971829438627E-9
2.829185380763301E-9
2.577557709229011E-9
2.3755236769742113E-9
2.404944615216939E-9
2.2350555204383493E-9
2.2156511092944076E-9
2.159826657267088E-9
2.0619461247132503E-9
1.9529185311106556E-9
1.8313565277438773E-9
1.7031071283641215E-9
1.571469242582021E-9
1.4388429181788543E-9
1.306841932913957E-9
1.1769261030470848E-9
1.0507554264980123E-9
9.338643992203278E-10
8.238541068741913E-10
7.197699491762895E-10
7.103817344481471E-10
6.073143604184461E-10
5.134838009985494E-10
4.1574778673431386E-10
3.346906019772219E-10
2.6652997622729894E-10
2.1194129140914353E-10
1.6847352566629628E-10
1.3421870630200997E-10
1.0725169344614678E-10
9.326785615195346E-11
1.3485514947528014E-10
2.2206079547855511E-10
3.4733722218383507E-10
4.817092239851871E-10
6.092192555461701E-10
7.41294841816036E-10
8.595590480990822E-10
9.598500502153943E-10
1.032817347978987E-9
1.0601572404525442E-9
1.0603815392813592E-9
1.0330886834117154E-9
9.879502121968699E-10
9.293329935364653E-10
8.625526638477125E-10
7.906223132350822E-10
7.165271905641779E-10
6.424239327870213E-10
5.727829172285516E-10
5.058793590815266E-10
4.4227836640140686E-10
4.279700684056606E-10
3.609124012990462E-10
3.071888355873009E-10
2.5041208023724153E-10
2.0489333519642347E-10
1.6486733916773322E-10
1.3276043384125793E-10
1.0631950032997858E-10
8.5255753516713E-11
7.157299831972489E-11
8.571542512653548E-11
1.2290661320434835E-10
1.8002353940790974E-10
2.5384120649011285E-10
3.3366397706867763E-10
4.023372921377048E-10
4.5583344637267423E-10
4.865225071124321E-10
4.971315224094441E-10
4.901062594687225E-10
4.683020480554781E-10
4.38319161896249E-10
4.404830165238974E-10
4.109479555183451E-10
4.0471078771326943E-10
3.8130886704185637E-10
3.623217185159023E-10
3.39755047930613E-10
3.1692828103291284E-10
2.9272398770833855E-10
2.6812660159485296E-10
2.44103817956314E-10
2.203014776742583E-10
1.9715246574874456E-10
1.9139168662169207E-10
1.7877355196045513E-10
1.7834144108386135E-10
1.7882412652840008E-10
1.851113890574046E-10
1.8984919008540136E-10
1.9372411053694032E-10
1.9461066676935696E-10
1.9215090177574192E-10
1.8697183495890213E-10
1.8247948772058422E-10
1.73573429588455E-10
1.6805483364597654E-10
1.5770650258185598E-10
1.48479446594345E-10
1.3875061007684566E-10
1.2930913743996794E-10
1.1999441715299088E-10
1.1062890621966606E-10
1.0122715599242871E-10
9.430620865579966E-11
8.943429686473886E-11
8.891226199366941E-11
9.228177558929266E-11
9.818820772222284E-11
1.0416888278710227E-10
1.0886460611634338E-10
1.1082031540379128E-10
1.0979998037557086E-10
1.0592525068223154E-10
9.976248507330721E-11
9.204082946454411E-11
8.332330933079107E-11
7.418689340853833E-11
6.754336420980695E-11
6.34053461011799E-11
6.355380465614677E-11
6.672175284407967E-11
7.109610217112032E-11
7.40628836739901E-11
7.523931054767129E-11
7.400366478508464E-11
7.080869383384399E-11
6.77024076495119E-11
6.548821534280004E-11
6.50746045990455E-11
7.135479240569631E-11
7.061727597387251E-11
7.057972735270062E-11
6.859559754380229E-11
6.547862765716902E-11
6.097017149423055E-11
5.959259120819987E-11
5.459715187541453E-11
5.207849214256482E-11
5.013663880005533E-11
5.018244207415035E-11
4.992907227418684E-11
1.0446371647083093E-10
4.013017193352729E-10
8.976537278352116E-10
1.5838838971070511E-9
2.3728864218384757E-9
3.173402496373222E-9
3.910868320766545E-9
4.526402497502925E-9
5.043805426046072E-9
5.4008561035055735E-9
5.605392428322999E-9
5.958380220705057E-9
5.794406472069372E-9
5.600401034542938E-9
5.263897562685073E-9
4.885304259841353E-9
4.4694959057495995E-9
4.047992032883801E-9
3.63481501786382E-9
3.2443801229335915E-9
2.8800121444798103E-9
2.5452246156246488E-9
2.2927923080022886E-9
1.99694037444944E-9
1.7702242636316675E-9
1.6390515726192246E-9
1.6174012644160777E-9
1.6844783414187306E-9
1.7953065369323165E-9
1.8965202659654565E-9
1.963213728855083E-9
1.9768786119216933E-9
1.9393013543045724E-9
1.8553637094162033E-9
1.7369664785552708E-9
1.594973642799959E-9
1.4411379882383592E-9
1.2832046161092646E-9
1.1282798962763478E-9
1.0030115130974172E-9
8.622014354430481E-10
7.56290099280201E-10
7.962736753599157E-10
8.223191519810593E-10
9.231072159936434E-10
1.0658822039769542E-9
1.237492068300332E-9
1.4067535177858748E-9
1.551205497456058E-9
1.658245317711447E-9
1.7209532524612512E-9
1.740364597544468E-9
1.7197734347000133E-9
1.6641352987383812E-9
1.5813343936424882E-9
1.4773422956184577E-9
1.3595349843182772E-9
1.2431437218920104E-9
1.1142254707119122E-9
9.962834001820898E-10
9.162936639486117E-10
8.713535776388691E-10
8.612935766268837E-10
9.55085324339573E-10
9.285051198932532E-10
9.349366094546016E-10
8.926223479660257E-10
8.57354106616132E-10
8.827758085999872E-10
9.772944028143668E-10
1.141088982282273E-9
1.3380043591663615E-9
1.5321058393242688E-9
1.7042712855930219E-9
1.8320730403534915E-9
1.914023343204908E-9
1.9501047199123503E-9
1.9544685102812087E-9
1.9246017686087488E-9
1.8617660534647124E-9
1.9006506138727654E-9
1.7791323703936516E-9
1.6511481606745225E-9
1.4805234591310814E-9
1.3321154452290656E-9
1.2891641367465162E-9
1.191419025873925E-9
1.150279248593795E-9
1.125708932520853E-9
1.1174105977855645E-9
1.1161762647508958E-9
1.114167795822808E-9
1.1071046330163211E-9
1.095507136929437E-9
1.071127839677121E-9
1.0326915830452637E-9
1.0516780137108406E-9
9.80618295538915E-10
9.161115717838804E-10
8.111007502759618E-10
7.18968104130828E-10
6.435980392931898E-10
5.928712291449717E-10
5.559341016119356E-10
5.334528321342414E-10
5.174887105430401E-10
5.046964355784823E-10
4.915746754730064E-10
4.761694472524129E-10
4.5714545981235714E-10
4.342939329616343E-10
4.0765257319476494E-10
3.7799019274410305E-10
3.4655206965369104E-10
3.1377587220161966E-10
2.8108082961238244E-10
2.507056811127074E-10
2.2342815712492507E-10
1.997681744023441E-10
1.7933385676957466E-10
1.6135117183334717E-10
1.4582955319042144E-10
1.3162345080114246E-10
1.1856952280237701E-10
1.2076072628897707E-10
1.0610944697579798E-10
9.367717523575533E-11
8.11271213560615E-11
7.109174311283943E-11
6.648308982017326E-11
6.775669543285535E-11
7.459671807695667E-11
8.477649224859702E-11
9.53331555911965E-11
1.0426145017279815E-10
1.1022734693153207E-10
1.1282110974922765E-10
1.1216704504486353E-10
1.0882524580584871E-10
1.0339411321598567E-10
9.650829070390004E-11
8.872872123178567E-11
8.056949061407738E-11
7.239579698926608E-11
6.447769288174826E-11
5.697568206460596E-11
4.997334551697651E-11
4.3527256217333566E-11
3.76490680878413E-11
3.236833433713268E-11
2.7746474268405654E-11
2.3759065623379976E-11
2.036701953846723E-11
1.748349017828719E-11
1.5010153535130735E-11
1.2876461670359233E-11
1.1018741687629506E-11
9.41310208009291E-12
8.080200074797473E-12
6.992467500567712E-12
6.1228893225032656E-12
5.439516698093414E-12
4.856258259727807E-12
4.333402921560851E-12
4.50435030621233E-12
3.811076868363427E-12
3.280917992781924E-12
2.980647964445508E-12
3.1085580190377463E-12
6.69124469778849E-12
1.376967976935103E-11
2.388846542272706E-11
3.6506596023390546E-11
5.034194729295156E-11
6.324036720958643E-11
7.417073093337968E-11
8.526346452495231E-11
9.014308164727143E-11
9.312374957587856E-11
9.292098208477042E-11
9.037568778686286E-11
9.08740053251258E-11
8.637107601371285E-11
8.094848492963154E-11
7.431381605718476E-11
6.811718391281582E-11
6.233794901926234E-11
5.720274026842059E-11
5.2721106528094584E-11
4.872701167699251E-11
4.501901536422994E-11
4.145885733854635E-11
3.793225715923724E-11
3.442270236352801E-11
3.093670667812801E-11
2.7524857245891846E-11
2.423907420630888E-11
2.1134542438312454E-11
1.8253542215013235E-11
1.5626284038804366E-11
1.3267990255018569E-11
1.1211590762728878E-11
9.412265329957915E-12
7.858398307464695E-12
7.771322371423875E-12
6.4288318226431686E-12
5.482684079290935E-12
4.4160647605400105E-12
3.6593616439235345E-12
3.419969255454214E-12
7.14713364827454E-12
2.8180910954751097E-11
7.013403322465289E-11
1.3353587593611398E-10
2.1159721685778347E-10
2.9313015178523355E-10
3.690215791272967E-10
4.315443363734898E-10
4.768961311385991E-10
5.039508378440821E-10
5.173183368466164E-10
5.152809327515006E-10
4.999512492839245E-10
5.157844720931864E-10
4.735769633602219E-10
4.3473614884464443E-10
3.86619425554823E-10
3.406622270549469E-10
3.1953218465985025E-10
2.718374645540568E-10
2.4447035067232707E-10
2.2711231938897243E-10
2.256503635749138E-10
2.461287094965231E-10
2.562505979851313E-10
2.7453410145141E-10
2.916516101328156E-10
3.0884240498996563E-10
3.2247388183682924E-10
3.3146719378675094E-10
3.366226984594154E-10
3.3806272448022225E-10
3.365189532136891E-10
3.317089039600735E-10
3.2313614761048014E-10
3.106945589304924E-10
2.944582080830349E-10
2.7503696178194915E-10
2.5319455014695627E-10
2.2988538550452794E-10
2.06011699868187E-10
1.8239999918903506E-10
1.5970786787646248E-10
1.3842891055737463E-10
1.1889579665111832E-10
1.0126271702747876E-10
8.560337958592374E-11
7.188961359364971E-11
6.002357494497404E-11
4.9977190833780905E-11
4.1388574505991495E-11
3.409896975360073E-11
3.4042323312720564E-11
2.596152864082885E-11
2.0981787978647912E-11
1.7943883850159823E-11
1.390066916335289E-11
1.0767864607412083E-11
8.780785360697632E-12
1.1054202651056094E-11
1.6449055697303255E-11
2.6052324288629492E-11
3.9060414194564104E-11
5.460396819324672E-11
7.039869155420468E-11
8.501885053640992E-11
1.0026339755656787E-10
1.0878159690661309E-10
1.1635965414158767E-10
1.1802745685282813E-10
1.3002730008293156E-10
1.9997556761361268E-10
3.2627658017860473E-10
5.033867106472854E-10
7.020276153136913E-10
8.865733338378053E-10
1.0368680245664125E-9
1.1381797103432996E-9
1.188935285604093E-9
1.192664385532887E-9
1.15795065245478E-9
1.0943975961266822E-9
1.011711485313416E-9
9.182012198982066E-10
8.205650241681586E-10
7.237292732259204E-10
6.311199875011669E-10
5.449241646382307E-10
4.663852703996191E-10
3.9604695054315264E-10
3.339543569638894E-10
2.79811922432357E-10
2.3310409005037145E-10
1.9318704893228573E-10
1.5935631387884716E-10
1.3089790902559238E-10
1.0727642662108287E-10
8.755035434532827E-11
7.116561734741265E-11
6.982233102796077E-11
5.281798893281305E-11
4.263137887910095E-11
3.212743669315513E-11
2.975707250257175E-11
5.280566988558017E-11
9.812114007001606E-11
1.705001952362611E-10
2.79206093393823E-10
4.1934712423312573E-10
5.801019635458499E-10
7.442703597491878E-10
9.08917625608746E-10
1.023199333690882E-9
1.1036264771867656E-9
1.1223364551768435E-9
1.1014076286660513E-9
1.0512470817553845E-9
9.865697934231678E-10
9.204907737578418E-10
8.597457294056631E-10
8.060775457656566E-10
7.585029372604381E-10
7.133520444464902E-10
6.684466587290768E-10
6.219306547976033E-10
5.735311819069603E-10
5.239349393273839E-10
4.73675900090008E-10
4.25219031414158E-10
3.8765460900106925E-10
3.4095454304815064E-10
3.3378401244748933E-10
3.1088801045378144E-10
3.26731828560162E-10
3.609722688411035E-10
4.0903433256105265E-10
4.5536254200389266E-10
4.977919122702269E-10
5.219339851573463E-10
5.459927577662946E-10
5.759634527828977E-10
6.255622425670877E-10
6.923613631247747E-10
7.671607659736581E-10
9.34199312045601E-10
1.9292011182019368E-9
3.5885194676750516E-9
5.742202139819578E-9
8.003967972221278E-9
1.0018963290093296E-8
1.1543523158803976E-8
1.2463587941603796E-8
1.3398543850384855E-8
1.3155807743694741E-8
1.264412685215575E-8
1.1719918300396013E-8
1.0663374278408304E-8
9.516782260850409E-9
8.385858399374843E-9
7.307888259165692E-9
6.316689589838215E-9
5.4219894189853316E-9
4.627623655736653E-9
3.92908259192242E-9
3.320321853656002E-9
2.793117515139874E-9
2.3394920613481524E-9
1.951292161779913E-9
1.620976693096362E-9
1.3413833151938078E-9
1.1059812261489873E-9
9.087688688218051E-10
7.443522726121798E-10
6.07894946197296E-10
4.952192197182668E-10
4.0277478231842553E-10
3.2667854280923917E-10
3.2296453397687517E-10
7.960475897781043E-10
1.5404608281136492E-9
2.550771148867329E-9
3.5731053086250673E-9
4.402247710968088E-9
4.970962123868245E-9
5.283620469342297E-9
5.33419554626289E-9
5.165942514731617E-9
5.250027164286156E-9
4.686650531922508E-9
4.199629990464644E-9
3.6271180157774444E-9
3.1536046478778187E-9
2.907321074522678E-9
2.904615811247614E-9
3.0893634522447676E-9
3.353337857853949E-9
3.614046854167454E-9
3.902620750274806E-9
4.163968089374238E-9
4.634240453741173E-9
4.6897262650401426E-9
4.68445001917335E-9
4.506443198852412E-9
4.231864121861939E-9
3.879768857331134E-9
3.489078391099637E-9
3.0873039773002486E-9
2.69521471143871E-9
2.326151041027451E-9
1.9879162481818694E-9
1.6841125573107204E-9
1.4158636709988195E-9
1.1819634857667441E-9
9.804276441567074E-10
8.34078088809282E-10
8.47672260301413E-10
9.89754417940233E-10
1.228535551472514E-9
1.4853302569918611E-9
1.6861328493491399E-9
1.8865702640204067E-9
2.7152053043309526E-9
4.058354183438578E-9
5.603710585971423E-9
7.174711514148857E-9
8.38874256783262E-9
9.197836019447003E-9
9.543573571547727E-9
9.497945642566151E-9
9.138704648148132E-9
8.615025843158861E-9
8.189134525226201E-9
7.881433874287156E-9
7.70509261164233E-9
8.09781938332057E-9
7.920055831955933E-9
7.79886565963662E-9
7.441762673521083E-9
6.977754514814603E-9
6.351793667331863E-9
6.028091313554397E-9
5.351310602734991E-9
4.8117993900143675E-9
4.25142454832626E-9
3.757521186515513E-9
3.2992637926648477E-9
2.893960180697479E-9
2.597683595244005E-9
2.4132596303243745E-9
2.3095279434037997E-9
2.246917224787873E-9
2.3481007912799985E-9
2.221424723287074E-9
2.1075021124014713E-9
1.88504619603322E-9
1.654679606171063E-9
1.4210354837026108E-9
1.2055692341333712E-9
1.018349908507592E-9
8.684377292038349E-10
7.963511152189258E-10
8.391919780796944E-10
8.700863374483563E-10
9.33615062596979E-10
9.75607396580473E-10
9.965643407533996E-10
9.85145615165038E-10
9.675973464819781E-10
9.469120661287363E-10
9.26444300255343E-10
9.01806886191837E-10
8.650969024976569E-10
8.154691552211512E-10
7.536355381563374E-10
6.832413932126851E-10
6.109581009974007E-10
5.377018618251337E-10
4.656697370295318E-10
4.5925985002701316E-10
3.829316394221532E-10
3.18766901101372E-10
2.511555344127497E-10
1.974288397078138E-10
1.549678221668163E-10
1.5322213523403808E-10
1.6163877475064854E-10
1.934246209120345E-10
2.2563077846933346E-10
2.568963870413055E-10
2.904212117700569E-10
3.2443769070379434E-10
3.569659770193588E-10
3.835887402129354E-10
3.991742800401987E-10
4.0236054290734383E-10
3.9330516285606193E-10
3.7407478284297166E-10
3.4728815021779725E-10
3.157144332263333E-10
2.83101743680174E-10
2.49929412355058E-10
2.1729649442571716E-10
2.145087701507105E-10
1.7919911001129572E-10
1.5030105569678857E-10
1.1891819817930923E-10
9.538778676448134E-11
8.119433891871106E-11
7.631703674029055E-11
7.870522017203983E-11
8.473942058470098E-11
9.055843453674784E-11
9.425186262270084E-11
9.465163198835869E-11
9.19165374026328E-11
8.655010148835221E-11
7.937833252856091E-11
7.116919349631751E-11
6.259810062898559E-11
5.416826300763354E-11
4.838237618125292E-11
6.270302617106988E-11
9.184250353096236E-11
1.314309163370674E-10
1.7259008652263045E-10
2.043377772731136E-10
2.2514879143859608E-10
2.33429756485698E-10
2.3105215483902006E-10
2.748439369480144E-10
8.188897268142912E-10
1.7920505404858211E-9
3.0390178078887394E-9
4.325219119076521E-9
5.343474171510171E-9
6.033358171435578E-9
6.368528664593402E-9
6.395799267356499E-9
6.178894077570909E-9
5.788577309226182E-9
5.289075582686233E-9
4.733826639243439E-9
4.164079382278343E-9
3.623140763185131E-9
3.1107763338445397E-9
2.637672206173591E-9
2.6091561392908277E-9
2.0755237856038465E-9
1.6954214996373257E-9
1.3210701535526085E-9
1.0484547382185032E-9
9.99595929832265E-10
1.1387432231483152E-9
1.476654050531397E-9
1.766734282459242E-9
2.0219703866519373E-9
2.1751198384578933E-9
2.229669555679507E-9
2.2755625214071327E-9
2.324830625103363E-9
2.379454615133428E-9
2.4253394104562843E-9
2.5122922742216873E-9
2.5456857934706743E-9
2.5766064319954594E-9
2.643135442466824E-9
2.768856437916795E-9
2.9073182397814575E-9
3.0597127589716746E-9
3.1975981357818878E-9
3.297869044664741E-9
3.3456939154780657E-9
3.3346952732114873E-9
3.264420065106184E-9
3.138359409859577E-9
3.0230817393125254E-9
3.178603453344875E-9
3.573405819047674E-9
4.112658946370492E-9
4.826584500043382E-9
5.2001598830075165E-9
5.435586545250405E-9
5.444451843561088E-9
5.291804409251837E-9
5.142767142719496E-9
4.874293151132142E-9
4.663381017849025E-9
4.6786802207444695E-9
4.582074574093633E-9
4.428408264565859E-9
4.3553045910684316E-9
4.091624691625119E-9
3.821672968513717E-9
3.515457595914561E-9
3.2030199197172813E-9
2.8929475639347025E-9
2.5927570274693677E-9
2.3096339839986163E-9
2.043502392331293E-9
1.796515398891905E-9
1.6128631430769161E-9
1.5061459762835949E-9
1.5033533508356261E-9
1.5793264994200216E-9
1.7083776450414994E-9
1.8371733019229325E-9
1.9420328513498883E-9
1.9967289923048323E-9
1.9899086305225723E-9
1.9254715852571443E-9
1.8131288369479274E-9
1.6672771543489974E-9
1.5014424094511881E-9
1.327947170634385E-9
1.1561990169792197E-9
9.930934300278035E-10
8.429876050545698E-10
7.082913662020923E-10
5.914071538044711E-10
4.895396902030833E-10
4.019236891446256E-10
3.9875586888499293E-10
3.0285968922374853E-10
2.4083036127449925E-10
2.044261089426409E-10
1.4948561990812257E-10
1.1363996241669439E-10
9.247470721504235E-11
6.771533262601886E-11
5.2268646167663214E-11
4.00585755858713E-11
3.178889284790612E-11
2.584103513373108E-11
2.160190288530354E-11
1.84467282833068E-11
1.598756139069721E-11
1.3954473346572331E-11
1.2196003584945704E-11
1.0627410572853593E-11
9.206124448524686E-12
7.91601324910328E-12
1.3076353042351033E-11
7.438443238464541E-11
1.7634847351671327E-10
3.1858637388957973E-10
4.637271212111926E-10
5.819207550100107E-10
6.809288216130213E-10
7.186910668510056E-10
7.310864827787915E-10
6.987078582826041E-10
6.545935992240612E-10
6.087261267834287E-10
5.683989948470635E-10
5.466170072958236E-10
5.377637400589244E-10
5.368542946208801E-10
5.385043470215093E-10
5.365883557212302E-10
5.282310931140039E-10
5.112114954282668E-10
4.85886401874543E-10
4.552536742748264E-10
4.1887165362089403E-10
3.7892730590757294E-10
3.74135111838147E-10
3.4311624979185943E-10
3.3965690528302885E-10
3.6116111032305736E-10
3.7355918024741584E-10
3.944635226190727E-10
4.0752081571620665E-10
4.1766362904814256E-10
4.2309541108897965E-10
4.1976925718540004E-10
4.1357990249679267E-10
4.028842767707318E-10
3.9661883563725695E-10
3.8203939282457687E-10
3.7033225446917914E-10
3.600493711126789E-10
3.494877583515848E-10
3.367484784571768E-10
3.33104159158708E-10
3.173502802558145E-10
3.0475957143300427E-10
2.907295613271012E-10
2.769958876694924E-10
2.615393991040408E-10
2.447775607188031E-10
2.271888411005653E-10
2.1325476798541487E-10
2.314633135629216E-10
5.257747487887957E-10
1.022943664527009E-9
1.6388408053159853E-9
2.2617374853444227E-9
2.777809810939953E-9
3.171296121250909E-9
3.432005709051629E-9
3.5813420028593667E-9
3.6198940764828164E-9
3.570050482821549E-9
3.4391144082665716E-9
3.24819306126155E-9
3.013729993533944E-9
2.7518110393610604E-9
2.4759901249017937E-9
2.240702593142025E-9
2.050949841810294E-9
1.946829284215154E-9
1.8795928991078983E-9
1.8411106516690386E-9
1.7813628594256497E-9
1.704397623019355E-9
1.6091999173198319E-9
1.4924591224790062E-9
1.3587734922023718E-9
1.3577898593959502E-9
1.1554000649074603E-9
1.009607841642322E-9
8.37934584689512E-10
6.994285384014548E-10
5.77128056783896E-10
4.811292918130278E-10
4.0934231414083084E-10
3.815652499714302E-10
3.920621804035873E-10
4.2702988328972077E-10
4.685898755483372E-10
4.966500146375033E-10
5.093217009211645E-10
5.004773767371484E-10
4.768697489344627E-10
4.842717597869029E-10
4.208754627001245E-10
3.954804920931173E-10
3.2308388127449936E-10
2.718547162218333E-10
2.2082966170398908E-10
1.9807057817347074E-10
1.6270286474539532E-10
1.420914426810839E-10
1.2388767776870044E-10
1.1106995041435327E-10
1.0300145571399793E-10
1.1579068497434526E-10
1.4574048654498682E-10
1.9207922374794144E-10
2.293947330729729E-10
2.5825281815936805E-10
2.714529575731704E-10
2.7092085608161906E-10
2.594162694925163E-10
2.407910290414151E-10
2.193912330985766E-10
1.9623067455828688E-10
1.7283670413466418E-10
1.6951790794816871E-10
1.4281465273723252E-10
1.2441113287940618E-10
1.0003284708476786E-10
8.308865647804053E-11
6.57540713755265E-11
5.42448916480755E-11
5.070295662429342E-11
5.43523674397967E-11
6.311429805487098E-11
7.377365874245469E-11
8.300362234384389E-11
9.089512083387098E-11
1.0899125798662221E-10
1.3481197530931158E-10
1.639695560616451E-10
1.9006133975313476E-10
2.0572340615316074E-10
2.1059953530241436E-10
2.0674234980498527E-10
1.9498416392262104E-10
1.7798075122534824E-10
1.769029639551621E-10
1.4895104388328285E-10
1.286524807451337E-10
1.0422071273054197E-10
8.560496723940017E-11
7.108439197762588E-11
6.201069807423017E-11
5.6802310021552116E-11
5.4043868101865714E-11
5.19379039802738E-11
5.1054480689500033E-11
6.17009235409633E-11
8.006394485554718E-11
1.0260780180875194E-10
1.2739003874391475E-10
1.3931369767195305E-10
1.464390230024288E-10
1.4284442645294397E-10
1.4595168416125637E-10
1.8970289712663103E-10
2.7290324735592545E-10
3.9784706442741026E-10
5.411523278558578E-10