
0.0
7.937418196320361E-29
1.0022827028276629E-20
9.474221696028797E-21
1.4155168166543077E-20
1.4078946485227837E-20
0.24347549514140723
0.10730443138619597
0.1823955293195092
0.0856312390739352
0.07560538218520958
0.03780564073743827
0.028504085669737864
0.014906837221179487
0.01024192925845326
0.005522632371740211
0.003579872584345499
0.0019706187977827365
0.0012299490026800506
6.865697975582893E-4
4.179028957297535E-4
2.3552879829619815E-4
1.4099253978487985E-4
8.002688317615606E-5
4.740808891899314E-5
2.7081757580834844E-5
1.5970232628756764E-5
9.20190260275912E-6
5.44565612131883E-6
3.189242950724365E-6
1.9216145400373658E-6
1.1639724138016506E-6
7.322145002932223E-7
4.721111263613301E-7
3.2005842251487026E-7
2.2559248260876462E-7
1.676010647026349E-7
1.2901812333622602E-7
1.0323882980930618E-7
8.433990535802621E-8
7.034956743394309E-8
5.9147961759620906E-8
5.016265367913128E-8
4.2588596544825484E-8
3.62488398233052E-8
3.0799970112367425E-8
2.6165582704703288E-8
2.2171573830755754E-8
1.9129364237132676E-8
1.8094611465083612E-8
1.605278152405324E-8
1.5192934649519625E-8
1.4048167387453773E-8
1.3470910161266727E-8
1.315358997237099E-8
1.2986923188393138E-8
1.3061180518762731E-8
1.301707694863617E-8
1.3078885371599047E-8
1.2954377876740824E-8
1.2824523812441835E-8
1.2520127143742947E-8
1.2180839027418569E-8
1.1712108540725338E-8
1.122109624824372E-8
1.0649262758088257E-8
1.0069308104113895E-8
9.446833669236826E-9
8.82705016593676E-9
8.190759279777383E-9
7.56660832842802E-9
6.9452867158251404E-9
6.345655841844502E-9
5.764325667069318E-9
5.213093322891091E-9
4.6908823888510465E-9
4.2040294254681104E-9
3.7516227410999584E-9
3.3361336864579082E-9
2.9560413671139025E-9
2.6114178487479255E-9
2.3001235332061685E-9
2.020905199050208E-9
1.7712930339316979E-9
1.5493983887669848E-9
1.3527071173216634E-9
1.1791290805099944E-9
1.0263046470171047E-9
8.922083740810293E-10
7.747549973812513E-10
6.722398193097185E-10
5.833630418843454E-10
5.063456685080652E-10
4.4059266452087477E-10
3.8425218066700405E-10
3.3694966721361345E-10
2.968914221242088E-10
2.636207042077163E-10
2.355319648928081E-10
2.1211213703582001E-10
1.9211272561967554E-10
1.7524671770984768E-10
1.605678018948376E-10
1.4801856463943602E-10
1.3691197387429037E-10
1.2735684156782743E-10
1.1919776579661922E-10
1.1223600942494204E-10
1.0680755479506631E-10
1.0239365574661756E-10
9.949167583925277E-11
9.740759496468927E-11
9.649921918772119E-11
9.60445110316888E-11
9.622319228388778E-11
9.648067423414783E-11
9.684491467270945E-11
9.700803557055726E-11
9.693594068001889E-11
9.650398388831895E-11
9.5677461099037E-11
9.4453656382717E-11
9.29296422287642E-11
9.10551575595961E-11
8.904819867376545E-11
8.680959734593057E-11
8.455268482012386E-11
8.216928841254279E-11
7.97921563957007E-11
7.73344898636327E-11
7.484822727079582E-11
7.228366512817181E-11
6.964783996458077E-11
6.692733501872844E-11
6.411421713818623E-11
6.121998457687824E-11
5.823784681996324E-11
5.519288313847064E-11
5.208653738040566E-11
4.895006075346846E-11
4.5794178854446656E-11
4.265148970441715E-11
3.9538957670739096E-11
3.648673180786209E-11
3.351330644807676E-11
3.0643350100454505E-11
2.7892629846130773E-11
2.5278464616190097E-11
2.281126183573567E-11
2.050052838675001E-11
1.835050189870962E-11
1.636380752806205E-11
1.457094764607729E-11
1.3102754751011208E-11
1.1865024345556228E-11
1.1098790120143205E-11
1.0584407078177155E-11
1.0550114327856368E-11
1.0706970067029277E-11
1.1201189952145963E-11
1.1759228907734821E-11
1.2543633908757345E-11
1.3266296184881207E-11
1.4135797576697168E-11
1.4876627766275972E-11
1.589943601208831E-11
1.786511872546635E-11
2.0417262113253526E-11
2.4961353404951823E-11
3.044351944693838E-11
3.81807966800115E-11
4.669539011186191E-11
5.6844878139234413E-11
6.700982688291652E-11
7.76840743069674E-11
8.76305343488965E-11
9.706297574778623E-11
1.053343905802914E-10
1.1248598553973059E-10
1.183564548669963E-10
1.228890989316534E-10
1.2620001438654567E-10
1.2829323751204124E-10
1.2931394161394266E-10
1.293450498190033E-10
1.2848482479478256E-10
1.2683531137988542E-10
1.2444197992481033E-10
1.213905578319488E-10
1.1773413546885464E-10
1.1370823025521164E-10
1.092475437009613E-10
1.0471438588822408E-10
9.997054656941129E-11
9.545037739315144E-11
9.089789791960976E-11
8.671125933621027E-11
8.256302788929096E-11
7.874357873476801E-11
7.493436166900344E-11
7.131965931620336E-11
6.764734142897222E-11
6.40383372108413E-11
6.033380950783781E-11
5.6629016326626595E-11
5.287371601518202E-11
4.924618719715555E-11
4.5677824887675047E-11
4.243328473810445E-11
3.937267788440971E-11
3.679412790639328E-11
3.4460917800644894E-11
3.2628844323667114E-11
3.1004638550735855E-11
2.976606486673769E-11
2.862873618523816E-11
2.7703223064007147E-11
2.676274717041192E-11
2.5885815481698537E-11
2.4946754183416924E-11
2.3983617805257365E-11
2.2980272658268027E-11
2.1972646268438832E-11
2.0975103681444406E-11
2.0036754060282354E-11
1.9216938001521078E-11
1.8497305611224563E-11
1.7985232936466185E-11
1.75848825266804E-11
1.7411699662220287E-11
1.7331512224094705E-11
1.7453875015749693E-11
1.7617622935474155E-11
1.792726039386408E-11
1.8218547540096402E-11
1.857521841056074E-11
1.885491639373301E-11
1.911450394301789E-11
1.9245575159863988E-11
1.9286463774943015E-11
1.916706382207066E-11
1.8918671258434785E-11
1.8507211813421285E-11
1.7963812828625292E-11
1.729221270126336E-11
1.6565806925606604E-11
1.5762282294698588E-11
1.4993323685641047E-11
1.420110721169958E-11
1.3495468056256135E-11
1.279582548450405E-11
1.2184333991979732E-11
1.1576946935557358E-11
1.1030089450022547E-11
1.0473100611517673E-11
9.947007645589985E-12
9.402358593960259E-12
8.871363744950375E-12
8.447451619786076E-12
8.677984305220798E-12
9.230181475484775E-12
1.1052242551653187E-11
1.3415697698619538E-11
1.726925966138396E-11
2.213461338917491E-11
2.8260554183165218E-11
3.549832106415115E-11
4.350350980023381E-11
5.2224392096242694E-11
6.101359977137594E-11
6.978925536739682E-11
7.784984062297334E-11
8.512692028112633E-11
9.10742972322664E-11
9.571453428504414E-11
9.875334977903517E-11
1.0032441313745513E-10
1.0036356639210537E-10
9.908393525194961E-11
9.657288552215436E-11
9.313724016376338E-11
8.920517506340497E-11
8.483688796014665E-11
8.069437727143196E-11
7.654945667500522E-11
7.301361579255986E-11
6.966769094964385E-11
6.693065909339862E-11
6.430758161636102E-11
6.205994917492529E-11
5.975251574344775E-11
5.7565782036779826E-11
5.51990398355207E-11
5.279637953459492E-11
5.019244222457724E-11
4.7518892132880763E-11
4.4701074751801134E-11
4.1862202789055376E-11
3.897483044681825E-11
3.614032267415691E-11
3.335021697343085E-11
3.0673692092613824E-11
2.810485090829647E-11
2.5681999508896737E-11
2.339631554229219E-11
2.1264008351538845E-11
1.9274811138543E-11
1.7434517644658956E-11
1.5731174262599448E-11
1.4167329146949123E-11
1.2770353299109274E-11
1.1712322895681911E-11
1.087790475350594E-11
1.0568383436879162E-11
1.0531340079257383E-11
1.1060713694124622E-11
1.1818231031874635E-11
1.3006683556474406E-11
1.4264893327864705E-11
1.5716365638820744E-11
1.705025131300248E-11
1.843745719390004E-11
2.0033600163069447E-11
2.169801232623696E-11
2.4105795466735485E-11
2.676787281645756E-11
3.051845236793338E-11
3.4642459775401213E-11
3.9825371280387405E-11
4.5263735425354286E-11
5.137289138443137E-11
5.7412198291829896E-11
6.356487109162197E-11
6.923407492650381E-11
7.447329807755412E-11
7.887700958809682E-11
8.251232756405309E-11
8.512772709224367E-11
8.684937910613333E-11
8.75532576828064E-11
8.739961848717434E-11
8.635408088890566E-11
8.457747093309042E-11
8.208878751403935E-11
7.9035733784821E-11
7.547071380185492E-11
7.15267616940089E-11
6.727554627985194E-11
6.283356706429331E-11
5.827714093531072E-11
5.370150878177581E-11
4.9174162709538555E-11
4.476537769277119E-11
4.052656151782288E-11
3.650079441261695E-11
3.272062788240923E-11
2.920420021789176E-11
2.596580514713728E-11
2.3004303343435397E-11
2.0318998281937966E-11
1.789638480336816E-11
1.572573083465906E-11
1.3787688212934507E-11
1.2090734658945355E-11
1.0717238898438917E-11
9.590002701592944E-12
8.887582872168518E-12
8.449322937435622E-12
8.433789217924823E-12
8.637925585958582E-12
9.140996233337116E-12
9.736795027876297E-12
1.044981798265977E-11
1.1111912344494925E-11
1.1731177643767196E-11
1.2202506291501797E-11
1.2539725450046559E-11
1.2710408532305189E-11
1.2801225223637103E-11
1.2764974215174252E-11
1.2735480146516427E-11
1.263862128284141E-11
1.2591979356737054E-11
1.2504454565497982E-11
1.2449021545720562E-11
1.2335138068054647E-11
1.2203631056985509E-11
1.198651201777927E-11
1.1713139627457891E-11
1.1346692643984158E-11
1.0914830153193264E-11
1.040612576993997E-11
9.84703507882809E-12
9.24059777243161E-12
8.609540724349988E-12
7.962159293733651E-12
7.315839462903091E-12
6.690045916608267E-12
6.1450360203705625E-12
5.656235797439398E-12
5.311588863714386E-12
5.0471059243886396E-12
4.934428754223095E-12
4.888613215905261E-12
4.947043960674813E-12
5.023902191824962E-12
5.1343276209697804E-12
5.211954202466892E-12
5.266552737679525E-12
5.259515047730016E-12
5.203131019089117E-12
5.082359914006673E-12
4.912327355332838E-12
4.702247831191998E-12
4.508361829663935E-12
4.312038035044707E-12
4.211182161242864E-12
4.143283224652048E-12
4.207203984168879E-12
4.320800042330846E-12
4.54434017816876E-12
4.7951481614881E-12
5.097094169578843E-12
5.380865000530656E-12
5.652216460180526E-12
5.863866743955381E-12
6.018044789098074E-12
6.090766297146354E-12
6.088173804597095E-12
6.004821104679183E-12
5.851819657343069E-12
5.63501185599982E-12
5.368239577117859E-12
5.061689419609694E-12
4.728826599393626E-12
4.379648373483378E-12
4.024956146672555E-12
3.672350467247906E-12
3.329119991884803E-12
2.999932875080872E-12
2.6888446406319388E-12
2.398010207523645E-12
2.1290440779999675E-12
1.8823269260480754E-12
1.6578765446772341E-12
1.4549934357758006E-12
1.2727860339831035E-12
1.1100000862507363E-12
9.653270375977792E-13
8.373466406324113E-13
7.246300384845281E-13
6.287362893654148E-13
5.607816307410078E-13
5.115139047289293E-13
5.014420784339763E-13
5.147547409104646E-13
5.671435164303071E-13
6.416176276441778E-13
7.438342040841098E-13
8.58658530655297E-13
9.892501763423398E-13
1.1204880964055766E-12
1.2559676220540538E-12
1.3822740248587557E-12
1.5022723089980882E-12
1.6051996023053651E-12
1.6927287019095726E-12
1.7571710658746795E-12
1.8001226136822195E-12
1.8175651911347865E-12
1.8123039703925625E-12
1.7847877044180046E-12
1.738179169076636E-12
1.6760170532230055E-12
1.6012009261173585E-12
1.5180321951897573E-12
1.4286570466751813E-12
1.3366020255205126E-12
1.2430934720816245E-12
1.15050470074194E-12
1.059407935969105E-12
9.712638055900202E-13
8.879269700038521E-13
8.169957922948105E-13
7.540389567172268E-13
7.110740011166594E-13
6.782738357715092E-13
6.65729043308019E-13
6.610818906052453E-13
6.698422961791344E-13
6.800251885567626E-13
7.108813800517496E-13
8.220900171555529E-13
9.631673365442089E-13
1.2698192503816428E-12
1.6286803598270562E-12
2.179641731144094E-12
2.7844672767601456E-12
3.5412128293549828E-12
4.3144917987546545E-12
5.15536327620952E-12
5.954509204566084E-12
6.731291564559566E-12
7.411733180873551E-12
8.001113174195299E-12
8.458815945815392E-12
8.789131937537465E-12
8.978184496646904E-12
9.035528307121043E-12
8.965580595518754E-12
8.783458685494206E-12
8.503498417007883E-12
8.149356640881052E-12
7.76245364063798E-12
7.342559073642372E-12
6.957144211817166E-12
6.575345016655249E-12
6.265735458707884E-12
5.976835909637905E-12
5.7630716739375396E-12
5.580777683255951E-12
5.452264509060007E-12
5.3574941751903824E-12
5.2908701373178584E-12
5.2500857063157104E-12
5.213944668461896E-12
5.188317215095862E-12
5.151838661434622E-12
5.109087393041947E-12
5.0475945174270424E-12
4.968846691006169E-12
4.86920576455021E-12
4.748175268213407E-12
4.6073266396009095E-12
4.4454356227734414E-12
4.266499110196483E-12
4.0706231821332216E-12
3.866065915331149E-12
3.6512620134505964E-12
3.4447021806029423E-12
3.2675279275189915E-12
3.120469755523869E-12
3.047220250156585E-12
3.026315725560657E-12
3.0985629744509538E-12
3.2276645102770355E-12
3.4346273639894812E-12
3.6767662707484336E-12
3.957088158227281E-12
4.2365666779661324E-12
4.5110414051163384E-12
4.756604102671183E-12
4.9665437314925666E-12
5.137624314401624E-12
5.261380659917099E-12
5.350257591748668E-12
5.393792627327579E-12
5.411445281877918E-12
5.390686505868299E-12
5.351024681751386E-12
5.279295924369446E-12
5.191767130775975E-12
5.0768276562327204E-12
4.9470559762055946E-12
4.793933962830484E-12
4.627094330504086E-12
4.44149457980242E-12
4.24467585555219E-12
4.034558597631526E-12
3.817170603160494E-12
3.592463982066208E-12
3.365253681583132E-12
3.1381079945938665E-12
2.9210912734994507E-12
2.7111193900949313E-12
2.5252488541419325E-12
2.355710917157638E-12
2.217760996858942E-12
2.101724699067947E-12
2.015706274997906E-12
1.949778115907784E-12
1.908194888965576E-12
1.879203826708819E-12
1.8671602248409216E-12
1.8592663628284076E-12
1.8611160029486745E-12
1.862920198254562E-12
1.8683049420136347E-12
1.8730157231415376E-12
1.8767911312041446E-12
1.880070320161348E-12
1.8808971599919E-12
1.8804136337588985E-12
1.8769605855650077E-12
1.8704334085174736E-12
1.8598289654236892E-12
1.843846456990641E-12
1.822012554638826E-12
1.7925826198261789E-12
1.7560129382948594E-12
1.712357888274944E-12
1.6616074101467141E-12
1.6068763381110252E-12
1.546705319570919E-12
1.4880657919036379E-12
1.4366115021064416E-12
1.3922726672057435E-12
1.369939595748681E-12
1.3599334738940373E-12
1.378735521388344E-12
1.4099318195468757E-12
1.465191432073041E-12
1.5253102756629665E-12
1.5964970071038196E-12
1.6611413917312638E-12
1.72242408669706E-12
1.767455656601774E-12
1.7987915037278156E-12
1.8103457483962614E-12
1.8103315830156309E-12
1.7929084171708472E-12
1.7748073782421771E-12
1.745499608567441E-12
1.725483661631725E-12
1.6995975524603974E-12
1.6858265438193316E-12
1.66699258855541E-12
1.6560555197603807E-12
1.6372259744569793E-12
1.6192590306886198E-12
1.5902699042847073E-12
1.5565167256294992E-12
1.5113645282918906E-12
1.462355559522238E-12
1.4065980849464918E-12
1.363543465392359E-12
1.3207968439655702E-12
1.3085736537076253E-12
1.3037361384947219E-12
1.3356449724588862E-12
1.3750763640959088E-12
1.4430807732131229E-12
1.51058704758239E-12
1.5929830825970122E-12
1.66397553109532E-12
1.7369822966726361E-12
1.7908422974614824E-12
1.837534254519481E-12
1.8623778651165592E-12
1.877477073782158E-12
1.8715956598316613E-12
1.8573371823453455E-12
1.8259127615950158E-12
1.7884446875624718E-12
1.7384063914668771E-12
1.684431088357199E-12
1.6232775229782233E-12
1.5596085415723378E-12
1.4933410932035594E-12
1.4257505830433613E-12
1.358327830560944E-12
1.290324226149568E-12
1.2234319578399927E-12
1.1561642441087605E-12
1.0902721010616406E-12
1.0240989281959868E-12
9.594960544007396E-13
8.950691914533462E-13
8.3253867995189E-13
7.709149145790045E-13
7.11569768961473E-13
6.538549439777195E-13
5.987520522820882E-13
5.458632464424218E-13
4.958382257375156E-13
4.484438614621332E-13
4.0407021845314186E-13
3.6256771678035693E-13
3.2441467663482454E-13
3.444780884244291E-13
6.54079105871841E-13
1.0977375384795645E-12
2.0972382781909375E-12
3.3135399948973284E-12
5.129372030876E-12
7.179403358404944E-12
9.634946785649052E-12
1.2178802222168017E-11
1.4817316958546625E-11
1.731458638552023E-11
1.9613205060269542E-11
2.157184677899641E-11
2.313976265179225E-11
2.4263902342948238E-11
2.4948173125518875E-11
2.5264670569810673E-11
2.521026289312108E-11
2.4943479406288723E-11
2.4468642286465505E-11
2.391903183166557E-11
2.3299275394144694E-11
2.2675497363442745E-11
2.2035209557206E-11
2.1397985292557535E-11
2.0769896791511965E-11
2.0121839982102283E-11
1.9487637566162712E-11
1.8816572042991903E-11
1.8151013795352922E-11
1.7440135728383266E-11
1.6719955425076822E-11
1.5949696960404237E-11
1.5158226610763943E-11
1.4320739503718801E-11
1.3462375916873747E-11
1.257403842458987E-11
1.167811694843635E-11
1.0775903980968047E-11
9.88600959316353E-12
9.013987736307388E-12
8.179933590102333E-12
7.416243626709803E-12
6.712721617713258E-12
6.1191977626638496E-12
5.6002248705234376E-12
5.201777119958241E-12
4.870939545258837E-12
4.641718218701569E-12
4.4552931023370125E-12
4.333754296428399E-12
4.2419819705532895E-12
4.259199700599339E-12
4.303086095091388E-12
4.516508849586742E-12
4.7726271029498904E-12
5.2182440542417096E-12
5.706443841392525E-12
6.33954463935395E-12
6.980819026414589E-12
7.679338291045111E-12
8.330630295272646E-12
8.954051184747855E-12
9.505442701545324E-12
9.971516630200862E-12
1.0365915713293952E-11
1.066637900811626E-11
1.0903059187868446E-11
1.1059114083133796E-11
1.1161613290739512E-11
1.1193554240390787E-11
1.1175788855081287E-11
1.1090335903909864E-11
1.0952425257311584E-11
1.0747325329730672E-11
1.048719726076651E-11
1.0163704854461252E-11
9.789942942836112E-12
9.369640826767846E-12
8.911363401645383E-12
8.430998667722094E-12
7.93345130633219E-12
7.43618071685365E-12
6.942272755350432E-12
6.46371473126441E-12
6.00188838241869E-12
5.56443675729744E-12
5.149028451306058E-12
4.762131549921245E-12
4.3982976446251914E-12
4.0656632440888164E-12
3.768414235155815E-12
3.5033478063257894E-12
3.285012303152179E-12
3.0990453484454933E-12
2.9648358115580635E-12
2.8817274855534585E-12
2.844659668052567E-12
2.8717685081654354E-12
2.9351643425307787E-12
3.0557522830943422E-12
3.1953399173180285E-12
3.3670559860777697E-12
3.5343183741164626E-12
3.7114768232014424E-12
3.862539564453851E-12
4.007548835063324E-12
4.114435584176387E-12
4.204158357609846E-12
4.251251683723014E-12
4.2736142826541955E-12
4.252763399469159E-12
4.20362841507755E-12
4.114675358881675E-12
3.99897395674253E-12
3.851087227160165E-12
3.682472972066576E-12
3.4920120321846357E-12
3.289405961129478E-12
3.0756459057795887E-12
2.8584922212836943E-12
2.639474295317712E-12
2.4285047380422968E-12
2.2440444871148816E-12
2.0764508850648463E-12
1.963136031668996E-12
1.874563394271439E-12
1.8487028216816196E-12
1.846754785369997E-12
1.8985860564120755E-12
1.9609127779977215E-12
2.0571182468281636E-12
2.146938022316266E-12
2.2485260740320626E-12
2.330530254490783E-12
2.406995178830822E-12
2.458549214088279E-12
2.4942299841224692E-12
2.505670481997863E-12
2.4980263087028855E-12
2.4712831890362547E-12
2.4267864918476132E-12
2.3693321413585786E-12
2.297571638439473E-12
2.219203392899102E-12
2.1380120322153645E-12
2.054966673687479E-12
1.9799752156355726E-12
1.9069713731025162E-12
1.847707436081782E-12
1.7908429023030818E-12
1.7465342544582792E-12
1.7013794988790195E-12
1.664055524598106E-12
1.6269552959054E-12
1.5924729967439842E-12
1.5606132458281106E-12
1.528286004300314E-12
1.4990017609195202E-12
1.466890862713837E-12
1.435824895878687E-12
1.4006085671564137E-12
1.3634144372017241E-12
1.3220029100102357E-12
1.2771251824639787E-12
1.229056262420682E-12
1.1777495490506433E-12
1.1246563179249454E-12
1.0692905269922004E-12
1.0132824378491563E-12
9.560165792815903E-13
8.988694278945835E-13
8.413571694862008E-13
7.845401908447028E-13
7.281812716621072E-13
6.730861473044903E-13
6.192347585304674E-13
5.672303239788569E-13
5.171693569582009E-13
4.694753417295766E-13
4.24259776225397E-13
3.817788874647598E-13
3.4209294188377153E-13
3.0530968285381466E-13
2.714176256614512E-13
2.4133516138030577E-13
2.1876584348549512E-13
2.00501171117194E-13
1.9395794203127614E-13
1.9195432818596078E-13
2.0179023134845128E-13
2.1509072878834075E-13
2.390351698977732E-13
2.6329334633008376E-13
2.9529443927712453E-13
3.244441745405984E-13
3.5722497615759515E-13
3.8468828838776015E-13
4.1201048192436314E-13
4.3229601542344774E-13
4.500663053854086E-13
4.604316298708913E-13
4.674409987954758E-13
4.680442858250905E-13
4.655745427839974E-13
4.583263990433054E-13
4.4874617405568644E-13
4.3594855440655414E-13
4.2156013812557175E-13
4.054589663073646E-13
3.8991985661683273E-13
3.738530033603364E-13
3.6031401093369595E-13
3.4716812516788313E-13
3.3713729398145105E-13
3.275983901041444E-13
3.203403589815853E-13
3.1293745769590926E-13
3.063190545400448E-13
2.9881221425334424E-13
2.9087554598942937E-13
2.817507970964907E-13
2.7166728073661774E-13
2.6062296991717007E-13
2.487691406127352E-13
2.5585999246999215E-13
3.6590698448675973E-13
5.436557308438071E-13
9.579550068383112E-13
1.5112958396373334E-12
2.381793325216972E-12
3.4235851070847122E-12
4.743747174003205E-12
6.1750291293310746E-12
7.745380606612654E-12
9.303266171338208E-12
1.0832376780825873E-11
1.2226765927132826E-11
1.3459652205159779E-11
1.4494142600029567E-11
1.537298576697851E-11
1.605321859582554E-11
1.66469382149544E-11
1.7082611689595305E-11
1.748040422805028E-11
1.774888727256358E-11
1.7983716203868257E-11
1.8129971039950797E-11
1.822413269929838E-11
1.82541264570013E-11
1.8216459662265705E-11
1.811846121960815E-11
1.793720779605179E-11
1.7682380867874604E-11
1.7326688269443642E-11
1.6881433423416457E-11
1.6329094933461722E-11
1.5686627419538873E-11
1.4952505800245136E-11
1.4148848043906672E-11
1.3286066852174055E-11
1.2387495930457896E-11
1.1468093794533596E-11
1.0548000619187619E-11
9.640818186489571E-12
8.760970709418251E-12
7.917871143085722E-12
7.119975484083479E-12
6.372153940850652E-12
5.677976309846284E-12
5.038638305695791E-12
4.454288846192725E-12
3.923631961698878E-12
3.44472445215686E-12
3.014839460916141E-12
2.630951519749714E-12
2.289696835622784E-12
1.987661995028768E-12
1.7213762730823085E-12
1.4874765323899365E-12
1.2827054440384525E-12
1.103999141972856E-12
9.484821719166282E-13
8.135072659717482E-13
6.966455969755838E-13
5.956989074114244E-13
5.086805596359403E-13
4.3382138521841823E-13
3.6953516706103133E-13
3.144306458279946E-13
2.672658466995122E-13
2.2696472614643356E-13
1.925703588879624E-13
1.6326121869711832E-13
1.383103912510776E-13
1.1709902656453995E-13
9.908034772624251E-14
8.379507072642515E-14
7.083464500294691E-14
5.986169716677902E-14
5.057312957562913E-14
4.2722173375776126E-14
3.613618681588104E-14
4.035082602288426E-14
9.683071935032041E-14
1.8059148293178798E-13
3.599417723767879E-13
5.801976170311844E-13
8.985496657304641E-13
1.244483028831891E-12
1.6483485146229258E-12
2.039261169998594E-12
2.429939913797174E-12
2.7657554286024094E-12
3.0554165198984257E-12
3.2675508185697837E-12
3.413373127923312E-12
3.481463695745335E-12
3.485809109374541E-12
3.427495625645662E-12
3.3209791137786655E-12