
0.0
5.187162753320499E-10
1.6817195205531415E-9
1.3428378214886079E-8
2.8345540525456786E-8
0.0018318569496216896
0.00403093919381203
0.007034531503687409
0.010530980550375074
0.014311201673062116
0.01795748848149673
0.021154336504184034
0.023845428757595297
0.02610045390871377
0.027752390213099304
0.028932155312034833
0.029726174086173545
0.03009386982718142
0.0301421393743394
0.030098933103585676
0.029800558151542603
0.029483027694886612
0.028838350672253488
0.028401934531957926
0.027773754069681415
0.027236362744907514
0.02645422154166166
0.025881120141884456
0.02497150715474369
0.02419787930062162
0.023482884931468818
0.022793707801234988
0.022283469858843254
0.021713435946174853
0.02115235757933097
0.020576715321018454
0.020032011184115493
0.019463946622918674
0.018946431948992277
0.018425186448071427
0.017935057202946768
0.017438452454926735
0.016975258605399446
0.01651643035936776
0.016068102593185585
0.015661572224762298
0.015264058810464519
0.014865848934453496
0.014580755591044763
0.014185259035558692
0.013806241010272885
0.013446055325323603
0.013093274268787628
0.01275390939069803
0.01242106805289562
0.012078570826436215
0.011768444587358625
0.011445128449176079
0.011145251536462382
0.010848534817875118
0.010573894352428687
0.010310896780687296
0.01004914230868995
0.009726929765615748
0.009436754072574213
0.009167914411340763
0.008903035664754843
0.008645470180338819
0.008341424133859647
0.00825038938548481
0.008069896028328874
0.007862413175811966
0.007651138314341223
0.0074465064698768435
0.007261031382920395
0.007072389730373727
0.006908827044057758
0.006719992657277839
0.006538420770127674
0.006366341954146076
0.006181536536138717
0.006017580437939706
0.005933391998253426
0.005782631246331528
0.005639959256833915
0.005487492704976905
0.005295146096265621
0.005006410785578246
0.004813821000810303
0.004653693823925981
0.004516743355891247
0.0043800639842923724
0.004260326023720991
0.004138104194383207
0.003941635130087418
0.003791512782830629
0.0036292451898504645
0.0035043590913138817
0.003414911600025482
0.0033348414476887154
0.0032623374567807123
0.003200265558312978
0.0031336816490274903
0.0030691630862016823
0.002957804719262829
0.0028684037093495785
0.002782385036699468
0.0027093270636835217
0.002572809741456648
0.002471583288587179
0.0024418451381404663
0.00240047741848566
0.0023464331278028236
0.0022985219960862187
0.002239845809378439
0.002185138384796824
0.002125796581019848
0.0020794758530866026
0.0020280697407825308
0.001983921993592422
0.0019334259087853186
0.001884575334277446
0.001842606404942016
0.0017996206522699172
0.0017237051073346124
0.001585815391460418
0.001525743066450699
0.0014675473201302834
0.0014396816719513812
0.0014107193385117672
0.001386703783695069
0.0013519616604670468
0.0013155699747705472
0.001287350360985683
0.001261365885604315
0.0012139450838571256
0.0011740070932856985
0.0011483784359925728
0.0011159783343094637
0.0010843586009095449
0.0010599349603846767
0.0010188079149020437
9.89203523627881E-4
9.632505907064263E-4
9.427152027301363E-4
9.191332022521967E-4
8.979505567053143E-4
8.746329226333778E-4
8.649449492224035E-4
8.397282091520318E-4
8.091853644413572E-4
7.878653426354805E-4
7.663316561320421E-4
7.250119630962331E-4
7.026956206477556E-4
6.856419345251152E-4
6.77023864197926E-4
6.617479292190455E-4
6.4299057925625E-4
6.225255415594375E-4
6.042927621802707E-4
5.876091578906527E-4
5.699307411568711E-4
5.547970614018475E-4
5.407031419639179E-4
5.265635256942939E-4
5.079582374811322E-4
4.90803634735054E-4
4.7739530269770195E-4
4.658491664816369E-4
4.536476757284867E-4
4.419887964209645E-4
4.295031581420319E-4
4.199764812872722E-4
4.0617418159483084E-4
3.956919892815209E-4
3.856623227460497E-4
3.7572290749610625E-4
3.674399985389782E-4
3.57841142871494E-4
3.4780859031061356E-4
3.392433649283738E-4
3.449548995656784E-4
3.4084465072726285E-4
3.355047097926795E-4
3.2779073845994456E-4
3.192082376739408E-4
3.129449404386937E-4
3.073823838062966E-4
3.007957158189306E-4
2.946549218834103E-4
2.87780693268329E-4
2.800198589857577E-4
2.673948269687871E-4
2.584440582263902E-4
2.5122939905755225E-4
2.441102312171677E-4
2.3743763669350438E-4
2.3098343318984295E-4
2.2466455138687804E-4
2.1794386806430502E-4
2.125762670757242E-4
2.0679567363886348E-4
2.013592699751378E-4
1.9533107036882777E-4
1.8925215194705533E-4
1.827181225368953E-4
1.7662326682256534E-4
1.718178213423919E-4
1.676371832642684E-4
1.6417613113318432E-4
1.5975675448551548E-4
1.5457792546632977E-4
1.5001293026745718E-4
1.459470078613769E-4
1.4149167688367014E-4
1.3816271808381064E-4
1.339848757997105E-4
1.3004144129389575E-4
1.26612148724589E-4
1.2279599798564083E-4
1.2560524743845283E-4
1.2298189854521665E-4
1.2246250323622748E-4
1.2079424969080832E-4
1.1377696767313719E-4
1.0917817522433254E-4
1.0709079903034366E-4
1.040462005731719E-4
1.021220868097074E-4
9.886766332997453E-5
9.498610607655527E-5
9.146190810933774E-5
8.797104009889965E-5
8.43415249582627E-5
8.07499934484968E-5
7.706603841522727E-5
7.709652471766497E-5
7.374787864415553E-5
7.332650002251097E-5
7.009150524451246E-5
6.78349875374673E-5
6.750461173863694E-5
6.633825351068114E-5
6.4922966771283E-5
6.459948002335881E-5
6.292314019451986E-5
6.071749496280511E-5
5.9274591278946895E-5
5.755050790982239E-5
5.5163894130386335E-5
5.3930068824232155E-5
5.2270323856659005E-5
5.3619220377468325E-5
5.424404514660966E-5
5.2361230149354173E-5
5.188919070121452E-5
5.04500952196615E-5
4.87438628878588E-5
4.711529198886158E-5
4.544192547783451E-5
4.45685211495909E-5
4.4257438113864035E-5
4.372989447771671E-5
4.336055303411883E-5
4.129436583089544E-5
3.988364254553899E-5
4.056852080774908E-5
4.0725429048123093E-5
4.049905338808189E-5
4.0117572861593844E-5
3.942405668129421E-5
3.885049407829138E-5
3.819199621737345E-5
3.755208366708888E-5
3.6910534555196546E-5
3.625910405658317E-5
3.5415519514277855E-5
3.4660229960118564E-5
3.397257597331209E-5
3.3283026401230614E-5
3.2658006022543695E-5
3.148395315106242E-5
3.0509210032581065E-5
2.9646588041952457E-5
2.884292971805103E-5
2.8110427781597712E-5
2.7404226940636477E-5
2.6430528809884952E-5
2.557357273001864E-5
2.4775748073653542E-5
2.401681168540651E-5
2.3312305286581096E-5
2.260070846717727E-5
2.1975721742840015E-5
2.1359731323382756E-5
2.082743017792701E-5
2.0327731490393116E-5
1.9801658998395464E-5
1.938981481091391E-5
1.9023982292389028E-5
1.8399476877849866E-5
1.8088889479528034E-5
1.7869629235725317E-5
1.7592344347249445E-5
1.7365094947306003E-5
1.710962261181946E-5
1.681391897382522E-5
1.6247307910259923E-5
1.598033326287261E-5
1.518782948669065E-5
1.4663326716338567E-5
1.4149102098787996E-5
1.3650760749609624E-5
1.2893110960569009E-5
1.2837601152767312E-5
1.2260860008394012E-5
1.2241226550484686E-5
1.1978111767002625E-5
1.1786705078692817E-5
1.1439587135674892E-5
1.1807050498222312E-5
1.1607158411509825E-5
1.1423906647195741E-5
1.1022200176656537E-5
1.0269318152291761E-5
1.0265563452312052E-5
1.020992222628958E-5
1.0217071253199291E-5
1.0147732385227771E-5
1.0116115714483047E-5
9.943021992449855E-6
9.618337501208618E-6
9.322787561538315E-6
9.103140913354665E-6
8.879001531264574E-6
8.666691799016484E-6
8.3974340807111E-6
8.203222485127461E-6
8.080245977955766E-6
7.924810948406018E-6
7.751913490135893E-6
7.644828493327083E-6
7.471302323153425E-6
7.27947632899251E-6
7.094787610615007E-6
6.955144993163661E-6
6.837460175117326E-6
6.7430837563963155E-6
6.649795110891893E-6
6.469500260230113E-6
6.390697192914918E-6
6.3515744249262795E-6
6.159213399286034E-6
6.103663765475801E-6
5.881145440420346E-6
5.814637186260442E-6
5.593746774351651E-6
5.53667873689078E-6
5.314775265122138E-6
5.265149377673114E-6
5.042933138229476E-6
4.971566293417229E-6
4.997059782314421E-6
4.989437730244496E-6
5.022257438098826E-6
5.033396541935233E-6
5.058064989440764E-6
5.01581656192163E-6
5.100822217580808E-6
4.959439887414789E-6
4.818357732916487E-6
4.645700293106427E-6
4.477550307838601E-6
4.299458004056694E-6
4.1249277951034255E-6
3.947555075525877E-6
3.7745543308253396E-6
3.7816560103720974E-6
3.623973300527394E-6
3.6132263230663365E-6
3.4776312552538426E-6
3.3175866893752404E-6
3.1538123930282745E-6
2.983552763369258E-6
2.818463068143605E-6
2.653615829569801E-6
2.498084207814286E-6
2.346146524422274E-6
2.203717386844964E-6
2.1810576251977996E-6
2.070007918381529E-6
2.0551289444085134E-6
1.9607784026943084E-6
1.951705051174721E-6
1.9578094961765774E-6
1.9451436082889005E-6
1.938420283593874E-6
1.9304108343069955E-6
1.921349206884138E-6
1.9063008127944894E-6
1.8910225750312886E-6
1.8801090167183234E-6
1.8645992684716106E-6
1.8556352869970645E-6
1.8430151466019978E-6
1.823359726993392E-6
1.808391664096238E-6
1.7456580090483873E-6
1.7009128957665199E-6
1.656812829109064E-6
1.6142981312379437E-6
1.5738933108239606E-6
1.5353843448840723E-6
1.5008920337287845E-6
1.4666920615452186E-6
1.4361170005727952E-6
1.4084339588723803E-6
1.3841325625863371E-6
1.3938934330181222E-6
1.4216506506648512E-6
1.4725673741147443E-6
1.5423645419823198E-6
1.6274527511540354E-6
1.7366932934217986E-6
1.8624080950002454E-6
1.929528428730978E-6
2.0637756744347834E-6
2.1303760036676465E-6
2.178244970369673E-6
2.204911201955342E-6
2.2243690199021276E-6
2.2325318172042285E-6
2.4075252808594026E-6
2.506207104489111E-6
2.5930305967402712E-6
2.6503033782684942E-6
2.6975346867825177E-6
2.7604690318003086E-6
2.9486644585123743E-6
3.2342630203682524E-6
3.569859759694253E-6
3.7478992339483332E-6
3.826463029891439E-6
3.844876237574059E-6
4.088794392150272E-6
4.195399951817444E-6
4.303133627214497E-6
4.32765232946382E-6
4.2460675723883786E-6
4.397801287876489E-6
4.632604464823488E-6
4.9479221054673E-6
5.293698692822524E-6
5.709997191899134E-6
6.0414510337847805E-6
6.331537800527997E-6
6.554924767709996E-6
6.816540528368485E-6
6.957519551861981E-6
7.031423527857186E-6
7.12384070140905E-6
7.220590341400372E-6
7.316813697109068E-6
7.458496128942167E-6
7.49448632241363E-6
7.530376227674625E-6
7.490813935434831E-6
7.469193557740935E-6
7.401437711809585E-6
7.297698392237791E-6
7.2795215417409815E-6
7.256512202694079E-6
7.223636686865837E-6
7.170693100169928E-6
7.105030518882004E-6
6.626975531923776E-6
6.560338795228176E-6
6.212817711359865E-6
6.082459903309122E-6
5.991890299263971E-6
5.921619768030046E-6
5.805952757627487E-6
5.7178963838024875E-6
5.623525416882299E-6
5.400193970173983E-6
5.104149766113518E-6
5.088288688688955E-6
4.816101083937462E-6
4.5160611772941414E-6
4.225511736152427E-6
4.0006708490268815E-6
3.761075232346334E-6
3.5567632972520373E-6
3.3451517398140983E-6
3.1520735502761245E-6
2.9588307867008203E-6
2.776116681738827E-6
2.597770203429288E-6
2.4280702706451427E-6
2.2669746530392057E-6
2.1321300642831674E-6
1.9938208990247427E-6
1.8672501013444305E-6
1.7436753022370476E-6
1.628370680385823E-6
1.5187447737219332E-6
1.4158715263531644E-6
1.3197188501884469E-6
1.2504543493740678E-6
1.3041340375780558E-6
1.247888639058234E-6
1.285665908721846E-6
1.237094380183461E-6
1.2704416814387299E-6
1.2240318053968092E-6
1.2558608242809982E-6
1.2097046545196458E-6
1.2397102585675342E-6
1.1930852009987856E-6
1.2206624466868602E-6
1.267468354955367E-6
1.1974445188870492E-6
1.2392431343635952E-6
1.166784237458041E-6
1.090572962660359E-6
1.1378201602362883E-6
1.0714157753912451E-6
1.0319981238938386E-6
9.563534233125043E-7
8.99587166852815E-7
8.392990971913478E-7
7.873001404592871E-7
8.216292332387799E-7
7.726211643015508E-7
7.291311512011154E-7
6.843844249318875E-7
6.419119072446458E-7
5.991461851006354E-7
5.578888706779961E-7
6.185886471838061E-7
5.877150933679352E-7
6.039906446680622E-7
5.95640512650227E-7
6.018825820502087E-7
5.912493659592689E-7
5.991362519361138E-7
5.799020306355435E-7
5.869652702399837E-7
5.654453174267786E-7
5.708156821104108E-7
5.753230203911612E-7
5.581615054777395E-7
5.621933563448313E-7
5.695124821543183E-7
5.643906974820446E-7
5.576697991357129E-7
5.521524085258653E-7
5.443362480464825E-7
5.381642444239905E-7
5.410605655994122E-7
5.287028702188898E-7
5.250554994534613E-7
5.3389852513611E-7
5.212656022235325E-7
5.149064196375637E-7
5.068287815992398E-7
4.955458016128623E-7
4.833133274842587E-7
4.7126997797043785E-7
4.610000169460799E-7
4.520173104205457E-7
4.436838167941241E-7
4.366658291985858E-7
4.270653347019056E-7
4.1643519317581844E-7
4.1694966977861476E-7
4.10559415169073E-7
4.115937033119518E-7
4.175977230607938E-7
4.231016621077876E-7
4.3048117278294404E-7
4.228327216384124E-7
4.176240722025002E-7
4.134539119482722E-7
4.063516198403341E-7
3.9863725643399335E-7
3.916915568232443E-7
3.9413582170645824E-7
3.9293947866368195E-7
3.9041898806631025E-7
3.887844898845598E-7
3.8784801585023115E-7
3.873821476852581E-7
3.902986596751954E-7
3.944249977214808E-7
3.9675263415995976E-7
3.8692686215883624E-7
3.883794937166329E-7
3.908595013656673E-7
3.8833441294410456E-7
3.822158272274645E-7
4.3112511366585305E-7
4.5622341064846934E-7
4.792238160352684E-7
4.956084890050025E-7
5.090797252222504E-7
5.237060997051533E-7
5.453051229856866E-7
5.717433219510436E-7
6.057543413506507E-7
6.414134812333669E-7
6.903864646034373E-7
7.498445770135196E-7
8.142260069979126E-7
9.037747203119769E-7
1.314945245259469E-6
1.6002866853266994E-6
2.2031420296114706E-6
2.5777257549853042E-6
2.8714705181713886E-6
3.0982175200707936E-6
3.2760391099104837E-6
3.4270747253661587E-6
3.5819576326986347E-6
3.736586527327548E-6
3.905129126513681E-6
4.066147041286636E-6
4.177470349752918E-6
4.24010582804547E-6
4.207444214414723E-6
3.776050505733654E-6
3.757391071009712E-6
3.835453370758736E-6
3.9445835249705365E-6
4.0750751153055136E-6
4.173789358788933E-6
5.2239433965147414E-6
5.684745651394248E-6
6.015406767424285E-6
6.5034634923267055E-6
6.737830727301066E-6
6.817537788515641E-6
6.902409176916077E-6
6.984052861005443E-6
6.944862335871072E-6
6.9390314400587295E-6
7.024476309674129E-6
5.803641518335437E-6
5.911014080836095E-6
6.385435217683413E-6
6.924884491147869E-6
7.321510602703021E-6
7.728554193582702E-6
7.766746336274359E-6
7.978314885466435E-6
8.435612358354292E-6
9.002403314180994E-6
9.188331862616488E-6
9.896002320475946E-6
1.0081063865464494E-5
1.093354428414224E-5
1.1866580130863275E-5
1.2913400889517883E-5
1.3750278387898765E-5
1.4888372635298036E-5
1.6055010801661114E-5
1.6984161715413967E-5
1.7823238260685407E-5
1.8619046269508938E-5
1.9284691855505483E-5
1.8924677996906177E-5
1.9071408128085995E-5
1.9490618697931888E-5
1.9956724266756385E-5
2.0358697412241077E-5
2.0695046675931076E-5
2.0963893562027257E-5
2.120528620473879E-5
2.1406422399796504E-5
2.1615476756034288E-5
2.17079826712495E-5
2.155489027246647E-5
2.1804491678027333E-5
2.1167348278572427E-5
2.0847567112938406E-5
2.0745972039850272E-5
1.9417022065887007E-5
1.859541797999368E-5
1.7617683780622314E-5
1.6758531291383576E-5
1.6060046264759942E-5
1.5317506984341172E-5
1.4625015506026094E-5
1.3925217596831918E-5
1.3829584214863517E-5
1.3269919975617697E-5
1.322287609747063E-5
1.2673725912709026E-5
1.2648263966686272E-5
1.2093082838023602E-5
1.2086239475522983E-5
1.152687887405801E-5
1.153530967038049E-5
1.0975593623056958E-5
1.0996780835383223E-5
1.044084816588168E-5
1.0470842985131333E-5
9.92779130143483E-6
9.311891151460436E-6
8.74493333244938E-6
8.177379990533202E-6
7.667652415434204E-6
7.147049984334086E-6
6.664467511355764E-6
6.2136286364229255E-6
5.779324188474198E-6
5.883401387430683E-6
5.491672810247442E-6
5.138628857349014E-6
4.79242963601564E-6
4.466389712379409E-6
4.157913774089294E-6
3.859452351894203E-6
3.6010143968794045E-6
3.334882720944817E-6
3.7635556549145793E-6
3.4887469122601175E-6
3.4159338954525595E-6
3.168392806306487E-6
2.983156140650085E-6
2.739919989611069E-6
2.5364415135624656E-6
2.3232788119499205E-6
2.7090734080519537E-6
2.4831873222570717E-6
2.6490640482644003E-6
2.447816088560016E-6
2.5945134728069595E-6
2.416627296223822E-6
2.295062603472525E-6
2.403132283795604E-6
2.2672723899507504E-6
2.3774847433248396E-6
2.2409313270397125E-6
2.055111951584373E-6
2.2169993091377988E-6
2.042521652400435E-6
2.184504832474153E-6
2.0195786239068345E-6
2.142202294280726E-6
2.210412590082035E-6
2.285796281713451E-6
2.297708473963891E-6
2.280468646976257E-6
2.277353569286091E-6
2.3244697099919337E-6
2.1952751185580703E-6
2.218255597438573E-6
2.090267852220254E-6
2.1069277956572334E-6
1.9767521715348773E-6
1.990439167405082E-6
2.006436359931564E-6
2.026867424522917E-6
2.014428164135252E-6
1.9426716628247437E-6
1.910048344361294E-6
1.948640741935736E-6
1.943243702237057E-6
1.8546977739141487E-6
1.8236423469990363E-6
1.721079407898839E-6
1.6904408963400025E-6
1.6261338156838651E-6
1.589777568306718E-6
1.5110038253431009E-6
1.4831854651119527E-6
1.4044204650740964E-6
1.384672171972385E-6
1.4183505506500085E-6
1.4167192129475422E-6
1.4145705732780645E-6
1.4021969562724937E-6
1.3536023182405205E-6
1.3338399505530879E-6
1.3472844500197898E-6
1.3397389712258555E-6
1.3557997327249747E-6
1.348889463873818E-6
1.3428939256280283E-6
1.3294876267463611E-6
1.3088701530632947E-6
1.2741103382011187E-6
1.2424591091826065E-6
1.2184598950666998E-6
1.1941894002290123E-6
1.1664093269275654E-6
1.1493177469783726E-6
1.1383268862804713E-6
1.1341025395976024E-6
1.1425492041635115E-6
1.1645307507483873E-6
1.2018262122482964E-6
1.2509056170367692E-6
1.3171291285637915E-6
1.4051280085529472E-6
1.516655214475713E-6
1.655774066787679E-6
1.8372314254093265E-6
2.061207542218859E-6
2.321112502866073E-6
2.615204704440293E-6
2.94281602356042E-6
3.2805420439605653E-6
3.431137285722869E-6
3.6620858416517824E-6
3.9270506774677746E-6
4.2388966517821096E-6
4.5594993050531365E-6
4.872575029309197E-6
5.12226475457556E-6
5.368710633236009E-6
5.379128292595578E-6
5.3061017516817285E-6
5.17584872419457E-6
4.997469488025204E-6
4.989147393901872E-6
4.667459358054268E-6
4.679772087269867E-6
4.5906900750954695E-6
4.427530793694698E-6
4.232154890815508E-6
4.0092154988352E-6
3.7640212964320415E-6
3.513944773647909E-6
3.2678745946371014E-6
3.6206880838682096E-6
3.934821522637324E-6
4.0833702407369485E-6
4.066223399138707E-6
3.970917528518225E-6
3.797706441028197E-6
3.5997345683858316E-6
3.466285280461486E-6
3.2782861216508732E-6
3.0701631410639017E-6
2.867705233754949E-6
2.6584599731089886E-6
2.4513167206139043E-6
2.244729457672716E-6
2.058793171703764E-6
1.8817328010023022E-6
1.8020790415545594E-6
1.6385149395648473E-6
1.5091442637606881E-6
1.3981199574255672E-6
1.848340737011827E-6
2.129935808191761E-6
2.2181937125367113E-6
2.066220563418652E-6
1.893095495999253E-6
1.7440834950770426E-6
1.6610008095811664E-6
1.5989766667351356E-6
1.502703034478505E-6
1.4291576917551995E-6
1.2986192508779318E-6
1.1932026567240628E-6
1.1184039548657347E-6
1.0509005793246117E-6
1.0870137076928433E-6
1.0701721972594504E-6
1.057404861680283E-6
1.0121247592434717E-6
9.905464528154181E-7
9.570933554904533E-7
9.208404086801661E-7
8.997326567376227E-7
8.802720936533949E-7
1.0631201695295792E-6
1.115831913636709E-6
1.1694650113613222E-6
1.2047646360486673E-6
1.2103595326099214E-6
1.5538129768776611E-6
1.6198269103530477E-6
1.6842715937352586E-6
1.9548550061464886E-6
2.0233845184657427E-6
2.05781703911909E-6
2.4440657068660594E-6
2.5558235447240336E-6
2.6669857671278975E-6
3.2161877199390134E-6
3.1832057564162095E-6
3.484508600999552E-6
3.7572359942325145E-6
3.98646945767292E-6
4.17667900012552E-6
4.330854343589514E-6
4.426984982972691E-6
4.496525091187742E-6
4.1746402001599486E-6
4.14657654982486E-6
4.1211532306099895E-6
5.234235397607969E-6
5.812699399965455E-6
6.118807365020469E-6
6.298715840231493E-6
6.468304749317884E-6
6.6103969742464625E-6
6.738923705499057E-6
6.8414369014889415E-6
6.927074629119846E-6
6.996078525489081E-6
6.632022038850744E-6
6.220203157935769E-6
5.981325217385152E-6
5.944863450740931E-6
5.9527984660878154E-6
5.694073072656104E-6
5.372420542728E-6
5.2116372986959695E-6
5.117715981515271E-6
5.028763479264207E-6
4.916407865141207E-6
4.780094964382935E-6
4.676913365156251E-6
4.575789969122284E-6
4.514298393765994E-6
4.452584058781525E-6
4.360779837620642E-6
4.299207734098762E-6
4.244602524208593E-6
4.20233429479536E-6
4.172672208178098E-6
4.1500876786682555E-6
4.101025081727524E-6
4.05527447763024E-6
4.0127572004612676E-6
3.8253143850560876E-6
3.610504381875428E-6
3.3629369531591432E-6
3.2216445464393867E-6
3.024635610043003E-6
2.9441002260559885E-6
2.764361811004249E-6
2.559867402703445E-6
2.344646925968463E-6
2.6683068920555865E-6
2.8469673503807463E-6
2.903885968310521E-6
2.729221776552954E-6
2.5980594868185387E-6
2.522523626286209E-6
2.5451266740165167E-6
2.462040477842925E-6
2.3642484288550337E-6
2.3914413456853823E-6
2.48983165752197E-6
2.648008582566083E-6
2.8595474121499413E-6
2.9380979081045233E-6
3.1867526505330477E-6
3.4951606091200052E-6
3.886299896900583E-6
4.022775118210374E-6
4.413604971649047E-6
4.96083559577002E-6
5.605528402897361E-6
6.328777123054177E-6
6.665444334368377E-6
7.279867728064829E-6
8.032637875796007E-6
8.8624585478488E-6
8.93604828470309E-6
9.798435995171835E-6
1.0742009707746053E-5
1.0638585137233404E-5
1.1545984102368008E-5
1.2243066139800836E-5
1.1883392769924608E-5
1.1758347960269757E-5
1.1623649987709808E-5
1.1552496741397451E-5
1.1567803066314067E-5
1.1879453024863246E-5
1.3677271310363742E-5
1.443252208888E-5
1.5322254022837826E-5
1.5618629295528778E-5
1.3771351555821778E-5
1.403429905422786E-5
1.4208628430474553E-5
1.4714669863422203E-5
1.4998498177093737E-5
1.521157538885312E-5
1.5419662137933908E-5
1.525954928373474E-5