
0.0
5.607134745609263E-7
4.582693794424533E-7
2.832863773230167E-7
1.019183563780387E-6
0.006156583050498196
0.0015600179195231548
0.007086996252393598
0.003028124794420721
0.007129807158366167
0.004201632633899338
0.007307305781489296
0.005114588510968408
0.007426844488153274
0.005545954556447499
0.008266636436105534
0.005801397966480559
0.00734624652014297
0.005302799713435557
0.007505419012332713
0.005025586441125342
0.007417664767206653
0.004664686127275911
0.0069970818444701375
0.004225057917777705
0.006354492718936883
0.0037530109310096506
0.005617714817027583
0.004321225775399196
0.005701263400195621
0.0036505421113575834
0.004787657477650912
0.002960143751529458
0.002996866849309368
0.002610131505750489
0.002415320314645359
0.0021514169411308744
0.0019516663392209208
0.001682139998564086
0.0015131833226396717
0.0014349247874350483
0.0014500741358180948
0.0014185715516916945
0.0012367686610359043
0.001217782799046531
0.0012482441021606648
0.0012294609588071627
0.0011253056005097327
0.001082238062491936
9.980309217575937E-4
9.530066589630344E-4
8.799725059522725E-4
8.398082614604742E-4
6.800503013455107E-4
6.291562617366779E-4
5.076678063182066E-4
4.219217210536605E-4
3.4804874130553643E-4
3.2795821704526365E-4
2.7335255080020946E-4
2.589123438161429E-4
2.1941323184957584E-4
2.1160548402607906E-4
1.8184489963674999E-4
1.5781210824437054E-4
1.3615288295352473E-4
1.396877721799078E-4
1.2109732121567045E-4
1.2716507724500845E-4
1.3222312370949853E-4
1.371595210130788E-4
1.4663342971566997E-4
1.4713390307507612E-4
1.1986487350248916E-4
1.1488334727465641E-4
1.1560069593387859E-4
1.13725586650099E-4
1.11732709735415E-4
7.913853333041104E-5
7.331898069546453E-5
5.749431064869681E-5
4.840638884146461E-5
3.8733553267359474E-5
3.787448707434138E-5
3.182993472229454E-5
3.221119795252178E-5
3.078196954750438E-5
2.6419697350169806E-5
2.6150419549759197E-5
2.21768559594075E-5
2.1622330599612546E-5
1.8403685354220322E-5
1.6273847254331988E-5
1.4308630691274892E-5
1.4035873132293467E-5
1.2650235545864168E-5
1.2748108251365366E-5
1.2967700011010562E-5
1.313524246287485E-5
1.1810656312313426E-5
1.0526952363885147E-5
9.360540635904875E-6
9.163381960768263E-6
9.135273780213886E-6
9.12041619285656E-6
9.229152673662542E-6
9.133688021943834E-6
7.916158570264998E-6
7.659222942289518E-6
6.456872903407122E-6
6.233522774481513E-6
6.164572672339959E-6
5.847332422667631E-6
5.612386318620034E-6
5.383188349502384E-6
5.227682228759335E-6
4.913634949621576E-6
3.9140900707857214E-6
3.5692672556270502E-6
2.8023231158867003E-6
2.6049919914226134E-6
2.1186831688211524E-6
1.716781372720957E-6
1.724223913329291E-6
1.6960332083962603E-6
1.7385811309541362E-6
1.580303056016887E-6
1.5344783004833159E-6
1.3786941894080706E-6
1.2401450824286387E-6
1.0658999796375315E-6
9.534942260522304E-7
8.954577106686787E-7
7.801099554503968E-7
7.469533786718552E-7
6.584489409791453E-7
5.51807378335246E-7
5.814676006350253E-7
5.806883831949951E-7
6.213909788833466E-7
6.307864851223729E-7
6.240798259230423E-7
6.119250061181718E-7
4.941315514946329E-7
4.786560274833345E-7
3.814818301736198E-7
3.7228827563882055E-7
3.057810708738886E-7
2.816521497924429E-7
2.408760495081521E-7
2.37415963425303E-7
2.070904137784533E-7
2.0856645586108954E-7
1.8301695026858876E-7
1.8599499166794788E-7
1.630036159505242E-7
1.6645755986899104E-7
1.453116468827634E-7
1.4886018921671684E-7
1.6525526776766662E-7
1.754140896017068E-7
1.9227706632641185E-7
1.3098909989627518E-7
1.1352063312181814E-7
8.874151358811773E-8
9.043715987020352E-8
7.375729541446306E-8
7.272552879967639E-8
6.804800168856835E-8
6.906696811257152E-8
6.470488818802534E-8
6.429830076928886E-8
5.6833996304266943E-8
5.560317680774579E-8
5.515484981133813E-8
5.5211342930194384E-8
5.491365350883383E-8
5.4472962432297573E-8
5.360765955004022E-8
4.328051070232286E-8
4.089559198997039E-8
3.2161351622928135E-8
3.0548852990369157E-8
2.4379668901031788E-8
2.0473878203230173E-8
1.980711945938999E-8
1.6606884827011974E-8
1.403232172978849E-8
1.212867344146531E-8
1.2185474720939098E-8
1.1211482827864358E-8
1.1543342146882605E-8
1.177448197933832E-8
1.2063506981432725E-8
1.09199276746854E-8
1.1015763170414004E-8
9.643311781683218E-9
9.662652471224015E-9
8.42174188117761E-9
7.3788348912236565E-9
6.404132923717778E-9
5.600183063744376E-9
5.003133503647627E-9
4.4626388872076575E-9
4.3162972881754615E-9
4.300187979549465E-9
4.322346206155141E-9
4.011018758262992E-9
4.213581776388143E-9
3.811526408325773E-9
3.3771637131903047E-9
2.9925292672559136E-9
2.6908578244721348E-9
2.3925336950340966E-9
2.122715323719332E-9
2.248512220146264E-9
2.2557462937982905E-9
2.325442691617639E-9
2.0383949056882547E-9
2.0706519950397832E-9
1.7748242831889443E-9
1.8158100416147562E-9
1.536491273428282E-9
1.2962766904048476E-9
1.0792299118000823E-9
8.979016797850711E-10
9.155178823563973E-10
7.950793830362128E-10
8.309652395882379E-10
8.033149366368712E-10
8.073942177263304E-10
7.687158438942797E-10
7.717736248335983E-10
6.604081053292456E-10
6.606961206955025E-10
5.573982020563045E-10
5.605204077803374E-10
4.704025535000834E-10
4.748240283472865E-10
3.974133995227383E-10
4.0222182627105276E-10
3.405421731987716E-10
3.290698674383493E-10
3.243164594928181E-10
3.1912333735128105E-10
3.244790935276351E-10
2.6486402889464306E-10
2.646510846704911E-10
2.1208816229148917E-10
2.1499490134357968E-10
1.7216009507316773E-10
1.7620033269687238E-10
1.8198422100672963E-10
1.4076313457680186E-10
1.487232399305881E-10
1.1631067182290993E-10
1.2172431807995923E-10
9.551212070440787E-11
9.914247898407465E-11
7.807496143359418E-11
8.067863851393711E-11
6.380399548315383E-11
6.58265256093766E-11
5.229933852063709E-11
5.3969664203898853E-11
4.307871426703872E-11
4.450466949397919E-11
3.568091370840756E-11
3.691948619671937E-11
4.00414440596103E-11
4.096969366614787E-11
3.256892708926443E-11
3.1332278898101036E-11
3.217530383779518E-11
3.060547243442004E-11
2.4999166046120477E-11
2.125217750763461E-11
1.755432269114207E-11
1.3955514503775928E-11
1.3235038276189336E-11
1.0725499545467505E-11
1.0638626757772456E-11
8.798119178708153E-12
8.883291566567543E-12
7.47942757717448E-12
6.5862178835166316E-12
6.373340177612203E-12
5.6047667760649384E-12
4.832672076016869E-12
5.060062700115682E-12
4.340241592213427E-12
4.623912326431163E-12
4.857614132436996E-12
4.054430487830024E-12
4.287552949995219E-12
4.574879071703024E-12
3.5572922280080748E-12
3.768485561261405E-12
2.8993034942968162E-12
2.400369034753419E-12
1.944617409637919E-12
1.9919396841969554E-12
1.8499096212163865E-12
1.765365996769685E-12
1.692875136630634E-12
1.5187548267034199E-12
1.5278822170442635E-12
1.3682104251411051E-12
1.3651521433277188E-12
1.4160869622010158E-12
1.403984232188824E-12
1.222617449679097E-12
1.2132635217271442E-12
1.0091144191649075E-12
1.0022329210250604E-12
8.225504157870395E-13
6.525667803744091E-13
6.879700643054135E-13
5.413525369274783E-13
5.8738121493834E-13
6.027281366809455E-13
6.351845889672628E-13
5.041202670848101E-13
5.2599488878487E-13
5.395360529215423E-13
5.508583134550551E-13
4.2883107107325374E-13
3.7539362036583083E-13
2.9925281455665774E-13
2.7573051828986006E-13
2.2838978753576696E-13
2.1856986053204384E-13
1.8505797538403083E-13
1.7995516589171426E-13
1.533125989386481E-13
1.5012071238898665E-13
1.281204255611151E-13
1.0886939720500806E-13
1.0962311881660548E-13
1.0923655898389971E-13
1.1083003011990652E-13
9.258426449808897E-14
9.241225105349868E-14
9.325907757949215E-14
7.361287588389668E-14
7.377308654550245E-14
5.804342244293909E-14
5.839917720419305E-14
4.6541839328511967E-14
4.7237511627388306E-14
3.8201465125608674E-14
3.909622821475602E-14
3.2016642856154196E-14
3.2991880965527267E-14
2.7268900999554293E-14
2.2230491665701934E-14
1.9181548956197875E-14
1.9077813775349058E-14
1.701188671037958E-14
1.8341316184020906E-14
1.6744882129736703E-14
1.7905123093940877E-14
1.702612124535411E-14
1.800432522551857E-14
1.5991247476516017E-14
1.6526061285871548E-14
1.4162553771800678E-14
1.4449777477523936E-14
1.487307584312749E-14
1.4537290128704994E-14
1.383872438178846E-14
1.369451814255874E-14
1.2843857560870314E-14
1.2535440056078263E-14
9.940098070425243E-15
8.094198714126244E-15
6.5226671219221216E-15
6.279591119117063E-15
6.185946763840727E-15
6.066614629402522E-15
4.9688969816153454E-15
4.848462407187434E-15
3.9602001723557595E-15
3.5292232991513572E-15
2.9459335797594636E-15
2.7947357562050325E-15
2.3906757010216538E-15
2.3459891009245736E-15
2.04087988034398E-15
2.0330099293198965E-15
2.0786144056327123E-15
2.0863695110933578E-15
1.8245665584958894E-15
1.6165783912952288E-15
1.3939725414008292E-15
1.3665332339912673E-15
1.3154103169584505E-15
1.2933030337663335E-15
1.119549282739104E-15
1.098413652549916E-15
9.32826226492089E-16
7.977848629133196E-16
6.736724685971117E-16
6.888778882076276E-16
5.880987126842817E-16
6.155937624884555E-16
5.211612406090448E-16
5.459060723270294E-16
5.590608158048611E-16
5.769198072744552E-16
4.882260672523276E-16
4.851436153279576E-16
3.992237590331093E-16
3.9361012641610095E-16
3.228937748692918E-16
3.191696145459815E-16
2.6310448923909465E-16
2.218691407880789E-16
1.8775984229132265E-16
1.8478754210720236E-16
1.5998225309615986E-16
1.6388544537003852E-16
1.4379919424988643E-16
1.4824444597093553E-16
1.5970845713806824E-16
1.3020066326341632E-16
1.2000624190452367E-16
1.0079192009921464E-16
8.912554954639045E-17
8.970057710297904E-17
9.480294542282495E-17
7.906112253197794E-17
8.33204671065029E-17
8.708216021527122E-17
9.193878156158107E-17
7.269319112257115E-17
7.44123489918965E-17
5.78033591801244E-17
5.931113267184545E-17
6.093561060628573E-17
6.23837712872962E-17
4.743439950668683E-17
3.971776315775302E-17
3.176613140050673E-17
2.602226309610714E-17
2.1601591467806097E-17
1.9494314830369286E-17
1.8778141229424236E-17
1.8596063063603384E-17
1.8331069875328357E-17
1.715086882893627E-17
1.6973128289538326E-17
1.5480703989655457E-17
1.3391986878791642E-17
1.3811673767871613E-17
1.186846393900016E-17
1.2413252381341154E-17
1.0517987005286159E-17
1.1008132681032006E-17
9.214484094454698E-18
9.635823629305206E-18
7.994039770419949E-18
8.35846467919816E-18
6.889604180017314E-18
7.206835592794575E-18
7.651422608764653E-18
7.893568929962834E-18
8.484567778294942E-18
6.268444984111649E-18
5.2771723603598E-18
5.120089897469665E-18
4.027981971779612E-18
4.099554774089122E-18
4.322592572829846E-18
4.4263325207412606E-18
3.357493577394846E-18
3.380745002926184E-18
2.5305538561624548E-18
2.5520900230502048E-18
1.9394764613560807E-18
1.9742369159839022E-18
1.5290006051645497E-18
1.5720751464497847E-18
1.238670610820046E-18
1.2843541829119341E-18
1.0258631462117513E-18
1.070670285768306E-18
1.186716227301124E-18
1.2310269970414584E-18
1.015885196297635E-18
8.758938515027637E-19
7.021851815569074E-19
5.911533470252703E-19
4.912301066990417E-19
4.644386865753912E-19
3.999881239565856E-19
3.928531566723788E-19
3.4569106502300073E-19
3.4972423826431874E-19
3.0916898175646646E-19
2.750891599837257E-19
2.444180046482633E-19
2.210048157170173E-19
1.9921361078310075E-19
1.9481374429584212E-19
1.939329737696E-19
1.9887170867896907E-19
1.8124432295175608E-19
1.8805188222845497E-19
1.6717034792982602E-19
1.726900524264166E-19
1.7911809296965775E-19
1.5209857651139377E-19
1.322057863027506E-19
1.113664990270634E-19
1.1278502455712451E-19
1.1578154732136734E-19
9.729318524774832E-20
8.359585624614638E-20
8.795540343920041E-20
7.28586890865452E-20
7.831202756673306E-20
8.401907349828073E-20
9.208701265201438E-20
9.869969008317757E-20
7.314137516105284E-20
7.549791606048139E-20
7.678917870082459E-20
5.488288527480293E-20
5.636689255620046E-20
4.035957230402758E-20
4.2229754822951537E-20
3.08237077099178E-20
2.4821983052820364E-20
1.9428173048649547E-20
2.0018199730938834E-20
1.7574681615603693E-20
1.6492138307849948E-20
1.4214141923669727E-20
1.4419122072529086E-20
1.2556419819980575E-20
1.2847607670206805E-20
1.2500368137294763E-20
1.2798721402792645E-20
1.2621903346898817E-20
1.299164609794061E-20
1.0649246536445732E-20
1.0730759172827555E-20
8.632204108030408E-21
7.349513891113137E-21
7.33996007113329E-21
6.066758267092656E-21
6.254642904961685E-21
6.527523391648202E-21
6.7346441116311216E-21
5.728871402180456E-21
5.204466666004344E-21
4.76099871825229E-21
4.159792471197364E-21
3.859640670016875E-21
3.3194761983922096E-21
3.114758432742967E-21
2.6580392800851308E-21
2.5183907558350557E-21
2.1419973307571173E-21
2.04689024514495E-21
2.059072821488809E-21
1.9425150698473034E-21
1.7960190963534864E-21
1.700084087156407E-21
1.5643073599776798E-21
1.4611297225876744E-21
1.3294622033561086E-21
1.238531741649241E-21
1.122240538156411E-21
1.118600395189908E-21
9.824666109572358E-22
9.378118429299032E-22
8.538576297966062E-22
8.013427066180196E-22
7.310922112944103E-22
5.771335288077542E-22
5.185806928214937E-22
4.954055867322384E-22
4.520732290454791E-22
4.322796335976854E-22
3.9555646305452363E-22
3.5713018677997264E-22
3.1990510976259557E-22
2.9173919505454628E-22
2.625272639081864E-22
2.419454566182988E-22
2.197493071218025E-22
2.05616619956144E-22
1.8994477554879399E-22
1.519789660083161E-22
1.406605297445932E-22
1.1544635126184897E-22
1.09519474578918E-22
1.0892435708518675E-22
8.960193570736309E-23
9.061729206898682E-23
7.6957464109526E-23
7.874565355973885E-23
7.93303504588715E-23
8.164898539400343E-23
8.385150957984377E-23
8.542085120178955E-23
8.888513525426314E-23
7.662617300679322E-23
7.665338000733938E-23
6.724051732751171E-23
6.644504950614338E-23
5.870555963563272E-23
5.834261573076413E-23
5.21891651631785E-23
5.220137531716175E-23
5.348312252446364E-23
4.7166221830971947E-23
4.853263397372467E-23
4.2979772465135794E-23
4.087331545536552E-23
4.1138920943089115E-23
3.808981804142046E-23
3.5257455728607215E-23
3.73949734285147E-23
3.466227903581262E-23
3.728371900681021E-23
4.098070634614376E-23
4.424509551856756E-23
4.482396056126704E-23
3.9463772142380285E-23
3.913482449573274E-23
4.183418475036499E-23
4.332380508723823E-23
3.216974217995853E-23
3.266485440814465E-23
2.4981876470615054E-23
2.5658270279671254E-23
2.0495751232392558E-23
2.136516721319609E-23
1.771710400384018E-23
1.8666082094946066E-23
1.5890439292513178E-23
1.6858678825412482E-23
1.4568022929575256E-23
1.5529839483295104E-23
1.350587261083423E-23
1.44482525517386E-23
1.2579044186530964E-23
1.0748633570896902E-23
9.953630377725174E-24
1.0558354416420917E-23
1.0107598296593249E-23
1.0784037845307503E-23
1.011174618871956E-23
1.1060366854908586E-23
1.0173410825352431E-23
1.1044464782641846E-23
9.937564400913569E-24
1.0668907878947986E-23
9.441522509488568E-24
1.0068218308769713E-23
1.0577623407820994E-23
1.120276132447791E-23
9.696507783309822E-24
9.595328694519428E-24
8.160616410379906E-24
8.108170868045108E-24
6.98905477601204E-24
6.153865220456446E-24
5.42727319233424E-24
4.7625834315150516E-24
4.324949588180902E-24
3.829842313332735E-24
3.4987145953747326E-24
3.1626285141466014E-24
3.0326300323615627E-24
2.7478437627968848E-24
2.6244325750609748E-24
2.370060708991809E-24
2.2915993725759683E-24
2.0621651547970687E-24
2.1640503181689305E-24
1.9199308101811144E-24
2.008977477051809E-24
1.7727066257106283E-24
1.858994387118424E-24
1.6487122297140283E-24
1.7438976122169518E-24
1.5363946373485323E-24
1.6337014366015087E-24
1.4329302287317382E-24
1.5273377514225516E-24
1.3355082241996618E-24
1.42442955239524E-24
1.242017740901906E-24
1.32374389654859E-24
1.152219814708448E-24
1.1525277370716938E-24
1.2326662155625841E-24
1.255287752374142E-24
1.1560547032138058E-24
1.1569298759865297E-24
1.0248284465656292E-24
1.0280445167607066E-24
8.988667735037672E-25
9.018731408119561E-25
7.811265559897401E-25
7.821473472700032E-25
6.732957541860999E-25
6.728183627769997E-25
5.770252671600908E-25
5.756744482853448E-25
4.925756783931446E-25
3.6014086398492286E-25
4.309019558980498E-25
3.0921228962291623E-25
3.33195447107677E-25
2.9725735239462356E-25
2.697221133375244E-25
2.5347997857465886E-25
2.6918505395435107E-25
2.156083320149911E-25
2.2548194857086217E-25
1.8004816134247511E-25
1.9030953929062217E-25
1.9906242947115934E-25
2.1022471595727054E-25
2.1988403133996006E-25
1.6599319912919467E-25
1.7287509297726805E-25
1.3015772478592731E-25
1.38231192493775E-25
1.0534513685439801E-25
1.126938260560332E-25
1.1804637412610696E-25
8.907597186699118E-26
9.277435162061754E-26
9.498815738495981E-26
9.99052943032806E-26
7.448904511795092E-26
7.665624315061287E-26
5.752103549959516E-26
5.96077315887103E-26
5.286701715445134E-26
5.416036030271037E-26
5.008514797441226E-26
1.119720469041271E-24
1.9660547134994646E-24
3.078414781966786E-24
4.1563277561948344E-24
5.11784068585166E-24
6.333336890157999E-24
6.73667822829446E-24
7.732846897783285E-24
8.886902359819496E-24
9.870713556614536E-24
9.312097147076113E-24
9.926384196950642E-24
8.993322713753426E-24
9.422768552627508E-24
8.336655524009908E-24
8.655293669653711E-24
7.55369300965352E-24
7.808267950024383E-24
6.759227912705368E-24
6.974802806971046E-24
7.755252506763134E-24
7.988355109531386E-24
7.12817151315129E-24
6.692643517080105E-24
6.346178493884204E-24
6.4083877403123734E-24
5.4602730619943806E-24
5.495186668333039E-24
4.654050553555905E-24
4.686725151007006E-24
4.6430673487488584E-24
4.6782830491486E-24
3.893929429568884E-24
3.381753028673781E-24
3.2852421764565545E-24
2.772822600544451E-24
2.737865705654829E-24
2.380859226418029E-24
2.054082641881535E-24
1.784571889525861E-24
1.7636435591935094E-24
1.5511813395016457E-24
1.5835125029359156E-24
1.4009146628419875E-24
1.4440811910413035E-24
1.2717197121618623E-24
1.1532819366609479E-24
1.0303494571634956E-24
1.0221448701874612E-24
9.259046450347193E-25
9.42229492433856E-25
8.486202903586242E-25
8.711986000186381E-25
9.27461894842314E-25
9.536110202689136E-25
1.0536166843510178E-24
1.714921790304545E-24
2.0700809973623127E-24
2.916041207217316E-24
3.355380685446349E-24
3.5639618928616636E-24
3.713930243482113E-24
3.773909666374915E-24
3.7473247448638295E-24
4.014113069940131E-24
3.838309738715187E-24
3.539250278107612E-24
3.334806047695921E-24
3.537242414751453E-24
3.310030270843427E-24
3.5843048132241125E-24
3.3007217858699655E-24
3.594286141516226E-24
3.2734078965075008E-24
2.766919899394009E-24
2.5060073753055816E-24
2.645438927049116E-24
2.3868957296219757E-24
1.9874296597650775E-24
2.4059303742319167E-24
2.4518308821439568E-24
2.2166951061360867E-24
2.4510549252556243E-24
2.0888388426814702E-24
2.372678769197709E-24
2.195863622113927E-24
2.0746150736043575E-24
1.954992936853631E-24
2.080028517824669E-24
2.077278513068825E-24
1.8270919863208595E-24
1.4759877911216242E-24
1.626129741374245E-24
1.3059809123235771E-24
1.4504790378481097E-24
1.1535496043111247E-24
1.2806183376142786E-24
1.0143682851746599E-24
1.1233871396558645E-24
8.866756805305115E-25
7.093651101410043E-25
5.760623839134718E-25
6.202820134919382E-25
5.019666294569154E-25
5.678047361524528E-25
4.564996032488672E-25
5.203938030294447E-25
4.155122937568359E-25
3.3480557528694193E-25
2.7484208505286614E-25
2.4618223524404798E-25
1.874309880040188E-25
1.6663567018689748E-25
1.7668657755164897E-25
1.9404133341554013E-25
2.030143453998987E-25
1.8508073391811692E-25
4.585564428185198E-25
6.601700312224258E-25
7.967884080365124E-25
8.940560804427256E-25
9.14161309559134E-25
1.0129501937681779E-24
9.782392495219907E-25
1.0595001851772838E-24
9.782989019511627E-25
1.0398531778662534E-24
9.384794565957584E-25
1.0046011751378973E-24
8.995295852279E-25
9.711369006590088E-25
8.63490364771495E-25
7.734071815511745E-25
6.893426587097546E-25
6.543350769288937E-25
6.523286981238317E-25
6.184784407258403E-25
6.308896555435508E-25
5.923673167613146E-25
6.107335276793767E-25
5.688540979923129E-25
4.545884969878745E-25
4.163542196272912E-25
3.9878117120595633E-25
3.8210712429610142E-25
3.2818564398491693E-25
3.0363964809475254E-25
2.987271518019717E-25
3.035856331573538E-25
3.01681677428624E-25
3.025211427092278E-25
2.974668575102169E-25
2.940083775629039E-25
2.9870729292791136E-25
2.9514489838893884E-25
3.0346980903489918E-25
2.996490446644347E-25
3.1113622139767365E-25
3.071662547310594E-25
3.204745401417766E-25
3.152651837837572E-25
3.299850261698298E-25
3.232031068606897E-25
2.9785864275910276E-25
2.892908592900402E-25
2.7688299986932832E-25
2.677332809185823E-25
2.759858418499665E-25
2.6583860635694883E-25
2.723739979378557E-25
2.6441611275894514E-25
2.7670804528571045E-25
2.6735640328394003E-25
2.996128091202021E-25
2.9924269644927265E-25
2.986131423941393E-25
2.9935050242431783E-25
3.18841121366574E-25
3.116106955531481E-25
3.2949604747814164E-25
3.1705281495158896E-25
2.9163736752452404E-25
3.2668150812214233E-25
2.9237098366625653E-25
3.353441576217819E-25
3.6543946402036244E-25
3.2960570017200503E-25
2.9607754951114256E-25
2.637206593511948E-25
2.539082986886265E-25
2.271040169466759E-25
2.1515669338646913E-25
1.9267814166193424E-25
1.8445014997243985E-25
1.6890265308874555E-25
1.7537046859782995E-25
1.6222809068270185E-25
1.7045084048162432E-25
1.579776810112032E-25
1.7237350755177902E-25
1.6344000367995338E-25
1.7954252258626717E-25
1.709974712369862E-25
1.867389672309857E-25
2.015763873547077E-25
2.1453829544404945E-25
2.2068057444124375E-25
2.0846086632799004E-25
2.14707670955817E-25
2.356947231568731E-25
2.04160583005663E-25
2.2294472581642995E-25
1.8902100035889928E-25
2.086661372175245E-25
1.7529802657557367E-25
1.9432001539818402E-25
1.62314956984914E-25
1.4425261349658744E-25
1.2025051971860984E-25
1.0436649006742036E-25
1.1268735281011405E-25
9.671818888152079E-26
1.0913676483932817E-25
9.264483434383695E-26
7.933707714372073E-26
6.819782732086147E-26
5.731336733262568E-26
4.9873360667267483E-26
4.410376890996674E-26
3.8760858350364923E-26
3.586894675287965E-26
3.2851410415413265E-26
3.1897750326765534E-26
2.9843420797227915E-26
3.229232064675189E-26
2.993710978287744E-26
3.49776432765684E-26
3.806159802981753E-26
3.77809751912188E-26
4.2516196227800626E-26
4.112080003432653E-26
3.944398178055793E-26
3.785083296134762E-26
4.068778662510645E-26
3.9547182410900076E-26
4.2523224017074076E-26
4.0546704562678634E-26
4.426439798626394E-26
4.808871807142565E-26
4.5558419329818526E-26
4.996110981389132E-26
4.592889089432527E-26