
0.0,0.0,0.0,0.0,0.0,0.0,0.0,0.0,
0.0,0.0,0.0,0.0,0.0,0.0,0.0,0.0,
0.0,0.0,0.0,0.0,0.0,0.0,0.0,0.0,
0.0,0.0,0.0,0.0,0.0,0.0,0.0,0.0,
0.0,0.0,0.0,0.0,0.0,0.0,0.0,0.0,
0.0,0.0,0.0,0.0,0.0,0.0,0.0,0.0,
0.0,0.0,0.0,0.0,0.0,0.0,0.0,0.0,
0.0,0.0,3.059570342060922E-10,3.790957088703978E-12,0.0,0.0,0.0,0.0,
0.0,0.0,7.237556759398151E-8,2.1559929523009668E-8,0.0,0.0,0.0,0.0,
0.0,0.0,8.323217647097604E-8,2.8699778859195292E-8,0.0,0.0,0.0,0.0,
0.0,0.0,0.002034810355644927,7.350700756357455E-4,0.0,0.0,0.0,0.0,
0.0,0.0,0.0017937398348756774,7.350700756357455E-4,0.0,0.0,0.0,0.0,
0.0,0.0,0.002374053922062615,0.0011994069788034286,0.0,0.0,0.0,0.0,
0.0,0.0,0.0031699876966585464,0.0016369423881969025,0.0,0.0,0.0,0.0,
0.0,0.0,0.0033227688363251314,0.0016369423881969025,0.0,0.0,0.0,0.0,
0.0,0.0,0.003297615429620863,0.0022600947115086543,0.0,0.0,0.0,0.0,
0.0,0.0,0.003474357490440898,0.002556671723451383,0.0,0.0,0.0,0.0,
0.0,0.0,0.0035138169765649555,0.002556671723451383,0.0,0.0,4.550883118744083E-4,0.0,
0.0,0.0,0.00357096620927981,0.0029831036159758562,0.0,0.0,4.550883118744083E-4,0.0,
0.0,0.0,0.004040372507413818,0.002997311075955873,0.0,0.0,4.550883118744083E-4,0.0,
0.0,0.0,0.0038396111602938166,0.002778915767862325,0.0,0.0,4.550883118744083E-4,0.0,
0.0,0.0,0.0038735071332688725,0.0029866058395424,0.0,0.0,4.550883118744083E-4,0.0,
0.0,0.0,0.0042803242803184085,0.0031990009961288864,0.0,0.0,4.550883118744083E-4,0.0,
0.0,0.0,0.0048092899194340025,0.004103625073748256,0.0,0.0,4.550883118744083E-4,0.0,
0.0,0.0,0.004856359323189904,0.004176876637939547,0.0,0.0,4.550883118744083E-4,0.0,
0.0,0.0,0.006011384495485611,0.004626802004720578,0.0,0.0,4.550883118744083E-4,4.6431617357672417E-4,
0.0,0.0,0.0061679868173450045,0.004718428429937127,0.0,0.0,4.550883118744083E-4,4.6431617357672417E-4,
0.0,0.0,0.006293264519981058,0.005206661334130118,0.0,0.0,4.550883118744083E-4,4.6431617357672417E-4,
0.0,0.0,0.005535416105466665,0.004858473313009464,0.0,0.0,4.550883118744083E-4,4.6431617357672417E-4,
0.0,0.0,0.005651841205405074,0.004998614248473448,0.0,0.0,4.550883118744083E-4,4.6431617357672417E-4,
0.0,0.0,0.00669287120930384,0.005466259636925427,0.0,0.0,4.550883118744083E-4,4.6431617357672417E-4,
0.0,0.0,0.005844076288349461,0.005285304285776754,0.0,0.0,4.550883118744083E-4,4.6431617357672417E-4,
0.0,0.0,0.005619675494026071,0.005123671848811337,0.0,0.0,4.550883118744083E-4,4.6431617357672417E-4,
0.0,0.0,0.005619675494026071,0.005123671848811337,0.0,0.0,4.550883118744083E-4,4.6431617357672417E-4,
0.0,0.0,0.005986497005507307,0.004410695788992737,0.0,0.0,4.550883118744083E-4,4.6431617357672417E-4,
0.0,0.0,0.005725764892755435,0.004565042636880454,0.0,0.0,4.550883118744083E-4,4.6431617357672417E-4,
0.0,0.0,0.00550211919279249,0.004900956276760662,0.0,0.0,4.550883118744083E-4,4.6431617357672417E-4,
0.0,0.0,0.005639908893650108,0.004765516387184574,0.0,0.0,4.550883118744083E-4,4.6431617357672417E-4,
0.0,0.0,0.005622481970717255,0.0048503292487709695,0.0,0.0,4.550883118744083E-4,4.6431617357672417E-4,
0.0,0.0,0.005671535765210983,0.00521765649165187,0.0,0.0,4.550883118744083E-4,4.6431617357672417E-4,
0.0,0.0,0.005229998471571064,0.004990693866554012,0.0,0.0,4.550883118744083E-4,4.6431617357672417E-4,
0.0,0.0,0.006562014354736904,0.005273793175377828,0.0,0.0,4.550883118744083E-4,4.6431617357672417E-4,
0.0,0.0,0.007525068089040078,0.005273793175377828,0.0,0.0,4.550883118744083E-4,4.6431617357672417E-4,
0.0,0.0,0.0068004812753244175,0.005260696820542783,0.0,0.0,0.0021535528979901306,4.6431617357672417E-4,
0.0,0.0,0.0068004812753244175,0.005116397612194367,0.0,0.0,0.0021535528979901306,0.0013895212947690875,
0.0,0.0,0.0068004812753244175,0.005093999194008198,0.0,0.0,0.0021535528979901306,0.0013895212947690875,
0.0,0.0,0.0068004812753244175,0.005093999194008198,0.0,0.0,0.0021535528979901306,0.0020031881967042782,
0.0,0.0,0.007643962478427329,0.005610745799234858,0.0,0.0,0.0021535528979901306,0.0020031881967042782,
0.0,0.0,0.007643962478427329,0.005610745799234858,0.0,0.0,0.0021535528979901306,0.0020031881967042782,
0.0,0.0,0.008031593835804353,0.006416325617492949,0.0,0.0,0.0021535528979901306,0.0020031881967042782,
0.0,0.0,0.010358236662612534,0.006651543237620375,0.0,0.0,0.0021535528979901306,0.0020031881967042782,
0.0,0.0,0.010732989476419432,0.007105620391972642,0.0,0.0,0.0021535528979901306,0.0020031881967042782,
0.0,0.0,0.010958512617079304,0.006981946702435852,0.0,0.0,0.0021535528979901306,0.0025601273574560515,
0.0,0.0,0.011550798687848826,0.007104413805524548,0.0,0.0,0.0021535528979901306,0.0025601273574560515,
0.0,0.0,0.010860572326788904,0.007389319305008992,0.0,0.0,0.0021535528979901306,0.0025601273574560515,
0.0,0.0,0.011147033966319539,0.007651311201217211,0.0,0.0,0.0021535528979901306,0.0025601273574560515,
0.0,0.0,0.01265287055034026,0.007873262968438762,0.0,0.0,0.0021535528979901306,0.0025601273574560515,
0.0,0.0,0.0150487086971159,0.009187823835108922,0.0,0.0,0.0021535528979901306,0.0025601273574560515,
0.0,0.0,0.015071366553483817,0.009349576655055763,0.0,0.0,0.0021535528979901306,0.003805846199370853,
0.0,0.0,0.015146747244219695,0.009526202280072607,0.0,0.0,0.0021535528979901306,0.003805846199370853,
0.0,0.0,0.013918008442583538,0.010916710548988785,0.0,0.0,0.0021535528979901306,0.003805846199370853,
0.0,0.0,0.01401269576543687,0.011237302154363998,0.0,0.0,0.0021535528979901306,0.003805846199370853,
0.0,0.0,0.013599157694004374,0.011285606097463357,0.0,0.0,0.0021535528979901306,0.003805846199370853,
0.0,0.0,0.013445649979000468,0.011491227274442304,0.0,0.0,0.0021535528979901306,0.003805846199370853,
0.0,0.0,0.013445649979000468,0.011491227274442304,0.0,0.0,0.0021535528979901306,0.003805846199370853,
0.0,0.0,0.01368825581211212,0.011491227274442304,0.0,0.0,0.007032729497754978,0.010816093454289199,
0.0,0.0,0.014103111786733047,0.017458389108159937,0.0,0.0,0.007032729497754978,0.010816093454289199,
0.0,0.0,0.01586351232949846,0.016575864455361477,0.0,0.0,0.007032729497754978,0.010816093454289199,
0.0,0.0,0.019764446330284045,0.021017399753809923,0.0,0.0,0.007032729497754978,0.010816093454289199,
0.0,0.0,0.019764446330284045,0.021017399753809923,0.0,0.0,0.007032729497754978,0.010816093454289199,
0.0,0.0,0.018731305489830888,0.021017399753809923,0.0,0.0,0.007032729497754978,0.010816093454289199,
0.0,0.0,0.019952937975514694,0.03341928218282519,0.0,0.0,0.007032729497754978,0.010816093454289199,
0.0,0.0,0.019952937975514694,0.034321980299681865,0.0,0.0,0.007032729497754978,0.010816093454289199,
0.0,0.0,0.019952937975514694,0.034321980299681865,0.0,0.0,0.007032729497754978,0.010816093454289199,
0.0,0.0,0.019952937975514694,0.03726154580617952,0.0,0.0,0.007032729497754978,0.010816093454289199,
0.0,0.0,0.019700027861663135,0.038689816418034484,0.0,0.0,0.007032729497754978,0.021366200885473637,
0.0,0.0,0.020817631236531853,0.0421958231695973,0.0,0.0,0.007032729497754978,0.021366200885473637,
0.0,0.0,0.020817631236531853,0.043378627227692916,0.0,0.0,0.007032729497754978,0.021366200885473637,
0.0,0.0,0.022058445829489737,0.043378627227692916,0.0,0.0,0.007032729497754978,0.021366200885473637,
0.0,0.0,0.023544494418320877,0.043760532887816055,0.0,0.0,0.007032729497754978,0.021366200885473637,
0.0,0.0,0.023544494418320877,0.04124442728631803,0.0,0.0,0.00933341241610868,0.021366200885473637,
0.0,0.0,0.025252404201251563,0.042889145062276486,0.0,0.0,0.00933341241610868,0.021366200885473637,
0.0,0.0,0.02756352351206351,0.0408845831044972,0.0,0.0,0.012073418000077316,0.021366200885473637,
0.0,0.0,0.029217208089457943,0.040804702453099445,0.0,0.0,0.012073418000077316,0.021366200885473637,
0.0,0.0,0.02843561967350728,0.04132517569960008,0.0,0.0,0.012073418000077316,0.021366200885473637,
0.0,0.0,0.02843561967350728,0.03912043675135438,0.0,0.0,0.012073418000077316,0.021366200885473637,
0.0,0.0,0.02843561967350728,0.039949990029679985,0.0,0.0,0.012073418000077316,0.021366200885473637,
0.0,0.0,0.02843561967350728,0.039949990029679985,0.0,0.0,0.012073418000077316,0.021366200885473637,
0.0,0.0,0.03336717328073093,0.039949990029679985,0.0,0.0,0.012073418000077316,0.021366200885473637,
0.0,0.0,0.03336717328073093,0.039949990029679985,0.0,0.0,0.012073418000077316,0.021366200885473637,
0.0,0.0,0.03371633358246819,0.042025857083956814,0.0,0.0,0.012073418000077316,0.021366200885473637,
0.0,0.0,0.033575608777992934,0.044228689246163216,0.0,0.0,0.012073418000077316,0.021366200885473637,
0.0,0.0,0.033575608777992934,0.044228689246163216,0.0,0.0,0.012073418000077316,0.021366200885473637,
0.0,0.0,0.033575608777992934,0.044228689246163216,0.0,0.0,0.012073418000077316,0.021366200885473637,
0.0,0.0,0.033575608777992934,0.044228689246163216,0.0,0.0,0.012073418000077316,0.021366200885473637,
0.0,0.0,0.033575608777992934,0.044228689246163216,0.0,0.0,0.012073418000077316,0.021366200885473637,
0.0,0.0,0.033575608777992934,0.04745470711202017,0.0,0.0,0.012073418000077316,0.021366200885473637,
0.0,0.0,0.033575608777992934,0.04745470711202017,0.0,0.0,0.012073418000077316,0.021366200885473637,
0.0,0.0,0.033575608777992934,0.04745470711202017,0.0,0.0,0.012073418000077316,0.021366200885473637,
0.0,0.0,0.03315083969205329,0.04995246325156898,0.0,0.0,0.012073418000077316,0.021366200885473637,
0.0,0.0,0.03315431816007636,0.05133322112004817,0.0,0.0,0.012073418000077316,0.021366200885473637,
0.0,0.0,0.03453801068528749,0.052613827309306783,0.0,0.0,0.012073418000077316,0.021366200885473637,
0.0,0.0,0.03453801068528749,0.052613827309306783,0.0,0.0,0.012073418000077316,0.021366200885473637,
0.0,0.0,0.039276740377296185,0.051953644147774716,0.0,0.0,0.012073418000077316,0.021366200885473637,
0.0,0.0,0.039276740377296185,0.051953644147774716,0.0,0.0,0.012073418000077316,0.021366200885473637,
0.0,0.0,0.04295130043533369,0.051953644147774716,0.0,0.0,0.012073418000077316,0.021366200885473637,
0.0,0.0,0.04295130043533369,0.05466511362745386,0.0,0.0,0.012073418000077316,0.021366200885473637,
0.0,0.0,0.04295130043533369,0.05466511362745386,0.0,0.0,0.012073418000077316,0.021366200885473637,
0.0,0.0,0.04688655948417186,0.06143326093726379,0.0,0.0,0.012073418000077316,0.021366200885473637,
0.0,0.0,0.04688655948417186,0.060605006475268945,0.0,0.0,0.012073418000077316,0.021366200885473637,
0.0,0.0,0.04592929080039003,0.06106483549913918,0.0,0.0,0.012073418000077316,0.021366200885473637,
0.0,0.0,0.04592929080039003,0.06106483549913918,0.0,0.0,0.012073418000077316,0.021366200885473637,
0.0,0.0,0.044652727760836994,0.06356966562730972,0.0,0.0,0.012073418000077316,0.021366200885473637,
0.0,0.0,0.044652727760836994,0.06676436954208785,0.0,0.0,0.012073418000077316,0.021366200885473637,
0.0,0.0,0.044652727760836994,0.07194339368714829,0.0,0.0,0.012073418000077316,0.021366200885473637,
0.0,0.0,0.044652727760836994,0.07194339368714829,0.0,0.0,0.012073418000077316,0.021366200885473637,
0.0,0.0,0.04417079283291366,0.07754257953876381,0.0,0.0,0.012073418000077316,0.021366200885473637,
0.0,0.0,0.04417079283291366,0.07754257953876381,0.0,0.0,0.012073418000077316,0.021366200885473637,
0.0,0.0,0.04417079283291366,0.07754257953876381,0.0,0.0,0.012073418000077316,0.021366200885473637,
0.0,0.0,0.04417079283291366,0.07754257953876381,0.0,0.0,0.012073418000077316,0.021366200885473637,
0.0,0.0,0.04417079283291366,0.07754257953876381,0.0,0.0,0.012073418000077316,0.021366200885473637,
0.0,0.0,0.04417079283291366,0.07754257953876381,0.0,0.0,0.012073418000077316,0.021366200885473637,
0.0,0.0,0.04417079283291366,0.07557700857876512,0.0,0.0,0.012073418000077316,0.021366200885473637,
0.0,0.0,0.04380199143641544,0.07868246819673103,0.0,0.0,0.012073418000077316,0.021366200885473637,
0.0,0.0,0.04380199143641544,0.08141943599314275,0.0,0.0,0.012073418000077316,0.021366200885473637,
0.0,0.0,0.04380199143641544,0.08141943599314275,0.0,0.0,0.012073418000077316,0.021366200885473637,
0.0,0.0,0.04380199143641544,0.0837871784062416,0.0,0.0,0.012073418000077316,0.021366200885473637,
0.0,0.0,0.04380199143641544,0.08356885498827035,0.0,0.0,0.012073418000077316,0.021366200885473637,
0.0,0.0,0.04380199143641544,0.08898165539544797,0.0,0.0,0.012073418000077316,0.021366200885473637,
0.0,0.0,0.04516264022472094,0.0755720922089025,0.0,0.0,0.012073418000077316,0.021366200885473637,
0.0,0.0,0.04516264022472094,0.0755720922089025,0.0,0.0,0.012073418000077316,0.021366200885473637,
0.0,0.0,0.04516264022472094,0.0755720922089025,0.0,0.0,0.012073418000077316,0.021366200885473637,
0.0,0.0,0.04516264022472094,0.073924545577846,0.0,0.0,0.012073418000077316,0.021366200885473637,
0.0,0.0,0.04516264022472094,0.073924545577846,0.0,0.0,0.012073418000077316,0.021366200885473637,
0.0,0.0,0.04516264022472094,0.07418367176547222,0.0,0.0,0.012073418000077316,0.021366200885473637,
0.0,0.0,0.04516264022472094,0.07539058549057205,0.0,0.0,0.012073418000077316,0.021366200885473637,
0.0,0.0,0.04516264022472094,0.07597497674614079,0.0,0.0,0.012073418000077316,0.021366200885473637,
0.0,0.0,0.04516264022472094,0.07597497674614079,0.0,0.0,0.012073418000077316,0.021366200885473637,
0.0,0.0,0.04516264022472094,0.07770000003644789,0.0,0.0,0.012073418000077316,0.021366200885473637,
0.0,0.0,0.04516264022472094,0.07770000003644789,0.0,0.0,0.012073418000077316,0.021366200885473637,
0.0,0.0,0.04516264022472094,0.07953481182847419,0.0,0.0,0.012073418000077316,0.021366200885473637,
0.0,0.0,0.04516264022472094,0.08943391754852577,0.0,0.0,0.012073418000077316,0.021366200885473637,
0.0,0.0,0.04516264022472094,0.08943391754852577,0.0,0.0,0.012073418000077316,0.021366200885473637,
0.0,0.0,0.04567070538852928,0.08943391754852577,0.0,0.0,0.012073418000077316,0.021366200885473637,
0.0,0.0,0.04567070538852928,0.08673828908013742,0.0,0.0,0.012073418000077316,0.021366200885473637,
0.0,0.0,0.04567070538852928,0.08929058002835659,0.0,0.0,0.012073418000077316,0.021366200885473637,
0.0,0.0,0.04567070538852928,0.08884138405862677,0.0,0.0,0.012073418000077316,0.021366200885473637,
0.0,0.0,0.04567070538852928,0.08987623984462006,0.0,0.0,0.012073418000077316,0.021366200885473637,
0.0,0.0,0.04567070538852928,0.08987623984462006,0.0,0.0,0.012073418000077316,0.021366200885473637,
0.0,0.0,0.04567070538852928,0.08987623984462006,0.0,0.0,0.012073418000077316,0.021366200885473637,
0.0,0.0,0.04567070538852928,0.08656230570718076,0.0,0.0,0.012073418000077316,0.021366200885473637,
0.0,0.0,0.04567070538852928,0.08665119163694934,0.0,0.0,0.012073418000077316,0.021366200885473637,
0.0,0.0,0.04567070538852928,0.08356075726457572,0.0,0.0,0.012073418000077316,0.021366200885473637,
0.0,0.0,0.05937161857886418,0.07160912734844305,0.0,0.0,0.012073418000077316,0.021366200885473637,
0.0,0.0,0.05937161857886418,0.07247771829072523,0.0,0.0,0.012073418000077316,0.021366200885473637,
0.0,0.0,0.05937161857886418,0.07373733294382732,0.0,0.0,0.012073418000077316,0.021366200885473637,
0.0,0.0,0.05937161857886418,0.07373733294382732,0.0,0.0,0.012073418000077316,0.021366200885473637,
0.0,0.0,0.05937161857886418,0.07342252798347049,0.0,0.0,0.012073418000077316,0.021366200885473637,
0.0,0.0,0.058840541318022764,0.08157297001119976,0.0,0.0,0.012073418000077316,0.021366200885473637,
0.0,0.0,0.058840541318022764,0.08157297001119976,0.0,0.0,0.012073418000077316,0.021366200885473637,
0.0,0.0,0.058840541318022764,0.07953533203833274,0.0,0.0,0.012073418000077316,0.021366200885473637,
0.0,0.0,0.058419090967063075,0.07581787373507798,0.0,0.0,0.012073418000077316,0.021366200885473637,
0.0,0.0,0.059400790506513784,0.07780540839616604,0.0,0.0,0.012073418000077316,0.021366200885473637,
0.0,0.0,0.05714117093710296,0.0808597108740186,0.0,0.0,0.012073418000077316,0.021366200885473637,
0.0,0.0,0.05719798217000092,0.07937583788982853,0.0,0.0,0.012073418000077316,0.021366200885473637,
0.0,0.0,0.05724911227960908,0.08004620596716536,0.0,0.0,0.012073418000077316,0.021366200885473637,
0.0,0.0,0.0555719692574075,0.07689682039976113,0.0,0.0,0.012073418000077316,0.021366200885473637,
0.0,0.0,0.0555719692574075,0.07689682039976113,0.0,0.0,0.012073418000077316,0.021366200885473637,
0.0,0.0,0.0555719692574075,0.07576394369510116,0.0,0.0,0.012073418000077316,0.021366200885473637,
0.0,0.0,0.0546478783827757,0.07421014749845661,0.0,0.0,0.012073418000077316,0.021366200885473637,
0.0,0.0,0.0546478783827757,0.07550957757353782,0.0,0.0,0.012073418000077316,0.021366200885473637,
0.0,0.0,0.0546478783827757,0.07849177415750536,0.0,0.0,0.012073418000077316,0.021366200885473637,
0.0,0.0,0.0546478783827757,0.07996832944225413,0.0,0.0,0.012073418000077316,0.021366200885473637,
0.0,0.0,0.0546478783827757,0.0788545035721533,0.0,0.0,0.012073418000077316,0.021366200885473637,
0.0,0.0,0.054882183511909294,0.08082078740986562,0.0,0.0,0.012073418000077316,0.021366200885473637,
0.0,0.0,0.054882183511909294,0.08082078740986562,0.0,0.0,0.012073418000077316,0.021366200885473637,
0.0,0.0,0.054882183511909294,0.08082078740986562,0.0,0.0,0.012073418000077316,0.021366200885473637,
0.0,0.0,0.054882183511909294,0.08082078740986562,0.0,0.0,0.012073418000077316,0.021366200885473637,
0.0,0.0,0.054882183511909294,0.08035340234309092,0.0,0.0,0.012073418000077316,0.021366200885473637,
0.0,0.0,0.05906807805588602,0.0768921103770765,0.0,0.0,0.012073418000077316,0.021366200885473637,
0.0,0.0,0.05904269624004588,0.07637176580003827,0.0,0.0,0.012073418000077316,0.021366200885473637,
0.0,0.0,0.05904269624004588,0.07662648738918196,0.0,0.0,0.012073418000077316,0.021366200885473637,
0.0,0.0,0.06295718909826885,0.07867759862718082,0.0,0.0,0.012073418000077316,0.021366200885473637,
0.0,0.0,0.06527482942489964,0.08317768865049344,0.0,0.0,0.012073418000077316,0.021366200885473637,
0.0,0.0,0.06527482942489964,0.08493008920765684,0.0,0.0,0.012073418000077316,0.021366200885473637,
0.0,0.0,0.06527482942489964,0.08866563045709784,0.0,0.0,0.012073418000077316,0.021366200885473637,
0.0,0.0,0.06527482942489964,0.08866563045709784,0.0,0.0,0.012073418000077316,0.021366200885473637,
0.0,0.0,0.06527482942489964,0.08866563045709784,0.0,0.0,0.012073418000077316,0.021366200885473637,
0.0,0.0,0.06218293258616177,0.07826433524102394,0.0,0.0,0.012073418000077316,0.021366200885473637,
0.0,0.0,0.06218293258616177,0.08198480380936435,0.0,0.0,0.012073418000077316,0.021366200885473637,
0.0,0.0,0.05996774045133637,0.08371440795442295,0.0,0.0,0.012073418000077316,0.021366200885473637,
0.0,0.0,0.059999541008358685,0.08030844248100989,0.0,0.0,0.012073418000077316,0.021366200885473637,
0.0,0.0,0.059999541008358685,0.08030844248100989,0.0,0.0,0.012073418000077316,0.021366200885473637,
0.0,0.0,0.05900149175899467,0.07297535692403936,0.0,0.0,0.012073418000077316,0.021366200885473637,
0.0,0.0,0.05825409712037547,0.07163978572126473,0.0,0.0,0.012073418000077316,0.021366200885473637,
0.0,0.0,0.05825409712037547,0.07163978572126473,0.0,0.0,0.012073418000077316,0.021366200885473637,
0.0,0.0,0.05825409712037547,0.07163978572126473,0.0,0.0,0.012073418000077316,0.021366200885473637,
0.0,0.0,0.058657888805758764,0.07129767953083231,0.0,0.0,0.012073418000077316,0.021366200885473637,
0.0,0.0,0.058657888805758764,0.07129767953083231,0.0,0.0,0.012073418000077316,0.021366200885473637,
0.0,0.0,0.058657888805758764,0.07129767953083231,0.0,0.0,0.012073418000077316,0.021366200885473637,
0.0,0.0,0.05758112091631973,0.07360963744548735,0.0,0.0,0.012073418000077316,0.021366200885473637,
0.0,0.0,0.0579164836625983,0.0660902448261255,0.0,0.0,0.012073418000077316,0.021366200885473637,
0.0,0.0,0.0579164836625983,0.0660902448261255,0.0,0.0,0.012073418000077316,0.021366200885473637,
0.0,0.0,0.05506638200128647,0.0648402865012898,0.0,0.0,0.012073418000077316,0.021366200885473637,
0.0,0.0,0.05506638200128647,0.06357340482849773,0.0,0.0,0.012073418000077316,0.021366200885473637,
0.0,0.0,0.05424395685529771,0.06086471507895625,0.0,0.0,0.012073418000077316,0.021366200885473637,
0.0,0.0,0.05424395685529771,0.06763185886710717,0.0,0.0,0.012073418000077316,0.021366200885473637,
0.0,0.0,0.05424395685529771,0.06512147461873716,0.0,0.0,0.012073418000077316,0.021366200885473637,
0.0,0.0,0.05424395685529771,0.06680832599039765,0.0,0.0,0.012073418000077316,0.021366200885473637,
0.0,0.0,0.052354521716453696,0.06587937093876683,0.0,0.0,0.012073418000077316,0.021366200885473637,
0.0,0.0,0.052354521716453696,0.06587937093876683,0.0,0.0,0.012073418000077316,0.021366200885473637,
0.0,0.0,0.052354521716453696,0.06666434875826638,0.0,0.0,0.012073418000077316,0.021366200885473637,
0.0,0.0,0.052354521716453696,0.06666434875826638,0.0,0.0,0.012073418000077316,0.021366200885473637,
0.0,0.0,0.052124728047608586,0.06585504412421953,0.0,0.0,0.012073418000077316,0.021366200885473637,
0.0,0.0,0.05171044570884285,0.0687714265088835,0.0,0.0,0.012073418000077316,0.021366200885473637,
0.0,0.0,0.05171044570884285,0.0696773285595112,0.0,0.0,0.012073418000077316,0.021366200885473637,
0.0,0.0,0.05171044570884285,0.06784151390888529,0.0,0.0,0.012073418000077316,0.021366200885473637,
0.0,0.0,0.05171044570884285,0.06784151390888529,0.0,0.0,0.012073418000077316,0.021366200885473637,
0.0,0.0,0.05171044570884285,0.06784151390888529,0.0,0.0,0.012073418000077316,0.021366200885473637,
0.0,0.0,0.05171044570884285,0.06784151390888529,0.0,0.0,0.012073418000077316,0.021366200885473637,
0.0,0.0,0.051457581725769086,0.06908648971920418,0.0,0.0,0.012073418000077316,0.021366200885473637,
0.0,0.0,0.051457581725769086,0.07118064921242284,0.0,0.0,0.012073418000077316,0.021366200885473637,
0.0,0.0,0.051457581725769086,0.07362995285297319,0.0,0.0,0.012073418000077316,0.021366200885473637,
0.0,0.0,0.05141931345077294,0.07499456032589331,0.0,0.0,0.012073418000077316,0.021366200885473637,
0.0,0.0,0.05053686725823215,0.07523881112429676,0.0,0.0,0.012073418000077316,0.021366200885473637,
0.0,0.0,0.05053686725823215,0.07523881112429676,0.0,0.0,0.012073418000077316,0.021366200885473637,
0.0,0.0,0.05053686725823215,0.06757315555469848,0.0,0.0,0.012073418000077316,0.021366200885473637,
0.0,0.0,0.05053686725823215,0.0690213501978051,0.0,0.0,0.012073418000077316,0.021366200885473637,
0.0,0.0,0.05076819446880833,0.06273396380998923,0.0,0.0,0.012073418000077316,0.021366200885473637,
0.0,0.0,0.05076819446880833,0.06273396380998923,0.0,0.0,0.012073418000077316,0.021366200885473637,
0.0,0.0,0.05076819446880833,0.06273396380998923,0.0,0.0,0.012073418000077316,0.021366200885473637,
0.0,0.0,0.05301985853425043,0.06327768255145884,0.0,0.0,0.012073418000077316,0.021366200885473637,
0.0,0.0,0.05447290550190414,0.06337123495743664,0.0,0.0,0.012073418000077316,0.021366200885473637,
0.0,0.0,0.05551127955268925,0.06337123495743664,0.0,0.0,0.012073418000077316,0.021366200885473637,
0.0,0.0,0.05551127955268925,0.06337123495743664,0.0,0.0,0.012073418000077316,0.021366200885473637,
0.0,0.0,0.054375714936398936,0.06309670639930581,0.0,0.0,0.012073418000077316,0.021366200885473637,
0.0,0.0,0.054375714936398936,0.06361195037125479,0.0,0.0,0.012073418000077316,0.021366200885473637,
0.0,0.0,0.05313700247981441,0.06754115536929618,0.0,0.0,0.012073418000077316,0.021366200885473637,
0.0,0.0,0.05313700247981441,0.06810578096372585,0.0,0.0,0.012073418000077316,0.021366200885473637,
0.0,0.0,0.05313700247981441,0.06656281482103944,0.0,0.0,0.012073418000077316,0.021366200885473637,
0.0,0.0,0.05313700247981441,0.06656281482103944,0.0,0.0,0.012073418000077316,0.021366200885473637,
0.0,0.0,0.05313700247981441,0.06656281482103944,0.0,0.0,0.012073418000077316,0.021366200885473637,
0.0,0.0,0.05313700247981441,0.06656281482103944,0.0,0.0,0.012073418000077316,0.021366200885473637,
0.0,0.0,0.05313700247981441,0.06816358961028869,0.0,0.0,0.012073418000077316,0.021366200885473637,
0.0,0.0,0.05682143781390545,0.07843217464897641,0.0,0.0,0.012073418000077316,0.021366200885473637,
0.0,0.0,0.05682143781390545,0.07843217464897641,0.0,0.0,0.012073418000077316,0.021366200885473637,
0.0,0.0,0.05682143781390545,0.07843217464897641,0.0,0.0,0.012073418000077316,0.021366200885473637,
0.0,0.0,0.05682143781390545,0.07963373807669694,0.0,0.0,0.012073418000077316,0.021366200885473637,
0.0,0.0,0.05682143781390545,0.08133379181316214,0.0,0.0,0.012073418000077316,0.021366200885473637,
0.0,0.0,0.05682143781390545,0.08276972778472028,0.0,0.0,0.012073418000077316,0.021366200885473637,
0.0,0.0,0.05682143781390545,0.08276972778472028,0.0,0.0,0.012073418000077316,0.021366200885473637,
0.0,0.0,0.05564644422979612,0.08377773779334892,0.0,0.0,0.012073418000077316,0.021366200885473637,
0.0,0.0,0.05564644422979612,0.08536942464112537,0.0,0.0,0.012073418000077316,0.021366200885473637,
0.0,0.0,0.05564644422979612,0.08204183343363415,0.0,0.0,0.012073418000077316,0.021366200885473637,
0.0,0.0,0.05564644422979612,0.08204183343363415,0.0,0.0,0.012073418000077316,0.021366200885473637,
0.0,0.0,0.05564644422979612,0.08167982564012909,0.0,0.0,0.012073418000077316,0.021366200885473637,
0.0,0.0,0.05566552073831004,0.08090960428614284,0.0,0.0,0.012073418000077316,0.021366200885473637,
0.0,0.0,0.05616459255507155,0.0705677081317976,0.0,0.0,0.012073418000077316,0.021366200885473637,
0.0,0.0,0.05589649300645196,0.07112766390169195,0.0,0.0,0.012073418000077316,0.021366200885473637,
0.0,0.0,0.05578219793572466,0.06755846103224628,0.0,0.0,0.012073418000077316,0.021366200885473637,
0.0,0.0,0.05578219793572466,0.06784329352641218,0.0,0.0,0.012073418000077316,0.021366200885473637,
0.0,0.0,0.055656045418006415,0.06576978089917575,0.0,0.0,0.012073418000077316,0.021366200885473637,
0.0,0.0,0.055380754710771515,0.06804560597313858,0.0,0.0,0.012073418000077316,0.021366200885473637,
0.0,0.0,0.05572067142102751,0.07080581847903675,0.0,0.0,0.012073418000077316,0.021366200885473637,
0.0,0.0,0.055643705076958046,0.07137460353506206,0.0,0.0,0.012073418000077316,0.021366200885473637,
0.0,0.0,0.055643705076958046,0.07356428528753414,0.0,0.0,0.012073418000077316,0.021366200885473637,
0.0,0.0,0.056666450146801876,0.07410677317054257,0.0,0.0,0.012073418000077316,0.021366200885473637,
0.0,0.0,0.05665397693115161,0.07567587456124336,0.0,0.0,0.012073418000077316,0.021366200885473637,
0.0,0.0,0.05846447351936173,0.07121824172970656,0.0,0.0,0.012073418000077316,0.021366200885473637,
0.0,0.0,0.05740520070084311,0.06989301680985388,0.0,0.0,0.012073418000077316,0.021366200885473637,
0.0,0.0,0.05740520070084311,0.06989301680985388,0.0,0.0,0.012073418000077316,0.021366200885473637,
0.0,0.0,0.05740520070084311,0.06989301680985388,0.0,0.0,0.012073418000077316,0.021366200885473637,
0.0,0.0,0.05740520070084311,0.06989301680985388,0.0,0.0,0.012073418000077316,0.021366200885473637,
0.0,0.0,0.05740520070084311,0.0695770821555362,0.0,0.0,0.012073418000077316,0.021366200885473637,
0.0,0.0,0.0579283812765863,0.0702464442830975,0.0,0.0,0.012073418000077316,0.021366200885473637,
0.0,0.0,0.057487015543712106,0.06748937792057709,0.0,0.0,0.012073418000077316,0.021366200885473637,
0.0,0.0,0.05622578231930177,0.0669258650316437,0.0,0.0,0.012073418000077316,0.021366200885473637,
0.0,0.0,0.05296964000720472,0.05796502909706089,0.0,0.0,0.012073418000077316,0.021366200885473637,
0.0,0.0,0.049191216872965876,0.05352648226202297,0.0,0.0,0.012073418000077316,0.021366200885473637,
0.0,0.0,0.049191216872965876,0.05352648226202297,0.0,0.0,0.012073418000077316,0.021366200885473637,
0.0,0.0,0.04963751035267243,0.052461305265008716,0.0,0.0,0.012073418000077316,0.021366200885473637,
0.0,0.0,0.04594630940803038,0.05222881228551068,0.0,0.0,0.012073418000077316,0.021366200885473637,
0.0,0.0,0.044325870518477244,0.04929057022730138,0.0,0.0,0.012073418000077316,0.021366200885473637,
0.0,0.0,0.044325870518477244,0.04929057022730138,0.0,0.0,0.012073418000077316,0.021366200885473637,
0.0,0.0,0.044325870518477244,0.04773894074764223,0.0,0.0,0.012073418000077316,0.021366200885473637,
0.0,0.0,0.044325870518477244,0.04937125923276848,0.0,0.0,0.012073418000077316,0.021366200885473637,
0.0,0.0,0.047046251940627566,0.05088299040548711,0.0,0.0,0.012073418000077316,0.021366200885473637,
0.0,0.0,0.04692109588305865,0.05547459836488888,0.0,0.0,0.012073418000077316,0.021366200885473637,
0.0,0.0,0.047581885704743275,0.05670398431578181,0.0,0.0,0.012073418000077316,0.021366200885473637,
0.0,0.0,0.04838385444942877,0.05642295917796557,0.0,0.0,0.012073418000077316,0.021366200885473637,
0.0,0.0,0.04728768171550123,0.05533078866306927,0.0,0.0,0.012073418000077316,0.021366200885473637,
0.0,0.0,0.04806127619381953,0.0542367597054545,0.0,0.0,0.012073418000077316,0.021366200885473637,
0.0,0.0,0.04806127619381953,0.05432718112141992,0.0,0.0,0.012073418000077316,0.021366200885473637,
0.0,0.0,0.04806127619381953,0.05432718112141992,0.0,0.0,0.012073418000077316,0.021366200885473637,
0.0,0.0,0.04806127619381953,0.05372217518392988,0.0,0.0,0.012073418000077316,0.021366200885473637,
0.0,0.0,0.04806127619381953,0.05461858247099175,0.0,0.0,0.012073418000077316,0.021366200885473637,
0.0,0.0,0.04571764847597439,0.05137539930679154,0.0,0.0,0.012073418000077316,0.021366200885473637,
0.0,0.0,0.04374417571412814,0.05264262652520609,0.0,0.0,0.012073418000077316,0.021366200885473637,
0.0,0.0,0.04374417571412814,0.05264262652520609,0.0,0.0,0.012073418000077316,0.021366200885473637,
0.0,0.0,0.04373108102631016,0.05368648816203358,0.0,0.0,0.012073418000077316,0.021366200885473637,
0.0,0.0,0.04373108102631016,0.05368648816203358,0.0,0.0,0.012073418000077316,0.021366200885473637,
0.0,0.0,0.04373108102631016,0.05368648816203358,0.0,0.0,0.012073418000077316,0.021366200885473637,
0.0,0.0,0.04373108102631016,0.05368648816203358,0.0,0.0,0.012073418000077316,0.021366200885473637,
0.0,0.0,0.04373108102631016,0.05368648816203358,0.0,0.0,0.012073418000077316,0.021366200885473637,
0.0,0.0,0.04365912116183996,0.054925074628573226,0.0,0.0,0.012073418000077316,0.021366200885473637,
0.0,0.0,0.04365912116183996,0.054925074628573226,0.0,0.0,0.012073418000077316,0.021366200885473637,
0.0,0.0,0.04365912116183996,0.054925074628573226,0.0,0.0,0.012073418000077316,0.021366200885473637,
0.0,0.0,0.04365912116183996,0.05689507819790765,0.0,0.0,0.012073418000077316,0.021366200885473637,
0.0,0.0,0.044513517533600194,0.06010403703148246,0.0,0.0,0.012073418000077316,0.021366200885473637,
0.0,0.0,0.044513517533600194,0.06490737491775708,0.0,0.0,0.012073418000077316,0.021366200885473637,
0.0,0.0,0.044513517533600194,0.06490737491775708,0.0,0.0,0.012073418000077316,0.021366200885473637,
0.0,0.0,0.04435956832872009,0.06688018323676645,0.0,0.0,0.012073418000077316,0.021366200885473637,
0.0,0.0,0.04435956832872009,0.07082950126566287,0.0,0.0,0.012073418000077316,0.021366200885473637,
0.0,0.0,0.04435956832872009,0.07082950126566287,0.0,0.0,0.012073418000077316,0.021366200885473637,
0.0,0.0,0.04435956832872009,0.0686110892513122,0.0,0.0,0.012073418000077316,0.021366200885473637,
0.0,0.0,0.04435956832872009,0.0686110892513122,0.0,0.0,0.012073418000077316,0.021366200885473637,
0.0,0.0,0.04432122428649004,0.0686110892513122,0.0,0.0,0.012073418000077316,0.021366200885473637,
0.0,0.0,0.04432122428649004,0.06954814447718902,0.0,0.0,0.012073418000077316,0.021366200885473637,
0.0,0.0,0.04939660916449156,0.07092916478021935,0.0,0.0,0.012073418000077316,0.021366200885473637,
0.0,0.0,0.05022078260727373,0.06788006796860384,0.0,0.0,0.012073418000077316,0.021366200885473637,
0.0,0.0,0.05022078260727373,0.06812766261394093,0.0,0.0,0.012073418000077316,0.021366200885473637,
0.0,0.0,0.04936178314326766,0.06509482575258058,0.0,0.0,0.012073418000077316,0.021366200885473637,
0.0,0.0,0.04949994410175329,0.06493465945857807,0.0,0.0,0.012073418000077316,0.021366200885473637,
0.0,0.0,0.04949994410175329,0.06493465945857807,0.0,0.0,0.012073418000077316,0.021366200885473637,
0.0,0.0,0.04949994410175329,0.06493465945857807,0.0,0.0,0.012073418000077316,0.021366200885473637,
0.0,0.0,0.04949994410175329,0.06611448562856265,0.0,0.0,0.012073418000077316,0.021366200885473637,
0.0,0.0,0.054317781213370005,0.06818547490389469,0.0,0.0,0.012073418000077316,0.021366200885473637,
0.0,0.0,0.053812639441317325,0.061131527648852525,0.0,0.0,0.012073418000077316,0.021366200885473637,
0.0,0.0,0.05335801184646992,0.061131527648852525,0.0,0.0,0.012073418000077316,0.021366200885473637,
0.0,0.0,0.05335801184646992,0.061131527648852525,0.0,0.0,0.012073418000077316,0.021366200885473637,
0.0,0.0,0.05335801184646992,0.061286233796194786,0.0,0.0,0.012073418000077316,0.021366200885473637,
0.0,0.0,0.05335801184646992,0.06163622807994405,0.0,0.0,0.012073418000077316,0.021366200885473637,
0.0,0.0,0.05335801184646992,0.06163622807994405,0.0,0.0,0.012073418000077316,0.021366200885473637,
0.0,0.0,0.05335801184646992,0.06163622807994405,0.0,0.0,0.012073418000077316,0.021366200885473637,
0.0,0.0,0.05335801184646992,0.06163622807994405,0.0,0.0,0.012073418000077316,0.021366200885473637,
0.0,0.0,0.0530767550962138,0.06363657819677891,0.0,0.0,0.012073418000077316,0.021366200885473637,
0.0,0.0,0.051383246507625026,0.06529673595260137,0.0,0.0,0.012073418000077316,0.021366200885473637,
0.0,0.0,0.0522664149898338,0.06511889716442502,0.0,0.0,0.012073418000077316,0.021366200885473637,
0.0,0.0,0.053339913356693795,0.05627310781197513,0.0,0.0,0.012073418000077316,0.021366200885473637,
0.0,0.0,0.05284441106330535,0.05347318991105455,0.0,0.0,0.012073418000077316,0.021366200885473637,
0.0,0.0,0.05284441106330535,0.05347318991105455,0.0,0.0,0.012073418000077316,0.021366200885473637,
0.0,0.0,0.0543668582068286,0.05347318991105455,0.0,0.0,0.012073418000077316,0.021366200885473637,
0.0,0.0,0.056324574073543965,0.05391218387934488,0.0,0.0,0.012073418000077316,0.021366200885473637,
0.0,0.0,0.056324574073543965,0.05391218387934488,0.0,0.0,0.012073418000077316,0.021366200885473637,
0.0,0.0,0.052535162323368474,0.05388024185890678,0.0,0.0,0.012073418000077316,0.021366200885473637,
0.0,0.0,0.052535162323368474,0.056168852124280036,0.0,0.0,0.012073418000077316,0.021366200885473637,
0.0,0.0,0.05079370433412983,0.05801760550121451,0.0,0.0,0.012073418000077316,0.021366200885473637,
0.0,0.0,0.05079370433412983,0.05801760550121451,0.0,0.0,0.012073418000077316,0.021366200885473637,
0.0,0.0,0.05079370433412983,0.05801760550121451,0.0,0.0,0.012073418000077316,0.021366200885473637,
0.0,0.0,0.05079370433412983,0.05801760550121451,0.0,0.0,0.012073418000077316,0.021366200885473637,
0.0,0.0,0.05139689385276075,0.05921105261729895,0.0,0.0,0.012073418000077316,0.021366200885473637,
0.0,0.0,0.05139689385276075,0.05921105261729895,0.0,0.0,0.012073418000077316,0.021366200885473637,
0.0,0.0,0.051513482217575415,0.05650068188151511,0.0,0.0,0.012073418000077316,0.021366200885473637,
0.0,0.0,0.051513482217575415,0.05650068188151511,0.0,0.0,0.012073418000077316,0.021366200885473637,
0.0,0.0,0.051513482217575415,0.05650068188151511,0.0,0.0,0.012073418000077316,0.021366200885473637,
0.0,0.0,0.051513482217575415,0.05635764356281441,0.0,0.0,0.012073418000077316,0.021366200885473637,
0.0,0.0,0.05419799479635191,0.05635764356281441,0.0,0.0,0.012073418000077316,0.021366200885473637,
0.0,0.0,0.05419799479635191,0.05635764356281441,0.0,0.0,0.012073418000077316,0.021366200885473637,
0.0,0.0,0.05445535742457903,0.0637765948875841,0.0,0.0,0.012073418000077316,0.021366200885473637,
0.0,0.0,0.054832127424924694,0.06729876806470332,0.0,0.0,0.012073418000077316,0.021366200885473637,
0.0,0.0,0.054832127424924694,0.06687436115994161,0.0,0.0,0.012073418000077316,0.021366200885473637,
0.0,0.0,0.0529461355954171,0.06687982066242648,0.0,0.0,0.012073418000077316,0.021366200885473637,
0.0,0.0,0.05444063643350455,0.066980952993813,0.0,0.0,0.012073418000077316,0.021366200885473637,
0.0,0.0,0.05469616770228006,0.06403907605237093,0.0,0.0,0.012073418000077316,0.021366200885473637,
0.0,0.0,0.054888619611598466,0.06594814428210617,0.0,0.0,0.012073418000077316,0.021366200885473637,
0.0,0.0,0.054888619611598466,0.06462656153483033,0.0,0.0,0.012073418000077316,0.021366200885473637,
0.0,0.0,0.054888619611598466,0.06462656153483033,0.0,0.0,0.012073418000077316,0.021366200885473637,
0.0,0.0,0.05291387708664187,0.06462656153483033,0.0,0.0,0.012073418000077316,0.021366200885473637,
0.0,0.0,0.05291387708664187,0.06638048930226993,0.0,0.0,0.012073418000077316,0.021366200885473637,
0.0,0.0,0.05365130794576131,0.06663853099035129,0.0,0.0,0.012073418000077316,0.021366200885473637,
0.0,0.0,0.05365130794576131,0.06663853099035129,0.0,0.0,0.012073418000077316,0.021366200885473637,
0.0,0.0,0.05365130794576131,0.06663853099035129,0.0,0.0,0.012073418000077316,0.021366200885473637,
0.0,0.0,0.05387194008646574,0.05746044648890202,0.0,0.0,0.012073418000077316,0.021366200885473637,
0.0,0.0,0.05367885147493136,0.05702551155217743,0.0,0.0,0.012073418000077316,0.021366200885473637,
0.0,0.0,0.05367885147493136,0.05733281646046176,0.0,0.0,0.012073418000077316,0.021366200885473637,
0.0,0.0,0.05367885147493136,0.05890852874570945,0.0,0.0,0.012073418000077316,0.021366200885473637,
0.0,0.0,0.05367885147493136,0.05890852874570945,0.0,0.0,0.012073418000077316,0.021366200885473637,
0.0,0.0,0.05367885147493136,0.05890852874570945,0.0,0.0,0.012073418000077316,0.021366200885473637,
0.0,0.0,0.05367885147493136,0.06245057529454423,0.0,0.0,0.012073418000077316,0.021366200885473637,
0.0,0.0,0.053010093784119375,0.06764844010137672,0.0,0.0,0.012073418000077316,0.021366200885473637,
0.0,0.0,0.05282414276322853,0.06826824071120222,0.0,0.0,0.012073418000077316,0.021366200885473637,
0.0,0.0,0.05282414276322853,0.06474494000013759,0.0,0.0,0.012073418000077316,0.021366200885473637,
0.0,0.0,0.05282414276322853,0.062275603427195035,0.0,0.0,0.012073418000077316,0.021366200885473637,
0.0,0.0,0.055467471067356465,0.06319776310601233,0.0,0.0,0.012073418000077316,0.021366200885473637,
0.0,0.0,0.055467471067356465,0.0636856109970115,0.0,0.0,0.012073418000077316,0.021366200885473637,
0.0,0.0,0.056233572485484135,0.06049390568124856,0.0,0.0,0.012073418000077316,0.021366200885473637,
0.0,0.0,0.056233572485484135,0.060439070437921856,0.0,0.0,0.012073418000077316,0.021366200885473637,
0.0,0.0,0.056233572485484135,0.060439070437921856,0.0,0.0,0.012073418000077316,0.021366200885473637,
0.0,0.0,0.0562548636472874,0.059485774883370084,0.0,0.0,0.012073418000077316,0.021366200885473637,
0.0,0.0,0.0562548636472874,0.059485774883370084,0.0,0.0,0.012073418000077316,0.021366200885473637,
0.0,0.0,0.05642403976664516,0.059485774883370084,0.0,0.0,0.012073418000077316,0.021366200885473637,
0.0,0.0,0.05642403976664516,0.060093658235854025,0.0,0.0,0.012073418000077316,0.021366200885473637,
0.0,0.0,0.057730856462630244,0.060093658235854025,0.0,0.0,0.012073418000077316,0.021366200885473637,
0.0,0.0,0.057730856462630244,0.060093658235854025,0.0,0.0,0.012073418000077316,0.021366200885473637,
0.0,0.0,0.05784309745689056,0.062038359803198766,0.0,0.0,0.012073418000077316,0.021366200885473637,
0.0,0.0,0.0578868784567927,0.067176536305009,0.0,0.0,0.012073418000077316,0.021366200885473637,
0.0,0.0,0.0578868784567927,0.06746918187026114,0.0,0.0,0.012073418000077316,0.021366200885473637,
0.0,0.0,0.0578868784567927,0.06543052799884726,0.0,0.0,0.012073418000077316,0.021366200885473637,
0.0,0.0,0.0578868784567927,0.06643160807855616,0.0,0.0,0.012073418000077316,0.021366200885473637,
0.0,0.0,0.0578868784567927,0.06429203816748796,0.0,0.0,0.012073418000077316,0.021366200885473637,
0.0,0.0,0.0578868784567927,0.06492702569424062,0.0,0.0,0.012073418000077316,0.021366200885473637,
0.0,0.0,0.0578868784567927,0.06492702569424062,0.0,0.0,0.012073418000077316,0.021366200885473637,
0.0,0.0,0.0578868784567927,0.0711680550501495,0.0,0.0,0.012073418000077316,0.021366200885473637,
0.0,0.0,0.0578868784567927,0.0711680550501495,0.0,0.0,0.012073418000077316,0.021366200885473637,
0.0,0.0,0.05668918457482503,0.07319182578587602,0.0,0.0,0.012073418000077316,0.021366200885473637,
0.0,0.0,0.05668918457482503,0.07319182578587602,0.0,0.0,0.012073418000077316,0.021366200885473637,
0.0,0.0,0.05668918457482503,0.07322736921054226,0.0,0.0,0.012073418000077316,0.021366200885473637,
0.0,0.0,0.05668918457482503,0.07322736921054226,0.0,0.0,0.012073418000077316,0.021366200885473637,
0.0,0.0,0.05668918457482503,0.07395028269354294,0.0,0.0,0.012073418000077316,0.021366200885473637,
0.0,0.0,0.05839020574054177,0.07385408828229321,0.0,0.0,0.012073418000077316,0.021366200885473637,
0.0,0.0,0.05897531307300495,0.07415053594510466,0.0,0.0,0.012073418000077316,0.021366200885473637,
0.0,0.0,0.05897531307300495,0.07415053594510466,0.0,0.0,0.012073418000077316,0.021366200885473637,
0.0,0.0,0.05897531307300495,0.07415053594510466,0.0,0.0,0.012073418000077316,0.021366200885473637,
0.0,0.0,0.05897531307300495,0.07517156673988547,0.0,0.0,0.012073418000077316,0.021366200885473637,
0.0,0.0,0.06010636347463158,0.07441985107248661,0.0,0.0,0.012073418000077316,0.021366200885473637,
0.0,0.0,0.06010636347463158,0.07401027264944765,0.0,0.0,0.012073418000077316,0.021366200885473637,
0.0,0.0,0.06313366805804865,0.07498305601602644,0.0,0.0,0.012073418000077316,0.021366200885473637,
0.0,0.0,0.06313366805804865,0.07723088410149169,0.0,0.0,0.012073418000077316,0.021366200885473637,
0.0,0.0,0.0640505057362342,0.07493587572125097,0.0,0.0,0.012073418000077316,0.021366200885473637,
0.0,0.0,0.06453901423064029,0.07365150531103129,0.0,0.0,0.012073418000077316,0.021366200885473637,
0.0,0.0,0.06531293992561281,0.07308875857347938,0.0,0.0,0.012073418000077316,0.021366200885473637,
0.0,0.0,0.06531293992561281,0.07282204585831281,0.0,0.0,0.012073418000077316,0.021366200885473637,
0.0,0.0,0.06256614545718243,0.07155672840241831,0.0,0.0,0.012073418000077316,0.021366200885473637,
0.0,0.0,0.06256614545718243,0.07155672840241831,0.0,0.0,0.012073418000077316,0.021366200885473637,
0.0,0.0,0.06256614545718243,0.07155672840241831,0.0,0.0,0.012073418000077316,0.021366200885473637,
0.0,0.0,0.06256614545718243,0.07155672840241831,0.0,0.0,0.012073418000077316,0.021366200885473637,
0.0,0.0,0.06256614545718243,0.06862172737398342,0.0,0.0,0.012073418000077316,0.021366200885473637,
0.0,0.0,0.06256614545718243,0.06862172737398342,0.0,0.0,0.012073418000077316,0.021366200885473637,
0.0,0.0,0.06256614545718243,0.06862172737398342,0.0,0.0,0.012073418000077316,0.021366200885473637,
0.0,0.0,0.0624854863751227,0.06872678234027604,0.0,0.0,0.012073418000077316,0.021366200885473637,
0.0,0.0,0.0624854863751227,0.06872678234027604,0.0,0.0,0.012073418000077316,0.021366200885473637,
0.0,0.0,0.0624854863751227,0.06872678234027604,0.0,0.0,0.012073418000077316,0.021366200885473637,
0.0,0.0,0.06273243799448885,0.06690240552237894,0.0,0.0,0.012073418000077316,0.021366200885473637,
0.0,0.0,0.06590445939119259,0.06277347436102616,0.0,0.0,0.012073418000077316,0.021366200885473637,
0.0,0.0,0.06737872458496283,0.06661968608751746,0.0,0.0,0.012073418000077316,0.021366200885473637,
0.0,0.0,0.06737872458496283,0.06661968608751746,0.0,0.0,0.012073418000077316,0.021366200885473637,
0.0,0.0,0.06681540846227532,0.06712667701209098,0.0,0.0,0.012073418000077316,0.021366200885473637,
0.0,0.0,0.06681540846227532,0.06712667701209098,0.0,0.0,0.012073418000077316,0.021366200885473637,
0.0,0.0,0.06779161365629419,0.06712667701209098,0.0,0.0,0.012073418000077316,0.021366200885473637,
0.0,0.0,0.06779161365629419,0.0691471211585697,0.0,0.0,0.012073418000077316,0.021366200885473637,
0.0,0.0,0.06779161365629419,0.0691471211585697,0.0,0.0,0.012073418000077316,0.021366200885473637,
0.0,0.0,0.06668288938009183,0.07169022725581901,0.0,0.0,0.012073418000077316,0.021366200885473637,
0.0,0.0,0.06668288938009183,0.07169022725581901,0.0,0.0,0.012073418000077316,0.021366200885473637,
0.0,0.0,0.06621768516002523,0.06813557841821931,0.0,0.0,0.012073418000077316,0.021366200885473637,
0.0,0.0,0.06621768516002523,0.06813557841821931,0.0,0.0,0.012073418000077316,0.021366200885473637,
0.0,0.0,0.06946902375457098,0.0735718007856933,0.0,0.0,0.012073418000077316,0.021366200885473637,
0.0,0.0,0.06735026795398198,0.07293400547573886,0.0,0.0,0.012073418000077316,0.021366200885473637,
0.0,0.0,0.06735026795398198,0.07293400547573886,0.0,0.0,0.012073418000077316,0.021366200885473637,
0.0,0.0,0.06735026795398198,0.07293400547573886,0.0,0.0,0.012073418000077316,0.021366200885473637,
0.0,0.0,0.06735026795398198,0.06985345325189761,0.0,0.0,0.012073418000077316,0.021366200885473637,
0.0,0.0,0.06735026795398198,0.06985345325189761,0.0,0.0,0.012073418000077316,0.021366200885473637,
0.0,0.0,0.06735026795398198,0.0729248553974533,0.0,0.0,0.012073418000077316,0.021366200885473637,
0.0,0.0,0.06748306439749868,0.079382199154895,0.0,0.0,0.012073418000077316,0.021366200885473637,
0.0,0.0,0.06748306439749868,0.08233105542394575,0.0,0.0,0.012073418000077316,0.021366200885473637,
0.0,0.0,0.06748306439749868,0.08233105542394575,0.0,0.0,0.012073418000077316,0.021366200885473637,
0.0,0.0,0.06748306439749868,0.08233105542394575,0.0,0.0,0.012073418000077316,0.021366200885473637,
0.0,0.0,0.0676257012871599,0.0816430445241824,0.0,0.0,0.012073418000077316,0.021366200885473637,
0.0,0.0,0.0676257012871599,0.07929100882909891,0.0,0.0,0.012073418000077316,0.021366200885473637,
0.0,0.0,0.067754074487855,0.07958694950749477,0.0,0.0,0.012073418000077316,0.021366200885473637,
0.0,0.0,0.067754074487855,0.07958694950749477,0.0,0.0,0.012073418000077316,0.021366200885473637,
0.0,0.0,0.067754074487855,0.07958694950749477,0.0,0.0,0.012073418000077316,0.021366200885473637,
0.0,0.0,0.06567861616403202,0.0792584106412834,0.0,0.0,0.012073418000077316,0.021366200885473637,
0.0,0.0,0.06633916285609275,0.07846582653487057,0.0,0.0,0.012073418000077316,0.021366200885473637,
0.0,0.0,0.06633916285609275,0.07912063283677029,0.0,0.0,0.012073418000077316,0.021366200885473637,
0.0,0.0,0.06633916285609275,0.07912063283677029,0.0,0.0,0.012073418000077316,0.021366200885473637,
0.0,0.0,0.06633916285609275,0.07912063283677029,0.0,0.0,0.012073418000077316,0.021366200885473637,
0.0,0.0,0.0720010271299586,0.08221883989663233,0.0,0.0,0.012073418000077316,0.021366200885473637,
0.0,0.0,0.0720010271299586,0.08495253577007858,0.0,0.0,0.012073418000077316,0.021366200885473637,
0.0,0.0,0.07255375163313715,0.08495253577007858,0.0,0.0,0.012073418000077316,0.021366200885473637,
0.0,0.0,0.073307899119254,0.08103297254066777,0.0,0.0,0.012073418000077316,0.021366200885473637,
0.0,0.0,0.06837629511032421,0.08041864900834853,0.0,0.0,0.012073418000077316,0.021366200885473637,
0.0,0.0,0.0692224086844311,0.0810778637874359,0.0,0.0,0.012073418000077316,0.021366200885473637,
0.0,0.0,0.06927017707597784,0.068956969660625,0.0,0.0,0.012073418000077316,0.021366200885473637,
0.0,0.0,0.06703491482508102,0.06851058222444438,0.0,0.0,0.012073418000077316,0.021366200885473637,
0.0,0.0,0.06703491482508102,0.06519541724182974,0.0,0.0,0.012073418000077316,0.021366200885473637,
0.0,0.0,0.06669941438776567,0.06506197607265767,0.0,0.0,0.012073418000077316,0.021366200885473637,
0.0,0.0,0.06742697673599855,0.06506197607265767,0.0,0.0,0.012073418000077316,0.021366200885473637,
0.0,0.0,0.06823603063751871,0.06255025177364437,0.0,0.0,0.012073418000077316,0.021366200885473637,
0.0,0.0,0.07260842217986313,0.06057778954814391,0.0,0.0,0.012073418000077316,0.021366200885473637,
0.0,0.0,0.0699736463412339,0.058128039232750485,0.0,0.0,0.012073418000077316,0.021366200885473637,
0.0,0.0,0.0699736463412339,0.058128039232750485,0.0,0.0,0.012073418000077316,0.021366200885473637,
0.0,0.0,0.07021423932542747,0.058128039232750485,0.0,0.0,0.012073418000077316,0.021366200885473637,
0.0,0.0,0.06797177362608431,0.0595332113117822,0.0,0.0,0.012073418000077316,0.021366200885473637,
0.0,0.0,0.06542887939124585,0.0595332113117822,0.0,0.0,0.012073418000077316,0.021366200885473637,
0.0,0.0,0.0669618523875148,0.05777347140745999,0.0,0.0,0.012073418000077316,0.021366200885473637,
0.0,0.0,0.0669618523875148,0.05777347140745999,0.0,0.0,0.012073418000077316,0.021366200885473637,
0.0,0.0,0.0669618523875148,0.05777347140745999,0.0,0.0,0.012073418000077316,0.021366200885473637,
0.0,0.0,0.0669618523875148,0.05777347140745999,0.0,0.0,0.012073418000077316,0.021366200885473637,
0.0,0.0,0.0669618523875148,0.05777347140745999,0.0,0.0,0.012073418000077316,0.021366200885473637,
0.0,0.0,0.0669618523875148,0.05777347140745999,0.0,0.0,0.012073418000077316,0.021366200885473637,
0.0,0.0,0.06828740803254357,0.06218771346046903,0.0,0.0,0.012073418000077316,0.021366200885473637,
0.0,0.0,0.0693505130911716,0.06578846628536836,0.0,0.0,0.012073418000077316,0.021366200885473637,
0.0,0.0,0.0693505130911716,0.06578846628536836,0.0,0.0,0.012073418000077316,0.021366200885473637,
0.0,0.0,0.06465410865708829,0.06918523157493181,0.0,0.0,0.012073418000077316,0.021366200885473637,
0.0,0.0,0.06465410865708829,0.06918523157493181,0.0,0.0,0.012073418000077316,0.021366200885473637,
0.0,0.0,0.06695342944731295,0.07054697697592388,0.0,0.0,0.012073418000077316,0.021366200885473637,
0.0,0.0,0.06695342944731295,0.06982603363360453,0.0,0.0,0.012073418000077316,0.021366200885473637,
0.0,0.0,0.06695342944731295,0.06982603363360453,0.0,0.0,0.012073418000077316,0.021366200885473637,
0.0,0.0,0.07136302889505353,0.06947666096335894,0.0,0.0,0.012073418000077316,0.021366200885473637,
0.0,0.0,0.07488898872435702,0.06785571045626551,0.0,0.0,0.012073418000077316,0.021366200885473637,
0.0,0.0,0.07488898872435702,0.06785571045626551,0.0,0.0,0.012073418000077316,0.021366200885473637,
0.0,0.0,0.07847664429403814,0.06522745340084053,0.0,0.0,0.012073418000077316,0.021366200885473637,
0.0,0.0,0.07847664429403814,0.06522745340084053,0.0,0.0,0.012073418000077316,0.021366200885473637,
0.0,0.0,0.08028652558491364,0.06904326623689039,0.0,0.0,0.012073418000077316,0.021366200885473637,
0.0,0.0,0.08062915703695656,0.06722557674763834,0.0,0.0,0.012073418000077316,0.021366200885473637,
0.0,0.0,0.08178693896607446,0.06972371670568805,0.0,0.0,0.012073418000077316,0.021366200885473637,
0.0,0.0,0.0824628556335037,0.06887415737015258,0.0,0.0,0.012073418000077316,0.021366200885473637,
0.0,0.0,0.08401553964605081,0.0678456920135455,0.0,0.0,0.012073418000077316,0.021366200885473637,
0.0,0.0,0.08335537976558482,0.06478910269141049,0.0,0.0,0.012073418000077316,0.021366200885473637,
0.0,0.0,0.08335537976558482,0.06478910269141049,0.0,0.0,0.012073418000077316,0.021366200885473637,
0.0,0.0,0.08678166057943662,0.06478910269141049,0.0,0.0,0.012073418000077316,0.021366200885473637,
0.0,0.0,0.08868570512734428,0.06440850594233809,0.0,0.0,0.012073418000077316,0.021366200885473637,
0.0,0.0,0.08305617763526944,0.06656483638219082,0.0,0.0,0.012073418000077316,0.021366200885473637,
0.0,0.0,0.0841785486543715,0.067383408731146,0.0,0.0,0.012073418000077316,0.021366200885473637,
0.0,0.0,0.08511446248545235,0.06486391157334759,0.0,0.0,0.012073418000077316,0.021366200885473637,
0.0,0.0,0.07297727953533133,0.06467703498295507,0.0,0.0,0.012073418000077316,0.021366200885473637,
0.0,0.0,0.07297727953533133,0.06467703498295507,0.0,0.0,0.012073418000077316,0.021366200885473637,
0.0,0.0,0.07297727953533133,0.06467703498295507,0.0,0.0,0.012073418000077316,0.021366200885473637,
0.0,0.0,0.07297727953533133,0.06467703498295507,0.0,0.0,0.012073418000077316,0.021366200885473637,
0.0,0.0,0.07297727953533133,0.06467703498295507,0.0,0.0,0.012073418000077316,0.021366200885473637,
0.0,0.0,0.07310337538844475,0.06259924012927522,0.0,0.0,0.012073418000077316,0.021366200885473637,
0.0,0.0,0.07305678533556928,0.06329144462732579,0.0,0.0,0.012073418000077316,0.021366200885473637,
0.0,0.0,0.07305678533556928,0.06329144462732579,0.0,0.0,0.012073418000077316,0.021366200885473637,
0.0,0.0,0.07370181495105735,0.06402770901274618,0.0,0.0,0.012073418000077316,0.021366200885473637,
0.0,0.0,0.0742624146161656,0.06520198295163569,0.0,0.0,0.012073418000077316,0.021366200885473637,
0.0,0.0,0.0742624146161656,0.06520198295163569,0.0,0.0,0.012073418000077316,0.021366200885473637,
0.0,0.0,0.0742624146161656,0.06520198295163569,0.0,0.0,0.012073418000077316,0.021366200885473637,
0.0,0.0,0.07454894103540599,0.06702556603623584,0.0,0.0,0.012073418000077316,0.021366200885473637,
0.0,0.0,0.07109174645949537,0.07090149606150695,0.0,0.0,0.012073418000077316,0.021366200885473637,
0.0,0.0,0.07109174645949537,0.07090149606150695,0.0,0.0,0.012073418000077316,0.021366200885473637,
0.0,0.0,0.07109174645949537,0.07090149606150695,0.0,0.0,0.012073418000077316,0.021366200885473637,
0.0,0.0,0.06691086243500886,0.0718483716351674,0.0,0.0,0.012073418000077316,0.021366200885473637,
0.0,0.0,0.06691086243500886,0.07259551372122378,0.0,0.0,0.012073418000077316,0.021366200885473637,
0.0,0.0,0.06691086243500886,0.07259551372122378,0.0,0.0,0.012073418000077316,0.021366200885473637,
0.0,0.0,0.06373142759550605,0.07539614965519832,0.0,0.0,0.012073418000077316,0.021366200885473637,
0.0,0.0,0.06374133872222645,0.07426491494232002,0.0,0.0,0.012073418000077316,0.021366200885473637,
0.0,0.0,0.06374133872222645,0.07415999618592942,0.0,0.0,0.012073418000077316,0.021366200885473637,
0.0,0.0,0.06374133872222645,0.07260509653612277,0.0,0.0,0.012073418000077316,0.021366200885473637,
0.0,0.0,0.06374133872222645,0.07260509653612277,0.0,0.0,0.012073418000077316,0.021366200885473637,
0.0,0.0,0.06374133872222645,0.07260509653612277,0.0,0.0,0.012073418000077316,0.021366200885473637,
0.0,0.0,0.06374133872222645,0.07260509653612277,0.0,0.0,0.012073418000077316,0.021366200885473637,
0.0,0.0,0.06374133872222645,0.07260509653612277,0.0,0.0,0.012073418000077316,0.021366200885473637,
0.0,0.0,0.0604558761862321,0.0712425125554878,0.0,0.0,0.012073418000077316,0.021366200885473637,
0.0,0.0,0.0604558761862321,0.0712425125554878,0.0,0.0,0.012073418000077316,0.021366200885473637,
0.0,0.0,0.06204532138250359,0.07053008742993293,0.0,0.0,0.012073418000077316,0.021366200885473637,
0.0,0.0,0.06204532138250359,0.07053008742993293,0.0,0.0,0.012073418000077316,0.021366200885473637,
0.0,0.0,0.06204532138250359,0.07053008742993293,0.0,0.0,0.012073418000077316,0.021366200885473637,
0.0,0.0,0.06204532138250359,0.07265180582570045,0.0,0.0,0.012073418000077316,0.021366200885473637,
0.0,0.0,0.06204532138250359,0.07366131683276708,0.0,0.0,0.012073418000077316,0.021366200885473637,
0.0,0.0,0.062119822941921365,0.07348963231140856,0.0,0.0,0.012073418000077316,0.021366200885473637,
0.0,0.0,0.062119822941921365,0.07278544533773894,0.0,0.0,0.012073418000077316,0.021366200885473637,
0.0,0.0,0.062119822941921365,0.07278544533773894,0.0,0.0,0.012073418000077316,0.021366200885473637,
0.0,0.0,0.062119822941921365,0.07278544533773894,0.0,0.0,0.012073418000077316,0.021366200885473637,
0.0,0.0,0.062119822941921365,0.07278544533773894,0.0,0.0,0.012073418000077316,0.021366200885473637,
0.0,0.0,0.061781309582210106,0.07006652885831556,0.0,0.0,0.012073418000077316,0.021366200885473637,
0.0,0.0,0.05838343044249556,0.07061774016550143,0.0,0.0,0.012073418000077316,0.021366200885473637,
0.0,0.0,0.05838343044249556,0.06900606122314137,0.0,0.0,0.012073418000077316,0.021366200885473637,
0.0,0.0,0.05838343044249556,0.06900606122314137,0.0,0.0,0.012073418000077316,0.021366200885473637,
0.0,0.0,0.05838343044249556,0.06908931471607997,0.0,0.0,0.012073418000077316,0.021366200885473637,
0.0,0.0,0.05850491823309288,0.06819899077911402,0.0,0.0,0.012073418000077316,0.021366200885473637,
0.0,0.0,0.058581804887452446,0.06648796872091385,0.0,0.0,0.012073418000077316,0.021366200885473637,
0.0,0.0,0.058581804887452446,0.06897946420461559,0.0,0.0,0.012073418000077316,0.021366200885473637,
0.0,0.0,0.06135243765533932,0.06700022838800838,0.0,0.0,0.012073418000077316,0.021366200885473637,
0.0,0.0,0.06135243765533932,0.06700022838800838,0.0,0.0,0.012073418000077316,0.021366200885473637,
0.0,0.0,0.05920845742378747,0.06484407606937674,0.0,0.0,0.012073418000077316,0.021366200885473637,
0.0,0.0,0.05920845742378747,0.06560698049876824,0.0,0.0,0.012073418000077316,0.021366200885473637,
0.0,0.0,0.05856439027105473,0.0629475602125624,0.0,0.0,0.012073418000077316,0.021366200885473637,
0.0,0.0,0.05856439027105473,0.06202690664261133,0.0,0.0,0.012073418000077316,0.021366200885473637,
0.0,0.0,0.05979895596231068,0.06172592236643663,0.0,0.0,0.012073418000077316,0.021366200885473637,
0.0,0.0,0.060198421278602074,0.06172592236643663,0.0,0.0,0.012073418000077316,0.021366200885473637,
0.0,0.0,0.061980604985254865,0.06110866314277226,0.0,0.0,0.012073418000077316,0.021366200885473637,
0.0,0.0,0.06614072238881002,0.061338832361748814,0.0,0.0,0.012073418000077316,0.021366200885473637,
0.0,0.0,0.06884768059416155,0.061338832361748814,0.0,0.0,0.012073418000077316,0.021366200885473637,
0.0,0.0,0.06884768059416155,0.061338832361748814,0.0,0.0,0.012073418000077316,0.021366200885473637,
0.0,0.0,0.06929964117432773,0.061338832361748814,0.0,0.0,0.012073418000077316,0.021366200885473637,
0.0,0.0,0.06751627347997498,0.06282817403404528,0.0,0.0,0.012073418000077316,0.021366200885473637,
0.0,0.0,0.06751627347997498,0.06282817403404528,0.0,0.0,0.012073418000077316,0.021366200885473637,
0.0,0.0,0.06751627347997498,0.06282817403404528,0.0,0.0,0.012073418000077316,0.021366200885473637,
0.0,0.0,0.061388571061753244,0.06303798311901382,0.0,0.0,0.012073418000077316,0.021366200885473637,
0.0,0.0,0.061388571061753244,0.06303798311901382,0.0,0.0,0.012073418000077316,0.021366200885473637,
0.0,0.0,0.06143027978276584,0.063453381406916,0.0,0.0,0.012073418000077316,0.021366200885473637,
0.0,0.0,0.0608459682838624,0.0631788072390597,0.0,0.0,0.012073418000077316,0.021366200885473637,
0.0,0.0,0.06275055730808204,0.06473802381777284,0.0,0.0,0.012073418000077316,0.021366200885473637,
0.0,0.0,0.06275055730808204,0.06473802381777284,0.0,0.0,0.012073418000077316,0.021366200885473637,
0.0,0.0,0.06139227032256373,0.06473802381777284,0.0,0.0,0.012073418000077316,0.021366200885473637,
0.0,0.0,0.06340441958037371,0.06371739773823586,0.0,0.0,0.012073418000077316,0.021366200885473637,
0.0,0.0,0.06035946369314395,0.06371739773823586,0.0,0.0,0.012073418000077316,0.021366200885473637,
0.0,0.0,0.06035946369314395,0.06371739773823586,0.0,0.0,0.012073418000077316,0.021366200885473637,
0.0,0.0,0.06035946369314395,0.06371739773823586,0.0,0.0,0.012073418000077316,0.021366200885473637,
0.0,0.0,0.06035946369314395,0.06371739773823586,0.0,0.0,0.012073418000077316,0.021366200885473637,
0.0,0.0,0.06035946369314395,0.06371739773823586,0.0,0.0,0.012073418000077316,0.021366200885473637,
0.0,0.0,0.06035946369314395,0.06113584988168752,0.0,0.0,0.012073418000077316,0.021366200885473637,
0.0,0.0,0.060410292241855915,0.062328005870678785,0.0,0.0,0.012073418000077316,0.021366200885473637,
0.0,0.0,0.06201252520922021,0.062328005870678785,0.0,0.0,0.012073418000077316,0.021366200885473637,
0.0,0.0,0.06201252520922021,0.062328005870678785,0.0,0.0,0.012073418000077316,0.021366200885473637,
0.0,0.0,0.06201252520922021,0.06128332131539739,0.0,0.0,0.012073418000077316,0.021366200885473637,
0.0,0.0,0.05974865091108502,0.06216323185747556,0.0,0.0,0.012073418000077316,0.021366200885473637,
0.0,0.0,0.05913718039529802,0.06366142810413836,0.0,0.0,0.012073418000077316,0.021366200885473637,
0.0,0.0,0.05913718039529802,0.06366142810413836,0.0,0.0,0.012073418000077316,0.021366200885473637,
0.0,0.0,0.05913718039529802,0.06366142810413836,0.0,0.0,0.012073418000077316,0.021366200885473637,
0.0,0.0,0.05913718039529802,0.06462833457520616,0.0,0.0,0.012073418000077316,0.021366200885473637,
0.0,0.0,0.055671841845604024,0.06312423186466574,0.0,0.0,0.012073418000077316,0.021366200885473637,
0.0,0.0,0.05703368871416609,0.06496936974814514,0.0,0.0,0.012073418000077316,0.021366200885473637,
0.0,0.0,0.05703368871416609,0.06496936974814514,0.0,0.0,0.012073418000077316,0.021366200885473637,
0.0,0.0,0.05703368871416609,0.06496936974814514,0.0,0.0,0.012073418000077316,0.021366200885473637,
0.0,0.0,0.05882024544739367,0.06496936974814514,0.0,0.0,0.030284929699775563,0.021366200885473637,
0.0,0.0,0.05915434543516142,0.06668054164070644,0.0,0.0,0.030284929699775563,0.021366200885473637,
0.0,0.0,0.05915434543516142,0.06961884107570072,0.0,0.0,0.030284929699775563,0.021366200885473637,
0.0,0.0,0.05915434543516142,0.06961884107570072,0.0,0.0,0.030284929699775563,0.021366200885473637,
0.0,0.0,0.05981938257331257,0.060320659429714485,0.0,0.0,0.030284929699775563,0.021366200885473637,
0.0,0.0,0.05981938257331257,0.060320659429714485,0.0,0.0,0.030284929699775563,0.021366200885473637,
0.0,0.0,0.05981938257331257,0.05937649761138101,0.0,0.0,0.030284929699775563,0.021366200885473637,
0.0,0.0,0.05958268669522374,0.057895794567681645,0.0,0.0,0.030284929699775563,0.021366200885473637,
0.0,0.0,0.05921129152572358,0.054899126405164894,0.0,0.0,0.030284929699775563,0.021366200885473637,
0.0,0.0,0.05921129152572358,0.054899126405164894,0.0,0.0,0.030284929699775563,0.021366200885473637,
0.0,0.0,0.05941328005343045,0.05472046428088671,0.0,0.0,0.030284929699775563,0.021366200885473637,
0.0,0.0,0.05982555721076868,0.05472046428088671,0.0,0.0,0.030284929699775563,0.021366200885473637,
0.0,0.0,0.05982555721076868,0.0528447040949797,0.0,0.0,0.030284929699775563,0.021366200885473637,
0.0,0.0,0.05834041489482377,0.053907031825092794,0.0,0.0,0.030284929699775563,0.021366200885473637,
0.0,0.0,0.05834041489482377,0.053907031825092794,0.0,0.0,0.030284929699775563,0.021366200885473637,
0.0,0.0,0.05834041489482377,0.053907031825092794,0.0,0.0,0.030284929699775563,0.021366200885473637,
0.0,0.0,0.059551108515499836,0.05494113032578795,0.0,0.0,0.030284929699775563,0.021366200885473637,
0.0,0.0,0.06079634967578033,0.0566357623449253,0.0,0.0,0.030284929699775563,0.021366200885473637,
0.0,0.0,0.0627135447195967,0.05805692588240409,0.0,0.0,0.030284929699775563,0.021366200885473637,
0.0,0.0,0.0627135447195967,0.05805692588240409,0.0,0.0,0.030284929699775563,0.021366200885473637,
0.0,0.0,0.0627135447195967,0.05805692588240409,0.0,0.0,0.030284929699775563,0.021366200885473637,
0.0,0.0,0.0627135447195967,0.05805692588240409,0.0,0.0,0.030284929699775563,0.021366200885473637,
0.0,0.0,0.06603062819840388,0.05931206240946248,0.0,0.0,0.030284929699775563,0.021366200885473637,
0.0,0.0,0.06451024001429495,0.06044168528381503,0.0,0.0,0.030284929699775563,0.021366200885473637,
0.0,0.0,0.06555615266570186,0.061458345870732324,0.0,0.0,0.030284929699775563,0.021366200885473637,
0.0,0.0,0.06555615266570186,0.061458345870732324,0.0,0.0,0.030284929699775563,0.021366200885473637,
0.0,0.0,0.06555615266570186,0.061458345870732324,0.0,0.0,0.030284929699775563,0.021366200885473637,
0.0,0.0,0.06555615266570186,0.061458345870732324,0.0,0.0,0.030284929699775563,0.021366200885473637,
0.0,0.0,0.06889212429017776,0.061458345870732324,0.0,0.0,0.030284929699775563,0.021366200885473637,
0.0,0.0,0.06889212429017776,0.061458345870732324,0.0,0.0,0.030284929699775563,0.021366200885473637,
0.0,0.0,0.06889212429017776,0.061458345870732324,0.0,0.0,0.030284929699775563,0.021366200885473637,
0.0,0.0,0.06889212429017776,0.061458345870732324,0.0,0.0,0.030284929699775563,0.021366200885473637,
0.0,0.0,0.06889212429017776,0.061458345870732324,0.0,0.0,0.030284929699775563,0.021366200885473637,
0.0,0.0,0.06889212429017776,0.061458345870732324,0.0,0.0,0.030284929699775563,0.021366200885473637,
0.0,0.0,0.06889212429017776,0.061458345870732324,0.0,0.0,0.030284929699775563,0.021366200885473637,
0.0,0.0,0.06889212429017776,0.061458345870732324,0.0,0.0,0.030284929699775563,0.021366200885473637,
0.0,0.0,0.07227608770962286,0.061458345870732324,0.0,0.0,0.030284929699775563,0.021366200885473637,
0.0,0.0,0.07227608770962286,0.06456716120903637,0.0,0.0,0.030284929699775563,0.021366200885473637,
0.0,0.0,0.072276968104261,0.06903228783177373,0.0,0.0,0.030284929699775563,0.021366200885473637,
0.0,0.0,0.07290794614499464,0.06953809850359066,0.0,0.0,0.030284929699775563,0.021366200885473637,
0.0,0.0,0.07290794614499464,0.06953809850359066,0.0,0.0,0.030284929699775563,0.021366200885473637,
0.0,0.0,0.07290794614499464,0.06953809850359066,0.0,0.0,0.030284929699775563,0.021366200885473637,
0.0,0.0,0.07290794614499464,0.07297510337320638,0.0,0.0,0.030284929699775563,0.021366200885473637,
0.0,0.0,0.07290794614499464,0.07297510337320638,0.0,0.0,0.030284929699775563,0.021366200885473637,
0.0,0.0,0.07337985623865387,0.07360352734577756,0.0,0.0,0.030284929699775563,0.021366200885473637,
0.0,0.0,0.07017698720435664,0.07279946445485061,0.0,0.0,0.030284929699775563,0.021366200885473637,
0.0,0.0,0.07017698720435664,0.07279946445485061,0.0,0.0,0.030284929699775563,0.021366200885473637,
0.0,0.0,0.07101857566518711,0.06961115846507888,0.0,0.0,0.030284929699775563,0.021366200885473637,
0.0,0.0,0.07101857566518711,0.06961115846507888,0.0,0.0,0.030284929699775563,0.021366200885473637,
0.0,0.0,0.07101857566518711,0.06961115846507888,0.0,0.0,0.030284929699775563,0.021366200885473637,
0.0,0.0,0.07101857566518711,0.06961115846507888,0.0,0.0,0.030284929699775563,0.021366200885473637,
0.0,0.0,0.07101857566518711,0.07079492625149157,0.0,0.0,0.030284929699775563,0.021366200885473637,
0.0,0.0,0.0728602633573085,0.07079492625149157,0.0,0.0,0.030284929699775563,0.021366200885473637,
0.0,0.0,0.0728602633573085,0.07079492625149157,0.0,0.0,0.030284929699775563,0.021366200885473637,
0.0,0.0,0.0728602633573085,0.07126349162263379,0.0,0.0,0.030284929699775563,0.021366200885473637,
0.0,0.0,0.07365003948542231,0.07126349162263379,0.0,0.0,0.030284929699775563,0.021366200885473637,
0.0,0.0,0.07365003948542231,0.07126349162263379,0.0,0.0,0.030284929699775563,0.021366200885473637,
0.0,0.0,0.07383978243583529,0.07126349162263379,0.0,0.0,0.030284929699775563,0.021366200885473637,
0.0,0.0,0.076168638284973,0.07366617345800577,0.0,0.0,0.030284929699775563,0.021366200885473637,
0.0,0.0,0.076168638284973,0.07366617345800577,0.0,0.0,0.030284929699775563,0.021366200885473637,
0.0,0.0,0.076168638284973,0.07366617345800577,0.0,0.0,0.030284929699775563,0.021366200885473637,
0.0,0.0,0.076168638284973,0.07366617345800577,0.0,0.0,0.030284929699775563,0.021366200885473637,
0.0,0.0,0.076168638284973,0.07366617345800577,0.0,0.0,0.030284929699775563,0.021366200885473637,
0.0,0.0,0.076168638284973,0.07366617345800577,0.0,0.0,0.030284929699775563,0.021366200885473637,
0.0,0.0,0.076168638284973,0.07366617345800577,0.0,0.0,0.030284929699775563,0.021366200885473637,
0.0,0.0,0.07838539058701885,0.0794103010599467,0.0,0.0,0.030284929699775563,0.021366200885473637,
0.0,0.0,0.07838539058701885,0.0794103010599467,0.0,0.0,0.030284929699775563,0.021366200885473637,
0.0,0.0,0.07838539058701885,0.0794103010599467,0.0,0.0,0.030284929699775563,0.021366200885473637,
0.0,0.0,0.07838539058701885,0.0794103010599467,0.0,0.0,0.030284929699775563,0.021366200885473637,
0.0,0.0,0.07838539058701885,0.0794103010599467,0.0,0.0,0.030284929699775563,0.021366200885473637,
0.0,0.0,0.07838539058701885,0.08231213434077643,0.0,0.0,0.030284929699775563,0.021366200885473637,
0.0,0.0,0.07838539058701885,0.08738534024234453,0.0,0.0,0.030284929699775563,0.021366200885473637,
0.0,0.0,0.07838539058701885,0.08877194685306655,0.0,0.0,0.030284929699775563,0.021366200885473637,
0.0,0.0,0.07855471873485047,0.09048392814484083,0.0,0.0,0.030284929699775563,0.021366200885473637,
0.0,0.0,0.07848084620980589,0.09048392814484083,0.0,0.0,0.030284929699775563,0.021366200885473637,
0.0,0.0,0.07848084620980589,0.09048392814484083,0.0,0.0,0.030284929699775563,0.021366200885473637,
0.0,0.0,0.07834851926928353,0.09117936021604094,0.0,0.0,0.030284929699775563,0.021366200885473637,
0.0,0.0,0.07834851926928353,0.09228979192975813,0.0,0.0,0.030284929699775563,0.021366200885473637,
0.0,0.0,0.07834851926928353,0.09314399691578285,0.0,0.0,0.030284929699775563,0.021366200885473637,
0.0,0.0,0.07834851926928353,0.08953580726209233,0.0,0.0,0.030284929699775563,0.021366200885473637,
0.0,0.0,0.07834851926928353,0.08953580726209233,0.0,0.0,0.030284929699775563,0.021366200885473637,
0.0,0.0,0.07834851926928353,0.09034977443407688,0.0,0.0,0.030284929699775563,0.021366200885473637,
0.0,0.0,0.07834851926928353,0.09104796048722763,0.0,0.0,0.030284929699775563,0.021366200885473637,
0.0,0.0,0.07834851926928353,0.09104796048722763,0.0,0.0,0.030284929699775563,0.021366200885473637,
0.0,0.0,0.07815226744600882,0.09184322662964048,0.0,0.0,0.030284929699775563,0.021366200885473637,
0.0,0.0,0.07815226744600882,0.09040320480411264,0.0,0.0,0.030284929699775563,0.021366200885473637,
0.0,0.0,0.07815226744600882,0.09040320480411264,0.0,0.0,0.030284929699775563,0.021366200885473637,
0.0,0.0,0.07815226744600882,0.09004961671173128,0.0,0.0,0.030284929699775563,0.021366200885473637,
0.0,0.0,0.07815226744600882,0.09004961671173128,0.0,0.0,0.030284929699775563,0.021366200885473637,
0.0,0.0,0.07815226744600882,0.08974742049761639,0.0,0.0,0.030284929699775563,0.021366200885473637,
0.0,0.0,0.07815226744600882,0.08974742049761639,0.0,0.0,0.030284929699775563,0.021366200885473637,
0.0,0.0,0.07815226744600882,0.08974742049761639,0.0,0.0,0.030284929699775563,0.021366200885473637,
0.0,0.0,0.07815226744600882,0.08974742049761639,0.0,0.0,0.030284929699775563,0.021366200885473637,
0.0,0.0,0.07815226744600882,0.08974742049761639,0.0,0.0,0.030284929699775563,0.021366200885473637,
0.0,0.0,0.07863091435724454,0.09339918578463974,0.0,0.0,0.030284929699775563,0.021366200885473637,
0.0,0.0,0.07863091435724454,0.09339918578463974,0.0,0.0,0.030284929699775563,0.021366200885473637,
0.0,0.0,0.07863091435724454,0.09339918578463974,0.0,0.0,0.030284929699775563,0.021366200885473637,
0.0,0.0,0.07863091435724454,0.09339918578463974,0.0,0.0,0.030284929699775563,0.021366200885473637,
0.0,0.0,0.07948122712440946,0.09397210125807474,0.0,0.0,0.030284929699775563,0.021366200885473637,
0.0,0.0,0.08522913143153624,0.090613306407638,0.0,0.0,0.030284929699775563,0.021366200885473637,
0.0,0.0,0.08483217853899838,0.0860435014488174,0.0,0.0,0.030284929699775563,0.021366200885473637,
0.0,0.0,0.0852652270474877,0.08518306643432921,0.0,0.0,0.030284929699775563,0.021366200885473637,
0.0,0.0,0.08604037184773963,0.08518306643432921,0.0,0.0,0.030284929699775563,0.021366200885473637,
0.0,0.0,0.08604037184773963,0.08518306643432921,0.0,0.0,0.030284929699775563,0.021366200885473637,
0.0,0.0,0.08604037184773963,0.08518306643432921,0.0,0.0,0.030284929699775563,0.021366200885473637,
0.0,0.0,0.08604037184773963,0.08518306643432921,0.0,0.0,0.030284929699775563,0.021366200885473637,
0.0,0.0,0.08769543379697704,0.08727477222619061,0.0,0.0,0.030284929699775563,0.021366200885473637,
0.0,0.0,0.08769543379697704,0.08727477222619061,0.0,0.0,0.030284929699775563,0.021366200885473637,
0.0,0.0,0.08769543379697704,0.09273407699871392,0.0,0.0,0.030284929699775563,0.021366200885473637,
0.0,0.0,0.08769543379697704,0.09600605108130217,0.0,0.0,0.030284929699775563,0.021366200885473637,
0.0,0.0,0.08769543379697704,0.09600605108130217,0.0,0.0,0.030284929699775563,0.021366200885473637,
0.0,0.0,0.08895552279977366,0.09854440763075788,0.0,0.0,0.030284929699775563,0.021366200885473637,
0.0,0.0,0.08895552279977366,0.09463783559954166,0.0,0.0,0.030284929699775563,0.021366200885473637,
0.0,0.0,0.09051481012813048,0.09463783559954166,0.0,0.0,0.030284929699775563,0.021366200885473637,
0.0,0.0,0.09051481012813048,0.09463783559954166,0.0,0.0,0.030284929699775563,0.021366200885473637,
0.0,0.0,0.08938822516824604,0.09463783559954166,0.0,0.0,0.030284929699775563,0.021366200885473637,
0.0,0.0,0.08938822516824604,0.09463783559954166,0.0,0.0,0.030284929699775563,0.021366200885473637,
0.0,0.0,0.08938822516824604,0.09463783559954166,0.0,0.0,0.030284929699775563,0.021366200885473637,
0.0,0.0,0.08938822516824604,0.09373816348332618,0.0,0.0,0.030284929699775563,0.021366200885473637,
0.0,0.0,0.0920455844010581,0.08804074550044352,0.0,0.0,0.030284929699775563,0.021366200885473637,
0.0,0.0,0.08407135224708151,0.08689963338663469,0.0,0.0,0.030284929699775563,0.021366200885473637,
0.0,0.0,0.07791074830339172,0.07913439022632997,0.0,0.0,0.030284929699775563,0.021366200885473637,
0.0,0.0,0.07791074830339172,0.07825662960895564,0.0,0.0,0.030284929699775563,0.021366200885473637,
0.0,0.0,0.07847190146332288,0.07717560143125451,0.0,0.0,0.030284929699775563,0.021366200885473637,
0.0,0.0,0.07881928735852976,0.07778871434445621,0.0,0.0,0.030284929699775563,0.021366200885473637,
0.0,0.0,0.07849673510054865,0.07778871434445621,0.0,0.0,0.030284929699775563,0.021366200885473637,
0.0,0.0,0.0773229072341206,0.0762987110572414,0.0,0.0,0.030284929699775563,0.021366200885473637,
0.0,0.0,0.07733261384154075,0.0762987110572414,0.0,0.0,0.030284929699775563,0.021366200885473637,
0.0,0.0,0.07669526521415784,0.07557190526698508,0.0,0.0,0.030284929699775563,0.021366200885473637,
0.0,0.0,0.07375040040212204,0.07497019859773345,0.0,0.0,0.030284929699775563,0.021366200885473637,
0.0,0.0,0.07375040040212204,0.07497019859773345,0.0,0.0,0.030284929699775563,0.021366200885473637,
0.0,0.0,0.06995119300335476,0.07531689075950798,0.0,0.0,0.030284929699775563,0.021366200885473637,
0.0,0.0,0.06683370211873575,0.07129725032577872,0.0,0.0,0.030284929699775563,0.021366200885473637,
0.0,0.0,0.06683370211873575,0.07129725032577872,0.0,0.0,0.030284929699775563,0.021366200885473637,
0.0,0.0,0.06546475830194258,0.06781654995866719,0.0,0.0,0.030284929699775563,0.021366200885473637,
0.0,0.0,0.06546475830194258,0.06496499879249931,0.0,0.0,0.030284929699775563,0.021366200885473637,
0.0,0.0,0.06546475830194258,0.06496499879249931,0.0,0.0,0.030284929699775563,0.021366200885473637,
0.0,0.0,0.06546475830194258,0.06496499879249931,0.0,0.0,0.030284929699775563,0.021366200885473637,
0.0,0.0,0.06063855558315836,0.07154279167124389,0.0,0.0,0.030284929699775563,0.021366200885473637,
0.0,0.0,0.06063855558315836,0.07154279167124389,0.0,0.0,0.030284929699775563,0.021366200885473637,
0.0,0.0,0.06063855558315836,0.07154279167124389,0.0,0.0,0.030284929699775563,0.021366200885473637,
0.0,0.0,0.06063855558315836,0.07175391161899476,0.0,0.0,0.030284929699775563,0.021366200885473637,
0.0,0.0,0.06063855558315836,0.07242513143834374,0.0,0.0,0.030284929699775563,0.021366200885473637,
0.0,0.0,0.060149791352848925,0.07322191516300697,0.0,0.0,0.030284929699775563,0.021366200885473637,
0.0,0.0,0.060149791352848925,0.07427778461491755,0.0,0.0,0.030284929699775563,0.021366200885473637,
0.0,0.0,0.060149791352848925,0.07427778461491755,0.0,0.0,0.030284929699775563,0.021366200885473637,
0.0,0.0,0.05989869941781598,0.0757077942462543,0.0,0.0,0.030284929699775563,0.021366200885473637,
0.0,0.0,0.05989869941781598,0.07138463574551411,0.0,0.0,0.030284929699775563,0.021366200885473637,
0.0,0.0,0.05989869941781598,0.07341042446348628,0.0,0.0,0.030284929699775563,0.021366200885473637,
0.0,0.0,0.05794610341593255,0.07198269738140697,0.0,0.0,0.030284929699775563,0.021366200885473637,
0.0,0.0,0.05794610341593255,0.07198269738140697,0.0,0.0,0.030284929699775563,0.021366200885473637,
0.0,0.0,0.05794610341593255,0.07198269738140697,0.0,0.0,0.030284929699775563,0.021366200885473637,
0.0,0.0,0.05794610341593255,0.0740968241899984,0.0,0.0,0.030284929699775563,0.021366200885473637,
0.0,0.0,0.056118102471915926,0.07713885067449489,0.0,0.0,0.030284929699775563,0.021366200885473637,
0.0,0.0,0.056118102471915926,0.07713885067449489,0.0,0.0,0.030284929699775563,0.021366200885473637,
0.0,0.0,0.056118102471915926,0.07625809261284008,0.0,0.0,0.030284929699775563,0.021366200885473637,
0.0,0.0,0.056118102471915926,0.07625809261284008,0.0,0.0,0.030284929699775563,0.021366200885473637,
0.0,0.0,0.056118102471915926,0.07625809261284008,0.0,0.0,0.030284929699775563,0.021366200885473637,
0.0,0.0,0.060062047423443565,0.07480005232146729,0.0,0.0,0.030284929699775563,0.021366200885473637,
0.0,0.0,0.060156073164242395,0.07174276955840637,0.0,0.0,0.030284929699775563,0.021366200885473637,
0.0,0.0,0.060156073164242395,0.07174276955840637,0.0,0.0,0.030284929699775563,0.021366200885473637,
0.0,0.0,0.060156073164242395,0.07174276955840637,0.0,0.0,0.030284929699775563,0.021366200885473637,
0.0,0.0,0.06047853551643338,0.07184902321880715,0.0,0.0,0.030284929699775563,0.021366200885473637,
0.0,0.0,0.06047853551643338,0.07344897434210741,0.0,0.0,0.030284929699775563,0.021366200885473637,
0.0,0.0,0.06392821691922546,0.07240343116549847,0.0,0.0,0.030284929699775563,0.021366200885473637,
0.0,0.0,0.06390920447556339,0.07025297685645199,0.0,0.0,0.030284929699775563,0.021366200885473637,
0.0,0.0,0.06390920447556339,0.07025297685645199,0.0,0.0,0.030284929699775563,0.021366200885473637,
0.0,0.0,0.06371630991011057,0.07451981660367202,0.0,0.0,0.030284929699775563,0.021366200885473637,
0.0,0.0,0.06217878282719599,0.07347778613497576,0.0,0.0,0.030284929699775563,0.021366200885473637,
0.0,0.0,0.06276748695812434,0.0724077122505471,0.0,0.0,0.030284929699775563,0.021366200885473637,
0.0,0.0,0.06211227755784498,0.0721389548377377,0.0,0.0,0.030284929699775563,0.021366200885473637,
0.0,0.0,0.061134704834618574,0.06188924643756712,0.0,0.0,0.030284929699775563,0.021366200885473637,
0.0,0.0,0.061134704834618574,0.06188924643756712,0.0,0.0,0.030284929699775563,0.021366200885473637,
0.0,0.0,0.061134704834618574,0.06188924643756712,0.0,0.0,0.030284929699775563,0.021366200885473637,
0.0,0.0,0.060309225767107164,0.06205070939532098,0.0,0.0,0.030284929699775563,0.021366200885473637,
0.0,0.0,0.060309225767107164,0.06205070939532098,0.0,0.0,0.030284929699775563,0.021366200885473637,
0.0,0.0,0.06021748319577578,0.06205070939532098,0.0,0.0,0.030284929699775563,0.021366200885473637,
0.0,0.0,0.06085499703289372,0.06205070939532098,0.0,0.0,0.030284929699775563,0.021366200885473637,
0.0,0.0,0.06085499703289372,0.06205070939532098,0.0,0.0,0.030284929699775563,0.021366200885473637,
0.0,0.0,0.06085499703289372,0.06205070939532098,0.0,0.0,0.030284929699775563,0.021366200885473637,
0.0,0.0,0.06085499703289372,0.06205070939532098,0.0,0.0,0.030284929699775563,0.021366200885473637,
0.0,0.0,0.06085499703289372,0.06227815845438086,0.0,0.0,0.030284929699775563,0.021366200885473637,
0.0,0.0,0.06129997948897387,0.06165537686983705,0.0,0.0,0.030284929699775563,0.021366200885473637,
0.0,0.0,0.06514244411707654,0.0656476683419576,0.0,0.0,0.030284929699775563,0.021366200885473637,
0.0,0.0,0.0645247088231187,0.06500193012565864,0.0,0.0,0.030284929699775563,0.021366200885473637,
0.0,0.0,0.0661672512427163,0.0647106798304908,0.0,0.0,0.030284929699775563,0.021366200885473637,
0.0,0.0,0.0695047397422518,0.06381475124469568,0.0,0.0,0.030284929699775563,0.021366200885473637,
0.0,0.0,0.07097406239198936,0.06381475124469568,0.0,0.0,0.030284929699775563,0.021366200885473637,
0.0,0.0,0.07215158136433857,0.06382094173550516,0.0,0.0,0.030284929699775563,0.021366200885473637,
0.0,0.0,0.0754802919620414,0.06259843585615471,0.0,0.0,0.030284929699775563,0.021366200885473637,
0.0,0.0,0.07518406572081777,0.06259843585615471,0.0,0.0,0.030284929699775563,0.021366200885473637,
0.0,0.0,0.07501689082382053,0.06447987214272569,0.0,0.0,0.030284929699775563,0.021366200885473637,
0.0,0.0,0.0783708018096471,0.07034614022615562,0.0,0.0,0.030284929699775563,0.021366200885473637,
0.0,0.0,0.0781843806718493,0.07079989338383437,0.0,0.0,0.030284929699775563,0.021366200885473637,
0.0,0.0,0.0781843806718493,0.07079989338383437,0.0,0.0,0.030284929699775563,0.021366200885473637,
0.0,0.0,0.0781843806718493,0.07112153324714983,0.0,0.0,0.030284929699775563,0.021366200885473637,
0.0,0.0,0.0781843806718493,0.07112153324714983,0.0,0.0,0.030284929699775563,0.021366200885473637,
0.0,0.0,0.07744582558329255,0.07112153324714983,0.0,0.0,0.030284929699775563,0.021366200885473637,
0.0,0.0,0.07770608297632023,0.06817525029441812,0.0,0.0,0.030284929699775563,0.021366200885473637,
0.0,0.0,0.07770608297632023,0.06817525029441812,0.0,0.0,0.030284929699775563,0.021366200885473637,
0.0,0.0,0.07770608297632023,0.06817525029441812,0.0,0.0,0.030284929699775563,0.021366200885473637,
0.0,0.0,0.0757237585689141,0.07267249492275456,0.0,0.0,0.030284929699775563,0.021366200885473637,
0.0,0.0,0.07459500635935429,0.0675515829731579,0.0,0.0,0.030284929699775563,0.021366200885473637,
0.0,0.0,0.07060461326073378,0.06769296694998035,0.0,0.0,0.030284929699775563,0.021366200885473637,
0.0,0.0,0.06709283795852203,0.06838787372279248,0.0,0.0,0.030284929699775563,0.021366200885473637,
0.0,0.0,0.06709283795852203,0.06838787372279248,0.0,0.0,0.030284929699775563,0.021366200885473637,
0.0,0.0,0.06709283795852203,0.06838787372279248,0.0,0.0,0.030284929699775563,0.021366200885473637,
0.0,0.0,0.06712593951300848,0.06835400606626599,0.0,0.0,0.030284929699775563,0.021366200885473637,
0.0,0.0,0.06698827108491612,0.06566379917111165,0.0,0.0,0.030284929699775563,0.021366200885473637,
0.0,0.0,0.06702487620725542,0.06566379917111165,0.0,0.0,0.030284929699775563,0.021366200885473637,
0.0,0.0,0.06722852354618095,0.06608479533258789,0.0,0.0,0.030284929699775563,0.021366200885473637,
0.0,0.0,0.06722852354618095,0.06613429312726517,0.0,0.0,0.030284929699775563,0.021366200885473637,
0.0,0.0,0.06722852354618095,0.06613429312726517,0.0,0.0,0.030284929699775563,0.021366200885473637,
0.0,0.0,0.06722852354618095,0.06613429312726517,0.0,0.0,0.030284929699775563,0.021366200885473637,
0.0,0.0,0.07297687145073685,0.06496223292166584,0.0,0.0,0.030284929699775563,0.021366200885473637,
0.0,0.0,0.07447161357995584,0.06496223292166584,0.0,0.0,0.030284929699775563,0.021366200885473637,
0.0,0.0,0.07447161357995584,0.06489679905494744,0.0,0.0,0.030284929699775563,0.021366200885473637,
0.0,0.0,0.07216072656709113,0.0647872906324237,0.0,0.0,0.030284929699775563,0.021366200885473637,
0.0,0.0,0.07216072656709113,0.06479188067442357,0.0,0.0,0.030284929699775563,0.021366200885473637,
0.0,0.0,0.07216072656709113,0.06302890680448484,0.0,0.0,0.030284929699775563,0.021366200885473637,
0.0,0.0,0.07452595687976736,0.06557922167292028,0.0,0.0,0.030284929699775563,0.021366200885473637,
0.0,0.0,0.07394314618352832,0.07430922364933498,0.0,0.0,0.030284929699775563,0.021366200885473637,
0.0,0.0,0.07394314618352832,0.07475723956912259,0.0,0.0,0.030284929699775563,0.021366200885473637,
0.0,0.0,0.07646565281270928,0.07842026931182812,0.0,0.0,0.030284929699775563,0.021366200885473637,
0.0,0.0,0.07646565281270928,0.07849735307932396,0.0,0.0,0.030284929699775563,0.021366200885473637,
0.0,0.0,0.07683047822253604,0.07849761145128542,0.0,0.0,0.030284929699775563,0.021366200885473637,
0.0,0.0,0.07683047822253604,0.07849761145128542,0.0,0.0,0.030284929699775563,0.021366200885473637,
0.0,0.0,0.06772714749394568,0.07860519063559933,0.0,0.0,0.030284929699775563,0.021366200885473637,
0.0,0.0,0.06772714749394568,0.07860519063559933,0.0,0.0,0.030284929699775563,0.021366200885473637,
0.0,0.0,0.06772714749394568,0.07860519063559933,0.0,0.0,0.030284929699775563,0.021366200885473637,
0.0,0.0,0.06772714749394568,0.07879563282171254,0.0,0.0,0.030284929699775563,0.021366200885473637,
0.0,0.0,0.06772714749394568,0.07879563282171254,0.0,0.0,0.030284929699775563,0.021366200885473637,
0.0,0.0,0.07208763698710485,0.07633439212513944,0.0,0.0,0.030284929699775563,0.021366200885473637,
0.0,0.0,0.07208763698710485,0.07633439212513944,0.0,0.0,0.030284929699775563,0.021366200885473637,
0.0,0.0,0.07208763698710485,0.07292388736018664,0.0,0.0,0.030284929699775563,0.021366200885473637,
0.0,0.0,0.07389747666311465,0.07191104246612041,0.0,0.0,0.030284929699775563,0.021366200885473637,
0.0,0.0,0.07389747666311465,0.07191104246612041,0.0,0.0,0.030284929699775563,0.021366200885473637,
0.0,0.0,0.07389747666311465,0.07191104246612041,0.0,0.0,0.030284929699775563,0.021366200885473637,
0.0,0.0,0.07389747666311465,0.07254618279394412,0.0,0.0,0.030284929699775563,0.021366200885473637,
0.0,0.0,0.07389747666311465,0.074242724163469,0.0,0.0,0.030284929699775563,0.021366200885473637,
0.0,0.0,0.07389747666311465,0.07426963811534555,0.0,0.0,0.030284929699775563,0.021366200885473637,
0.0,0.0,0.07060873017639424,0.07429570242668956,0.0,0.0,0.030284929699775563,0.021366200885473637,
0.0,0.0,0.07060873017639424,0.07078007323263277,0.0,0.0,0.030284929699775563,0.021366200885473637,
0.0,0.0,0.07060873017639424,0.07078007323263277,0.0,0.0,0.030284929699775563,0.021366200885473637,
0.0,0.0,0.07099956596653684,0.07289805279118068,0.0,0.0,0.030284929699775563,0.021366200885473637,
0.0,0.0,0.07099956596653684,0.07289805279118068,0.0,0.0,0.030284929699775563,0.021366200885473637,
0.0,0.0,0.07162700952380217,0.0716087144358315,0.0,0.0,0.030284929699775563,0.021366200885473637,
0.0,0.0,0.07162700952380217,0.07222263313409494,0.0,0.0,0.030284929699775563,0.021366200885473637,
0.0,0.0,0.07275233117549808,0.0735355687919661,0.0,0.0,0.030284929699775563,0.021366200885473637,
0.0,0.0,0.07275233117549808,0.0735355687919661,0.0,0.0,0.030284929699775563,0.021366200885473637,
0.0,0.0,0.07294780253341679,0.07446461123187965,0.0,0.0,0.030284929699775563,0.021366200885473637,
0.0,0.0,0.07298670513184416,0.07371996511956086,0.0,0.0,0.03628300935989141,0.021366200885473637,
0.0,0.0,0.07318944856568324,0.07488740753007382,0.0,0.0,0.03628300935989141,0.021366200885473637,
0.0,0.0,0.07318944856568324,0.07488740753007382,0.0,0.0,0.03628300935989141,0.021366200885473637,
0.0,0.0,0.073302578111603,0.07488740753007382,0.0,0.0,0.03628300935989141,0.021366200885473637,
0.0,0.0,0.07395407787206669,0.07772557503918506,0.0,0.0,0.03628300935989141,0.021366200885473637,
0.0,0.0,0.07395407787206669,0.07772557503918506,0.0,0.0,0.03628300935989141,0.021366200885473637,
0.0,0.0,0.07395407787206669,0.07772557503918506,0.0,0.0,0.03628300935989141,0.021366200885473637,
0.0,0.0,0.07449658341398191,0.07932940167063239,0.0,0.0,0.03628300935989141,0.021366200885473637,
0.0,0.0,0.07449658341398191,0.07998594141348629,0.0,0.0,0.03628300935989141,0.021366200885473637,
0.0,0.0,0.07449658341398191,0.07998594141348629,0.0,0.0,0.03628300935989141,0.021366200885473637,
0.0,0.0,0.07482571164771215,0.07998594141348629,0.0,0.0,0.03628300935989141,0.021366200885473637,
0.0,0.0,0.07482571164771215,0.07998594141348629,0.0,0.0,0.03628300935989141,0.021366200885473637,
0.0,0.0,0.07482571164771215,0.07998594141348629,0.0,0.0,0.03628300935989141,0.021366200885473637,
0.0,0.0,0.07482571164771215,0.0808293502415097,0.0,0.0,0.03628300935989141,0.021366200885473637,
0.0,0.0,0.07490004611990507,0.0808293502415097,0.0,0.0,0.03628300935989141,0.021366200885473637,
0.0,0.0,0.07490004611990507,0.07949128509408124,0.0,0.0,0.03628300935989141,0.021366200885473637,
0.0,0.0,0.07394011991900716,0.06524334601212016,0.0,0.0,0.03628300935989141,0.021366200885473637,
0.0,0.0,0.07319245796025263,0.06606235193433782,0.0,0.0,0.03628300935989141,0.021366200885473637,
0.0,0.0,0.07134367666676,0.06385879874431852,0.0,0.0,0.03628300935989141,0.021366200885473637,
0.0,0.0,0.06749423588441075,0.06362911271498992,0.0,0.0,0.03628300935989141,0.021366200885473637,
0.0,0.0,0.06749423588441075,0.0644385422893389,0.0,0.0,0.03628300935989141,0.021366200885473637,
0.0,0.0,0.0679428185774306,0.06558242670398068,0.0,0.0,0.03628300935989141,0.021366200885473637,
0.0,0.0,0.0679428185774306,0.06558242670398068,0.0,0.0,0.03628300935989141,0.021366200885473637,
0.0,0.0,0.06835842645725693,0.06558242670398068,0.0,0.0,0.03628300935989141,0.021366200885473637,
0.0,0.0,0.06835842645725693,0.06397123654665199,0.0,0.0,0.03628300935989141,0.021366200885473637,
0.0,0.0,0.06529300801287408,0.06474005142723514,0.0,0.0,0.03628300935989141,0.021366200885473637,
0.0,0.0,0.06598863975473858,0.06512214206444823,0.0,0.0,0.03628300935989141,0.021366200885473637,
0.0,0.0,0.06431286982945586,0.06338290072411962,0.0,0.0,0.03628300935989141,0.021366200885473637,
0.0,0.0,0.06497279307207739,0.06338290072411962,0.0,0.0,0.03628300935989141,0.021366200885473637,
0.0,0.0,0.06692978629431219,0.06313995612573575,0.0,0.0,0.03628300935989141,0.021366200885473637,
0.0,0.0,0.06796615553033133,0.06290335983827727,0.0,0.0,0.03628300935989141,0.021366200885473637,
0.0,0.0,0.06894295050862805,0.06290335983827727,0.0,0.0,0.03628300935989141,0.021366200885473637,
0.0,0.0,0.07200231233115102,0.06290335983827727,0.0,0.0,0.03628300935989141,0.021366200885473637,
0.0,0.0,0.0739724645635924,0.06290335983827727,0.0,0.0,0.03628300935989141,0.021366200885473637,
0.0,0.0,0.0739724645635924,0.06081511125757681,0.0,0.0,0.03628300935989141,0.021366200885473637,
0.0,0.0,0.07969954757583436,0.06324241550040578,0.0,0.0,0.03628300935989141,0.021366200885473637,
0.0,0.0,0.07969954757583436,0.06324241550040578,0.0,0.0,0.03628300935989141,0.021366200885473637,
0.0,0.0,0.08118335307886045,0.06324241550040578,0.0,0.0,0.03628300935989141,0.021366200885473637,
0.0,0.0,0.08118335307886045,0.06307651363444322,0.0,0.0,0.03628300935989141,0.021366200885473637,
0.0,0.0,0.07649270885872521,0.061653028397310405,0.0,0.0,0.03628300935989141,0.021366200885473637,
0.0,0.0,0.07649270885872521,0.061653028397310405,0.0,0.0,0.03628300935989141,0.021366200885473637,
0.0,0.0,0.07806544233035326,0.06181252702160675,0.0,0.0,0.03628300935989141,0.021366200885473637,
0.0,0.0,0.07995841818605409,0.062370478883634825,0.0,0.0,0.03628300935989141,0.021366200885473637,
0.0,0.0,0.08332290521331724,0.062370478883634825,0.0,0.0,0.03628300935989141,0.021366200885473637,
0.0,0.0,0.0871871000332481,0.062370478883634825,0.0,0.0,0.03628300935989141,0.021366200885473637,
0.0,0.0,0.08895926182169057,0.062370478883634825,0.0,0.0,0.03628300935989141,0.021366200885473637,
0.0,0.0,0.08677711542597978,0.062370478883634825,0.0,0.0,0.03628300935989141,0.021366200885473637,
0.0,0.0,0.08902311740069184,0.062370478883634825,0.0,0.0,0.03628300935989141,0.021366200885473637,
0.0,0.0,0.09211920221210912,0.06258832798891377,0.0,0.0,0.03628300935989141,0.021366200885473637,
0.0,0.0,0.0949437927824821,0.06304546742179946,0.0,0.0,0.03628300935989141,0.021366200885473637,
0.0,0.0,0.0949437927824821,0.06304546742179946,0.0,0.0,0.03628300935989141,0.021366200885473637,
0.0,0.0,0.09751896377600777,0.06304546742179946,0.0,0.0,0.03628300935989141,0.021366200885473637,
0.0,0.0,0.09751896377600777,0.06304546742179946,0.0,0.0,0.03628300935989141,0.021366200885473637,
0.0,0.0,0.09751896377600777,0.06304546742179946,0.0,0.0,0.03628300935989141,0.021366200885473637,
0.0,0.0,0.09751896377600777,0.06304546742179946,0.0,0.0,0.03628300935989141,0.021366200885473637,
0.0,0.0,0.10102284742919006,0.06304546742179946,0.0,0.0,0.03628300935989141,0.021366200885473637,
0.0,0.0,0.10978597291941015,0.06304546742179946,0.0,0.0,0.03628300935989141,0.021366200885473637,
0.0,0.0,0.10978597291941015,0.06304546742179946,0.0,0.0,0.03628300935989141,0.021366200885473637,
0.0,0.0,0.11572237829494647,0.06304546742179946,0.0,0.0,0.03628300935989141,0.021366200885473637,
0.0,0.0,0.11082782629016623,0.06304546742179946,0.0,0.0,0.03628300935989141,0.021366200885473637,
0.0,0.0,0.11082782629016623,0.06304546742179946,0.0,0.0,0.03628300935989141,0.021366200885473637,
0.0,0.0,0.10863185542822884,0.06304546742179946,0.0,0.0,0.03628300935989141,0.021366200885473637,
0.0,0.0,0.10766348780281372,0.06304546742179946,0.0,0.0,0.03628300935989141,0.021366200885473637,
0.0,0.0,0.10532468272856672,0.06304546742179946,0.0,0.0,0.03628300935989141,0.021366200885473637,
0.0,0.0,0.10454651009132583,0.06304546742179946,0.0,0.0,0.03628300935989141,0.021366200885473637,
0.0,0.0,0.10454651009132583,0.06304546742179946,0.0,0.0,0.03628300935989141,0.021366200885473637,
0.0,0.0,0.10454651009132583,0.06402385949893832,0.0,0.0,0.03628300935989141,0.021366200885473637,
0.0,0.0,0.1030923019423073,0.06402385949893832,0.0,0.0,0.03628300935989141,0.021366200885473637,
0.0,0.0,0.10085568389070985,0.06402385949893832,0.0,0.0,0.03628300935989141,0.021366200885473637,
0.0,0.0,0.09328396433178138,0.06402385949893832,0.0,0.0,0.03628300935989141,0.021366200885473637,
0.0,0.0,0.09328396433178138,0.06402385949893832,0.0,0.0,0.03628300935989141,0.021366200885473637,
0.0,0.0,0.09328396433178138,0.06402385949893832,0.0,0.0,0.03628300935989141,0.021366200885473637,
0.0,0.0,0.0929499637905832,0.06402385949893832,0.0,0.0,0.03628300935989141,0.021366200885473637,
0.0,0.0,0.08444695743624918,0.06990971858163379,0.0,0.0,0.03628300935989141,0.021366200885473637,
0.0,0.0,0.08444695743624918,0.06990971858163379,0.0,0.0,0.03628300935989141,0.021366200885473637,
0.0,0.0,0.0795070904511944,0.06990971858163379,0.0,0.0,0.03628300935989141,0.021366200885473637,
0.0,0.0,0.0795070904511944,0.06990971858163379,0.0,0.0,0.03628300935989141,0.021366200885473637,
0.0,0.0,0.07905533596428224,0.06990971858163379,0.0,0.0,0.03628300935989141,0.021366200885473637,
0.0,0.0,0.07885445553698386,0.07318285956264753,0.0,0.0,0.03628300935989141,0.021366200885473637,
0.0,0.0,0.07909349955180082,0.07308602627857477,0.0,0.0,0.03628300935989141,0.021366200885473637,
0.0,0.0,0.07939232511470869,0.07308602627857477,0.0,0.0,0.03628300935989141,0.021366200885473637,
0.0,0.0,0.07201527378866295,0.071090578480012,0.0,0.0,0.03628300935989141,0.021366200885473637,
0.0,0.0,0.07201527378866295,0.06888738197906882,0.0,0.0,0.03628300935989141,0.021366200885473637,
0.0,0.0,0.07201527378866295,0.0685976349378581,0.0,0.0,0.03628300935989141,0.021366200885473637,
0.0,0.0,0.06942427635012245,0.0685976349378581,0.0,0.0,0.03628300935989141,0.021366200885473637,
0.0,0.0,0.06961075324105513,0.07032341252094916,0.0,0.0,0.03628300935989141,0.021366200885473637,
0.0,0.0,0.06972380757429954,0.06891661676495392,0.0,0.0,0.03628300935989141,0.021366200885473637,
0.0,0.0,0.06972380757429954,0.06712647976331014,0.0,0.0,0.03628300935989141,0.021366200885473637,
0.0,0.0,0.06972380757429954,0.06497032149282887,0.0,0.0,0.03628300935989141,0.021366200885473637,
0.0,0.0,0.06979068464085363,0.0652742268281978,0.0,0.0,0.03628300935989141,0.021366200885473637,
0.0,0.0,0.06762155461091403,0.06360869961942668,0.0,0.0,0.03628300935989141,0.021366200885473637,
0.0,0.0,0.06649824922160986,0.06497227709157263,0.0,0.0,0.03628300935989141,0.021366200885473637,
0.0,0.0,0.06749513012843361,0.06674567350386094,0.0,0.0,0.03628300935989141,0.021366200885473637,
0.0,0.0,0.06266840333707056,0.06531815078895264,0.0,0.0,0.03628300935989141,0.021366200885473637,
0.0,0.0,0.05997153582908777,0.06535857011668879,0.0,0.0,0.03628300935989141,0.021366200885473637,
0.0,0.0,0.05997153582908777,0.06535857011668879,0.0,0.0,0.03628300935989141,0.021366200885473637,
0.0,0.0,0.05997153582908777,0.06535857011668879,0.0,0.0,0.03628300935989141,0.021366200885473637,
0.0,0.0,0.05997153582908777,0.06416851866252751,0.0,0.0,0.03628300935989141,0.021366200885473637,
0.0,0.0,0.05997153582908777,0.06416851866252751,0.0,0.0,0.03628300935989141,0.021366200885473637,
0.0,0.0,0.05986823366660339,0.06412672545068768,0.0,0.0,0.03628300935989141,0.021366200885473637,
0.0,0.0,0.059427003774563295,0.06456127219084958,0.0,0.0,0.03628300935989141,0.021366200885473637,
0.0,0.0,0.059427003774563295,0.06456127219084958,0.0,0.0,0.03628300935989141,0.021366200885473637,
0.0,0.0,0.059427003774563295,0.06456127219084958,0.0,0.0,0.03628300935989141,0.021366200885473637,
0.0,0.0,0.05608943254408117,0.06720903511508362,0.0,0.0,0.03628300935989141,0.021366200885473637,
0.0,0.0,0.05608943254408117,0.06818654497293805,0.0,0.0,0.03628300935989141,0.021366200885473637,
0.0,0.0,0.05624033517345553,0.06502514037998038,0.0,0.0,0.03628300935989141,0.021366200885473637,
0.0,0.0,0.05624033517345553,0.06511602559745332,0.0,0.0,0.03628300935989141,0.021366200885473637,
0.0,0.0,0.05633769404406435,0.06214668807721538,0.0,0.0,0.03628300935989141,0.021366200885473637,
0.0,0.0,0.05633769404406435,0.06238744245186359,0.0,0.0,0.03628300935989141,0.021366200885473637,
0.0,0.0,0.05464368253381352,0.06238744245186359,0.0,0.0,0.03628300935989141,0.021366200885473637,
0.0,0.0,0.05464368253381352,0.06238744245186359,0.0,0.0,0.03628300935989141,0.021366200885473637,
0.0,0.0,0.05498219673037099,0.0623977332018402,0.0,0.0,0.03628300935989141,0.021366200885473637,
0.0,0.0,0.05553408943163782,0.057410446688849044,0.0,0.0,0.03628300935989141,0.021366200885473637,
0.0,0.0,0.057612382456562604,0.05683634222196055,0.0,0.0,0.03628300935989141,0.021366200885473637,
0.0,0.0,0.05914056238093709,0.05683634222196055,0.0,0.0,0.03628300935989141,0.021366200885473637,
0.0,0.0,0.0589314759969921,0.05726538332778323,0.0,0.0,0.03628300935989141,0.021366200885473637,
0.0,0.0,0.05848236844002272,0.05726538332778323,0.0,0.0,0.03628300935989141,0.021366200885473637,
0.0,0.0,0.05585769615626523,0.05726538332778323,0.0,0.0,0.03628300935989141,0.021366200885473637,
0.0,0.0,0.05584481178005698,0.05726538332778323,0.0,0.0,0.03628300935989141,0.021366200885473637,
0.0,0.0,0.055559996256875833,0.05701327526515838,0.0,0.0,0.03628300935989141,0.021366200885473637,
0.0,0.0,0.055559996256875833,0.056532583642750996,0.0,0.0,0.03628300935989141,0.021366200885473637,
0.0,0.0,0.055559996256875833,0.05587014843250037,0.0,0.0,0.03628300935989141,0.021366200885473637,
0.0,0.0,0.055559996256875833,0.05587014843250037,0.0,0.0,0.03628300935989141,0.021366200885473637,
0.0,0.0,0.055559996256875833,0.05587014843250037,0.0,0.0,0.03628300935989141,0.021366200885473637,
0.0,0.0,0.05591546700332636,0.05587014843250037,0.0,0.0,0.03628300935989141,0.021366200885473637,
0.0,0.0,0.056618888453518514,0.05587014843250037,0.0,0.0,0.03628300935989141,0.021366200885473637,
0.0,0.0,0.056618888453518514,0.05587014843250037,0.0,0.0,0.03628300935989141,0.021366200885473637,
0.0,0.0,0.056618888453518514,0.05587014843250037,0.0,0.0,0.03628300935989141,0.021366200885473637,
0.0,0.0,0.056618888453518514,0.056982464689019754,0.0,0.0,0.03628300935989141,0.021366200885473637,
0.0,0.0,0.05755183625533964,0.06098989501589288,0.0,0.0,0.03628300935989141,0.021366200885473637,
0.0,0.0,0.05755183625533964,0.061454233959421206,0.0,0.0,0.03628300935989141,0.021366200885473637,
0.0,0.0,0.05755183625533964,0.061454233959421206,0.0,0.0,0.03628300935989141,0.021366200885473637,
0.0,0.0,0.05755183625533964,0.061454233959421206,0.0,0.0,0.03628300935989141,0.021366200885473637,
0.0,0.0,0.05755183625533964,0.061454233959421206,0.0,0.0,0.03628300935989141,0.021366200885473637,
0.0,0.0,0.05755183625533964,0.058952630962024154,0.0,0.0,0.03628300935989141,0.021366200885473637,
0.0,0.0,0.05755183625533964,0.058590750335120685,0.0,0.0,0.03628300935989141,0.021366200885473637,
0.0,0.0,0.060714195594069834,0.056478697424601404,0.0,0.0,0.03628300935989141,0.021366200885473637,
0.0,0.0,0.060714195594069834,0.05772549936259273,0.0,0.0,0.03628300935989141,0.021366200885473637,
0.0,0.0,0.06198768157215035,0.05962086289062019,0.0,0.0,0.03628300935989141,0.021366200885473637,
0.0,0.0,0.06198768157215035,0.06089545134351952,0.0,0.0,0.03628300935989141,0.021366200885473637,
0.0,0.0,0.062496275140419076,0.06625817383785834,0.0,0.0,0.03628300935989141,0.021366200885473637,
0.0,0.0,0.06378331519532734,0.06625817383785834,0.0,0.0,0.03628300935989141,0.021366200885473637,
0.0,0.0,0.0637940452588299,0.06625817383785834,0.0,0.0,0.03628300935989141,0.021366200885473637,
0.0,0.0,0.0637940452588299,0.06625817383785834,0.0,0.0,0.03628300935989141,0.021366200885473637,