
0.24871251060155553,0.24852175363642065,0.24645215376430832,0.25631358199771564,
0.25395497667430295,0.6361584415793227,0.07063261039419479,0.0392539713521797,
0.003452703116357109,0.9937059410976855,0.00123550193791863,0.001605853848038677,
0.0023216179336368065,0.9962339675917002,8.128274591428581E-4,6.315870155194137E-4,
0.0021411539584140246,0.9959273483652427,0.0010906859652527973,8.408117110904146E-4,
0.0015343768155066594,0.9976134725322775,3.82569936684629E-4,4.695807155311921E-4,
0.0012350031506688135,0.9980636063009055,3.60244296294915E-4,3.4114625213074203E-4,
0.0010953802298719177,0.998283094589718,3.4784638498067735E-4,2.7367879542915745E-4,
5.245277650659839E-4,0.9992080976640826,1.5197734610107136E-4,1.15397224750702E-4,
5.409203021117784E-4,0.9991878378670501,1.509521329598108E-4,1.2028969787853477E-4,
5.651473995186467E-4,0.9992187874613442,1.476737942394381E-4,6.839134489783635E-5,
4.906183499982592E-4,0.9993789969359033,5.298194281461718E-5,7.740277128368571E-5,
9.346567466864446E-4,0.9988373068791987,1.1577133098155765E-4,1.1226504313329099E-4,
6.568103283780811E-4,0.9992227205078367,6.046888219509117E-5,6.000028158999093E-5,
5.160397667814388E-4,0.9993730790668003,4.6101480323018966E-5,6.477968609512659E-5,
0.0013225434878054961,0.9982973174587284,2.0723884610493934E-4,1.7290020736102137E-4,
6.79323932187283E-4,0.9991580864606444,7.718440251111153E-5,8.54052046579579E-5,
0.0010855829290907207,0.9982616987039123,2.9880482195551603E-4,3.539135450408908E-4,
0.0010356727694842657,0.9987895035182512,7.457695548121342E-5,1.0024675678336316E-4,
0.0011290388298970625,0.9986982203227109,7.331700580377546E-5,9.942384158814099E-5,
0.0011237132050700383,0.9986875847566683,1.0136912549547938E-4,8.733291276687526E-5,
0.001162090379502372,0.9986361273217133,1.0985686809512524E-4,9.192543068956971E-5,
5.333490450288745E-4,0.9994200875701497,1.871690804475894E-5,2.7846476777040663E-5,
9.658180596145186E-4,0.9988215958638179,1.148558954876998E-4,9.773018107998765E-5,
0.0034133967458083226,0.9949688290449379,6.090347949809874E-4,0.0010087394142730673,
5.568551132867193E-4,0.9993598457055709,2.25076746654473E-5,6.0791506477234556E-5,
5.909924160124548E-4,0.9993240365984923,2.15830641746942E-5,6.338792132105959E-5,
9.627231592319626E-4,0.9989152762942733,3.85647595059582E-5,8.343578698784148E-5,
0.0010961226184817165,0.9987748588530134,2.8349806560589485E-5,1.0066872194384012E-4,
8.974567735294331E-4,0.9989512761031389,2.5768700600715945E-5,1.254984227315055E-4,
0.0039368853244621796,0.9946047818150828,4.7081406960811025E-4,9.875187908474652E-4,
0.003185571429860363,0.9958768110820294,2.0329032495752737E-4,7.343271631522695E-4,
0.0028026708462096043,0.9960356692141177,4.402900157593611E-4,7.213699239129351E-4,
0.003393550996463258,0.99362325412775,0.0014345695647062647,0.0015486253110800954,
0.002889495560086228,0.9937815249814884,0.0016548861036490864,0.001674093354775825,
0.002381342406019492,0.9940782666309942,0.0020358932085274757,0.001504497754458711,
0.002380781289697371,0.9940579282383706,0.0019747342723137463,0.0015865561996179112,
0.002453759340843353,0.9938962587193098,0.0020244202977214385,0.0016255616421252902,
0.002346735525218824,0.9941867946642607,0.0018690370943352443,0.0015974327161847417,
0.0029253022264492798,0.9935231568903229,0.0017635848193522908,0.0017879560638755705,
0.0027026420981645506,0.9939838170096943,0.0019618969754172317,0.001351643916724074,
0.0017299083744961895,0.9962366982844115,0.0012196537276196022,8.137396134724546E-4,
0.001493061016814615,0.9962900124391108,0.0013397621060548277,8.771644380201192E-4,
0.0014310591510787107,0.9962428834890439,0.0013626464800810389,9.634108797964262E-4,
0.001853313705283613,0.9960854677236477,0.001310104142651275,7.511144284170798E-4,
0.001340324347356009,0.9964975565029067,0.001371530873998534,7.905882757395094E-4,
0.0015597576725737917,0.9961647315365878,0.001293541738653215,9.819690521855951E-4,
0.0016565437515890843,0.9963293256525063,0.0012572427027358639,7.56887893168929E-4,
9.541720504957274E-4,0.9977061576385164,5.226313014305183E-4,8.170390095571977E-4,
0.007411339314129761,0.9426751365003843,0.022536034764125405,0.027377489421360285,
0.01904648399187283,0.8902905416966386,0.04235234791015496,0.04831062640133346,
0.009938758262784517,0.9489812530489893,0.017243524979972058,0.023836463708254173,
0.025742929699347387,0.9670426738039888,3.9915794388281074E-5,0.007174480702275649,
0.028485443308861342,0.9619751777884128,9.727173854692864E-5,0.009442107164179439,
0.030384695075607853,0.9584523336583273,3.69464353464371E-5,0.011126024830718515,
0.005606620903468841,0.9842093596099568,2.010066618990835E-4,0.00998301282467518,
0.0029977750535168856,0.9857432997708633,4.50000571476416E-4,0.010808924604143122,
0.0045007599284338775,0.9837662641782989,4.2859771541192297E-4,0.01130437817785541,
0.0026399107130431593,0.9866556005861628,3.8828230391319696E-4,0.010316206396881312,
0.0030262073968063447,0.9857866424963185,4.478414812209937E-4,0.010739308625654058,
5.110838986939184E-4,0.9914385076433718,0.0011824801804595818,0.006867928277474712,
9.921488147020534E-4,0.9934550616156427,0.0020333057087452634,0.0035194838609097162,
7.051409337539569E-4,0.9957429371611638,0.0011925631682160296,0.0023593587368656334,
0.0012535573679734269,0.9954884161421191,8.417900072897467E-4,0.0024162364826177587,
0.0025345610563959906,0.9904305352469702,4.2634858912980354E-4,0.006608555107504256,
0.002353646310061863,0.9905599062003949,0.0011536739023606227,0.00593277358718175,
0.001978459264867279,0.9915029977067755,7.881495960823734E-4,0.005730393432275236,
0.0016528387481856098,0.991899035660274,6.571312801348561E-4,0.005790994311405354,
0.0015872459128383296,0.9917892951741526,6.599253631282728E-4,0.0059635335498802655,
0.0016946491955970974,0.9920661202583367,7.072308280318158E-4,0.005531999718034196,
0.0015286129750458094,0.9920226729189889,6.907551996802183E-4,0.00575795890628533,
0.0016432983374624103,0.9921136403760008,7.750320418775295E-4,0.005468029244658933,
0.0018981007454501003,0.9922997396246229,6.738408086607085E-4,0.005128318821266842,
4.596568956913819E-4,0.9908806090620873,0.002208364049727355,0.006451369992493959,
0.0011629611799087876,0.9884584814301782,0.0026923722491794507,0.007686185140733234,
0.0012564531990952332,0.9885107952164989,0.0027209336691968837,0.007511817915209109,
0.0012127670901815085,0.9886424440758012,0.002706767270744036,0.007438021563273666,
4.942986841387516E-4,0.9945420795959351,0.0011291787499331737,0.003834442969993285,
4.130448144094076E-4,0.9948877804075608,0.0010783390349117343,0.0036208357431180543,
3.298259758248521E-4,0.9949120554799858,0.0010651980485668023,0.0036929204956236677,
3.047856605776989E-4,0.9957538505344231,8.865551934831358E-4,0.0030548086115157465,
4.832005949341933E-4,0.9951881347094096,9.465432836738703E-4,0.0033821214119830224,
9.859803651210747E-4,0.9945135390632645,9.708902817269819E-4,0.0035295902898879964,
6.848133491122393E-4,0.9949475684946757,9.579977801344775E-4,0.0034096203760770947,
0.002629109061134494,0.9939539403565624,2.3410675400625182E-5,0.0033935399069027713,
0.0034646525176254004,0.9927895503866787,3.191667888410201E-5,0.0037138804168114236,
0.0024051585780350956,0.9943124190204118,2.7065305958233513E-5,0.0032553570955945826,
0.0021970898620695426,0.9945556938616568,2.3993947411045122E-5,0.0032232223288623605,
0.0028502164580349286,0.9952887534555509,4.677652437874864E-4,0.0013932648426267784,
6.738881409374745E-4,0.9974893962882682,5.44434368601187E-4,0.0012922812021928158,
6.69373515299493E-4,0.9974888545630195,5.254809840376954E-4,0.0013162909376431184,
2.36634360779845E-4,0.9976188023652678,7.155287806887468E-4,0.0014290344932643725,
7.574991528287989E-5,0.9977874320161986,6.936769365525422E-4,0.0014431411319647811,
7.273851898559207E-5,0.9977735722764148,6.928204681902163E-4,0.0014608687364101114,
6.586904826852983E-5,0.9983543910028078,6.786233821657094E-4,9.01116566757179E-4,
6.776711624184341E-5,0.9982735491055601,6.73627883786005E-4,9.850558944139254E-4,
6.825861193455307E-5,0.9983407800911779,6.730779257802418E-4,9.178833711086812E-4,
5.4041307031489906E-5,0.9982998354053257,6.554640561824543E-4,9.906592314594034E-4,
5.3912249250552437E-5,0.9985688523917848,6.395491643582998E-4,7.376861946075652E-4,
6.192217126651926E-5,0.9981074758831917,6.60485988518059E-4,0.0011701159570228635,
4.66709684471164E-5,0.9983809080310598,6.39710007262942E-4,9.327109932300186E-4,
4.404812866885616E-5,0.9983360240556166,6.243590046524092E-4,9.955688110618417E-4,
5.1394127062781266E-5,0.9986025724112803,6.231917166403056E-4,7.228417450166475E-4,
4.631057712579567E-5,0.998518939603296,6.212850208513473E-4,8.134647987259681E-4,
4.025310271337804E-5,0.998552336323937,6.175796484911812E-4,7.89830924858079E-4,
5.116017927580213E-5,0.9985779875663768,6.173798464789643E-4,7.534724078694938E-4,
6.270399861650986E-5,0.9983277779944791,7.057344628557028E-4,9.037835440492556E-4,
9.644295653309246E-5,0.9984871857901333,5.821478686073149E-4,8.342233847273205E-4,
8.19288279514868E-5,0.9986209121359798,5.777815225376619E-4,7.193775135318237E-4,
9.860582538610927E-5,0.9986364948060147,4.757096264302718E-4,7.891897421694133E-4,
9.989831520736005E-5,0.9986787921043752,4.7296555781459545E-4,7.483440226033537E-4,
9.442434946223648E-5,0.998584773887769,4.674802883188007E-4,8.533214744492488E-4,
1.0651168023137308E-4,0.9985934709861288,4.6663951831958954E-4,8.333778153187314E-4,
1.0511148095065055E-4,0.9987372212849651,4.654866371421689E-4,6.921805969420106E-4,
9.692913724144085E-5,0.9987339934527913,4.7949812369019206E-4,6.895792862776578E-4,
9.954575306011548E-5,0.9987452024490727,4.7726025592223666E-4,6.77991541945679E-4,
7.835033069285878E-5,0.9988536386772902,4.8352218434122453E-4,5.844888076758895E-4,
9.589494782516175E-5,0.998660725465412,4.6391286708771725E-4,7.794667196755608E-4,
1.1691208146260807E-4,0.9987204007810587,4.6307906070421946E-4,6.996080767744778E-4,
8.705210384018977E-4,0.9964897861634632,2.879385654015045E-4,0.002351754232733123,
0.001608080385616107,0.9893235952834025,0.0059292512087398535,0.003139073122241733,
5.499474933089503E-4,0.9928438261419928,0.0036406459397195206,0.0029655804249784667,
5.549211598333857E-4,0.9942559500482476,0.0028105426252949804,0.0023785861666244463,
5.024930700086486E-4,0.994585238491148,0.002626193186794199,0.002286075252048465,
5.287786034369218E-4,0.9944642232470795,0.002744240763126341,0.0022627573863563833,
3.7135962606480284E-4,0.9940662200714986,0.0024812082088805556,0.003081212093556465,
9.120635709732321E-4,0.9959367119510663,3.385832635163407E-4,0.002812641214443894,
9.868689094725005E-4,0.9958612563750273,3.409102666974957E-4,0.0028109644488022653,
9.376677136857945E-4,0.9957784443790486,3.404143219445094E-4,0.002943473585321316,
6.719076449062528E-4,0.997021824221929,3.286854403641448E-4,0.0019775826928007793,
2.062516949603949E-4,0.9985444801666451,5.121819952503541E-4,7.370861431448307E-4,
2.119528251352121E-4,0.9985216215292269,5.11548031218767E-4,7.548776144190555E-4,
2.0193884280789184E-4,0.9985234726617198,5.095087280464157E-4,7.650797674250597E-4,
5.0045059175295184E-5,0.9996155530334828,1.384081604473336E-4,1.9599374689508692E-4,
1.903433951321358E-5,0.9996559121134307,1.273571614752738E-4,1.9769638558064388E-4,
1.80451893612519E-5,0.9996600913823557,1.2582627414309573E-4,1.9603715413896465E-4,
1.763929318857138E-5,0.9996650107102264,1.242995540973777E-4,1.930504424878982E-4,
1.743791265507561E-5,0.9996145038054322,1.375235353253197E-4,2.305347465869767E-4,
1.7257904842413142E-5,0.9996092175482404,1.37577541820819E-4,2.3594700509580596E-4,
1.7565170926453278E-5,0.9996182925981979,1.3684318082845615E-4,2.2729905004802606E-4,
1.8078056022735342E-5,0.9996247749194414,1.3611356749304023E-4,2.2103345704267184E-4,
1.564241344382662E-5,0.9997766157508329,1.8062557649190414E-6,2.0593557995756968E-4,
1.1454601943508504E-4,0.9998001332859424,3.665775500901939E-5,4.8662939613984935E-5,
7.407577843006226E-5,0.9998160998091358,3.355299445939948E-5,7.627141797445976E-5,
7.153553629264255E-5,0.9998189783818761,3.50487616763367E-5,7.443732015451967E-5,
7.024317429728898E-5,0.9998270468613374,3.372329042817679E-5,6.898667393552198E-5,
6.922671497461459E-5,0.9998254915314074,3.3564368769014124E-5,7.171738484887651E-5,
6.976731964522512E-5,0.9998240091962294,3.27466422980551E-5,7.347684182772873E-5,
6.906041689679308E-5,0.9998242021112542,3.2145351970157024E-5,7.459211987971714E-5,
6.827472507277566E-5,0.9998207421361548,3.0496711484741715E-5,8.048642728848778E-5,
6.719767593884236E-5,0.9998236967247527,3.976713554446885E-5,6.933846376354052E-5,
6.315711273261523E-5,0.9998357975071942,3.6255555185014977E-5,6.478982488732595E-5,
6.388805596685041E-5,0.9998319418525267,3.41154799435222E-5,7.005461156317817E-5,
6.358319506681457E-5,0.9998406233886635,3.766555060533224E-5,5.812786566352198E-5,
6.313433140187049E-5,0.9998410966185448,3.5693080767347446E-5,6.0075969286421685E-5,
6.453273582419889E-5,0.9998268445137609,3.354019208383904E-5,7.508255833041193E-5,
6.377271622649521E-5,0.9998358925993994,3.467253587410658E-5,6.566214850097791E-5,
6.240248253170974E-5,0.9998373346248393,3.4402213045285623E-5,6.586067958198727E-5,
6.308005523241489E-5,0.9998323919547089,3.26181286932086E-5,7.190986136605324E-5,
6.387773265255799E-5,0.9998303949954352,3.309000944941797E-5,7.263726246349187E-5,
6.279619854667675E-5,0.999836497355027,3.5468738652191705E-5,6.523770777379782E-5,
6.25128043905942E-5,0.9998371005833786,3.4187235704663134E-5,6.61993765253745E-5,
6.165449928507889E-5,0.9998397315466085,3.2748068706447025E-5,6.586588539955435E-5,
6.26872744817766E-5,0.9998359138619666,3.3732168893278955E-5,6.766669465835757E-5,
6.161559738134543E-5,0.9998417672708676,3.434016063344539E-5,6.227697111791E-5,
6.068968072832148E-5,0.9998467771621302,3.586204021972237E-5,5.66711169224091E-5,
5.962026647450617E-5,0.9998465752910803,3.566915235332788E-5,5.813529009142143E-5,
5.957090588919769E-5,0.9998500113749569,3.395522990363344E-5,5.646248925004264E-5,
5.838965170562283E-5,0.9998399904661177,3.214435119872618E-5,6.947553097754696E-5,
5.907603081121964E-5,0.9998448149776313,3.267900183639453E-5,6.342998972020006E-5,
5.8313911886787504E-5,0.9998461155878411,3.170778352152473E-5,6.386271674916246E-5,
5.881825649105773E-5,0.999848369863047,3.331084738834301E-5,5.9501033074075446E-5,
5.89688540654723E-5,0.9998421301521572,3.2376679336417946E-5,6.652431444242363E-5,
5.812143603171516E-5,0.9998451066728861,3.3120017239529155E-5,6.365187384340163E-5,
5.8697282125925436E-5,0.9998489830154024,3.351344770909182E-5,5.880625476169578E-5,
5.7521688061565576E-5,0.9998533364939626,3.357803852352811E-5,5.556377945226826E-5,
5.8487655754480885E-5,0.9998392947860647,2.992648545853302E-5,7.229107272278731E-5,
5.7721456690218105E-5,0.9998466846258476,3.2476351986510006E-5,6.311756547439096E-5,
5.7782538651963043E-5,0.9998424185215804,2.964394927341011E-5,7.015499049379166E-5,
5.674808893296274E-5,0.9998499686919939,3.1784664569411606E-5,6.149855450434298E-5,
5.597433573393353E-5,0.9998563918683087,3.258990987533066E-5,5.5043886082527076E-5,
5.57782426944617E-5,0.9998534371649116,3.182327828671151E-5,5.8961314107856655E-5,
5.5135157490368226E-5,0.999857206679889,3.119962019747318E-5,5.64585424225746E-5,
5.521587974599913E-5,0.9998510923142705,3.1769249927555804E-5,6.192255605596017E-5,
5.462639035604707E-5,0.9998524247589697,2.8909782755430277E-5,6.40390679194873E-5,
5.326923594844821E-5,0.9998574724223073,3.068710736917777E-5,5.8571234373483476E-5,
5.304481716811631E-5,0.999858134342609,2.9861335863942057E-5,5.895950435825165E-5,
5.45649734324786E-5,0.9998532961416892,3.514334609923112E-5,5.699553877868293E-5,
2.3342966441804156E-5,0.9998888487594577,3.8331575810160975E-5,4.9476698289606766E-5,
2.3757118080090634E-5,0.9998909571247115,3.964072861939819E-5,4.564502858872163E-5,
2.4023612426309383E-5,0.9998879110779545,3.825509275611332E-5,4.98102168637862E-5,
2.3944872654720593E-5,0.999887575475482,3.872206771722917E-5,4.975758414607258E-5,
2.375929581487728E-5,0.9998879780593718,3.8344208578680346E-5,4.991843623504236E-5,
2.3810207629818233E-5,0.9998873142026833,3.790500131327816E-5,5.097058837406393E-5,
2.343144827888381E-5,0.9998902835740315,3.850909865077357E-5,4.777587903890293E-5,
2.3443265028355357E-5,0.9998890584689356,3.778295485674222E-5,4.97153111790272E-5,
2.3224040079517894E-5,0.9998897013067559,3.782319720717577E-5,4.925145595803645E-5,
2.3555033202799645E-5,0.9998895765113506,3.749227783052515E-5,4.9376177615263076E-5,
2.2453801376842927E-5,0.9998952354917903,3.8055428135447946E-5,4.42552786976236E-5,
2.299340326063594E-5,0.9998927734291251,3.7790282058138424E-5,4.6442885556797685E-5,
2.5470932503984866E-5,0.9998873319958507,4.1805523879153014E-5,4.5391547766652295E-5,
2.5933498773167378E-5,0.9998883318928765,4.229836711039216E-5,4.343624124020465E-5,
2.556251254477998E-5,0.9998809205596022,4.083362574760766E-5,5.268330210501282E-5,
2.5021411856810788E-5,0.9998862649901016,4.212836507718464E-5,4.6585232964654426E-5,
2.5573918556488332E-5,0.9998912968917627,4.3591986661856624E-5,3.9537203018486E-5,
2.558321526090301E-5,0.9998784567049785,4.011825271190493E-5,5.5841827048853837E-5,
2.482946292419294E-5,0.9998856930491004,4.1043647144328454E-5,4.843384083037996E-5,
2.47600204941254E-5,0.9998882250879954,4.076895531140876E-5,4.624593619941917E-5,
2.475970906579236E-5,0.9998901171930358,4.018666497771995E-5,4.4936432919473326E-5,
2.4441340301432692E-5,0.99988847849087,4.0553900739131864E-5,4.6526268089530394E-5,
2.3939537766522823E-5,0.9998900090073456,4.032465028042999E-5,4.572680460753355E-5,
2.4086147843314888E-5,0.999889078415413,3.939793020768221E-5,4.743750653625876E-5,
2.418252421437484E-5,0.9998878695783546,3.9338296115874586E-5,4.860960131427677E-5,
2.3255369239523817E-5,0.9998833991943347,4.066703373568547E-5,5.267840269077773E-5,
2.501767544223348E-5,0.9998839950523839,4.262300718566312E-5,4.83642649874304E-5,
2.3439879623137357E-5,0.9998873961212129,4.122016040461582E-5,4.7943838759028213E-5,
2.3623931371006456E-5,0.9998845329317883,4.0632289143489045E-5,5.1210847697002504E-5,
2.35743140703692E-5,0.9998866594890676,4.1296937869688865E-5,4.8469258992817284E-5,
2.3728161178765803E-5,0.9998635864495793,4.163627377877067E-5,7.1049115462864E-5,
2.344582766570453E-5,0.9998662958205006,4.056415552677146E-5,6.969419630687864E-5,
2.3289483501156E-5,0.9998746832715566,4.137870094628307E-5,6.064854399559882E-5,
2.3015775199367082E-5,0.999864011730773,4.023557660080425E-5,7.273691742653031E-5,
2.314515429038402E-5,0.9998692799953383,4.0366652967186403E-5,6.720819740450367E-5,
2.2510225456839368E-5,0.999867806458263,3.939200323697552E-5,7.029131304219676E-5,
2.2625112756093455E-5,0.9998714922956832,3.968332799251814E-5,6.619926356770593E-5,
2.201314551080641E-5,0.9998665340557515,3.930473333498876E-5,7.214806540223998E-5,
2.1657775227186254E-5,0.9998741659807766,3.9667605761357624E-5,6.450863823458256E-5,
2.1576156373996754E-5,0.9998756333408134,3.921534236802835E-5,6.357516044335455E-5,
2.1799946246359086E-5,0.9998689613156266,3.9038741567784645E-5,7.019999655851802E-5,
1.5667553588005573E-5,0.9997696325978785,1.0683538246152509E-4,1.0786446607133682E-4,
1.5628117880406398E-5,0.9997669337560688,1.0709615784342437E-4,1.1034196820754026E-4,
1.716746206389957E-5,0.999762751581901,1.0639331514427455E-4,1.136876408912367E-4,
1.73708531506972E-5,0.9997606658725746,1.0574933665223016E-4,1.1621393762245046E-4,
1.753511207287223E-5,0.9997633683638164,1.0550280047197437E-4,1.1359372364015512E-4,
1.6206380359562196E-5,0.999783362010445,1.0727848412129119E-4,9.315312507296764E-5,
1.6827215815324372E-5,0.9997726224730741,1.0612592705843821E-4,1.0442438405359934E-4,
1.4752670936778925E-5,0.9997819228445172,1.0601233174630914E-4,9.731215279937984E-5,
1.4821828262062706E-5,0.9997803475621836,1.0592179642568588E-4,9.89088131281908E-5,
1.5134666701158425E-5,0.9997801987337525,1.0582028858249927E-4,9.884631096315748E-5,
1.5042393283355055E-5,0.9997853230589803,1.0470941636043212E-4,9.492513137425562E-5,
1.4954681894181055E-5,0.9997841565683666,1.043774431086991E-4,9.651130663148307E-5,
1.4672559716631961E-5,0.9997839677957883,1.0369914468686246E-4,9.766049980894371E-5,
1.4321353780678048E-5,0.9997843523457989,1.0301651210975566E-4,9.83097883100958E-5,
1.4804045022071992E-5,0.9997879239711166,1.0308807481339559E-4,9.418390904854137E-5,
1.4934507039758691E-5,0.9997876415709567,1.0274053745954267E-4,9.468338454382005E-5,
1.4706645916448716E-5,0.9997879854090213,1.0234861406205498E-4,9.49593310018075E-5,
1.5067562973906322E-5,0.9997840788367705,1.0510118447107329E-4,9.575241578528202E-5,
1.7406517226388285E-5,0.9997837381980607,1.0202418238316006E-4,9.68311023291029E-5,
1.6769176362789083E-5,0.9997856748745694,1.0125941843923065E-4,9.629653062822719E-5,
1.4133655933210362E-5,0.9998038917265689,8.928997764191419E-5,9.268463985724544E-5,
1.4710328330054347E-6,0.9999771902318432,1.0016261671908336E-5,1.1322473652376197E-5,
1.4546425401231607E-6,0.9999776236864876,9.900609505444788E-6,1.1021061466900099E-5,
1.4150768477860665E-6,0.9999778127024079,9.815801125521787E-6,1.0956419617987797E-5,
1.6771099140721036E-6,0.9999733498041754,1.2386187428369379E-5,1.258689848270912E-5,
1.7876166338452524E-6,0.9999731921801048,1.2357743554117554E-5,1.2662459707665176E-5,
1.7488961198160903E-6,0.9999731173087825,1.2211301995884883E-5,1.2922493102879984E-5,
1.6689388191630154E-6,0.9999737986968751,1.2311039544967267E-5,1.2221324760326672E-5,
1.8508844701396212E-6,0.9999733835356424,1.2226108407427737E-5,1.2539471480768933E-5,
1.8548547583671943E-6,0.9999736635247323,1.2188814943674505E-5,1.2292805564714414E-5,
1.6532715541635875E-6,0.9999743258114823,1.2077720423037838E-5,1.1943196540447676E-5,
1.843208458265017E-6,0.9999735261045554,1.2005173235165976E-5,1.2625513750550076E-5,
1.6388024226237997E-6,0.9999745481078848,1.1984814700956805E-5,1.18282749920298E-5,
1.8562988624884043E-6,0.9999743812923209,1.1973730585345707E-5,1.1788678232151342E-5,
1.7817240255264137E-6,0.9999740818386449,1.1888753495680813E-5,1.2247683833620738E-5,
1.630442551978158E-6,0.9999747508571466,1.1810470628077573E-5,1.1808229672923574E-5,
1.6408421446381836E-6,0.9999750146992534,1.177812228388969E-5,1.156633631780349E-5,
1.819081936608286E-6,0.9999741605014589,1.1709250783817079E-5,1.2311165822278888E-5,
1.7438923758654156E-6,0.9999748353428629,1.164349543520918E-5,1.1777269325334488E-5,
1.8391780009997262E-6,0.9999746943622755,1.1597926459550054E-5,1.1868533263811822E-5,
1.5886030275006553E-6,0.9999753883531834,1.1544527284443618E-5,1.1478516505531796E-5,
1.6089708911783825E-6,0.9999753771429789,1.150581663407917E-5,1.1508069496558602E-5,
1.7857836004940956E-6,0.9999749153131064,1.1442623276435424E-5,1.1856280017298846E-5,
1.7255794647766103E-6,0.9999750593052437,1.1386656750278502E-5,1.182845854044978E-5,
1.7796813900781014E-6,0.9999751220175636,1.1347826570260071E-5,1.1750474476682232E-5,
1.7381218262044745E-6,0.9999751543951785,1.1263376460689284E-5,1.1844106536138474E-5,
1.7166575709997645E-6,0.9999754812800797,1.1236709004616153E-5,1.1565353343824303E-5,
1.586456030410619E-6,0.9999760084918908,1.1227708881851398E-5,1.11773431963527E-5,
1.7106448339309147E-6,0.9999759417332388,1.1187010992672669E-5,1.1160610934663109E-5,
1.5501572736519878E-6,0.9999763533226204,1.1146301128320766E-5,1.0950218977025842E-5,
1.3800667700740915E-6,0.9999760919832972,1.0936376503248563E-5,1.15915734298641E-5,
1.3381323822659312E-6,0.9999788018303627,9.346394806011168E-6,1.051364244945319E-5,
1.1956232218227094E-6,0.9999793325157786,9.31050710189557E-6,1.0161353897229984E-5,
1.3199246151813115E-6,0.9999785925438286,9.259541501528661E-6,1.0827990056279452E-5,
1.3524488058570913E-6,0.9999787584251721,9.219543162690905E-6,1.0669582858995383E-5,
1.2456222616582968E-6,0.9999791722865097,9.172799819459994E-6,1.040929140885786E-5,
1.1477079968180547E-6,0.9999795544856243,9.143494124819509E-6,1.0154312254505272E-5,
1.2389997348184195E-6,0.9999791064262146,9.064197290340387E-6,1.0590376760807536E-5,
1.125599342816295E-6,0.9999798508596996,9.040590459453837E-6,9.982950498511538E-6,
1.1514699963765088E-6,0.999979971196546,9.026466795420537E-6,9.850866663117447E-6,
1.3034954768713292E-6,0.999979438508188,9.001146030344457E-6,1.0256850305408215E-5,
1.1443057141139052E-6,0.9999801598871647,8.955396502473732E-6,9.740410619052125E-6,
1.1425837676783122E-6,0.9999803447830028,8.915981727458372E-6,9.596651501268962E-6,
1.3010869982498863E-6,0.9999798312347895,8.864336018919547E-6,1.0003342193646412E-5,
1.250954479752394E-6,0.9999800165373081,8.842193265939469E-6,9.890314945850985E-6,
1.1370017419849972E-6,0.9999803916408292,8.843997084978039E-6,9.627360343869961E-6,
1.232118440858852E-6,0.9999800230961384,8.778461573653927E-6,9.966323847762347E-6,
1.1751802261415196E-6,0.9999800575497105,8.70395523705854E-6,1.0063314825716207E-5,
1.20175657456918E-6,0.9999802037250098,8.657849712180394E-6,9.936668703933729E-6,
1.2471038077541537E-6,0.9999801026616116,8.669079221216141E-6,9.981155361067195E-6,
1.2765173847382514E-6,0.9999802674501026,8.650712077868548E-6,9.805320434035256E-6,
1.0599480068417159E-7,0.9999984893106937,7.155662448644365E-7,6.891282579587708E-7,
1.7855996526779718E-7,0.999998040902956,1.054931350497642E-6,7.256057275751725E-7,
5.568900924734086E-7,0.9999969341855153,1.5401992372987724E-6,9.687251549780703E-7,
5.208588081881369E-7,0.9999966640608438,1.6878815464917542E-6,1.1271988007266324E-6,
5.179243699353491E-7,0.9999968953760964,1.4820144372311846E-6,1.1046850971080092E-6,
7.354803064659654E-8,0.9999989202769994,4.91810056660643E-7,5.14364912568665E-7,
9.453409564407858E-8,0.999999233623346,3.392525118964603E-7,3.3259004423959205E-7,
9.744590934577154E-8,0.9999992222660254,3.4267966292839934E-7,3.376084041314389E-7,
3.6221451237390075E-7,0.9999991865603293,2.3122232970951144E-7,2.2000282789979976E-7,
3.379830268378199E-7,0.9999992331559584,2.1690259423253122E-7,2.119584207244169E-7,
3.612066199615876E-7,0.9999991463238038,2.29679783801643E-7,2.6278979124417167E-7,
2.23190277900865E-8,0.9999999478147372,1.7535032990918224E-8,1.2331203515768809E-8,
2.067502321731225E-8,0.9999998697526222,6.157161415127481E-8,4.800074158449643E-8,
1.780015970166581E-8,0.9999998776552012,5.86996617713403E-8,4.584497842975872E-8,
1.6479009156271237E-8,0.9999998822281417,5.768773629334675E-8,4.360511279819095E-8,
2.8892721483581096E-10,0.9999999968762872,1.540074290609224E-9,1.294712863861498E-9,
2.858527935105548E-10,0.999999996864398,1.520678473899878E-9,1.3290713614218518E-9,
2.802299062796011E-10,0.9999999968780084,1.5066525937016338E-9,1.3351054022965997E-9,
2.8135294281092276E-10,0.9999999969397475,1.491981439216294E-9,1.2869169184228913E-9,
2.7913876261870957E-10,0.999999996928473,1.4813655632247513E-9,1.3110216678816104E-9,
2.1058246199037182E-10,0.9999999975970759,1.1228920925296017E-9,1.0694499674308055E-9,
2.1529443558641984E-10,0.9999999976240606,1.1413017903211265E-9,1.0193445074976899E-9,
3.343157551116255E-10,0.9999999965400885,1.7278573855547329E-9,1.3977357964714017E-9,
6.087268690314156E-11,0.9999999994704112,2.440377969711372E-10,2.2467578931936315E-10,
6.089088830920383E-11,0.9999999994868318,2.4710057581390683E-10,2.051724309105353E-10,
5.829761601306802E-11,0.9999999994949498,2.4318611553902803E-10,2.0356549479127518E-10,
5.884454965621822E-11,0.9999999994924202,2.416418267878478E-10,2.070930462144001E-10,
5.680584190693662E-11,0.9999999995030002,2.388237424723505E-10,2.0137063071557287E-10,
5.5860171623144336E-11,0.9999999995063327,2.3702915225789065E-10,2.0077922003860979E-10,
6.027995715310548E-11,0.9999999995046451,2.343943125339719E-10,2.0068164618054344E-10,
5.6074351929505476E-11,0.9999999995235704,2.3224180600412278E-10,1.881146634112136E-10,
5.507568880726952E-11,0.9999999995181739,2.3067875770429523E-10,1.9607003725397396E-10,
4.075490094399481E-11,0.9999999996959161,1.3350093017035473E-10,1.2982687967140396E-10,
3.964786627461697E-11,0.9999999996980051,1.3151520817239633E-10,1.3083317617585095E-10,
3.989508140404202E-11,0.999999999697625,1.310976965482552E-10,1.3138285532070874E-10,
3.752625168184243E-11,0.9999999997100595,1.2819966669978597E-10,1.2421523957848202E-10,
7.57556052270973E-12,0.9999999998470628,7.032820413474761E-11,7.503469829345758E-11,
7.681148247352203E-12,0.9999999998383124,7.020428969678751E-11,8.380204566281603E-11,
7.351435213203832E-12,0.9999999998537845,6.925438653750597E-11,6.96084637385676E-11,
7.357167471332399E-12,0.9999999998519726,6.847485441546392E-11,7.219384455509703E-11,
8.429032502103495E-12,0.999999999853685,6.84561009918321E-11,6.943148580301957E-11,
8.089900896076722E-12,0.9999999998569074,6.721236783926685E-11,6.778936545218842E-11,
7.696079815563885E-12,0.999999999855774,6.655747838585665E-11,6.997217297070139E-11,
7.831964894614618E-12,0.999999999858094,6.594336296308093E-11,6.813158533899656E-11,
7.5241327336826E-12,0.9999999998590674,6.540886337277833E-11,6.799745452876568E-11,
7.47942631738E-12,0.9999999998537454,6.494847175564225E-11,7.382606715755245E-11,
7.332256256818958E-12,0.999999999855337,6.446347173631881E-11,7.28655416460647E-11,
6.870317398461362E-12,0.9999999998614264,6.331616676509248E-11,6.83832682186378E-11,
8.017431122339856E-12,0.9999999998626947,6.346438790718259E-11,6.582870634933683E-11,
7.503009783212503E-12,0.9999999998687983,6.267905318404236E-11,6.101991915873978E-11,
7.2212066666748025E-12,0.9999999998675015,6.191507085743323E-11,6.336661975944234E-11,
6.0998916064078886E-12,0.9999999998635793,6.134480245494233E-11,6.897466091900484E-11,
6.8938855848613844E-12,0.9999999998714806,6.067126428540258E-11,6.095291895362107E-11,
6.353588403630375E-12,0.9999999998655049,6.040160094615417E-11,6.774016643154359E-11,
6.0572817663580265E-12,0.9999999998542641,6.299761733013165E-11,7.668170081529986E-11,
5.5925416438049225E-12,0.9999999998449844,6.156310171915542E-11,8.786075394478603E-11,
7.45660076568939E-12,0.9999999998334594,6.08804697311897E-11,9.820522462173005E-11,
8.94322638425221E-12,0.999999999840135,6.048414061569132E-11,9.043410686861202E-11,
4.9851954956427535E-12,0.9999999998618403,5.948058519207869E-11,7.369492032245787E-11,
4.732361093235635E-12,0.9999999998586198,5.881721672517755E-11,7.78307927200908E-11,
4.540200718086594E-12,0.9999999998553424,5.837010089650427E-11,8.174570861668028E-11,
7.505975512751419E-12,0.999999999847283,5.8207377219774945E-11,8.70021203764887E-11,
4.809685888927054E-12,0.9999999998614992,5.7673045521257647E-11,7.60204418387857E-11,
7.0906815047528036E-12,0.9999999998488232,5.7474959607178606E-11,8.66081744783928E-11,
4.916521412552505E-12,0.9999999998538449,5.690079721450643E-11,8.43391821816878E-11,
7.728180802909594E-12,0.9999999998519513,5.6469855963044725E-11,8.385402750962022E-11,
5.512829185039913E-12,0.9999999998723581,5.600827111472835E-11,6.612563049214086E-11,
1.161565209749046E-12,0.9999999999697948,1.465857258467735E-11,1.4386766018277257E-11,
1.1968121025092599E-12,0.9999999999682991,1.4383879076410154E-11,1.6120691997715405E-11,
1.524560108955561E-12,0.9999999999644693,1.4165425582668119E-11,1.9844398974826056E-11,
1.0643273100745302E-12,0.9999999999683489,1.4004476732211143E-11,1.6583481527834992E-11,
1.506518015987079E-13,0.9999999999940208,1.911916015321079E-12,3.915575746929902E-12,
1.762751446951286E-13,0.9999999999938716,1.889534826722564E-12,4.062554602670779E-12,
1.4074085628161366E-13,0.9999999999942517,1.8655836677593613E-12,3.742516503417003E-12,
1.5174550827675726E-13,0.9999999999940066,1.8484253694828174E-12,3.995069997134672E-12,
1.5724590457275676E-13,0.9999999999941771,1.8337900181611757E-12,3.833058155315803E-12,
1.3845434664317952E-13,0.9999999999943867,1.8135341364429965E-12,3.660108092337598E-12,
1.5067200516281742E-13,0.9999999999942517,1.8025957251926064E-12,3.795372205554271E-12,
1.4518907358202263E-13,0.9999999999942908,1.7860558346984176E-12,3.7761223835027854E-12,
1.4820736380603473E-13,0.9999999999946141,1.7592791820613984E-12,3.479445665971964E-12,
1.5287847704094644E-13,0.9999999999944862,1.7641819669300843E-12,3.5935460048283904E-12,
1.3611711971826096E-13,0.9999999999944649,1.7449323188790622E-12,3.653426036859747E-12,
1.4989093117295526E-13,0.9999999999945217,1.7180418972226447E-12,3.6088076222834957E-12,
1.403647349490235E-13,0.9999999999946532,1.7002303396563136E-12,3.507857500510032E-12,
1.37294384126066E-13,0.9999999999946851,1.688164090866962E-12,3.4920227257228798E-12,
1.3551904015444496E-13,0.9999999999945857,1.6764366181152533E-12,3.6012585442949938E-12,
1.0409061230322015E-13,0.9999999999950084,1.6587784478623957E-12,3.2273451254852295E-12,
1.3392606818248435E-13,0.9999999999948699,1.6383226346473703E-12,3.358753192573673E-12,
1.3554733437847979E-13,0.9999999999949338,1.6322526388518574E-12,3.2992351512763243E-12,
1.3654067119841152E-13,0.9999999999947313,1.612196444751238E-12,3.5192205730962773E-12,
1.3241222833066335E-13,0.999999999994948,1.601740066263052E-12,3.313733422220469E-12,
1.0565350236579234E-13,0.999999999995218,1.6011076650761014E-12,3.0794829908940984E-12,
1.6009882636249036E-13,0.9999999999949232,1.5808182911902372E-12,3.336029787483406E-12,
1.4183832179951865E-13,0.9999999999952571,1.567515694152977E-12,3.0292173218264787E-12,
1.3534959861800932E-13,0.9999999999950084,1.5611095158470003E-12,3.2951768179149237E-12,
1.3868971458095415E-13,0.9999999999952252,1.5394710482545909E-12,3.0988256497740956E-12,
1.2463488527611565E-13,0.9999999999951861,1.5267017523558115E-12,3.1622452195602004E-12,
1.4403796595268393E-13,0.999999999995417,1.514014017860199E-12,2.9249475629570142E-12,
1.376590479153822E-13,0.9999999999951896,1.5149663096422924E-12,3.1592358870190957E-12,
1.3599464246449457E-13,0.9999999999953175,1.4973421522308483E-12,3.054288452115077E-12,
1.4292156339982436E-13,0.9999999999953566,1.4885039200534755E-12,3.017173990768316E-12,
1.3559723351737907E-13,0.9999999999952749,1.4811984528516812E-12,3.1068032324415833E-12,
1.3634268792705785E-13,0.9999999999954383,1.4611111335088657E-12,2.965746974337705E-12,
1.3685313728947495E-13,0.9999999999954348,1.4529817558335313E-12,2.976127024609626E-12,
1.5225993754274587E-13,0.9999999999954916,1.442726654814782E-12,2.9145045400675367E-12,
2.9896948293073174E-13,0.9999999999949445,1.7518333042547187E-12,3.005424723462097E-12,
3.475497058875587E-13,0.9999999999945146,1.843289021323761E-12,3.292675605604969E-12,
3.3541118962267087E-13,0.9999999999946709,1.8243575258585657E-12,3.1689408855493758E-12,
3.3151377363039916E-13,0.9999999999946496,1.8158750824406606E-12,3.2021624529033357E-12,
3.0164294497933705E-13,0.9999999999949445,1.791039575950865E-12,2.963048227192762E-12,
3.084552890495499E-13,0.999999999994575,1.7187766526766542E-12,3.3998711293168294E-12,
3.0504379281531014E-13,0.9999999999946674,1.707632380556939E-12,3.319351643534078E-12,
3.040920841354807E-13,0.9999999999946709,1.6845037285595091E-12,3.34221392509055E-12,
2.543496490812114E-13,0.999999999994607,1.6355548099730608E-12,3.505377187261354E-12,
2.5165146388141937E-13,0.9999999999946709,1.6211700556818223E-12,3.4578641136669102E-12,
2.5115548664175804E-13,0.9999999999947207,1.6069587601053058E-12,3.4203447642521986E-12,
2.478325926005133E-13,0.9999999999946532,1.5924772967308465E-12,3.505192929368872E-12,
2.432950316006263E-13,0.9999999999952465,1.5038924839171027E-12,3.005212707497753E-12,
2.4034617583197865E-13,0.9999999999952536,1.491300287131359E-12,3.01561303636096E-12,
1.0911040251446694E-13,0.999999999995687,1.369839965749561E-12,2.8336844384895566E-12,
1.1221668651807481E-13,0.9999999999957296,1.3594130009009486E-12,2.800122738368571E-12,
1.1261477470017019E-13,0.999999999995719,1.3457833247145886E-12,2.8232672240709994E-12,
1.0936036799283085E-13,0.9999999999957971,1.3377136498749372E-12,2.75707753162546E-12,
2.7722140658877275E-14,0.9999999999994564,1.6282125328014034E-13,3.5360633566158735E-13,
3.263371960603795E-14,0.9999999999994209,1.8681701176875323E-13,3.5911985584766136E-13,
3.290443605028869E-14,0.9999999999994316,1.8588181880158444E-13,3.4958122220078295E-13,
3.2773115497565455E-14,0.9999999999994351,1.850466332949102E-13,3.4727685637898516E-13,
3.2503503965247364E-14,0.999999999999428,1.8308935473485143E-13,3.5677421673767577E-13,
2.9907751830450056E-15,0.999999999999936,1.9398631490657172E-14,4.134181918887259E-14,
2.962306809349812E-15,0.999999999999936,1.9171534192554037E-14,4.103139794032325E-14,
2.9316398648641874E-15,0.9999999999999396,1.9044063042459473E-14,4.004129604497076E-14,
2.9038025167770625E-15,0.9999999999999396,1.870382220760258E-14,3.9738415659708204E-14,
2.814583230304584E-15,0.9999999999999432,1.8356578878632416E-14,3.89673284896468E-14,
2.787603669919217E-15,0.999999999999936,1.8173884544101955E-14,3.960486175444925E-14,
2.7568055640793267E-15,0.9999999999999432,1.800698493643239E-14,3.8746410550879305E-14,
2.7540587298834626E-15,0.9999999999999432,1.7936114220653527E-14,3.807821246070996E-14,
2.7072531707923656E-15,0.9999999999999396,1.7700442859965242E-14,3.837224123744109E-14,
2.668061334848817E-15,0.9999999999999432,1.749784253816554E-14,3.717941016281292E-14,
2.641650565970935E-15,0.9999999999999432,1.730951907647453E-14,3.689749110437879E-14,
2.773752360420259E-15,0.9999999999999432,1.6043164641435448E-14,3.599921291994694E-14,
2.674985208090564E-15,0.9999999999999396,1.5544094165204135E-14,3.586736668082585E-14,
2.660609759583994E-15,0.9999999999999467,1.540994157782419E-14,3.536302382341269E-14,
2.646817856541816E-15,0.9999999999999538,1.5270652666368783E-14,3.493021830662204E-14,
3.4091104891337418E-15,0.9999999999999574,9.869548430441122E-15,3.24277846225772E-14,
6.157535443833215E-16,0.9999999999999929,1.78871789571615E-15,5.712621185580842E-15,
6.089956157485312E-16,0.9999999999999929,1.7696175051578716E-15,5.713961862718047E-15,
6.11197547783901E-16,0.9999999999999929,1.699118091458595E-15,5.7570667422375685E-15,
6.039172718051435E-16,0.9999999999999929,1.6793277773918693E-15,5.608322230027893E-15,
6.385126415039087E-16,0.9999999999999893,1.672382908405184E-15,5.930080293001517E-15,
5.605254648316915E-16,0.9999999999999964,1.605988648273885E-15,4.882527406900031E-15,
5.5227069303911925E-16,0.9999999999999929,1.594627668760644E-15,5.04213585823087E-15,
5.487365617181093E-16,0.9999999999999929,1.581291919133792E-15,5.11872642606872E-15,
5.510008007566968E-16,0.9999999999999929,1.5724955263883035E-15,5.397489992866167E-15,
7.196147051470826E-16,0.9999999999999929,1.630994369994849E-15,5.557271096459222E-15,
7.338412255047729E-16,0.9999999999999929,1.6269522108097059E-15,5.6986122898295075E-15,
7.123923211743537E-16,0.9999999999999893,1.6078757908248746E-15,5.574846860841231E-15,
7.080988617616877E-16,0.9999999999999893,1.588560162219682E-15,5.3968028467538105E-15,
6.993826464308177E-16,0.9999999999999929,1.5776472004810636E-15,5.361290302685602E-15,
6.895803619549528E-16,0.9999999999999929,1.561282455421707E-15,5.263180699880082E-15,
6.894928106383599E-16,0.9999999999999929,1.5458612883439713E-15,5.45110137150408E-15,
6.848709426009108E-16,0.9999999999999929,1.532278249843493E-15,5.2552246078783856E-15,
6.733772266756929E-16,0.9999999999999893,1.5164538528211472E-15,5.287501259122427E-15,
6.712859519574117E-16,0.9999999999999929,1.507759898062936E-15,5.343669226623555E-15,
6.695616031179857E-16,0.9999999999999929,1.487710912847922E-15,5.159376958352494E-15,
8.796550470475887E-16,0.9999999999999929,1.4471068149007281E-15,4.512700908991223E-15,
4.41929212147316E-16,0.9999999999999929,1.1205325339496939E-15,4.309524405664103E-15,
2.759241954806289E-16,0.9999999999999929,1.2120552922839447E-15,5.3441478470534825E-15,
2.060203893367539E-16,0.9999999999999929,1.1843612917821367E-15,4.993899976882553E-15,
4.157947963505824E-16,0.9999999999999964,1.1828983927462765E-15,5.054252063945082E-15,
2.336015106429549E-16,0.9999999999999964,1.1644886744837063E-15,4.92629446174391E-15,
3.5026197463376672E-16,0.9999999999999893,1.1636144121886449E-15,5.105815344465312E-15,
4.279097428608231E-16,0.9999999999999929,1.1572021204483124E-15,5.020336132695409E-15,
2.129801174755746E-16,0.9999999999999964,1.1280385329856213E-15,4.775735215780062E-15,
2.3721974354989555E-16,0.9999999999999964,1.129676673287405E-15,4.528722855250921E-15,
2.1355403130398395E-16,0.9999999999999929,1.110076121245877E-15,4.5267351522804596E-15,
1.964190872169566E-16,0.9999999999999929,1.109463540584574E-15,4.53387062559842E-15,
2.019203194662993E-16,0.9999999999999964,1.0926493354958196E-15,4.6066124359655426E-15,
2.361741741253047E-16,0.9999999999999964,1.0823343483817321E-15,4.511636731036527E-15,
3.626961826384551E-16,0.9999999999999929,1.0804563154319916E-15,4.679354790508929E-15,
3.9467752728453446E-16,0.9999999999999929,1.0580873150673424E-15,4.56649560239861E-15,
2.0830351666191645E-16,0.9999999999999893,1.0517821636553496E-15,4.360709770064925E-15,
1.9735475478534308E-16,0.9999999999999929,1.050878761610431E-15,4.333977914207077E-15,
2.3656146081518123E-16,0.9999999999999964,1.028036552933462E-15,4.3544895640074595E-15,
2.1447117335208401E-16,0.9999999999999893,1.0215488362342423E-15,4.1860282025108025E-15,
2.004892530798156E-16,0.9999999999999929,1.0262519471083628E-15,4.138985009318958E-15,
2.1679572417079103E-16,0.9999999999999964,1.0036059977046793E-15,4.115156657280155E-15,
2.063261257036578E-16,0.9999999999999964,1.0005842586239138E-15,4.194161062274922E-15,
3.3608065438975284E-16,0.9999999999999929,9.89818951045342E-16,4.272313499353119E-15,
3.9696659480179627E-16,0.9999999999999929,1.0385112707817333E-15,4.892007835147791E-15,
3.493433446067492E-16,0.9999999999999893,1.0076179628437731E-15,4.370454968456274E-15,
3.369668146907133E-16,0.9999999999999929,9.899057720397394E-16,4.332350665433665E-15,
5.352423783240809E-16,0.9999999999999929,9.882304095170895E-16,4.536575582891028E-15,
3.6568098786739893E-16,0.9999999999999893,9.76132194199614E-16,4.2739216649093855E-15,
3.3185724793853333E-16,0.9999999999999893,9.796095584803488E-16,4.319384243208849E-15,
3.6724751822660583E-16,0.9999999999999929,9.798931362721885E-16,4.209458450609053E-15,
4.145891267542618E-16,0.9999999999999964,9.67454660090731E-16,4.2466836541542125E-15,
4.2304461292904096E-16,0.9999999999999964,9.537395871314628E-16,4.089226425101904E-15,
3.4132660435568492E-16,0.9999999999999929,9.498515697699423E-16,4.129998558147915E-15,
3.197485522732438E-16,0.9999999999999964,9.203504276574223E-16,4.03823026541497E-15,
2.8265669705868305E-16,0.9999999999999929,9.142723737698145E-16,3.991372282855675E-15,
3.031773126213694E-16,0.9999999999999929,9.051757174119695E-16,3.987662821199268E-15,
2.8210015842714725E-16,0.9999999999999893,9.01323013962554E-16,4.0221689375803686E-15,
2.8865040667724844E-16,0.9999999999999893,8.935678311992317E-16,3.925146418848041E-15,
3.206159430215315E-16,0.9999999999999893,8.82704839125421E-16,3.93468179161293E-15,
3.067513350723263E-16,0.9999999999999929,8.727218799688016E-16,3.897883675820956E-15,
2.8693327189695303E-16,0.9999999999999893,8.664159578667497E-16,3.798373162647861E-15,
3.6985547517699893E-16,0.9999999999999893,8.741816168294013E-16,2.708387010221704E-15,
4.0728412152692945E-16,0.9999999999999929,8.718363408095622E-16,2.9708482496091E-15,
4.0666038454581685E-16,0.9999999999999964,8.652553829418597E-16,2.8895497819417407E-15,
3.7016189250058685E-16,0.9999999999999964,8.51536903170343E-16,2.855479518757521E-15,
4.164863164716703E-16,0.9999999999999929,8.45158236263541E-16,2.6704652864635167E-15,
3.6990336477733246E-16,0.9999999999999929,8.385143497826321E-16,2.6873799949130497E-15,
3.961744188517071E-16,0.9999999999999964,8.284723290158391E-16,2.6005044233009344E-15,
2.8990946691868634E-16,0.9999999999999893,8.151690705264798E-16,2.5427979114022166E-15,
9.175453363648344E-17,1.0,8.010798363692054E-16,2.6920343278050254E-15,
6.670769326619392E-17,0.9999999999999929,8.00059338575116E-16,2.7383557933847585E-15,
6.36297277103369E-17,0.9999999999999929,7.873802164137949E-16,2.656523185083126E-15,
6.099178641074772E-17,1.0,7.798729113073641E-16,2.610759443863402E-15,
6.023369775181466E-17,1.0,7.7060794353561195E-16,2.509615850048684E-15,
5.717808111074522E-17,1.0,7.640716748682743E-16,2.5336086095475836E-15,
5.91635917116738E-17,0.9999999999999964,7.606297733719586E-16,2.46178804520989E-15,
5.955851551737572E-17,1.0,7.543820000267535E-16,2.4429210526644953E-15,
5.846541967167494E-17,0.9999999999999964,7.477999687580874E-16,2.5597942629587823E-15,
5.4467252436523656E-17,0.9999999999999964,7.395893759423199E-16,2.6036989887713565E-15,
7.831475441031193E-17,0.9999999999999929,7.327418567867713E-16,2.642422408716709E-15,
5.487854217016573E-17,0.9999999999999964,7.275281655788789E-16,2.4613358775908403E-15,
5.69317003879751E-17,1.0,7.20559874729385E-16,2.344917982158809E-15,
5.343253480123067E-17,1.0000000000000036,7.156003659023348E-16,2.467986557664997E-15,
5.575588238985888E-17,1.0000000000000036,7.101960873715499E-16,2.381349083709605E-15,
5.824029971581844E-17,1.0000000000000036,7.04409550375588E-16,2.3447770340319895E-15,
5.373685934992015E-17,1.0,6.963316895896164E-16,2.4182455473647196E-15,
1.9149905957852E-17,1.0,9.636079472044416E-17,4.102218727142949E-16,
1.1151854561585157E-17,1.0,9.348491851724231E-17,4.208439219303647E-16,
1.1356464230381894E-17,1.0000000000000036,9.252841834092125E-17,3.983699943364254E-16,
1.0323146489576718E-17,1.0000000000000036,9.156217740866839E-17,3.965869621442342E-16,
1.1019539706933361E-17,1.0000000000000036,9.069861403689731E-17,3.807461678035287E-16,
5.130245334499741E-18,1.0,9.280811651627896E-17,4.4314995501867867E-16,
5.022605498135258E-18,1.0000000000000036,8.962297451109169E-17,3.9744432493440165E-16,
4.974974579791113E-18,1.0000000000000036,8.825750406410145E-17,3.8748917382504287E-16,
4.923287033026874E-18,1.0,8.760648612832742E-17,3.731477185943337E-16,
4.914848828859195E-18,1.0,8.902261395167663E-17,3.99381899460623E-16,
2.1043095179627264E-17,0.9999999999999964,8.520386379224212E-17,3.0596524650838443E-16,
2.2117870976004095E-17,1.0,9.449948058831661E-17,3.267385813353519E-16,
2.636372216881772E-17,0.9999999999999964,9.409127343021556E-17,3.2266906489829285E-16,
3.492268380291862E-17,1.0000000000000036,9.220280842562348E-17,1.9317558641829425E-16,
1.2080767200891468E-17,1.0000000000000036,9.986450919197062E-17,4.1215571696767573E-16,
8.581614965192048E-18,0.9999999999999964,9.829869539049358E-17,1.8661707243453603E-16,
3.712700950420472E-19,1.0,1.2222504471563605E-17,2.5731390232289924E-17,
2.3221527205663346E-19,1.0,1.2092569077216563E-17,2.3596468304436938E-17,
2.2521070814884234E-19,1.000000000000007,1.1955610453341407E-17,2.2300440878786674E-17,
2.1842221437156965E-19,1.0,1.18219826267722E-17,2.0514499428897682E-17,
2.0162721156322885E-19,0.9999999999999929,1.1763639389653487E-17,2.1111632022528318E-17,
2.2027356019100326E-19,1.000000000000007,1.1656643852427099E-17,2.2161043006168202E-17,
2.1041435817842914E-19,1.0,1.154655528678214E-17,2.4226794114818666E-17,
2.1904947449189196E-19,1.000000000000007,1.1445424536072693E-17,2.4626818841923393E-17,
1.7322165766487364E-19,1.0,1.0960658167634527E-17,1.7227166291332774E-17,
1.5044052374115945E-19,1.0,1.2054727797318596E-18,3.336183819725408E-18,
1.3726772429417946E-19,1.000000000000007,1.1707069126933238E-18,3.0068368677439445E-18,
2.446347359192813E-19,1.0,1.1549784842236982E-18,3.115918813803242E-18,
1.8274831766307018E-20,1.000000000000007,1.1388757437837405E-18,2.682178912706153E-18,
9.516108440873978E-20,1.0,6.024192110929699E-19,1.4736585706071852E-18,
1.2574930732920688E-20,1.0,5.965455063674569E-19,1.3486318477832872E-18,
1.0609260856997705E-20,1.0,5.953748895854539E-19,1.240202839147325E-18,
1.22610770247849E-20,1.0,5.886724360978512E-19,1.3594284070090736E-18,
1.4596762828360994E-20,1.000000000000007,5.419136501614054E-19,6.435253967545208E-19,
1.4523384604752686E-20,1.0,5.467082362465588E-19,9.57048725652334E-19,
1.7098233999940954E-21,1.0,3.522468291131987E-20,4.113779756225491E-20,
1.8753563194307682E-21,1.0,3.4736811820197294E-20,4.926540916322134E-20,
1.084206354213389E-21,1.0,3.428300503611869E-20,4.0074492576584975E-20,
1.8568509772921734E-21,1.0,3.39674574162911E-20,5.059302090835718E-20,
1.7356137357611895E-21,1.0,3.352797438297848E-20,3.8393128908889097E-20,
5.792401381043488E-21,1.0,3.6025087496791604E-20,8.790577485001506E-20,
5.620603167073472E-21,1.0,3.597449767450269E-20,6.888165317026532E-20,
5.451641258232657E-21,1.0,3.538390642412301E-20,6.190063643578848E-20,
8.12058116351857E-21,1.0,3.49363592955111E-20,6.255368609768896E-20,
1.056196370052123E-22,1.0,2.1394057079104642E-21,3.949161837297074E-21,
9.500004645796393E-23,1.0,2.1468399145292116E-21,4.318856522154547E-21,
1.0088269284328354E-22,0.9999999999999929,2.113835430700028E-21,3.790176090607199E-21,
1.2175987936753732E-23,1.0,1.3543627369845592E-22,2.4907775709960444E-22,
4.4021935539255205E-25,1.0,8.904353559683323E-24,1.8331464113629087E-23,
7.1000627433369935E-25,1.0,8.728470246692882E-24,1.6668944848170092E-23,
8.28001347885929E-25,1.0,8.635792290877056E-24,1.6731483517309164E-23,
3.2384833434491487E-25,1.0,8.490958848030816E-24,1.6689355578960585E-23,
4.782202745628779E-25,1.0,8.42948616669308E-24,1.5898828250005766E-23,
8.372992054081678E-25,1.0,8.312662280931597E-24,1.5345327753122518E-23,
9.958550513080923E-25,1.0,8.187046538445753E-24,1.3770864851133652E-23,
4.398588700456217E-25,1.0,8.105092362237343E-24,1.4920477754579096E-23,
3.9927547069458537E-25,1.0,7.987062305476153E-24,1.472792933552287E-23,
3.9283512583253623E-25,1.0,7.899251018933389E-24,1.4676253301125745E-23,
1.6219316998862532E-25,1.0,7.931788480302402E-24,1.6950489799067037E-23,
1.3785603575717958E-25,1.0,7.791370051614306E-24,1.5736557846074723E-23,
1.189853031408547E-25,1.0,6.486063871221618E-24,9.997297906647924E-24,
1.460587536846206E-25,0.9999999999999929,6.457825151552685E-24,1.3107948511919379E-23,
1.179932645802688E-25,0.9999999999999929,6.363886889885284E-24,1.2589291434664704E-23,
1.2309818699629027E-26,1.0,2.4638340923019923E-25,3.491211028534417E-25,
9.93187455152699E-27,1.0,2.4211354151460895E-25,3.673607736684942E-25,
1.8299100347195964E-26,1.0,2.3864865636613335E-25,3.9094241497066563E-25,
1.6118348239210323E-26,0.9999999999999929,2.5260262747251015E-25,6.73327866160573E-25,
1.3967420841392394E-26,1.0,2.4736942502362365E-25,5.214377254697033E-25,
7.842185100646903E-27,1.0,2.431919210826503E-25,4.621902026179244E-25,
1.444766850834968E-26,1.0,2.4032847647124976E-25,4.83030048617331E-25,
1.558974417582886E-26,1.0,2.387683106341177E-25,4.887774375557536E-25,
1.3153634134966743E-26,1.0,2.3370019335078976E-25,5.029770211332352E-25,
1.2894241912143768E-26,1.0,2.3100549360897715E-25,4.880606928775085E-25,
7.958537883504939E-27,1.0,2.2890310579124147E-25,4.478460216884454E-25,
6.504182152459201E-27,1.0,2.2461670101417718E-25,4.495334609001734E-25,
1.3556010667760944E-26,1.0,2.2256647794029184E-25,4.580363554143124E-25,
7.5749375122465E-27,1.0,2.1926628377794605E-25,3.9805815942115915E-25,
7.04345666250581E-27,1.0,2.158054708058072E-25,4.311171855611632E-25,
6.994513336764135E-27,1.0,2.139364026644669E-25,4.346922986792601E-25,
7.26457122919087E-27,1.0,2.104472171434051E-25,3.831340321699988E-25,
1.0845906413885547E-26,1.0,2.0767319968339373E-25,4.505538364854492E-25,
7.68329126953273E-27,1.0,2.0556927304067011E-25,3.9693780528658736E-25,
1.1957174683965622E-26,1.0,2.0281757198848363E-25,4.20644847287438E-25,
6.870166867618857E-27,1.0,2.0012734694888492E-25,3.9049429848842656E-25,
7.334227295771612E-27,1.0,1.9735922479775015E-25,3.822433776125046E-25,
1.1986357599599264E-26,1.0,1.9542203276028726E-25,3.812301207832814E-25,
6.586869858071484E-27,1.0,1.926225451224251E-25,3.605148650084211E-25,
6.745619488639149E-27,1.0,1.9132309472206778E-25,4.310396484972302E-25,
6.865302387191629E-27,1.0,1.8801257830711174E-25,3.5492697632303376E-25,
4.516786820925059E-28,1.0,2.0215262197869228E-26,4.1283286924309E-26,
4.325434245841302E-28,0.9999999999999929,1.982035441799833E-26,3.6649178187866524E-26,
2.6572056606402636E-29,1.000000000000007,1.7394879465613615E-27,3.614027043217338E-27,
2.6017546568775455E-29,0.9999999999999929,1.7039016528680113E-27,4.089751176420377E-27,
2.5625407059224797E-29,0.9999999999999929,1.6811338820720884E-27,4.0290902925651584E-27,
2.5367839016255073E-29,1.0,1.659170071982928E-27,4.120354929013536E-27,
2.5129005131337224E-29,1.000000000000007,1.639304487082952E-27,4.025176862053787E-27,
2.443722694592201E-29,1.000000000000007,1.6103311699283654E-27,3.9042973730755604E-27,
2.412443299010028E-29,1.0,1.5888445332383725E-27,3.705411647389783E-27,
2.3823444308238915E-29,1.0,1.5675564187963218E-27,3.77440837453127E-27,
2.3510979027168904E-29,1.0,1.5466529627330642E-27,3.747548524166515E-27,
2.521888185519285E-29,0.9999999999999929,1.523628316005423E-27,3.771605812002921E-27,
2.2788945906755873E-29,1.0,1.503197309167735E-27,3.599005768048479E-27,
3.686516889351524E-29,1.000000000000007,1.4407050969627574E-27,3.4268391324988056E-27,
3.472982449694657E-29,1.0,1.419764795761157E-27,3.696414002280385E-27,
3.504546776912302E-29,1.0,1.3998085754472794E-27,3.579163711775856E-27,
3.817140147412597E-29,1.000000000000007,1.3791528600050821E-27,3.404317091551597E-27,
3.103357336097937E-29,1.000000000000007,1.3628543816956525E-27,3.442461516711892E-27,
3.3121970648336027E-29,1.0,1.3451935426290503E-27,3.424489645807059E-27,
7.279141889766632E-29,1.0,1.4421530464693323E-27,4.59432248775026E-27,
6.838547257762666E-29,1.0,1.3742362313699468E-27,3.85427486102748E-27,
9.143927295586608E-29,1.000000000000007,1.3647691354520643E-27,3.922478173791644E-27,
5.8872373027126E-29,0.9999999999999929,1.339940746132485E-27,3.999236564383688E-27,
7.596275691311014E-29,0.9999999999999929,1.327450197947714E-27,3.9642781860310474E-27,
7.839640059415319E-29,1.0,1.3066203080193594E-27,3.752385644872056E-27,
1.8239622957377932E-30,1.000000000000007,9.719081831336881E-29,1.7376462241236875E-28,
1.601689710635754E-30,1.0,9.480082070070842E-29,1.6867901794882693E-28,
1.8674791180215586E-30,1.000000000000007,9.380216070807999E-29,1.8511451953134326E-28,
3.98934196156621E-31,1.000000000000007,9.246070654279437E-30,1.609011240640431E-29,
9.598476059719203E-32,0.9999999999999929,1.1068670781172859E-30,1.7564721679406998E-30,
8.851046106185302E-32,1.0,1.090479153588687E-30,2.067447935397373E-30,
7.138386852675065E-33,1.0,1.7162165360512105E-31,3.1393948260098023E-31,
6.664159517865302E-33,1.0,1.6610632672006118E-31,2.557036259390921E-31,
4.7568297998351945E-33,1.0,1.6473501685624332E-31,3.6019419912987143E-31,
4.379506926343591E-33,1.0,1.62024403752328E-31,2.7336225731962575E-31,
3.930233261136686E-33,1.0,1.5932246072261733E-31,3.0185987463588458E-31,
6.635984271377871E-33,1.0,1.571297290078605E-31,2.6532449105835504E-31,
4.044140205803515E-33,1.0,1.5511905195404367E-31,2.868164506465827E-31,
4.0184874119862206E-33,1.0,1.524128416932687E-31,2.6118478798741417E-31,
6.629877116305476E-34,1.0,2.8669826865183275E-32,4.591313951943122E-32,
9.760555888914876E-35,1.0,6.212500371395003E-33,6.586863933481946E-33,
9.533277885612932E-35,1.0,6.0812204076650305E-33,7.646781875850116E-33,
3.223113572296079E-35,1.0,5.658473601794633E-34,7.88974921816295E-34,
3.077464042909384E-35,1.0,5.565425687942246E-34,7.043549275105319E-34,
4.863035490123085E-35,1.0,5.467484156772277E-34,7.186089130942095E-34,
4.254589862194292E-35,1.0,5.36524888708193E-34,7.103239759971037E-34,
4.3070243820677974E-35,1.0,5.289698090600967E-34,6.765157942034381E-34,
2.6226525125005896E-35,1.0,2.0332557009950674E-34,1.1157583672537706E-34,
2.2696974167540043E-35,1.0,1.9723406663455437E-34,1.6668997767207016E-34,
1.966303621317256E-35,1.0,1.9508899979688107E-34,1.4356938315488056E-34,
1.6079892977247335E-35,1.0,1.9000001889367442E-34,1.7131191523243946E-34,
1.956014044951941E-35,1.0,1.8821287912660928E-34,1.7826358387841394E-34,
2.0565607214682468E-35,1.0,1.8459619887814543E-34,1.6371925444776525E-34,
1.3447614221368107E-35,0.9999999999999858,1.874375935537132E-34,2.6960778051518E-34,
8.423844948123276E-36,1.0,1.8535203489034497E-34,2.286977179996947E-34,
1.2681555216068483E-35,1.0,1.824682385399785E-34,2.5415593277185442E-34,
1.0511990590651306E-35,1.0,1.7887967648632815E-34,2.593227841984725E-34,
1.2181646769260445E-35,1.0,1.7624536738685512E-34,1.983409879729888E-34,
8.769585041098524E-37,1.0,6.209814347508234E-35,7.610861887229118E-35,
8.635648387297214E-37,1.0,6.119313420601804E-35,6.940794499532341E-35,
8.43353008141242E-37,1.0,6.005336012312937E-35,8.494164348944361E-35,
3.290681744759065E-37,1.0,2.313185459752259E-35,2.620313859566744E-35,
3.2492608615652668E-37,1.0,2.28127362740959E-35,2.7936146864676927E-35,
3.203365662734912E-37,1.0,2.2574455476863783E-35,2.83767604900572E-35,
3.1544780699359787E-37,1.0,2.223939767041497E-35,2.675184815724731E-35,
3.104389283480392E-37,1.0,2.1882308464531685E-35,2.753103925173371E-35,
3.0647964898926324E-37,1.0,2.1585072328902045E-35,3.1106274159118413E-35,
3.0146725938647412E-37,1.0,2.1210143806957858E-35,2.684534338491193E-35,
2.972563889981812E-37,1.0,2.0854290259126948E-35,2.721325805490343E-35,
2.912484924513828E-37,1.0,2.0556934633289455E-35,3.032624521311615E-35,
2.8713366544642314E-37,1.0,2.0216119285814994E-35,2.6679116076016895E-35,
2.7924120717670285E-37,1.0,1.975562709592916E-35,2.295111380585992E-35,
2.767191798956981E-37,1.0,1.9532463069141532E-35,2.840401206534421E-35,
2.7333772354154826E-37,1.0,1.9241971219078697E-35,2.1122266746162022E-35,
2.6874315970528135E-37,1.0,1.8931494436297038E-35,2.457330265225451E-35,
2.692068300544207E-37,1.0,1.8423245137892692E-35,1.9500791263840596E-35,
2.623006686931193E-37,1.0,1.8067308326897682E-35,1.9578470978187213E-35,
2.772416300981237E-37,1.0,1.7860434536602276E-35,2.3186838005818967E-35,
2.5632897689683783E-37,1.0,1.756621994072099E-35,2.117671123612916E-35,
2.5128561078094405E-37,1.0,1.7267865519916474E-35,1.857815577303903E-35,
2.4806692634576775E-37,1.0,1.7027854630996213E-35,2.0931219156727966E-35,
2.432537911261265E-37,1.0,1.671769105007032E-35,2.1240846085129127E-35,
2.395310170266836E-37,1.0,1.6428200797111505E-35,1.813643182660837E-35,
2.5196931681748457E-37,1.0,1.6201630490354568E-35,1.8982924251319176E-35,
2.2939690855039466E-37,1.0,1.588329969462437E-35,1.9975066409072379E-35,
2.276556644193612E-37,1.0,1.568023009398242E-35,1.7104852833370768E-35,
2.3645625347492537E-37,1.0,1.5434016763109658E-35,1.981575773720748E-35,
6.299546155134661E-38,1.0,4.294317905110273E-36,6.165064506107503E-36,
4.50558526434895E-37,1.0,4.1785154205939406E-36,4.75267900247681E-36,
1.2200142390133824E-37,1.0,4.134600227154937E-36,4.3077291210143484E-36,
1.2600939335772283E-37,1.0,4.0804228047343866E-36,5.606664879285566E-36,
2.373133456820521E-37,1.0,3.940765808242898E-36,5.5817999502784444E-36,
1.238230151804831E-37,1.0,3.899565168930625E-36,5.238723754261605E-36,
1.417494434600898E-37,1.0,3.831210318986636E-36,5.090717543854667E-36,
1.3467796925542064E-37,1.0,3.7774784980671715E-36,5.2435385849277096E-36,
1.105769133173106E-36,1.0,2.0314229458884224E-36,4.501791989024646E-36,
1.0212408580586394E-36,1.0,1.966211127285961E-36,3.3533394231062066E-36,
9.924323645025515E-37,1.0,1.9413976708607765E-36,2.811775964706551E-36,
4.953309183248794E-38,1.0,8.566266526232929E-37,9.255283462309021E-37,
4.4223796168508327E-38,1.0,8.338583226016256E-37,1.3077053352518795E-36,
5.541365148579657E-38,1.0,8.206564204149367E-37,1.2764949270553896E-36,
5.104724502038524E-38,1.0,8.070603191776894E-37,1.3055700561097792E-36,
4.76429597735777E-38,1.0,7.923721120982162E-37,1.0506510066995763E-36,
2.3794681624794183E-37,1.0,6.829964276871019E-36,1.227486504763109E-35,
2.30134080170174E-37,1.0,6.734861309626905E-36,1.1817409909599887E-35,
2.2222068965752227E-37,1.0,6.62216487666242E-36,1.0259783138704162E-35,
4.217062098868367E-37,1.0,6.535276288448917E-36,1.183522171121916E-35,
2.1818086765042897E-37,1.0,6.43978779471168E-36,1.2673113458659636E-35,
2.089542407482108E-37,1.0,6.327924510942897E-36,1.1158384474959281E-35,
2.038772528526434E-37,1.0,6.219572948018126E-36,9.67022880800581E-36,
4.317752426483017E-37,1.0,6.138676748559321E-36,1.1090767480846934E-35,
3.4607647499182642E-37,1.0,6.03942056154997E-36,1.1507245099504947E-35,
4.002996473126047E-37,1.0,5.962223490993825E-36,1.1091815745287884E-35,
1.9499869841171085E-37,1.0,5.842261425513755E-36,9.497534308443975E-36,
1.998131489374897E-37,0.9999999999999858,5.769407678123959E-36,9.035562694717007E-36,
3.844198401058678E-37,1.0,1.4527658739460133E-36,1.5750700167265397E-36,
4.465599256487915E-37,1.0,1.4569847750159062E-36,1.6890348349513044E-36,
3.431178282386025E-37,1.0,1.4108727667119074E-36,1.405777367156975E-36,
3.121105404594239E-38,1.0,6.161992482825542E-37,5.742821271625331E-37,
3.6218155378733847E-38,1.0,6.095258505766854E-37,6.953191443890613E-37,
3.040393072239828E-38,1.0,5.992735265306505E-37,7.388524635005733E-37,
5.75255145000742E-38,1.0,5.898723481499095E-37,6.043607524333302E-37,
3.0109592008558145E-38,1.0,5.805979088003074E-37,5.971445080037967E-37,
3.3077980257230223E-38,1.0,5.725037467645435E-37,6.3464424461186425E-37,
3.545213548923735E-38,1.0,5.648545526773483E-37,6.973670786096497E-37,
3.151595085008705E-38,1.0,5.562982309616991E-37,5.5811285234749986E-37,
3.2882582204296693E-38,1.0,5.474451514674073E-37,5.6263780913425015E-37,
3.5294435137248944E-38,1.0,5.387742083919202E-37,5.256486387574919E-37,
3.1126080742312295E-38,1.0,5.318887374654714E-37,5.328011482469716E-37,
3.020579786817591E-38,1.0,5.222712164775315E-37,6.528438724402252E-37,
8.134681629283361E-38,1.0,5.533280279883005E-37,9.971641821850183E-37,
9.026133358516981E-38,1.0,5.534251431457172E-37,7.743627349632383E-37,
9.509277302911361E-38,1.0,5.497600918999761E-37,9.956487640266536E-37,
8.770856967571349E-38,1.0,5.3841390631927775E-37,9.23362332764606E-37,
1.2529624189160022E-38,1.0,7.681987737023252E-37,1.8714711675803197E-36,
1.0974346352143406E-38,0.9999999999999858,7.572812884562176E-37,1.2953981834587956E-36,
1.0745698785798237E-38,1.0,7.405215319477615E-37,1.336393002819543E-36,
1.0610387655046005E-38,1.0,7.302446505657033E-37,1.2941035563395374E-36,
1.0430222699532316E-38,1.0,7.1754021962379915E-37,1.2760860627079656E-36,
1.0249442535922208E-38,1.0,7.0737979544786984E-37,1.2252528665074862E-36,
1.0150052662776856E-38,1.0,6.986997958886037E-37,1.256667177497515E-36,
2.1000054528827337E-38,1.0,4.774657248475857E-37,1.0808582413145034E-36,
2.057687161348181E-38,1.0,4.669060428400406E-37,9.652348163940303E-37,
4.076456093493437E-39,1.0,2.8679514971446428E-37,5.0181392177399746E-37,
4.006825207441121E-39,1.0,2.822273403960127E-37,5.1028503784981745E-37,
3.942517937738942E-39,1.0,2.7760224408759917E-37,5.009592144246158E-37,
3.886036657741124E-39,1.0,2.735557355393045E-37,4.98238902958359E-37,
2.9829042049851646E-39,1.0,1.3419352043857853E-37,3.1359422231122204E-37,
2.733214026534348E-39,1.0,1.3259959547535563E-37,2.6212837402928284E-37,
2.6872984637645616E-39,1.0,1.304915150429527E-37,2.7090776806668708E-37,
1.5340083470570357E-39,1.0,9.513390042263547E-38,1.903730040747297E-37,
1.382279787113065E-39,1.0,9.361591688684107E-38,1.888036699647376E-37,
1.3561341922360533E-39,1.0,9.198745071494307E-38,1.6528082669836428E-37,
4.351091461961077E-39,1.0,8.551403982903561E-38,2.013057814622743E-37,
4.024572866403202E-39,1.0,8.29763916068366E-38,2.415727726156058E-37,
3.938852016013166E-39,1.0,8.150263782772042E-38,2.2134902265377174E-37,
3.880453540394412E-39,1.0,8.040896716363114E-38,2.3362229939162927E-37,
3.8251270257329096E-39,1.0,7.916311513106635E-38,2.3284983732784397E-37,
3.748653717498821E-39,1.0,7.791087648151494E-38,2.1797589143590708E-37,
3.7201206004410767E-39,1.0,7.664979387112743E-38,2.075717551498608E-37,
3.6205802887270105E-39,1.0000000000000142,7.563058421059918E-38,2.244022086846249E-37,
5.123061663781323E-39,1.0000000000000142,3.831541027348315E-38,1.4988367970332075E-37,
3.0153267043617074E-39,1.0,4.241537515142833E-38,1.4758178685977736E-37,
2.853569737109866E-39,1.0,4.169391332754575E-38,1.5083447123196732E-37,
7.996840624777962E-39,1.0,4.444234949632444E-38,1.5729730374563812E-37,
8.049377268298725E-39,1.0,4.389981349247895E-38,1.556689385856604E-37,
8.461091888912147E-39,1.0,4.3346369099489627E-38,1.5143360558513436E-37,
8.951532367272605E-39,1.0,4.2679869161561985E-38,1.5385077076739753E-37,
8.156170453111757E-39,1.0,4.204762973688737E-38,1.4968239292290167E-37,
8.84644728082374E-39,1.0,4.1433145503078716E-38,1.4718827510446179E-37,
8.175626585776392E-39,1.0,4.08041542357563E-38,1.4359714663639193E-37,
7.037474483266668E-39,1.0,4.010135362167728E-38,1.4438191797778525E-37,
6.859355940440824E-39,0.9999999999999858,3.9555798008385504E-38,1.4453887888778053E-37,
7.695766936564713E-39,1.0,3.897736315573042E-38,1.389742697199896E-37,
6.68407530097345E-39,1.0,4.092923722357688E-38,1.7107075585349423E-37,
6.501738049274244E-39,1.0,3.9927146329261226E-38,1.5954672387959812E-37,
6.178397171891419E-39,1.0,3.948633183494022E-38,1.6429719384255964E-37,
3.516633330992279E-39,1.0,3.869879861288339E-38,1.5082295828823741E-37,
5.6990305883324045E-39,1.0,3.8207590833469195E-38,1.564383447268318E-37,
6.279768454437734E-39,1.0,3.752756281906496E-38,1.4973666180934854E-37,
1.645540419240156E-39,1.0,1.8331879652589706E-38,6.160194152552695E-38,
1.1271539623618275E-39,1.0,1.806865889177611E-38,5.819753098069627E-38,
1.7680943237805826E-39,1.0,1.906432042058903E-38,4.396526244216203E-38,
1.7382395950191804E-39,1.0,1.8781754813458662E-38,4.210830029075513E-38,
2.1273523412557633E-39,1.0,1.850666298918839E-38,4.5484349913623637E-38,
5.769245646176689E-40,1.0,8.868712332575714E-39,2.48707057351024E-38,
6.650094233150374E-40,1.0,8.6824713897972E-39,2.253092466923723E-38,
5.67038938271173E-40,1.0,8.562888869411807E-39,2.0952394155784878E-38,
5.4752996867796424E-40,1.0,8.401044689807643E-39,1.9808446086720304E-38,
6.805032071736969E-40,1.0,8.295064312447003E-39,2.0975875460343666E-38,
1.479970946440542E-40,1.0,2.664799263319986E-39,4.740033573938906E-39,
1.5029930056888704E-40,1.0,2.6373506934995595E-39,4.9346407593616185E-39,
1.4538866991882749E-40,1.0,2.6007118667542204E-39,5.5752241859461434E-39,
1.390093706078145E-40,1.0,2.556957990550705E-39,4.591487110204198E-39,
8.377234784552004E-41,1.0,1.6254207220574778E-39,3.148025708530529E-39,
2.195369887758426E-40,1.0,1.6552475700605974E-39,4.3777063166235445E-39,
2.0978599952629423E-40,1.0,1.6230208619479195E-39,4.2792559506758975E-39,
3.330947476657991E-40,1.0,1.6027381239571822E-39,4.424967469326967E-39,
1.5712872325771523E-40,1.0,1.4190086228347116E-39,4.9550032807033154E-39,
2.9012423509684723E-40,1.0,1.3934578991764658E-39,4.9782460841481204E-39,
3.0067367978726985E-40,1.0,1.3728486479315856E-39,4.9543305694830077E-39,
5.983593628563496E-41,1.0,1.3253511917784612E-39,4.5128241690115365E-39,
9.830865825418534E-41,1.0,1.3442156530967858E-39,4.073519312079312E-39,
9.876670730903953E-41,1.0,1.3247623177665268E-39,4.0971090429306136E-39,
9.589455704698721E-41,1.0,1.3056806342287984E-39,4.099136954147268E-39,
3.053183139312864E-41,1.0,2.2383564253240756E-40,7.113480129132478E-40,
1.3686485715861012E-41,0.9999999999999858,1.6731872433411477E-40,3.439298991388299E-40,
1.2307182649122598E-41,1.0,1.359317492329551E-40,5.699160599483552E-40,
6.931255954110498E-41,1.0,1.1534502461334314E-40,3.5576162025472263E-40,
1.3174307346039096E-41,1.0,1.1203756380067716E-40,2.980643173071943E-40,
1.8935801068402402E-41,1.0,1.1072287871962953E-40,2.5214427128010554E-40,
3.94348394383226E-41,1.0,8.019532470847806E-41,1.6142486622062633E-40,
3.740788021290176E-42,1.0,7.64643062616449E-41,2.1840380632853193E-40,
3.9689308628942116E-42,1.0,5.015931652985057E-41,1.6048543469833148E-40,
2.3698589497511187E-42,1.0,4.69579613216947E-41,1.755889022473513E-40,
1.796385441622184E-42,1.0,3.473504843183237E-41,1.353992867955192E-40,
7.536377905201417E-43,1.0,1.6614909486878664E-41,6.003156964089427E-41,
2.975363848397283E-42,1.0,6.505577311229528E-42,2.404842971504417E-41,
9.908772436176628E-43,1.0,6.044189729118096E-42,1.5620289611644234E-41,
1.666438900245259E-42,1.0,6.059954930589772E-42,1.6814394021273578E-41,
2.4238929927098807E-43,1.0,4.5579132893925325E-43,6.677919130244569E-43,
6.957350101954739E-44,1.0,4.161321084478288E-43,1.29210540223893E-42,
1.934590708236086E-44,1.0,3.3292611079502857E-44,9.885719990204372E-44,
3.002576672845866E-45,1.0,2.4683378884334025E-44,3.8005513623959166E-44,
1.216701064341754E-45,1.0,1.8594869196540213E-44,3.6366787501828363E-44,
2.495550850112479E-44,1.0,6.727366078266181E-44,6.778577177776953E-44,
4.946317544059118E-45,1.0,6.135959558052335E-44,9.199354989306795E-44,
2.7877203860612557E-45,1.0,4.61549117767881E-44,5.237301144089205E-44,
2.7512409327425637E-45,1.0,4.544351828745911E-44,5.364013854386708E-44,
1.9337643013379412E-45,1.0,1.2109018773655628E-44,1.858570086244188E-44,
8.135405591702003E-46,1.0,1.4868379424428982E-44,2.7664490202218767E-44,
2.61382361342273E-45,1.0,1.5486535371643848E-44,3.875532945408835E-44,
1.1376394985436255E-44,1.0,1.703012130882824E-44,3.693496606270369E-44,
1.082478228334926E-44,1.0,1.6949718071131474E-44,4.101438513179025E-44,
7.849034576135864E-46,1.0,1.5868713792624486E-44,4.017699844660405E-44,
3.2116322209086367E-45,1.0,1.692212675081396E-44,6.304045826373707E-44,
2.878645926458321E-45,1.0,1.6437851805842807E-44,5.748164078225489E-44,
2.6727316350751054E-44,1.0,1.7328288731917236E-43,1.7100483966851528E-43,
9.085085855982717E-45,1.0,1.0681778733592437E-43,1.7622365723390007E-43,
8.654716265653252E-45,1.0,1.5017648717013253E-43,3.72615208212413E-43,
8.731772168683809E-45,1.0,1.4810438795118754E-43,2.7124056949074663E-43,
9.237402894101517E-45,1.0,1.457262733972334E-43,2.8278326982730636E-43,
2.0203566192781766E-45,1.0,3.525181276358874E-44,6.546734168683128E-44,
1.1756942762956207E-44,1.0,2.578139063597206E-44,9.188225072800732E-44,
1.0501507590902614E-45,1.0,2.2296984245311366E-44,8.194524192428577E-44,
3.9061953312809473E-44,1.0,6.050100697977323E-44,2.1850870050566086E-43,
3.7995455779529134E-44,1.0,5.870123510983037E-44,1.936892119556032E-43,
3.618807766164548E-44,1.0,3.644058755903007E-44,7.66101391628407E-44,
5.106159245816899E-46,1.0,8.352426280796031E-45,3.3485193168983387E-44,
1.1260056279782623E-45,1.0,1.7737684171133851E-44,4.705177519725582E-44,
1.0579972821884249E-45,1.0,1.7626381750116227E-44,5.286663534568583E-44,
3.3349122287352044E-43,1.0,1.5640667372021683E-42,4.568890999596419E-42,
1.814419804935127E-43,1.0,1.550466355752044E-42,4.5007148255965936E-42,
2.0207109694895526E-43,1.0,1.5254672698330305E-42,4.2652097223139777E-42,
2.2862893719472334E-44,1.0,5.6688590678445116E-43,1.7508330286291928E-42,
9.289262005659202E-45,1.0,2.7230686564491724E-43,1.6592916345074872E-43,
3.544130769655238E-45,1.0,9.326913085273175E-44,3.709224156565525E-43,
3.652381702809403E-45,1.0,8.945483915939088E-44,3.4169651387737784E-43,
1.509464140708573E-45,1.0,3.6413697004403616E-44,1.3774498073214296E-43,
1.0882957862884541E-45,1.0,1.5887973414230913E-44,6.465022815500595E-44,
3.5830583466619305E-46,1.0,7.321440967374475E-45,2.785142741761326E-44,
2.9959116801032517E-46,1.0,7.190866377309674E-45,2.6225161492433277E-44,
1.648631184965079E-46,1.0,4.001998679614815E-45,1.5961843888504056E-44,
1.4388457590874373E-46,1.0,3.911854642073745E-45,1.5936745251669127E-44,
1.0167480555226082E-46,1.0,7.899826007885172E-46,3.362354553510408E-45,
4.3709126083979245E-47,1.0,3.9803954074850194E-46,1.3708803893225077E-45,
1.1178611157253248E-47,1.0,2.6629705048895477E-46,8.982231551668533E-46,
1.3188096817782355E-47,1.0,2.620629610709045E-46,9.370383424129111E-46,
9.582163097391914E-47,1.0,2.721994214064941E-46,8.548783249909402E-46,
9.156576753772716E-47,1.0000000000000142,2.7162158228925756E-46,9.266145568795534E-46,
9.567525519027653E-47,1.0,2.664571427006865E-46,9.070784679095114E-46,
1.0238716721414937E-47,1.0,2.0384587819327356E-46,5.80326037949868E-46,
2.452602412192139E-47,1.0,2.0360111209931193E-46,7.938100055192373E-46,
2.2740258049193024E-47,1.0,1.9893294898337143E-46,7.101808278269506E-46,
1.2768139091307747E-47,1.0,2.0914042640135157E-46,4.626885103060353E-46,
1.2384024259969361E-47,1.0,2.0679183573121872E-46,4.859935597608307E-46,
1.0119675960912577E-46,1.0,2.6261925308770132E-45,7.698760894433786E-45,
1.366868078698239E-45,1.0,2.5941551878427744E-45,9.002398438586474E-45,
2.201966735303391E-45,1.0,2.9539893736736564E-45,1.0484658896215834E-44,
3.146890530844458E-46,1.0000000000000142,3.36541876781971E-45,1.6291911744762925E-44,
9.828991440000125E-46,1.0,4.006357892866831E-45,1.520222586484914E-44,
3.2969929092792304E-45,1.0,3.4727233080765075E-45,1.3101720496551113E-44,
1.0623591362358685E-45,1.0,2.319406976693E-45,8.832617119149991E-45,
4.372172973071252E-46,1.0,2.0853047740272554E-45,7.793325098381017E-45,
1.5672590066021846E-46,1.0,1.9842967884984195E-45,7.787536186002712E-45,
3.4142604059859077E-46,1.0,2.117174462624706E-45,7.320412444402973E-45,
3.8148358162199585E-45,1.0,6.87637035977772E-44,2.02149429870109E-43,
3.970635400412714E-45,1.0,3.4774014534712785E-44,1.0791029446073101E-43,
1.746519098116905E-45,1.0,3.3449855033513263E-44,1.2860630596556596E-43,
9.586041675349444E-44,1.0,3.386694230612801E-43,1.2022185756398279E-42,
6.060783411758146E-44,1.0,3.8081083843058364E-43,8.700778602858836E-43,
2.5069368724692844E-44,1.0,3.5817100369588934E-43,1.1915534778272193E-42,
6.127498157162174E-44,1.0,1.5189971177212047E-43,3.5018859503693257E-43,
7.475248276246206E-45,1.0,1.9361424155950858E-44,5.028246143505624E-44,
2.988829774962972E-45,1.0,7.658643912598315E-45,2.1158141627580285E-44,
1.8828799371858374E-46,1.0,4.829560930618452E-46,1.3439560644448259E-45,
1.7706667844997446E-47,1.0,4.2511423065390094E-46,1.531072675084735E-45,
1.0716925434602524E-46,1.0,3.721179912515852E-46,8.855450604603126E-46,
4.616192874593574E-47,1.0,8.10231990762926E-47,1.0302211823411904E-46,
4.015281091558739E-48,1.0,7.215424668573072E-47,5.891071427698125E-47,
7.661894002537164E-47,1.0,8.850209763164086E-46,2.482253354362006E-45,
3.5078148501792085E-47,1.0,8.716854472458426E-46,1.9065895207978534E-45,
2.870328086464552E-47,1.0,7.497642592516067E-46,1.712496698065724E-45,
6.646953908109578E-46,1.0,6.6258918417666036E-46,2.267482815725597E-45,
1.8429688823155606E-48,1.0,3.870252391011195E-47,1.2772597137709708E-46,
4.0065663964590805E-48,1.0,4.0993775964467705E-47,1.6712721920231323E-46,
1.2645980364344524E-47,1.0000000000000142,4.2388400812537694E-47,2.69049005581345E-47,
2.548110884023664E-47,1.0,4.739942496685282E-47,5.368037660213222E-47,
4.708422173518158E-47,1.0,5.1401932311227E-47,8.367691991163607E-47,
5.2938817210436806E-48,1.0,3.093038947410608E-47,7.778931397086021E-47,
7.806766548661429E-48,1.0,2.713555709275007E-47,4.3363545766940054E-47,
1.5126220789949326E-48,1.0,2.1171987226669947E-47,4.413233043772115E-47,
9.108533197983573E-50,1.0,2.221645913128116E-48,3.6263790054565514E-48,
1.7075718547959473E-48,1.0,2.0409892585000373E-47,3.0541175150653022E-47,
1.0384633333598771E-47,1.0,7.250340349886627E-48,1.2781775154860145E-47,
5.323882384182914E-48,1.0,5.9009768264442E-48,1.9345118714923451E-47,
5.92382240427655E-48,1.0,5.758281303255158E-48,1.881117862220721E-47,
1.1457554380612465E-48,1.0,1.501639466837035E-47,1.5965200136479985E-47,
6.538169894265128E-49,1.0,1.3709595910447926E-47,4.0653005148633356E-47,
3.1417721228319374E-48,1.0,1.4449111261840359E-47,3.194498255494587E-47,
1.0654810483751651E-47,1.0,1.5867652968024303E-47,5.21216462770872E-47,
1.0465239121834928E-47,1.0,1.5524638023780795E-47,5.676479272693766E-47,
1.8944626251213336E-49,1.0,1.5194993081025902E-48,3.6730543750590146E-48,
5.688294837184023E-50,1.0,4.015963938023624E-49,1.5017301374836735E-48,
3.144699473350866E-49,1.0,2.2020565879974145E-48,6.026990610722293E-48,
1.808559760252049E-48,1.0,7.816881228622671E-48,1.425903931781872E-47,
1.6128976629440204E-48,1.0,9.483630119013081E-48,2.999915531655572E-47,
1.1447890317382467E-48,1.0,6.785240679448105E-48,1.8069934485099938E-47,
4.025767080788742E-50,1.0,4.783367161103489E-49,1.3577114117047198E-48,
2.3687973532638874E-50,1.0,4.899989187859436E-49,1.6344824897721315E-48,
2.250597683342176E-49,1.0,5.105665299753853E-49,1.0857163639100688E-48,
4.306494717244302E-50,1.0,4.652871104973161E-49,6.537345388606851E-49,
5.582287406998901E-50,1.0,5.180224319033965E-49,1.2634978019510812E-48,
2.5715756004779813E-50,1.0,4.56784855938413E-49,7.999452918062162E-49,
2.929290420464676E-50,1.0,5.1606184556282055E-49,1.5336431611997584E-48,
2.066025256785409E-50,1.0,4.2162439121470795E-49,1.403785860072442E-48,
1.6844420842891647E-50,1.0,4.347796870531725E-49,1.0457554238518016E-48,
5.373173043384042E-50,1.0,4.198083934134251E-49,1.4179671717557886E-48,
6.592251653377112E-50,1.0,4.104372578913486E-49,1.5683840489590477E-48,
1.5917289403253905E-49,1.0,4.206655135693855E-49,1.2605785463528267E-48,
8.272784001266857E-50,1.0,3.996945597697225E-49,1.0305996608168034E-48,
3.56135357818823E-50,1.0,3.846428226683375E-49,1.0291302532597992E-48,
1.6567078678787703E-49,1.0,3.882883563165152E-49,1.0585009280234397E-48,
6.218889731573462E-49,1.0,3.742260173133609E-48,1.2388139279698026E-47,
1.841351147044766E-49,1.0,3.4299362566438883E-48,1.2961954366957093E-47,
6.179654244848685E-49,1.0,3.364219963265722E-48,1.162570150321989E-47,
1.2822513967970091E-49,1.0,3.6482337728693524E-48,1.4282033921972902E-47,
6.786947791727583E-50,1.0,1.6477850915872146E-48,5.790943490485441E-48,
7.015273975630777E-50,1.0,1.024677217864418E-48,2.6639796181598807E-48,
2.992059960110664E-50,1.0,6.993956394007783E-49,9.970793522172357E-49,
3.5158533331214144E-50,1.0,6.516254159679127E-49,1.0518462055520787E-48,
7.463692277938191E-49,1.0,8.542126233188624E-49,1.3913296816674455E-48,
4.8693862226007785E-49,1.0,8.541304859869717E-49,3.013962606496914E-48,
6.20748970790229E-50,1.0,7.97726172824745E-49,1.557435052500125E-48,
4.7797199550122646E-49,1.0,8.244131062020622E-49,2.997609358527596E-48,
1.571920673059876E-49,1.0,9.396288241096277E-49,2.375692466646197E-48,
1.102088272292773E-49,1.0,1.2193977966892752E-48,4.043013405320686E-48,
7.44223036888595E-51,1.0,2.077806354243612E-49,6.827556695604026E-49,
1.0363841177606945E-50,1.0,2.061240812048099E-49,5.9313302962067714E-49,
5.963587378771604E-51,1.0,1.5074381244695325E-49,5.9970393063297384E-49,
5.549137764221871E-51,1.0,1.2823363687090456E-49,4.4404100160367406E-49,
1.187636452531756E-50,1.0,1.2549531861011314E-49,4.494170864490564E-49,
1.7126249743058628E-51,1.0,3.427796647299293E-50,1.2457999385130957E-49,
1.4106579402738071E-50,1.0,5.5017534466104815E-50,2.0738176266480045E-49,
2.6493261292514198E-51,1.0,5.473301833349604E-50,2.070206500562606E-49,
4.617802131564491E-51,1.0,5.563874714168947E-50,2.107157053803477E-49,
5.440582408484793E-51,1.0,5.510830727939323E-50,2.1135944716045673E-49,
2.532493948953338E-50,1.0,5.361588886709615E-50,1.2209946588096982E-49,
2.3350788515551766E-51,1.0,5.078106765822928E-50,1.335506132201453E-49,
4.627995994528331E-49,1.0,2.103773680154586E-48,2.0720957266906346E-48,
1.741559398112701E-50,1.0,3.1850501438410637E-49,4.10116781111019E-49,
1.7467138447533183E-50,1.0,3.3881834982682514E-49,6.6710973631695544E-49,
8.443029030384685E-48,1.0,1.6284241258907463E-47,7.483749975944265E-48,
3.2333331843845287E-49,1.0,4.937421255893955E-48,1.8193163642583112E-47,
1.3742988755594975E-49,1.0,3.475491718697778E-48,9.819489792294363E-48,
1.0529736323351582E-49,1.0,2.6146424786327195E-48,1.0419484056167398E-47,
1.1416064105590176E-49,1.0,2.5573578485551394E-48,1.0238296443222647E-47,
2.408017612129647E-49,1.0,1.8160065983141794E-48,6.482149255462516E-48,
5.436697588829821E-49,1.0,1.8939712876900325E-48,7.617000870049628E-48,
5.022257549499506E-50,1.0,1.2703792194990621E-48,4.2748898510919545E-48,