
0.0
0.0
0.0
0.0
0.0
0.0
0.0
0.0
0.0
0.0
0.0
0.0
0.027965049644022452
0.03536590116608991
0.0643902329497075
0.06984850166579548
0.08528666918708931
0.08422571353655563
0.08680607700753372
0.08055612551278021
0.07580383414119553
0.06737073388014417
0.06001417710978994
0.05171575180505844
0.04446814495975415
0.03747193429426813
0.03146577191657044
0.026090146319208963
0.021558661267185503
0.017672797383609343
0.01444792003324748
0.011754499107120484
0.009546709154971564
0.007733801607258603
0.006261416424283794
0.005065544750936545
0.004100431696245462
0.0033217622533968554
0.002695644697944195
0.0021921333030577536
0.0017877307655679944
0.0014626508694055352
0.001201234670408407
9.906474976894882E-4
8.207134971824389E-4
6.832222581324642E-4
5.716621505673907E-4
4.808316652759393E-4
4.0660303967293E-4
3.456949206487554E-4
2.95500698871595E-4
2.5394923131188344E-4
2.1939184446518925E-4
1.9051426335901474E-4
1.662674398199778E-4
1.4580996862622434E-4
1.2846774748338942E-4
1.1369677282198917E-4
1.0105822693210282E-4
9.019602792390952E-5
8.082089791025994E-5
7.269603753437822E-5
6.562801450061881E-5
5.945715232998301E-5
5.40519128958988E-5
4.93027684516203E-5
4.511865006575708E-5
4.1423199658248064E-5
3.815182837049052E-5
3.5250239007045E-5
3.2671827205530446E-5
3.0377097389978424E-5
2.8331755505629405E-5
2.6506407512679885E-5
2.4875452409811353E-5
2.341647045965845E-5
2.2110200272619984E-5
2.0939426443899938E-5
1.9889216777308505E-5
1.894631889981847E-5
1.8099091190356716E-5
1.7337169893816816E-5
1.665135667312157E-5
1.6033516142611677E-5
1.5476445577219753E-5
1.4973601004359424E-5
1.4519345246515146E-5
1.4108484857177673E-5
1.3736468704478389E-5
1.3399209184341014E-5
1.3093099348421317E-5
1.2814887125826286E-5
1.2561687598535302E-5
1.2330870961699044E-5
1.2120172823229353E-5
1.192745234852679E-5
1.1750929282125064E-5
1.1588945181199893E-5
1.143997739824592E-5
1.1302784079153493E-5
1.1176143093704213E-5
1.10588733845955E-5
1.095025645281785E-5
1.0849266799501092E-5
1.0755265125891403E-5
1.0667498560781522E-5
1.058541863131013E-5
1.0508426425170822E-5
1.0436092772499115E-5
1.0367962910091642E-5
1.0303661999662681E-5
1.0242850311700911E-5
1.0185219628239415E-5
1.0130519024580831E-5
1.0078453319993503E-5
1.0028879974008994E-5
9.981518083885124E-6
9.936284675803399E-6
9.892925343618395E-6
9.851353061888855E-6
9.811386766421503E-6
9.772962079965183E-6
9.735932747922232E-6
9.700230320125456E-6
9.665740706537284E-6
9.63239837323909E-6
9.600140890439497E-6
9.568888100623716E-6
9.538589444850332E-6
9.509186827525001E-6
9.480636345745072E-6
9.452883795022979E-6
9.425906555103884E-6
9.399624344959277E-6
9.374067363856274E-6
9.34914576903254E-6
9.324874714173212E-6
9.301189365239047E-6
9.278097411647245E-6
9.255544949607858E-6
9.233539647370072E-6
9.212037278034098E-6
9.19104675269721E-6
9.170518183469402E-6
9.15044961389177E-6
9.130825377663423E-6
9.111636789116432E-6
9.092852785721261E-6
9.074475153375687E-6
9.056497578917594E-6
9.038885814703151E-6
9.02164009097699E-6
9.004765263369021E-6
8.988213659234547E-6
8.972028491831915E-6
8.956162053537612E-6
8.940631037226554E-6
8.925402351528075E-6
8.910508056210749E-6
8.895894629732122E-6
8.881604168455633E-6
8.86758612324628E-6
8.853867877933082E-6
8.840413318400605E-6
8.827230204019006E-6
8.814326398041355E-6
8.801655169574737E-6
8.7892612338369E-6
8.777084178136849E-6
8.765169264538475E-6
8.753472868626772E-6
8.742024329938187E-6
8.730787400462518E-6
8.719774291618597E-6
8.708975520399481E-6
8.698381970444547E-6
8.688008957084212E-6
8.677818645139498E-6
8.667822139510535E-6
8.658017906369029E-6
8.648397937299702E-6
8.638952541166008E-6
8.629683497013048E-6
8.620583382127644E-6
8.611658967891782E-6
8.60288829899169E-6
8.594270449344424E-6
8.585742415925515E-6
8.577354516186463E-6
8.568998854503683E-6
8.560719330550657E-6
8.552423449825323E-6
8.544137764980457E-6
8.535817912634287E-6
8.527530484067149E-6
8.51916388469259E-6
8.510868759445633E-6
8.50257077679839E-6
8.494345079527889E-6
8.486197995683176E-6
8.478152588429142E-6
8.470229405834632E-6
8.462425817807833E-6
8.45476733141118E-6
8.447265871966574E-6
8.439904419986343E-6
8.432720529477954E-6
8.42566143786668E-6
8.418786429790487E-6
8.41204496110372E-6
8.40545813609662E-6
8.39901886745573E-6
8.392690642156485E-6
8.386520427710167E-6
8.380467035799954E-6
8.374549438105408E-6
8.368743737230512E-6
8.363080174627141E-6
8.35752029524272E-6
8.352107653020061E-6
8.346780738007503E-6
8.341614455659961E-6
8.336519198555039E-6
8.331585617946931E-6
8.326729615938694E-6
8.321997463134357E-6
8.317357569400963E-6
8.312826676027894E-6
8.308384162184644E-6
8.303975161114027E-6
8.299671845892597E-6
8.295349776142031E-6
8.291021122087168E-6
8.286671848838939E-6
8.282287136355926E-6
8.277854785835837E-6
8.27335940417738E-6
8.268811218327538E-6
8.264203147696411E-6
8.259520974508093E-6
8.254809979843323E-6
8.250035334732933E-6
8.245258387075718E-6
8.240429362898292E-6
8.23561475286595E-6
8.230781669676712E-6
8.225944248651352E-6
8.2211429638306E-6
8.216331944104173E-6
8.211560887454513E-6
8.206809762322092E-6
8.202086704004779E-6
8.197401069902143E-6
8.192748788911029E-6
8.188136348646278E-6
8.183566700982134E-6
8.179227098726547E-6
8.174859917837451E-6
8.170637027076815E-6
8.166455300005522E-6
8.162487555319028E-6
8.158570414313452E-6
8.154684273869734E-6
8.150943645284828E-6
8.147262259378995E-6
8.143682227847501E-6
8.140162264059108E-6
8.136718162299152E-6
8.133321879797559E-6
8.129987399096293E-6
8.12669941419394E-6
8.123463144675856E-6
8.120273190024119E-6
8.11713334697231E-6
8.114036806786894E-6
8.110989564488137E-6
8.107986500928542E-6
8.105029344803656E-6
8.102119046887089E-6
8.099243073045565E-6
8.09642451406822E-6
8.09363059976684E-6
8.090889140180948E-6
8.088185142362146E-6
8.085528630523209E-6
8.08290004669636E-6
8.080324693708187E-6
8.077779645278544E-6
8.07527664080276E-6
8.072813671693084E-6
8.070381185695285E-6
8.06799140011299E-6
8.065633642837027E-6
8.063307500268328E-6
8.061012116026892E-6
8.05876908744642E-6
8.056539514959636E-6
8.05437747504021E-6
8.052234942142869E-6
8.0502000050572E-6
8.048167735766288E-6
8.0462175202173E-6
8.044290931000753E-6
8.042435303273972E-6
8.040618020988455E-6
8.038862990505351E-6
8.037152222145355E-6
8.035483549591776E-6
8.033864320614233E-6
8.032279969065997E-6
8.030731082034537E-6
8.029216210634844E-6
8.027729009075914E-6
8.02627846938954E-6
8.024848783525508E-6
8.02344868930283E-6
8.022073911594715E-6
8.020713633575012E-6
8.019393356873431E-6
8.018078290294674E-6
8.016799838748675E-6
8.01553134956116E-6
8.01429202532341E-6
8.013069811998228E-6
8.011875040376509E-6
8.010691177920964E-6
8.009539123150407E-6
8.00840187833661E-6
8.007282337535048E-6
8.006183410839412E-6
8.005106324272177E-6
8.004044724797288E-6
8.002993211890805E-6
8.00197083549301E-6
8.000954808279192E-6
7.999966684410053E-6
7.998986091281223E-6
7.998035953777182E-6
7.99708742989458E-6
7.996177737110041E-6
7.995265971732554E-6
7.994385995646042E-6
7.99351552726486E-6
7.99266313607151E-6
7.991832374494448E-6
7.991021244258362E-6
7.99021863623138E-6
7.989452504679163E-6
7.988686650718666E-6
7.987948581122745E-6
7.98722729383737E-6
7.986520538679609E-6
7.985826216780263E-6
7.985148435018402E-6
7.984482771760172E-6
7.983822537104324E-6
7.983176174498829E-6
7.982532305279444E-6
7.981908473878572E-6
7.981272646719668E-6
7.980661116157436E-6
7.980039905715791E-6
7.979435993214892E-6
7.978830630557444E-6
7.978232819597742E-6
7.977638290042943E-6
7.977049838459807E-6
7.976472793243913E-6
7.975897936953099E-6
7.975338602008708E-6
7.974773326917345E-6
7.974233940752106E-6
7.973685027880112E-6
7.973154754978397E-6
7.972630078453067E-6
7.972117230262699E-6
7.9716102405447E-6
7.971111756227928E-6
7.970631705481734E-6
7.970151572509996E-6
7.969693800156811E-6
7.969233921290278E-6
7.968792366823742E-6
7.968351387700843E-6
7.967922359004687E-6
7.967496335619973E-6
7.967073441602768E-6
7.966659145962663E-6
7.966249359425864E-6
7.965845458799039E-6
7.965446237401066E-6
7.965052735853433E-6
7.964665559789387E-6
7.964275089115402E-6
7.963900346683636E-6
7.963512285730809E-6
7.963141843065301E-6
7.962761637949084E-6
7.962388687737614E-6
7.962016830923072E-6
7.961641612294085E-6
7.961269187758188E-6
7.960902309203732E-6
7.96053137738892E-6
7.96016113120829E-6
7.959798134078965E-6
7.959439507226718E-6
7.959079383325269E-6
7.958727846927554E-6
7.958384643208298E-6
7.958040280805378E-6
7.957711789738179E-6
7.957384460772424E-6
7.957063778743248E-6
7.956748447684218E-6
7.95644092265203E-6
7.956131504290169E-6
7.955830012112315E-6
7.955527594001976E-6
7.955221620096484E-6
7.954921272092956E-6
7.954620113538198E-6
7.954320670292056E-6
7.95376197822254E-6
7.95331677049102E-6
7.952730482759176E-6
7.952149841151708E-6
7.951493880814785E-6
7.950792557070162E-6
7.95001126468696E-6
7.94920594679115E-6
7.948341137556255E-6
7.94744827040656E-6
7.946538682139686E-6
7.94560153125166E-6
7.944644972192777E-6
7.943699584535865E-6
7.942715494369618E-6
7.941746429781978E-6
7.940753125935185E-6
7.939763135752617E-6
7.938721218369005E-6
7.937671169415555E-6
7.936561108560568E-6
7.935402899605623E-6
7.934164465444055E-6
7.932866765019455E-6
7.931479443661392E-6
7.930004071890855E-6
7.928444580007143E-6
7.926796054189081E-6
7.925056123185932E-6
7.923226899721707E-6
7.921347441091759E-6
7.919388815111509E-6
7.917423661557563E-6
7.915446198699348E-6
7.913496785382209E-6
7.911553322837438E-6
7.909652595566802E-6
7.907764209019814E-6
7.905903038708987E-6
7.904049458975175E-6
7.902177443954271E-6
7.90029863975351E-6
7.898386868475866E-6
7.896421144313584E-6
7.894408871487097E-6
7.892296987391942E-6
7.890148042693697E-6
7.887855157340859E-6
7.88548686681113E-6
7.882975736363048E-6
7.880380970540873E-6
7.87763992907703E-6
7.874743581414552E-6
7.871750241983955E-6
7.868625377892456E-6
7.865407274199588E-6
7.862086409123224E-6
7.858678125180312E-6
7.855377621867005E-6
7.851936022747505E-6
7.84852415355972E-6
7.845066087584126E-6
7.84162536920361E-6
7.838182466970714E-6
7.834766583192452E-6
7.831358644348992E-6
7.827978859000669E-6
7.824615033621847E-6
7.821271614763641E-6
7.817952190096137E-6
7.81465350875162E-6
7.811363451545614E-6
7.808108106894087E-6
7.804862540944395E-6
7.801642837125943E-6
7.798438495836239E-6
7.79525379872061E-6
7.792091519058178E-6
7.788943741446796E-6
7.785823761400344E-6
7.782713696313317E-6
7.779623752735206E-6
7.776561574026789E-6
7.773510040018717E-6
7.770482486313227E-6
7.767469716674555E-6
7.764482845404974E-6
7.761507278492852E-6
7.758560126506129E-6
7.75563139386456E-6
7.752735785560368E-6
7.749847248689336E-6
7.747003197010713E-6
7.744171024332863E-6
7.741381869899088E-6
7.73861092978509E-6
7.735871762271613E-6
7.733162505029832E-6
7.73049128816737E-6
7.727850207504489E-6
7.725232872257362E-6
7.722661128220186E-6
7.72010728125822E-6
7.717593339299726E-6
7.715098766594903E-6
7.712646677321689E-6
7.71020553828416E-6
7.70780316838196E-6
7.705423897537531E-6
7.703072247360017E-6
7.700729431871247E-6
7.698436084717785E-6
7.696149934404978E-6
7.693906599721094E-6
7.69168038959427E-6
7.689482532778729E-6
7.687304498214023E-6
7.685171098753804E-6
7.683046544582117E-6
7.680957502003296E-6
7.678893906162687E-6
7.67685386358584E-6
7.674849737991002E-6
7.672856217320885E-6
7.67091104887531E-6
7.668972508902213E-6
7.667077217949804E-6
7.665200074800411E-6
7.663352801825564E-6
7.661534754008236E-6
7.659737300773036E-6
7.6579707492039E-6
7.656223285514087E-6
7.6545023427973E-6
7.652807310773908E-6
7.651134944820541E-6
7.649483814882769E-6
7.647860613673377E-6
7.646246155964797E-6
7.644673116501993E-6
7.643106949320742E-6
7.641571812593552E-6
7.640049828005101E-6
7.638557317668517E-6
7.637085927680405E-6
7.635634459027247E-6
7.634203356173746E-6
7.632785926519029E-6
7.631403027592635E-6
7.630029187836602E-6
7.628671891598725E-6
7.6273343010490166E-6
7.6260113826941625E-6
7.624704145469744E-6
7.62341366897892E-6
7.622136043655911E-6
7.6208803333651905E-6
7.619631783730337E-6
7.618405363678158E-6
7.6171900597932634E-6
7.615984206807575E-6
7.614805451733449E-6
7.6136269946790855E-6
7.612478199077805E-6
7.611338134923945E-6
7.610227361261612E-6
7.60920267673057E-6
7.60818039105144E-6
7.607206673495942E-6
7.606262665481931E-6
7.605362731481347E-6
7.604498088663653E-6
7.603675167552824E-6
7.602880042724521E-6
7.60212390749151E-6
7.601390763267539E-6
7.600689630787183E-6
7.600007076180512E-6
7.59936101834072E-6
7.5987044136917096E-6
7.598092398604083E-6
7.597471852347451E-6
7.596885122941646E-6
7.596293737693977E-6
7.595726711762467E-6
7.595160376949394E-6
7.5946007189770885E-6
7.5940582441598686E-6
7.593510828580988E-6
7.592983144157318E-6
7.592456694326997E-6
7.591930886817146E-6
7.591419493452869E-6
7.590910080117798E-6
7.590407355182588E-6
7.58991315828233E-6
7.589420130713125E-6
7.588944231732013E-6
7.588463756553866E-6
7.588005826399378E-6
7.587543313746959E-6
7.587106267830554E-6
7.5866776787788225E-6
7.586264466057134E-6
7.58587444956719E-6
7.58550935722384E-6
7.5851669820779614E-6
7.584544728646139E-6
7.584095517565908E-6
7.583532286608021E-6
7.583048091797084E-6
7.582522925252534E-6
7.581984825106858E-6
7.581482320324072E-6
7.580924913867756E-6
7.5804131293988525E-6
7.579870333833856E-6
7.579339600966541E-6
7.578739181318413E-6
7.578138788852915E-6
7.577487689659397E-6
7.5768051568337E-6
7.576084137320349E-6
7.575303488491216E-6
7.574486778797123E-6
7.573621748516255E-6
7.572715116395509E-6
7.571792344880411E-6
7.570826577537719E-6
7.5698446137835214E-6
7.568841039131504E-6
7.567805551711047E-6
7.566771059687963E-6
7.5657366775348354E-6
7.5646659341533E-6
7.563613383320934E-6
7.562533518887728E-6
7.56148391896326E-6
7.560407192902376E-6
7.5593435762865575E-6
7.558286845001661E-6
7.557203799398524E-6
7.556166358478649E-6
7.5551154508908845E-6
7.554061330189636E-6
7.553042401648551E-6
7.552013350642974E-6
7.551007232115425E-6
7.55001395866856E-6
7.549008350884977E-6
7.548043334265374E-6
7.5470633883394255E-6
7.546111064506311E-6
7.5451652343799265E-6
7.544217623115057E-6
7.543307990949012E-6
7.5423698743545195E-6
7.541436963118416E-6
7.540543819690007E-6
7.539625627085787E-6
7.538740628319084E-6
7.5378373032394464E-6
7.536977105866486E-6
7.536065695416713E-6
7.535218988484214E-6
7.5343419285635264E-6
7.533495248503993E-6
7.5326492869529925E-6
7.531814322261317E-6
7.530991424835556E-6
7.530173774191119E-6
7.529372917385617E-6
7.52857286587872E-6
7.527797131148879E-6
7.52703566946038E-6
7.526265100875963E-6
7.525515286333683E-6
7.5247695712324565E-6
7.524027652127693E-6
7.523315297280566E-6
7.522579236169727E-6
7.521872600281931E-6
7.521164720739889E-6
7.52045461115461E-6
7.5197744219556495E-6
7.519074809408532E-6
7.518412947270081E-6
7.517736730558403E-6
7.517091292098886E-6
7.516433808447008E-6
7.515801504597491E-6
7.5151744824952195E-6
7.5145690569751674E-6
7.5139521647784445E-6
7.513354677304664E-6
7.512766632259946E-6
7.512195927367838E-6
7.511628360359345E-6
7.511072107655748E-6
7.510533747517388E-6
7.509986656297618E-6
7.509480811167097E-6
7.50894969235349E-6
7.50847255493344E-6
7.507971647167245E-6
7.507513327495651E-6
7.507036389959704E-6
7.5066011763911195E-6
7.506149284387837E-6
7.505726952920694E-6
7.505304061454573E-6
7.504894805127027E-6
7.504491845895835E-6
7.504091688502059E-6
7.503689829786583E-6
7.503305810312129E-6
7.502912287354143E-6
7.5025348018244715E-6
7.5021466190745935E-6
7.501771603596078E-6
7.501384669031032E-6
7.501013198263462E-6
7.500634689026407E-6
7.500252087821601E-6
7.4998672051851575E-6
7.499483500842262E-6
7.499095211924297E-6
7.498703392728004E-6
7.498309294416174E-6
7.497907664831475E-6
7.497528416687672E-6
7.497121731123312E-6
7.496739566993758E-6
7.496364197048555E-6
7.495988496216962E-6
7.495630307818648E-6
7.495278419504536E-6
7.494945651814187E-6
7.49462228861599E-6
7.494296188436324E-6
7.493983474039186E-6
7.4936837523836545E-6
7.49336800424647E-6
7.493092116163877E-6
7.4927820638068085E-6
7.492484546253033E-6
7.492184738699212E-6
7.4918745523193156E-6
7.491563161049473E-6
7.491253317731149E-6
7.490931666051711E-6
7.490603737032039E-6
7.490290843307035E-6
7.489952242347057E-6
7.489637379910289E-6
7.489308547857969E-6
7.488996324528563E-6
7.488678409578382E-6
7.48836984381663E-6
7.488077851105819E-6
7.487782064840365E-6
7.487493186716743E-6
7.4872282884133735E-6
7.48696146458618E-6
7.486718446964244E-6
7.486434423187093E-6
7.486189510072626E-6
7.485911490031589E-6
7.485612696757926E-6
7.485291162465024E-6
7.484962353668893E-6
7.484590173034163E-6
7.48411485808256E-6
7.4836200780352425E-6
7.483064636174649E-6
7.4824579016022874E-6
7.481806051867886E-6
7.481096226785288E-6
7.480353610745256E-6
7.479552381225281E-6
7.478706410292101E-6
7.47782913736089E-6
7.476922322306954E-6
7.475992457300053E-6
7.475024237752664E-6
7.474045575333079E-6
7.47304090405732E-6
7.472025429358301E-6
7.470997133689599E-6
7.469953502923412E-6
7.468897402130417E-6
7.467838727859512E-6
7.4667726710057716E-6
7.465692149700326E-6
7.464625200176148E-6
7.4635383803584284E-6
7.462446520604871E-6
7.461372727222044E-6
7.460283751407282E-6
7.459216480072487E-6
7.45810708127313E-6
7.4570360497096134E-6
7.455955837007454E-6
7.45488085825668E-6
7.453801597921791E-6
7.452740288956616E-6
7.451656817967935E-6
7.450600865565977E-6
7.4495514556050445E-6
7.448509972846593E-6
7.447468434885136E-6
7.446453217677946E-6
7.44542781450554E-6
7.444431436072532E-6
7.443443024218028E-6
7.4424619687014386E-6
7.4414844064586965E-6
7.440539383666522E-6
7.439573979659348E-6
7.4386623758071115E-6
7.437716892250851E-6
7.43680890120003E-6
7.435907474502514E-6
7.435017293266605E-6
7.434138328675543E-6
7.433290670993564E-6
7.432438682148931E-6
7.4316246049138385E-6
7.430262700979871E-6
7.429142050723617E-6
7.427801943165489E-6
7.4265368997092835E-6
7.425112441883769E-6
7.423743705467491E-6
7.422310832505611E-6
7.420927492674284E-6
7.419625029242448E-6
7.418391388547429E-6
7.417260726263161E-6
7.416214358649216E-6
7.415303371719008E-6
7.41458709160039E-6
7.413914019220283E-6
7.4134388970016915E-6
7.4130437549740296E-6
7.4127465342344916E-6
7.412589779768858E-6
7.412480820487483E-6
7.4125120539996956E-6
7.412614544756322E-6
7.412773744550879E-6
7.413003685212662E-6
7.4132971849274E-6
7.413638074608962E-6
7.414058064114132E-6
7.414534564829567E-6
7.414980240909473E-6
7.415510698783047E-6
7.416061267755877E-6
7.416638311386538E-6
7.417226684342345E-6
7.417868731818511E-6
7.418496324759059E-6
7.41911943069911E-6
7.419781892342514E-6
7.420426976092583E-6
7.421119015555925E-6
7.421791486208777E-6
7.422494369095031E-6
7.423157834429056E-6
7.423862263348823E-6
7.424561382517519E-6
7.425271415770526E-6
7.42596490133741E-6
7.42669190536976E-6
7.4273850827023895E-6
7.428116382704361E-6
7.428815063167508E-6
7.429543370313631E-6
7.4302571545351334E-6
7.430988039115206E-6
7.431706230664708E-6
7.432420547329725E-6
7.433148660617362E-6
7.433853207850643E-6
7.4345632242216714E-6
7.435275825348384E-6
7.435981985051152E-6
7.436717285406294E-6
7.437399883349271E-6
7.43810533453253E-6
7.438797521058102E-6
7.439506473213889E-6
7.440187253396483E-6
7.440892084983039E-6
7.441603880221606E-6
7.442290056659264E-6
7.44296762403521E-6
7.443629207172202E-6
7.4443294972342035E-6
7.4449877098160104E-6
7.44568347694823E-6
7.4463136207236076E-6
7.44696791959819E-6
7.447589205770099E-6
7.448202520036254E-6
7.4488094883437965E-6
7.449392595278706E-6
7.4499902851343115E-6
7.450550944473806E-6
7.451096421633583E-6
7.4516338258715945E-6
7.452147744266775E-6
7.452672431404688E-6
7.453195318120179E-6
7.453675224859506E-6
7.454127180489915E-6
7.454619615893209E-6
7.4550615214380605E-6
7.455531411257545E-6
7.455983190338645E-6
7.456400574177585E-6
7.456855359815178E-6
7.457241119163874E-6
7.457674573948319E-6
7.4580638796544945E-6
7.458464598766187E-6
7.4588762896052505E-6
7.459271937422803E-6
7.45962708792605E-6
7.460026242862403E-6
7.460394191171096E-6
7.4607286310610226E-6
7.461111949808248E-6
7.461462429706976E-6
7.461756660374316E-6
7.462121952818103E-6
7.4623978918452525E-6
7.462724429846092E-6
7.462995700482421E-6
7.463279393818648E-6
7.463544058309893E-6
7.463798336417752E-6
7.464037056895545E-6
7.464303295121429E-6
7.4645141610067495E-6
7.4647771028047095E-6
7.465013791121078E-6
7.465251995387628E-6
7.465473311929699E-6
7.46574246826257E-6
7.465941972898875E-6
7.466243484038268E-6
7.466439276572404E-6
7.466700939419081E-6
7.4669316145040525E-6
7.467140013726617E-6
7.467385017807304E-6
7.4675711470564555E-6
7.4677800898475725E-6
7.467983865665626E-6
7.468163779471891E-6
7.468365036742596E-6
7.4685076554138E-6
7.468708813061493E-6
7.468866839418892E-6
7.469024299165519E-6
7.469210847364541E-6
7.469345592630286E-6
7.469518630189365E-6
7.4696506703827045E-6
7.469827085187683E-6
7.469950086279777E-6
7.470131284691365E-6
7.470243280865822E-6
7.4704079854570015E-6
7.470531724978134E-6