
0.0
3.6538290449221065E-28
3.2999804970408453E-28
1.1294608174311732E-18
1.7334824552532793E-18
1.5525082520594569E-15
1.1957044238408497E-12
3.861932436448846E-12
1.158516249413642E-11
2.5508706374327946E-11
1.250833051390576E-10
4.3969795003360557E-10
3.617804571045435E-4
2.662969276625078E-4
0.020206609139064476
0.012423862520056086
0.042581765938192434
0.026404261219526732
0.05017619895690946
0.03525745464625916
0.04729546557827966
0.036138494704299244
0.03753160556109985
0.028968810372973084
0.03335901433065538
0.02646375627982071
0.024119394809999455
0.01889513724241109
0.015862842583348965
0.01227378909174065
0.00985171626579597
0.007529386250542905
0.005890694466356572
0.026959668293629092
0.019999745669564684
0.018502121828191165
0.013713648473954362
0.011238237222399939
0.008733925694069103
0.006958223551802038
0.00547716959018106
0.00433837732093115
0.003427405829252717
0.0027120238207245387
0.002145309650038401
0.0016978999757029812
0.0013441931801343049
0.001064535485780437
8.434684781317335E-4
6.685717290561113E-4
5.30253472764818E-4
4.2076390411389345E-4
3.341131163568467E-4
2.654771061869948E-4
2.111107029319272E-4
1.680106812403208E-4
1.3383511797755007E-4
1.067128243485877E-4
8.517937817677906E-5
6.806741220561456E-5
5.446200101413914E-5
4.363200167469463E-5
3.5005736114209085E-5
2.812632836627975E-5
2.263510834639627E-5
1.8246263486310452E-5
1.4734487339996654E-5
1.192062742927819E-5
9.662747379571667E-6
7.848985871101339E-6
6.388384040730638E-6
5.211173954468366E-6
4.259968426506237E-6
3.4907420267491973E-6
2.866566411716384E-6
2.3596966303027515E-6
1.9468131403318323E-6
1.6100012562871022E-6
1.3345055307668075E-6
1.1087288963367323E-6
9.232380874625682E-7
7.705589537477585E-7
6.445006333525165E-7
5.405933132328928E-7
4.54087928174858E-7
3.823801079849574E-7
3.226516967395233E-7
2.7268201538955446E-7
2.3090789999980976E-7
1.9581105330913874E-7
1.6632875291294207E-7
1.4147657052621572E-7
1.205107109186874E-7
1.0278084162961247E-7
8.77689093640477E-8
7.503489536174215E-8
6.421860492074054E-8
5.5017226748739004E-8
4.7179471049077363E-8
4.049443415326106E-8
3.47857524616431E-8
2.9905136537714705E-8
2.5727968378867296E-8
2.2177343094785545E-8
1.9126187477656032E-8
1.650730584565513E-8
1.424753130426449E-8
4.6653171499900615E-6
4.286956510631249E-6
6.161820585197684E-6
6.1582386198249756E-6
6.400249292804618E-6
6.074694011245381E-6
5.6824745480460945E-6
5.128846127035302E-6
4.548873480431709E-6
3.956313613835874E-6
3.3967974530159143E-6
2.8991066761667626E-6
2.4409866587619435E-6
2.050882744245833E-6
1.712297789800502E-6
1.4218405785377752E-6
1.1762188208062898E-6
9.673963744875007E-7
7.928207892866241E-7
2.7401937102498276E-6
2.3373136332226395E-6
3.1454140426969466E-6
2.8146561264830466E-6
2.8925159746459185E-6
2.5606746018489934E-6
2.353218992121749E-6
2.033214893478375E-6
1.7689156750833304E-6
1.5091811874586418E-6
1.2769466113288455E-6
1.0714692980645283E-6
2.2822181627514486E-6
1.925037814276792E-6
2.3640216072091187E-6
2.0858327249703547E-6
2.067725860168896E-6
1.8094032163187233E-6
1.6314178950885626E-6
1.4025785164200546E-6
1.2056368217581398E-6
1.3357374152718286E-6
1.1343526094311085E-6
1.1807332548039854E-6
1.054750615633815E-6
9.830861915519512E-7
8.669525025857408E-7
1.3955131355680914E-6
1.1855266468599701E-6
1.3319445534130788E-6
1.1667803294677076E-6
1.1141843001528772E-6
9.663493931348941E-7
8.551837578840641E-7
7.267153311273677E-7
6.178433134097768E-7
5.152522214004634E-7
4.279062069676547E-7
3.5173258908295783E-7
2.878586873907183E-7
2.3856506846565843E-7
1.9494535106418888E-7
3.4105608864709014E-7
2.772945189571384E-7
3.438808466438468E-7
3.0694262321295627E-7
3.1310584229229633E-7
2.808049873522985E-7
2.620107717392438E-7
2.3085927883018154E-7
2.0522092508243169E-7
1.7734972713365502E-7
6.635925708379098E-7
5.402369427449431E-7
7.091937153554924E-7
6.223433553930474E-7
6.229887819202324E-7
5.447249722390364E-7
4.914044599593841E-7
4.209020611506028E-7
3.6171817440897533E-7
3.0392627781885776E-7
6.217918660434358E-7
5.005443479636646E-7
5.978864322041115E-7
5.14875063331307E-7
4.990066126242323E-7
4.300720242901223E-7
3.815776240300818E-7
5.626386386491912E-7
4.651300206954084E-7
5.075447600749577E-7
4.360876153965863E-7
4.0913237293944153E-7
3.5019146319180484E-7
3.0613013120210773E-7
2.576699456526944E-7
3.7587710573427704E-6
2.967415565287284E-6
4.604633328235192E-6
4.158944292682999E-6
4.504894740324741E-6
4.201831179516232E-6
4.03308505760344E-6
3.672156349301846E-6
3.3280398145606976E-6
2.940319602189054E-6
2.570245357386858E-6
2.7957211769836224E-6
2.5029299698605664E-6
2.422014893765457E-6
2.1684977478847798E-6
2.019849890307673E-6
1.7800553792998862E-6
1.5954835472570766E-6
1.3827817351046855E-6
1.2010982686830417E-6
1.0225499537888725E-6
8.671226571937848E-7
7.260390773076014E-7
1.1157307533460492E-6
9.92385914774731E-7
1.0749327649186277E-6
9.687626760239605E-7
9.114920175231212E-7
1.0873527014640008E-6
9.746880993039234E-7
9.742650264318493E-7
8.723050830112107E-7
8.220838127915075E-7
7.220187279611593E-7
6.511443518827151E-7
7.095133326311625E-7
6.343132324150485E-7
6.187462631290392E-7
5.517668895120233E-7
5.01565245961628E-7
4.3791106962447313E-7
3.8195800902661085E-7
3.268448963327887E-7
2.886589468989907E-7
2.4374279950989115E-7
2.103249444858299E-7
1.7640245071413465E-7
1.4903445629413187E-7
1.2400123658079427E-7
1.0326635808428811E-7
2.7017562537183207E-7
2.263589039204008E-7
2.750631540664575E-7
2.4625414027485336E-7
2.664247547465056E-7
2.3200226612447425E-7
3.014758836652314E-7
2.6523651059469776E-7
2.742481212094521E-7
2.899095595889253E-7
2.649722845318294E-7
2.5791254575692064E-7
2.3500290202929002E-7
2.181373583602806E-7
1.9660168836982394E-7
1.7697139745579996E-7
1.563088943953746E-7
1.3691246424705263E-7
1.1828274759504926E-7
1.0121980580530507E-7
8.571801266520989E-8
7.19943649702728E-8
6.000052553327355E-8
4.9690425542061617E-8
4.0925754520245273E-8
3.380528738953363E-8
2.7742409180496917E-8
2.4131203909251032E-8
2.017785362494247E-8
1.734387063253988E-8
1.5236475618582316E-8
1.3050405507026403E-8
1.1443331947549138E-8
2.6896374636260473E-8
2.2069997999978387E-6
2.2255391346128453E-6
3.007272345550717E-6
3.105867821758379E-6
3.211198803112197E-6
3.1111164778689263E-6
2.9393178350163214E-6
2.698838950553998E-6
2.433239130508808E-6
2.1594091019997863E-6
4.2777038624192034E-5
3.8066660527487284E-5
4.983093878624179E-5
4.948271653630009E-5
5.68330551350299E-5
5.6541842021821916E-5
5.875807021158126E-5
5.863733198998503E-5
6.021725081826177E-5
5.94134001771155E-5
5.871185474303712E-5
5.7444141653272914E-5
5.441674527185547E-5
5.176412873501839E-5
4.766664941389776E-5
4.776557534446845E-5
4.3068928290307377E-5
4.159025628527437E-5
3.705657610964485E-5
3.9290752209284435E-5
3.4516701403715944E-5
3.5428668256152705E-5
3.148136664786327E-5
3.0877576287434666E-5
2.7561762976511288E-5
2.593182264297304E-5
3.2287493001705666E-5
3.000882691416139E-5
3.4034021396253563E-5
3.2415416233976174E-5
3.3747073755444095E-5
3.236209891722296E-5
3.202835988622385E-5
3.063481816139126E-5
2.967096827768697E-5
2.793283284404603E-5
2.6367753559007776E-5
2.433530196600617E-5
2.238456799830723E-5
2.1790516186612398E-5
1.9916095604376307E-5
1.9038100162666274E-5
1.719973881480508E-5
1.5915767591592934E-5
1.4141295276529653E-5
1.4670944002580532E-5
1.2706260929926796E-5
1.270486066463E-5
1.0965668153004782E-5
1.0346212766165169E-5
8.875504801261924E-6
7.984109785825255E-6
6.776735033280999E-6
7.712929263941073E-6
6.361711532346901E-6
6.795248958684785E-6
6.4987190786480955E-6
6.221338141154539E-6
5.2909041621182735E-5
5.046921677712592E-5
6.9074074993483E-5
6.968667216869467E-5
7.993728874382676E-5
7.979601508086262E-5
8.375793573586059E-5
8.321530191112975E-5
7.977445155562847E-5
7.601627265169812E-5
6.97262114806691E-5
6.377967203645486E-5
5.6710766389798775E-5
5.285628847421832E-5
4.573126262220726E-5
4.1523323764801124E-5
3.552651046746173E-5
3.1282722725149797E-5
2.646573612404874E-5
2.2709587937012595E-5
1.898463164221931E-5
1.59637131814895E-5
1.3194669075732624E-5
1.0923361391102994E-5
8.938891220987644E-6
3.464099590859831E-5
2.9359878202008227E-5
4.9606595949372844E-5
4.29142352584281E-5
5.308837523325357E-5
4.7450703451625395E-5
5.045618098941909E-5
4.5125265174931146E-5
4.4035201574808204E-5
3.894920945175664E-5
4.363758016062304E-5
3.760847514503449E-5
3.975807705133097E-5
3.5459578627546987E-5
3.450025621539602E-5
3.076287014278037E-5
2.8360744060035444E-5
2.4901937486195815E-5
2.212254100529242E-5
1.907274184779551E-5
1.648905581034352E-5
2.250981364544235E-5
1.8657293361398922E-5
2.3118379908099426E-5
2.0272832930517607E-5
4.3783985882546096E-5
3.7865631299104474E-5
4.895450140542239E-5
4.490154757073382E-5
4.794921696247393E-5
4.3798654654183805E-5
4.267950237196655E-5
3.825413948928059E-5
3.52857278914725E-5
3.097538448929278E-5
2.752115130571474E-5
2.7468694543235392E-5
2.3417680423045462E-5
2.2771244773799827E-5
1.9321307116359044E-5
1.7868919457012798E-5
1.5098702656903867E-5
1.5931380007155877E-5
1.319052247091381E-5
1.3230187866032628E-5
1.1075306932415339E-5
1.8612292757186725E-5
1.527266720541542E-5
2.085888446536543E-5
1.7735062827569738E-5
1.9906617823145266E-5
2.0726284576722004E-5
2.0282370034589707E-5
2.0095803796890538E-5
1.8649380821828808E-5
1.7426565154395527E-5
1.5588028867097698E-5
1.3928893329991838E-5
1.2103304280671745E-5
1.1854348118589318E-5
9.957241121283989E-6
9.409718503608633E-6
7.899506421423858E-6
7.106363361657003E-6
5.946298668458579E-6
5.147445229886788E-6
4.272806810339635E-6
3.5997813009715046E-6
4.030059619116551E-6
3.2435764436792505E-6
3.8057225452851627E-6
3.142072050578595E-6
3.280312052840684E-6
6.4642797668770964E-6
5.588032930557266E-6
7.7897075006066E-6
6.831076786572892E-6
7.532603887060953E-6
6.992806221786997E-6
6.7599242844143176E-6
7.534061962655908E-6
6.973123560286439E-6
7.244279697445088E-6
6.635295408382947E-6
6.403603688698466E-6
5.752217102633456E-6
5.25812571061116E-6
4.61285438036961E-6
4.054488858846699E-6
3.4766320357004384E-6
3.2027492256297326E-6
2.6761991395584584E-6
2.4052128508724364E-6
2.0045712119737966E-6
1.7417268990987183E-6
1.4447668910032524E-6
1.221719236711989E-6
1.0054424897495242E-6
8.33568004355238E-7
6.800632590026993E-7
7.410206077221952E-7
5.868003581616431E-7
6.012843220438502E-7
4.927721961250547E-7
1.974717962247905E-6
1.7088621586982925E-6
2.442069973786836E-6
2.2057756866694044E-6
2.3607618386912434E-6
2.1024937057785128E-6
1.9869126354710047E-6
1.7261185998821955E-6
1.5289517529785789E-6
1.2979468190109481E-6
1.1068315039555698E-6
1.0537142650821077E-6
8.649409043574105E-7
8.009476874108328E-7
6.610139734908119E-7
5.848212209811281E-7
4.831005688415302E-7
4.1262436747192135E-7
3.390811775693522E-7
2.8265453770214134E-7
2.3052305522943856E-7
2.803424323527859E-7
2.2040485223360945E-7
2.40542546550515E-7
1.979051612023663E-7
1.9160846066008865E-7
1.6012784829547981E-7
1.4383864658331597E-7
1.198575509172874E-7
1.0294163882352598E-7
8.499383603493345E-8
1.2671375918741685E-6
1.0278170812627134E-6
1.6298982169295792E-6
1.4315098813247053E-6
1.5784550226131357E-6
1.3861411820260622E-6
1.3228097370372611E-6
1.1401398599553328E-6
1.0127566129360413E-6
8.555803721214027E-7
7.297816785667718E-7
6.060687040888005E-7
5.041566587367699E-7
4.130447450682623E-7
3.3796882715143613E-7
2.7400417279266935E-7
2.2167307383195206E-7
1.7828618746585775E-7
1.4308132812936703E-7
1.8062248880986698E-7
1.3981474612767425E-7
1.5652721448681076E-7
1.2810396392372248E-7
1.2560447311728745E-7
1.0485260115629002E-7
9.478697481439404E-8
8.908361198719745E-7
7.157582602940329E-7
1.123755905185105E-6
1.3479395277286588E-6
1.3897908241926544E-6
1.463827878407477E-6
1.3737055488907728E-6
1.309515477975194E-6
1.170289369546443E-6
1.0484847784589689E-6
9.060582523614986E-7
7.803713356925467E-7
6.580246116047542E-7
5.520948684275878E-7
1.3499834938731666E-5
1.0315868115709742E-5
1.9699234996051974E-5
1.8158357840487962E-5
2.0950271964741435E-5
1.9233137147862678E-5
1.886468731435676E-5
1.6840734271865463E-5
1.532710615008913E-5
1.3439037606889084E-5
1.1739642261755458E-5
1.9674226781105066E-5
1.6158694456973057E-5
2.1057139767737428E-5
1.876245630908112E-5
2.0026059331007254E-5
1.7991256190828562E-5
1.73395984930511E-5
1.790175983411575E-5
1.5984120307305437E-5
1.58586374990863E-5
1.3859477267701138E-5
1.2956360197209964E-5
1.1156904954879707E-5
9.948380239368368E-6
8.438551311859312E-6
7.273576080372617E-6
6.081236378703806E-6
1.1070384877334068E-5
8.765242023490514E-6
1.1691780313101844E-5
9.736583948046294E-6
1.051708052122904E-5
1.2110211549757734E-5
1.1120664097601792E-5
1.1827431018035457E-5
1.0497484822704349E-5
1.0180295350935734E-5
8.860827420084127E-6
8.057586751477453E-6
6.885703542584945E-6
6.0007358988192075E-6
7.83254974142042E-6
6.384997124393825E-6
7.800228852544628E-6
6.735121585717014E-6
8.91298545874075E-6
7.759574912822643E-6
9.200892979994613E-6
8.148492147081865E-6
8.533301369956828E-6
7.5477794519991305E-6
8.467703936691935E-6
7.363594355592563E-6
7.524979204058454E-6
1.3628620514911058E-5
1.2155969695967115E-5
2.1813576384631405E-5
2.0066379158180134E-5
2.4406263012679544E-5
2.316177167981496E-5
2.4068338323008806E-5
2.246111066564791E-5
2.1597317801500143E-5
1.9624288200691685E-5
1.7992077978625025E-5
1.5935532005846256E-5
1.4129222888297028E-5
1.2240922597346622E-5
1.0583857419571883E-5
9.002101670656704E-6
7.633249400124877E-6
6.394987022737978E-6
5.340044306507007E-6
4.418911916345371E-6
3.645309319898262E-6
3.7084491788620744E-6
2.9742520040027694E-6
3.1422954116054527E-6
2.5549500609172395E-6
2.920191395193812E-6
2.3968422421784705E-6
2.596948048987211E-6
2.1703213416127364E-6
2.1775029264911687E-6
1.8337480427448032E-6
1.7275348350233995E-6
1.4521973438886246E-6
1.3066449385518696E-6
1.0911543519119795E-6
9.499562087335226E-7
7.868207819429486E-7
6.688307069451965E-7
5.495007601584558E-7
4.5894763753314855E-7
3.7431983285221584E-7
3.085471015621261E-7
2.500799125862742E-7
2.0409700177074816E-7
1.6456056091664178E-7
1.332892389967111E-7
1.0701221659223761E-7
4.4656872712314683E-7
3.3351940710779315E-7
7.482647357221917E-7
6.079452903950472E-7
6.631621184134351E-6
5.398432359302258E-6
9.890948191474622E-6
8.89577702853815E-6
1.1033228380476598E-5
1.0025251196383116E-5
1.0558185522173719E-5
9.456141847412594E-6
9.119622143392907E-6
8.009986855761428E-6
1.0508815007493236E-5
8.774244655647859E-6
1.023878544000756E-5
8.656324214018093E-6
8.905405725072092E-6
7.5701805049712075E-6
7.145635876308873E-6
6.044841124625392E-6
5.396699795856581E-6
1.0741721389729734E-5
8.585825913612503E-6
1.4084539616517193E-5
1.219950104587866E-5
1.4736248504768491E-5
1.3376563206084094E-5
1.392122030040316E-5
1.2604711853411007E-5
1.3198175508235676E-5
1.1575174074573764E-5
1.150637715076478E-5
1.0112304796600906E-5
9.4943299582787E-6
8.314415889552091E-6
7.4753158555787105E-6
6.469395830557558E-6
5.6369909061503045E-6
4.804879817066613E-6
4.199867214908615E-6
3.51925480633709E-6
4.049226900392844E-6
3.489248174727731E-6
3.6786164335184054E-6
3.2502809508854215E-6
3.1195111898574487E-6
2.7393921063706116E-6
3.2188458189050653E-6
2.7940799592656167E-6
2.910961856408323E-6
2.5485114178184613E-6
2.406901765836206E-6
2.586926525497691E-6
2.2846940218349277E-6
2.274494593425138E-6
1.9878558476528346E-6
1.8329649413515712E-6
1.5780473582161414E-6
1.3827176429626523E-6
1.16900710640742E-6
9.910602408161007E-7
9.064628037021626E-7
7.45098726675038E-7
1.050697108100976E-6
8.732384597763671E-7
9.967067277421636E-7
8.994176322113473E-7
8.832861094075707E-7
7.980106128920268E-7
7.277124089556884E-7
6.411103689148957E-7
5.905003687362471E-7
5.052433617640416E-7
4.5201010193319253E-7
3.8226853358061125E-7
3.3074415527924214E-7
1.679642573993472E-5
1.353708744211226E-5
3.5093986328707515E-5
3.2361383168642984E-5
4.2366107292806096E-5
4.134101738133202E-5
4.388516781189075E-5
4.285675145144781E-5
4.148328183682205E-5
3.9311947091356394E-5
3.634402347558354E-5
3.336343379114286E-5
2.9942197541037275E-5
2.6766486794498524E-5
2.349780119076092E-5
2.0565382436661506E-5
1.7744775115373587E-5
2.2279443370974078E-5
1.8398945310990482E-5
2.6884632320452846E-5
2.2365336391780022E-5
3.866788100795953E-5
3.3352494241171415E-5
4.1928000777018324E-5
3.7798894009083634E-5
4.1040508457255114E-5
3.7019915373685724E-5
3.7114137295282494E-5
3.3084597352320844E-5
3.960759307978199E-5
3.438507726363119E-5
3.992573845410012E-5
3.540222900990272E-5
3.683013011883871E-5
3.314339312383275E-5
3.252469094340724E-5
2.913297700062684E-5
2.7503561637422087E-5
2.435783285763861E-5
2.232285577939731E-5
1.9512842125253468E-5
1.746877161379683E-5
1.508406502902761E-5
1.3284175103600663E-5
1.134940550732291E-5
9.852845782843345E-6
8.347376264976727E-6
7.156303194353797E-6
6.0280466732646986E-6
5.117766367898269E-6
4.286514137339193E-6
3.62480276005144E-6
3.0187547176187078E-6
2.541947656069453E-6
2.1075852839753966E-6
6.149117342497673E-6
4.9409139177567705E-6
9.076664935419201E-6
7.542711432842675E-6
9.597679262992352E-6
8.4304627144517E-6
8.957808421330166E-6
7.983500493420823E-6
7.723549548280182E-6
6.846252154350281E-6
6.253984304080565E-6
5.458970574122344E-6
4.800196070886236E-6
4.1142146227133324E-6
3.520807649256289E-6
2.9658245691872588E-6
2.4871967992331945E-6
2.0639944462944295E-6
1.7066845582026065E-6
1.3990541083042797E-6
1.145439951146269E-6
9.315059054735712E-7
2.3403487924332013E-6
2.0841196448033622E-6
7.366539024262062E-6
6.52791015877983E-6
1.1075828364111015E-5
1.030743280300407E-5
1.1871586749282768E-5
1.1213258397230546E-5
1.1379597833428011E-5
1.0546331162543923E-5
1.0033086236269856E-5
9.076453677939138E-6
8.2782887578524E-6
7.3173537783732115E-6
6.470485556492386E-6
5.602521337442015E-6
4.8370198955409045E-6
4.114505301795764E-6
3.4857721684863028E-6
4.9095110559075206E-6
3.966186501291981E-6
4.841106894466018E-6
4.372275396737259E-6
4.513949347448509E-6
7.811026458565995E-6
7.195689658866279E-6
8.442386854231571E-6
7.95309129885591E-6
8.10244582131906E-6
7.490405987658621E-6
7.090855893817009E-6
6.416457163824305E-6
6.012204311917896E-6
5.284925457572733E-6
4.822726949229023E-6
4.9537557783849885E-6
4.326964676846583E-6
4.31444940345074E-6
3.783468166272758E-6
3.5416485261269344E-6
3.0948392102733843E-6
2.7613120924008774E-6
2.3784098450793716E-6
2.0526215391917208E-6
1.7371476971229657E-6
1.4637810811434634E-6
1.2185771468070788E-6
1.0087059108440772E-6
8.281476885997567E-7
6.763275729184715E-7
5.49088339104292E-7
4.43820138908821E-7
1.0775104646698524E-6
9.072171178660675E-7
1.2290771803647523E-6
1.1096404515324875E-6
1.1585934782609512E-6
1.9570687952406288E-6
1.9019064927439395E-6
2.2991556318850957E-6
2.289526076508608E-6
3.0281476242453535E-6
2.905267838982715E-6
3.1960898226379407E-6
3.078283259850516E-6
3.032816350285521E-6
2.8365233572550664E-6
2.687472309491194E-6
2.4497575565979883E-6
2.2308633334837206E-6
2.0246518437392897E-6
1.7967791209346695E-6
1.5935804914853905E-6
1.386959360745734E-6
1.2001386486610397E-6
1.0238530995548467E-6
8.666102908709596E-7
7.896185603796278E-7
6.56757441850456E-7
5.801494020099707E-7
4.832350457434537E-7
4.126408352774513E-7
3.416436526250623E-7
2.846603397056169E-7
2.3333761095429314E-7
1.9112279098732092E-7
1.5509209552296245E-7
9.59597380657812E-7
8.125846782674815E-7
1.157421440715446E-6
1.0232576301303413E-6
1.080575907975012E-6
1.1839954715102234E-6
1.1372355589660488E-6
1.1837317302794185E-6
1.0941469593052472E-6
1.047945216279877E-6
9.425988559053141E-7
8.523843165657113E-7
7.86703463878699E-7
6.851775360748247E-7
6.119671624929844E-7
5.246134695907944E-7
4.5298626512728034E-7
3.8192592472008157E-7
3.2136809690224277E-7
3.0129090195598384E-7
2.4770503589357765E-7
2.234223380578048E-7
1.8513491353932427E-7
1.5974608442986673E-7
1.32048983814871E-7
1.1054326865286285E-7
1.938956370464977E-6
1.501114603101784E-6
2.4692075388748373E-6
2.2591390916179378E-6
2.4788144343948367E-6
2.268102990732338E-6
2.1622502691876427E-6
1.9196746264939016E-6
2.338782124106619E-6
1.970402333266113E-6
2.0961870229522485E-6
1.7855408452233348E-6
1.8592454126435099E-6
1.5936218951944235E-6
1.6094322608238218E-6
1.393134609750211E-6
1.326251573082486E-6
1.1481894283698574E-6
1.0358675875480923E-6
8.873040386072452E-7
7.697108430052625E-7
6.490878276761011E-7
5.476547698908705E-7
5.442202635342014E-7
4.484416796711572E-7
4.456248741660546E-7
3.714540163879636E-7
3.441800798877668E-7
2.884671235007715E-7
2.5283237902124864E-7
2.1056608164659727E-7
1.2221619492466588E-6
9.361875182005766E-7
1.53173392680407E-6
1.3637571478294982E-6
1.5311738095829622E-6
1.6144479769454628E-6
1.5138766061930029E-6
1.4924476069967822E-6
1.3646904718009106E-6
1.2738892508272037E-6
1.1424277976392534E-6
1.0246783122868604E-6
8.984908344884339E-7
7.820831920284396E-7
7.113865034389102E-7
6.030206232940163E-7
5.468865237229916E-7
5.660706424407895E-7
5.205620569079383E-7
5.027373550216285E-7
4.567793259839171E-7
4.1636305610061716E-7
3.6767678353604665E-7
4.11656367702241E-7
3.633517023883755E-7
3.594497563827168E-7
3.1733397951630176E-7
2.8912404976938073E-7
2.5027245956237683E-7
2.1722349690699596E-7
2.055997830905011E-7
1.754023485792851E-7
1.6361109053999312E-7
1.439230623308986E-7
1.2866691342813084E-7
1.1263409166063688E-7
9.799312637440335E-8
8.432316783929462E-8
7.18866011937919E-8
6.080084625479556E-8
5.1025446382045554E-8
5.296700089762714E-8
4.4174736484926275E-8
4.4066505453805126E-8