
0.0
1.6146798173952348E-16
5.779410385596904E-10
1.5018325257141229E-5
6.0904318711273195E-6
3.7752073981369633E-6
2.075325542887002E-6
1.1678045835313345E-6
7.031490250456695E-7
4.228979257763318E-7
2.821233980443977E-7
2.0904466671018205E-7
1.8168240600054508E-7
1.6093077277822356E-7
1.3258121848212786E-7
9.410597022791247E-8
6.626775761980216E-8
5.0768546266522514E-8
4.370004254665706E-8
4.1604406019242633E-8
4.196191619888715E-8
4.363550048947761E-8
4.5868376661833195E-8
4.824891729099306E-8
5.0474444087030156E-8
5.240586345956202E-8
5.367088805907867E-8
5.037585590331828E-8
4.7595949885001614E-8
4.557883619275105E-8
4.664287267236411E-8
4.7360112243907436E-8
4.715285045788587E-8
4.705438726574912E-8
4.5047070058398775E-8
3.823769225449601E-8
3.6462170423740686E-8
3.447273821006316E-8
3.204103888952351E-8
2.955385713210319E-8
2.6876721455188584E-8
2.447805118959237E-8
2.2147503691343743E-8
2.0006087804620183E-8
1.7845569035055165E-8
1.5917923466443795E-8
1.4210045067407668E-8
1.2608872436573552E-8
1.117376107874347E-8
9.859753785913704E-9
8.682947227493117E-9
7.595836446773014E-9
6.635492636954314E-9
5.799092095942285E-9
5.050381994942012E-9
4.406928949280908E-9
3.7766773090148685E-9
3.3079825016642543E-9
2.8383983550154185E-9
2.7016689897244025E-9
2.7127235134579006E-9
2.867969546644429E-9
2.979724526952751E-9
3.1106999606347605E-9
3.1846583021473566E-9
3.2692445521883865E-9
3.3268461684439865E-9
3.3847146603312938E-9
3.414194954902335E-9
3.4494224060187806E-9
3.4952721053937957E-9
3.3888086964360013E-9
3.379523126899787E-9
3.233070748964221E-9
3.15989887796238E-9
3.0335658106771334E-9
2.9752393720638235E-9
2.927349340281299E-9
2.767427223342814E-9
2.686708617646843E-9
2.53845158105215E-9
2.4170694833125882E-9
2.246191653293116E-9
2.1239814587011865E-9
1.9984276729926785E-9
1.897912238521437E-9
1.7831954997327773E-9
1.6737050886021664E-9
1.5514073700730152E-9
1.430962493316831E-9
1.3054722285455485E-9
1.1840663816390158E-9
1.0644578940328237E-9
9.512832561817691E-10
8.442282700841252E-10
7.45899712052228E-10
6.553245866365463E-10
5.735704803202666E-10
4.998726323316894E-10
4.342987669051313E-10
3.761005302501959E-10
3.2490160635224105E-10
2.801600125191687E-10
2.402073119705367E-10
2.06494078779046E-10
1.7686821159251595E-10
2.062071361875034E-10
2.6467855312137867E-10
3.4134044779762394E-10
3.956141970835438E-10
4.375193710858268E-10
4.82556547437397E-10
5.290837284880375E-10
5.68990955785035E-10
5.893709904526847E-10
5.949625814776874E-10
5.925848775186382E-10
5.470012847078511E-10
5.28000701482074E-10
4.833858882858091E-10
4.4821621344185727E-10
4.0942465205153257E-10
3.80798723995727E-10
3.850338412314086E-10
3.93289003737257E-10
4.0049771691495834E-10
4.04665372388838E-10
3.9249430193475026E-10
4.035815936040357E-10
4.0158281908417915E-10
4.0729231652724215E-10
3.804327051928899E-10
3.796703234657895E-10
3.620000699445489E-10
3.5210941625959116E-10
3.3256593679138044E-10
3.17775380978103E-10
2.9996940565408287E-10
2.839404317777461E-10
2.6496822057752153E-10
2.459974882403113E-10
2.2590070154042995E-10
2.0414165083758072E-10
1.8442895305258052E-10
1.6503321603074958E-10
2.661605844044226E-10
4.2296751185430046E-10
6.059307693479383E-10
7.404398558601881E-10
8.456106630242889E-10
8.974364567350109E-10
9.178919441330366E-10
9.048273213477433E-10
8.693296353357314E-10
8.197244937828506E-10
7.598030201106983E-10
7.512273502116024E-10
7.650675176890028E-10
7.941579978944873E-10
7.964431270171906E-10
7.890017852851172E-10
7.572003964302628E-10
7.509578321545701E-10
7.487500515635303E-10
7.52676766663288E-10
7.537672007365306E-10
7.547156515547794E-10
7.458865351739687E-10
7.34226287532352E-10
6.92255828440921E-10
6.772223939931407E-10
6.499085090657266E-10
6.13318889086777E-10
5.7642433550489E-10
5.364557705851244E-10
5.676885565035541E-10
6.460759748006264E-10
7.429616092257115E-10
8.160832666052288E-10
8.681350291284763E-10
8.902354138394583E-10
8.905701489667843E-10
8.694284863382971E-10
8.336064922598829E-10
7.857853696051758E-10
7.308421813402034E-10
6.714075793148046E-10
6.10611808363694E-10
5.502680217401647E-10
4.92110940870229E-10
4.370920545227865E-10
3.859756307628174E-10
3.391710208104712E-10
2.9628248746816963E-10
2.583035814040808E-10
2.261785812014057E-10
4.756851304615924E-10
8.487840113004331E-10
1.3299456975308163E-9
1.7128420344473204E-9
2.0546294755016646E-9
2.2551272885586514E-9
2.3919017687992185E-9
2.3917633615293425E-9
2.3732161378974384E-9
2.251310916000663E-9
2.3070452727439207E-9
2.382733353737246E-9
2.55254060950867E-9
2.661850024982428E-9
2.7902645925854637E-9
2.8588622574495986E-9
2.9059837458012737E-9
2.883021691091937E-9
2.819593034568521E-9
2.7043631781919855E-9
2.560694157969464E-9
2.389824670359397E-9
2.207106229461151E-9
2.0163469067627506E-9
1.826702534383078E-9
1.6412672138778155E-9
1.4648935722174978E-9
1.2991991423004217E-9
1.1597566649889946E-9
9.628947970924513E-10
8.810854276365495E-10
7.418769323952906E-10
6.630026916247097E-10
5.62212428069727E-10
5.206002799795571E-10
4.863394013591093E-10
4.814353729154947E-10
4.670519463909399E-10
4.5861525311457354E-10
4.385409064493825E-10
4.184122428334486E-10
3.907998146825429E-10
3.6295293136136615E-10
3.3189295640814767E-10
3.016992379009007E-10
2.7120794530983914E-10
2.455531433253626E-10
2.0624782407147256E-10
1.906107137175289E-10
1.6214618321726465E-10
1.4567128472011471E-10
1.245472107220209E-10
1.285123646194658E-10
1.4002995140735405E-10
1.6211539489801126E-10
1.7652731425474273E-10
1.8918189530355225E-10
1.9228597379952715E-10
1.9192264174842856E-10
1.8515676825647402E-10
1.8306979653836286E-10
1.2641258730843232E-10
9.494040205939324E-11
6.376141428329081E-11
5.552292714997969E-11
4.146424935233504E-11
2.83746982319642E-11
2.0222223554669707E-11
1.4066075900330681E-11
9.934012244429347E-12
7.038651090533929E-12
5.049229337068742E-12
3.3706889309981385E-12
2.437270745255735E-12
2.0061253982340867E-12
1.7299507271515878E-12
1.4582229366020764E-12
1.2491373361834275E-12
1.1123831349686809E-12
9.821841411990557E-13
8.689350426930155E-13
7.714233463733582E-13
6.854885816705934E-13
6.083528022014725E-13
4.976119972971261E-13
4.379230119927444E-13
3.9935074601125253E-13
3.582090604725047E-13
3.22206548000163E-13
2.6521313805035676E-13
2.326088749242797E-13
2.1654569997931477E-13
1.801386865560901E-13
1.604427367159876E-13
1.4621238550507687E-13
1.2590055738655466E-13
1.1838400727582284E-13
1.0481618169464908E-13
9.601529550307846E-14
8.538584834521213E-14
7.693124587031113E-14
6.790081015271283E-14
6.109133718868963E-14
5.409908529254822E-14
4.8377662687432984E-14
4.27985214289088E-14
3.800975701854549E-14
3.328791165562894E-14
2.931428864749206E-14
2.581991865740483E-14
2.1649998236247295E-14
1.9910045166205633E-14
1.718527830198415E-14
1.5605619765699005E-14
1.3597059066817269E-14
1.2219250139537278E-14
1.0748763408756096E-14
9.613814960016575E-15
8.46773182360554E-15
7.508447461430244E-15
6.584781164913946E-15
5.84844648971569E-15
4.837493180251062E-15
4.374254978942829E-15
3.642663070520411E-15
3.1838657438498232E-15
2.7595712027513466E-15
2.3773369889456324E-15
2.1325109193503023E-15
1.905746739924651E-15
1.7228082948538868E-15
1.58028743472724E-15
1.4532333389110654E-15
1.3335441030152053E-15
1.2294453275043781E-15
1.1266458454109778E-15
1.0344562757455841E-15
9.441801397954046E-16
9.354675906002358E-16
9.717002735981168E-16
1.0404391310816815E-15
1.085686394121621E-15
1.1701943202236517E-15
1.24998383660986E-15
1.3460099986963933E-15
1.346198956840091E-15
1.3692572163977882E-15
1.3713006978959655E-15
1.3974652847668234E-15
1.4017225922270572E-15
1.3933987503810983E-15
1.3572441906170726E-15
1.3043914552021214E-15
1.239825421936422E-15
2.0952258293312304E-15
3.4162370853414602E-15
5.071536025238209E-15
6.419638172870984E-15
7.57887680925773E-15
8.276319527214424E-15
8.685270369196386E-15
8.74144751431827E-15
8.584454649327959E-15
8.220308014424322E-15
7.743003609467884E-15
7.170737171194617E-15
6.56656526844901E-15
5.945568378005239E-15
5.838506961901428E-15
5.968956476148895E-15
6.299199192688093E-15
6.431159432673513E-15
6.486389993010338E-15
6.3157813028379445E-15
6.079973266662512E-15
7.662494533154621E-15
1.020400550065805E-14
1.3248139750947552E-14
1.5923470799804448E-14
1.8148603278928486E-14
1.9646347857665024E-14
2.0617053394401207E-14
2.095423212048334E-14
2.085911807909821E-14
2.0324871760458387E-14
1.9509885169123226E-14
1.8446136405764504E-14
1.7245548246666656E-14
1.5942650746108196E-14
1.4605761110053262E-14
1.3267091359299922E-14
1.1967514454337856E-14
1.1309681243832279E-14
1.0980767508242326E-14
1.105357495934913E-14
1.0804423065251606E-14
1.078444866507937E-14
1.0346357575928789E-14
1.0417290714584779E-14
1.0443116493130446E-14
1.0741404432628918E-14
1.0824471166179568E-14
1.0909522370619736E-14
1.0869271273936928E-14
1.0218806235384966E-14
9.927496151667238E-15
9.101613567099329E-15
8.568495310312033E-15
7.815052151846751E-15
7.171134336135155E-15
6.4170204278738E-15
5.800599562075822E-15
5.132474791991136E-15
4.8270240772284896E-15
4.639334961994099E-15
5.797769160580019E-15
7.501799948376399E-15
9.762969342410553E-15
1.1624180596925292E-14
1.3525405675629706E-14
1.495156715832375E-14
1.618009465020294E-14
1.68980350949505E-14
1.7351620287033255E-14
1.742124584355334E-14
1.7259146880880412E-14
1.6975679844913722E-14
1.6586755721926924E-14
1.6121139377229705E-14
1.5492156767761854E-14
1.4901572320090762E-14
1.4237337950032412E-14
1.3591778618195582E-14
1.2863298304228086E-14
1.2141478244410433E-14
1.1360489717074857E-14
1.0578860017618056E-14
9.765515705481654E-15
8.960074388891014E-15
8.153931059693579E-15
7.373613410584622E-15
6.619901949525053E-15
5.9087689357913665E-15
5.242193322126099E-15
4.681381017169063E-15
3.8977364346691036E-15
3.5382297445944075E-15
2.996050055327941E-15
2.6654850149660462E-15
2.2706278773045853E-15
1.988759841519007E-15
1.6981733603017743E-15
1.487309754902627E-15
1.1960091365536204E-15
1.0751378160746965E-15
8.896118761329931E-16
7.835027636158129E-16
6.56016393363008E-16
5.696798266186334E-16
4.801916048856019E-16
4.1387716851026216E-16
3.512898654071783E-16
3.997965476977418E-16
5.080122862053057E-16
6.655625225165768E-16
7.897958287695718E-16
8.93461801161581E-16
9.44373302647661E-16
9.655165035962459E-16
9.493965732168052E-16
9.147398332769294E-16
9.37183012766458E-16
9.897797464005124E-16
1.064479747701946E-15
1.105756857653848E-15
1.128044385368796E-15
1.1105125084283295E-15
1.0740239345477967E-15
1.0130806961934296E-15
9.433527243648235E-16
8.644032076685165E-16
8.49030368380735E-16
8.250189111390898E-16
8.881895551678665E-16
9.149654222563893E-16
9.593590864525184E-16
9.60609215640009E-16
9.550338305255371E-16
9.190512780352624E-16
8.760078606980244E-16
8.175638470644884E-16
7.563964653535804E-16
6.902662964759448E-16
6.252363603659262E-16
5.863813621383093E-16
5.626302057450149E-16
5.611965033573557E-16
5.577635637988838E-16
5.586032973326998E-16
5.478048095255278E-16
5.338839740057143E-16
5.094860709025002E-16
4.816493633022541E-16
4.477867853304777E-16
4.1254004951548645E-16
3.753384989480619E-16
3.3888190758534834E-16
3.0315483769372405E-16
2.6955490775889194E-16
2.381718659062751E-16
2.1902377339706367E-16
2.0791979795353282E-16
2.031515859824868E-16
1.96900289088312E-16
1.9285929329834656E-16
1.745284531813083E-16
1.7221826878409788E-16
1.480349033504644E-16
1.4464788020849545E-16
1.1997554664236005E-16
1.164120807148705E-16
9.484584254016223E-17
9.168250272558153E-17
7.432988113092263E-17
7.036515272154375E-17
5.966219132994611E-17
1.6761052397697565E-16
3.3389214077479073E-16
5.207352844559742E-16
6.5955496467191495E-16
7.687200876091919E-16
8.303768396487157E-16
8.646874646531393E-16
8.774112241119225E-16
8.329742791366605E-16
8.131183626703358E-16
7.528845704208904E-16
7.210345830374759E-16
6.430619100614972E-16
6.27147662444777E-16
6.098692292709656E-16
5.945249309480202E-16
5.864059526202936E-16
5.70243262724549E-16
6.136137455446657E-16
6.832737501074806E-16
7.959127140416134E-16
8.998847539123317E-16
9.854296730642235E-16
1.0379506959505412E-15
1.0605834920251327E-15
1.0590338302377911E-15
1.039626912182046E-15
1.0082102803747636E-15
9.66596703581801E-16
9.18079391874715E-16
8.635695137708011E-16
8.055679633523225E-16
7.450953646163069E-16
6.840265881832388E-16
6.234055541299488E-16
5.645203405734557E-16
5.122232705302166E-16
4.65216498727795E-16
4.2735292381585273E-16
3.725135593507074E-16
3.448031606584268E-16
3.0498181364832677E-16
2.8523900092096046E-16
2.4468937402963034E-16
2.4742603980556944E-16
2.4863471868520715E-16
2.578030278833191E-16
2.65316801182244E-16
2.747144597758418E-16
2.843956330559711E-16
2.895923878387207E-16
2.8539018061225828E-16
2.886307795619759E-16
2.808157722170248E-16
2.745435979039879E-16
2.6267135655162135E-16
2.486852768170008E-16
2.3397474257705777E-16
2.181214802156905E-16
2.0369151069072514E-16
1.8973022110805576E-16
1.772064360704636E-16
1.6490457307264778E-16
1.5321080189299195E-16
1.4335878189103429E-16
1.2607457013698393E-16
1.1764668101876816E-16
1.0484027015347641E-16
9.607203757632983E-17
8.668122682803277E-17
7.636700694611324E-17
7.310527135012247E-17
6.817362311957887E-17
6.524016990602858E-17
6.04495119107927E-17
5.777690012870524E-17
5.4597818771924485E-17
5.296371519608855E-17
5.098628515030857E-17
4.966793555375931E-17
4.775482106547851E-17
4.581994888778679E-17
4.326434399327926E-17
4.0555412875696904E-17
3.748440707196927E-17
3.436785717521829E-17
3.115967979684864E-17
2.8046940778525863E-17
2.5030498703848105E-17
2.2203760498657982E-17
1.957180960160656E-17
1.7175433017908202E-17
1.5545241834587588E-17
1.4455558734498255E-17
1.3845521120380493E-17
1.3259371262245846E-17
1.2731590329594226E-17
1.2052374155732226E-17
1.1326523616033406E-17
1.0490875328004126E-17
9.634395774524279E-18
8.746403813683925E-18
7.881942347573524E-18
7.042472639542534E-18
6.258819420251602E-18
5.791787881697718E-18
5.566747844585921E-18
5.520783015251479E-18
5.4412033785120115E-18
5.3324442642573094E-18
5.259818176902534E-18
5.221187204125788E-18
5.1797504815148476E-18
5.065178782050389E-18
4.889617803931939E-18
4.638604387309684E-18
4.449209692163873E-18
4.2820277669848355E-18
4.145739308163058E-18
3.963833493326182E-18
3.762880417073577E-18
3.5174588541899786E-18
3.3337190100607343E-18
3.1716227513245855E-18
3.0872024453859392E-18
2.809996376019954E-18
2.7357586187898995E-18
2.5219781541701398E-18
2.2464664282113524E-18
2.118983576101768E-18
2.9974156192953202E-18
4.725234809320673E-18
6.455347975514391E-18
8.25354723833308E-18
9.818910242042989E-18
1.117827717870426E-17
1.2103925894597811E-17
1.2663064491603051E-17
1.2885580637780755E-17
1.2608216663481002E-17
1.227312325925293E-17
1.1693123344153775E-17
3.5990731686845375E-17
7.356229676426637E-17
1.171764257834172E-16
1.5262607770425575E-16
1.8429002107901127E-16
2.0825902878285905E-16
2.2512900499277986E-16
2.322925400761609E-16
2.3192201893311326E-16
2.252199396159375E-16
2.1420350203832692E-16
2.001331213544018E-16
1.8433538659930694E-16
1.6771279350307767E-16
1.514316220558134E-16
1.3394786028982074E-16
1.1940170690966284E-16
1.0875620254688969E-16
4.835960664691869E-16
1.0336579601955015E-15
1.700980576503042E-15
2.215222271223392E-15
2.644524340859427E-15
2.9293365879010946E-15
3.008943251803294E-15
3.174865362167673E-15
3.261502191422624E-15
3.371424164966464E-15
3.375209480114545E-15
3.3478919294564083E-15
3.2357123605467148E-15
3.094432981814001E-15
2.9058505492610673E-15
2.7037908633256786E-15
2.4835345064383505E-15
2.2635943130385023E-15
2.0433573012414965E-15
1.832394923988076E-15
1.6310545431726111E-15
1.4610218252773103E-15
1.2170312211156767E-15
1.10985264047923E-15
9.416061994183612E-16
8.498872869385566E-16
6.841703421100666E-16
6.250841228158705E-16
5.190614846726372E-16
4.617269844659643E-16
3.880524467735428E-16
3.3899498727118804E-16
2.8638968224458933E-16
2.4969369967268287E-16
1.9848708816418603E-16
1.7857187896574177E-16
1.4656324087283322E-16
1.3017490589380476E-16
1.0164199514470478E-16
9.226060057042886E-17
7.586202281403106E-17
6.289001926912041E-17
5.4465171428452017E-17
4.639467997772837E-17
3.785637792557151E-17
3.2587522208761816E-17
2.6532932060622252E-17
2.3061912870684654E-17
1.8857084616824066E-17
1.6219338136291195E-17
1.3443926381857963E-17
1.1807405595178344E-17
9.875086090293879E-18
8.6311113921137E-18
7.360695005822825E-18
6.161360472694344E-18
5.297264322079066E-18
5.056987714409313E-18
6.37371959787743E-17
1.674394350605924E-16
2.9002174019798107E-16
4.1830083750396482E-16
4.507647094381769E-15
1.1228899471010756E-14
1.8772326358128086E-14
2.528867907335348E-14
3.044451971746269E-14
3.38791952659461E-14
3.600694710961257E-14
3.699944918685147E-14
3.7304220506684527E-14
3.7018079919751434E-14
3.628956132976692E-14
3.5130305302431594E-14
3.364146742054025E-14
3.186740964264182E-14
2.989566216840699E-14
2.7784919508352668E-14
2.560601593268315E-14
2.3410498229551316E-14
2.1249851203690325E-14
1.915978785275344E-14
1.7171307256318518E-14
1.530425370490845E-14
1.3571863428468784E-14
1.1981171051375513E-14
1.0533619393193838E-14
9.252299505235196E-15
7.967232220800548E-15
6.994919410376288E-15
6.016462413517495E-15
7.138738042590534E-15
9.243900388756276E-15
1.2319225405383877E-14
1.496950902156919E-14
1.734280790880501E-14
1.8710277351866176E-14
1.944917906253767E-14
1.9471129998808728E-14
1.888179413493365E-14
1.8055487005762988E-14
1.6876467192373957E-14
1.7016957591248306E-14
1.770761883000633E-14
1.8952035171163903E-14
1.9717528369201214E-14
2.0325296243409373E-14
2.0314281941631102E-14
2.0021680311936194E-14
1.9283768847493435E-14
1.83454351946906E-14
1.716605006913079E-14
1.6117686712860214E-14
1.406860472393326E-14
1.3163836882550485E-14
1.159423785080622E-14
1.0548695251161997E-14
9.378478767638342E-15
8.335690748437325E-15
8.20373372651962E-15
7.916712412895772E-15
7.793192351614385E-15
7.44560726036768E-15
7.306236410326655E-15
7.130344919236995E-15
7.535574968748878E-15
8.074304909354034E-15
8.781019997498171E-15
9.153683641428905E-15
9.525350384682154E-15
9.137715046326417E-15
9.509222808833918E-15
9.44500942710407E-15
9.737169466958632E-15
9.525753020891717E-15
1.0452645602400801E-14
1.1690846551426596E-14
1.3552683259497852E-14
1.5216067134218554E-14
1.6718054387287034E-14
1.7654584492313678E-14
1.859976814161089E-14
1.8285950255164422E-14
1.8686128825076598E-14
1.81038177017511E-14
1.7706178542676628E-14
1.6772558197944924E-14
1.6325368471048144E-14
1.5837053362515847E-14
1.548901122547745E-14
1.496255490290436E-14
1.418589431138887E-14
1.3697013487919094E-14
1.3267341268074798E-14
1.318807423027357E-14
1.3935398346161585E-14
1.4668624688394768E-14
1.539952058403275E-14
1.6041316357040273E-14
1.5715019249767463E-14
1.5979236360832678E-14
1.5460633031557157E-14
1.5060960541032753E-14
1.424761535963694E-14
1.3534718821190774E-14
1.2675201005097261E-14
1.1857826324713985E-14
1.094575388277794E-14
1.005108009915085E-14
9.126347156355456E-15
8.237723827326324E-15
7.370264916841159E-15
6.558407368094872E-15
5.796546655801303E-15
5.10842251575298E-15
4.433169572089105E-15
3.887004183209793E-15
3.356646363755736E-15
3.748270365569332E-15
4.5640587803468926E-15
5.5670451465496586E-15
6.523779789516925E-15
7.179780869205626E-15
7.58986609522411E-15
7.718024174657853E-15
8.120128962352451E-15
8.615607578746622E-15
8.977273809097412E-15
9.325715753725103E-15
9.422998433734312E-15
9.396241449192676E-15
9.224901190182065E-15
8.953881630958072E-15
8.605765441597867E-15
8.199983072909851E-15
7.757235471912258E-15
7.282328858600501E-15
6.887958852171687E-15
6.105679668754756E-15
5.745046164177908E-15
5.143184938845778E-15
4.751652022543478E-15
4.2299397896664786E-15
3.930173428198468E-15
3.625240657455371E-15
3.6374842542885004E-15
3.747394057244305E-15
3.784372673963641E-15
3.913907990726313E-15
3.8877856038104806E-15
3.8397360541915835E-15
3.687819123445258E-15
3.5615411155035E-15
3.4036288284430677E-15
3.260484095294688E-15
3.0727857951162942E-15
3.03768688580022E-15
3.0459320225791506E-15
3.1097762267071566E-15
3.0930817730265696E-15
3.13472021323029E-15
3.186208779508899E-15
3.0786037789618698E-15
3.07767623265816E-15
2.9265276512626084E-15
2.8004277598105385E-15
2.5964779219741228E-15
2.450372250140503E-15
2.298240353251125E-15
2.1722168743996668E-15
2.022684146206389E-15
1.8761008546656947E-15
1.7149240598620633E-15
1.5581811334481461E-15
1.3999393816770847E-15
1.2548941610877004E-15
1.0973029639843226E-15
9.740283789649655E-16
8.456767043807558E-16
1.2360023639773055E-15
1.838834108865766E-15
2.6069538320159313E-15
3.217818061140311E-15
3.798624763028418E-15
4.289036620279815E-15
4.524574085033198E-15
4.6561767006270084E-15
4.59381966705844E-15
4.698176343281129E-15
4.789880846232131E-15
4.971843310782485E-15
4.76933230268918E-15
4.761229685929664E-15
4.527443576268248E-15
4.344576518733884E-15
4.03154302147389E-15
3.7653107030547356E-15
3.4428682577411782E-15
3.2887184616252623E-15
3.192129573903993E-15
3.1489552692487018E-15
3.045541015555624E-15
2.9201540815011005E-15
2.7430513415209736E-15
2.550552863946568E-15
2.3360566420814262E-15
2.1211813009903893E-15
1.90540563924786E-15
1.6998382265972011E-15
1.5111515807951367E-15
1.305794270574182E-15
1.1579736645030357E-15
9.997686965520551E-16
1.2849565724427138E-15
1.7462175112377944E-15
2.3230297667688354E-15
2.7478754042109246E-15
3.0809912251737543E-15
3.2180844244001865E-15
3.2468200230155105E-15
3.157668494920495E-15
3.0105582961065E-15
2.809973852934634E-15
2.588403682944311E-15
2.3518300283969023E-15
2.117101699171879E-15
1.8881489284940802E-15
1.6727206118776627E-15
1.472277735585989E-15
1.2895431724894207E-15
1.124273028695996E-15
9.766656791590022E-16
8.456046058089879E-16
7.301891681450298E-16
6.290020459845843E-16
5.407897436603526E-16
4.685524977968251E-16
3.814846151034128E-16
3.364701739895376E-16
2.76235753229786E-16
5.355880612458808E-16
9.173766764475915E-16
1.307159111307497E-15
1.5430223671831486E-15
1.9132580660409885E-15
2.2406854091310943E-15
2.6321448749673677E-15
2.873925929820556E-15
3.074372624401152E-15
3.1552434522404034E-15
3.2141424865170167E-15
3.141430742232693E-15
3.1128672610054424E-15
3.0804602201393096E-15
3.0941692695925337E-15
3.034732686872554E-15
3.027128411043142E-15
2.961708647659848E-15