
0.0
7.094921971916445E-5
4.341052148109651E-5
1.3640252469543381E-5
5.2028622528147945E-6
3.2360750928345956E-6
2.4851343466916325E-6
2.0328279065369745E-6
1.8643407389558454E-6
1.7789224203118822E-6
1.7383279445811718E-6
1.1459043543690206E-5
6.871532591300722E-5
1.1415525970993232E-4
8.016371854261465E-4
0.0033722718950443963
0.012836610120638732
0.018178033018561145
0.07098465588837953
0.07178967438815291
0.08711744136333985
0.06778279159301007
0.08996230295721268
0.06933474254531918
0.061933735517266955
0.05072841444641993
0.04133900256655158
0.03318287270525633
0.026099536212428005
0.020380860354699805
0.015814488022246956
0.012022822660632655
0.009217593366582727
0.007122050118895959
0.005504651948379306
0.013159820739421993
0.011795615947919655
0.010825759980376076
0.009276450561368927
0.0076609931846940635
0.01334180788566097
0.011258332428227175
0.009998285341372213
0.008286063316889634
0.006641695984077564
0.005139479523269142
0.010162583381097013
0.008145621388198548
0.007085094662798134
0.005716311484481357
0.00448552071575971
0.003388938126379709
0.002579850152536535
0.001916341816101149
0.0016775838577804576
0.003024773999986008
0.002470898493891071
0.0021991870845323117
0.0018483160235996945
0.001439327870653133
0.0010947687866818328
8.245955924206101E-4
6.028330208878231E-4
4.5500796102061704E-4
3.3968507861819653E-4
0.0013898590821712126
0.0011051516028527868
0.001452028775150542
0.0012213669950339463
0.0016103397600262122
0.001286200174223412
0.0015282291504623618
0.001249360826581591
0.0010796101334412161
8.863993178712531E-4
7.84930795537249E-4
6.418820899946123E-4
5.929742669677374E-4
4.6216459919377087E-4
3.986779981981303E-4
3.0742569721545535E-4
5.354642275933866E-4
4.1943435997240534E-4
5.312607249467037E-4
4.475839508624293E-4
5.109079456732498E-4
4.364207320761459E-4
3.673166613017838E-4
3.0052758248527895E-4
2.4454744699206106E-4
1.9527557423420355E-4
1.6308933694874443E-4
2.7837268107395666E-4
2.3499787747024273E-4
2.1170183732734866E-4
1.725890756075747E-4
1.4415758066507108E-4
1.1820223843318974E-4
9.563548396581179E-5
7.681240316379362E-5
5.696624926560645E-5
5.0280123915905375E-5
4.11074632128136E-5
3.197181332152465E-5
2.634417116114582E-5
2.528451134654033E-5
2.0668476925559618E-5
8.637076686596074E-5
8.28244473569765E-4
0.0015487233957481154
0.001321503438956799
0.001624564834443292
0.0017289199117177917
0.001380208315574617
0.001737977148327117
0.0016034291405863524
0.0013717977944621444
0.001513161663410546
0.0016621587280336283
0.0019340360641944543
0.0022173560545288916
0.0025389969251822632
0.0023125638544711224
0.002495470213774268
0.0025821154846353378
0.0018930435816572326
0.0015582304373537588
0.0015449689149346297
0.0016387723825181317
0.0017731752592488187
0.0018608850834067319
0.0011188612798701033
8.013957022315628E-4
5.26122582471315E-4
3.549317412925962E-4
2.6297577492419364E-4
1.9494709654877053E-4
1.221236802476883E-4
1.0035530951656693E-4
6.875311864015416E-5
5.863925282563847E-5
4.451549339903881E-5
4.330449713923686E-5
3.108350040612247E-5
3.761415986873791E-5
7.982058467598327E-5
1.264922099224217E-4
2.0253036243374502E-4
2.768343679500705E-4
4.203339950232203E-4
6.181874540548551E-4
7.551015611472998E-4
0.001717522261220666
0.002325313491912736
0.0026724192360199953
0.002738063518170785
0.0027610478109896153
0.002430120575809916
0.0022774400099881205
0.0021693507810378277
0.0020948615715956427
0.0019374555646284183
0.001916851827961644
0.0017953082142071113
0.01858778073291016
0.016805844883293487
0.01405160098418488
0.012035415894678676
0.010140981908398041
0.008606100448283993
0.007270516494385296
0.005741225750185459
0.005871880345555557
0.0057591635407485894
0.005786283803572098
0.005706162153949067
0.005584227688344257
0.005284641747169638
0.004831987967690207
0.004478907053383914
0.004011344788911221
0.0036806498199037823
0.0033522667166135914
0.002998503106914122
0.00273171752583677
0.002920694548193512
0.0034266474682839933
0.0036450718737074572
0.0036973226424097875
0.0033837193789370574
0.003166352800572383
0.002860277477656772
0.0025434612011994316
0.0022608483927138837
0.0020988001345640266
0.00202872460527972
0.0019440169452505643
0.0017689479965357397
0.001671507067545497
0.0016423653361604552
0.0024949945303753664
0.002707044752356944
0.0030951999042465117
0.002776231746404291
0.0030300644832754933
0.0031479145085148517
0.0032160123066165697
0.003173775784344013
0.0031798664413502003
0.00295810348907628
0.002971318789065099
0.0028655633750799036
0.0027958764218346814
0.0026948295893277794
0.002566287293857047
0.0025262664497490857
0.0024148508237453086
0.0023567017493814867
0.0022868707315959525
0.0021689864723611254
0.002146736626340958
0.00202174688935698
0.0020156649013760713
0.0020118368219984853
0.0019203681386860917
0.001891990060431786
0.0018044115755150893
0.001758848662486813
0.0017409058778861176
0.001682903592649382
0.00164876947337062
0.0015931951803312245
0.001569918669227621
0.0015591268259398186
0.0015305487535903649
0.0015235859709386123
0.0014687635556271698
0.0014440283382629255
0.0014327156903954157
0.001424204098210071
0.0013812817806749457
0.0013708760905822314
0.0013549750989008855
0.001329534790157135
0.0013135563994168624
0.0013122915116651542
0.0012889076727438755
0.0012793798388736882
0.0012688267702874114
0.0012670218158542142
0.001254931222776422
0.0012158988113583175
0.0012310770857269007
0.0011957585767330022
0.0011709278735248315
0.001173229978479949
0.0011639576192086997
0.001151406738339086
0.0011413848229838734
0.0011241081351478538
0.0011107054596934051
0.0010882936903415766
0.0010980334216707196
0.0013972595619560926
0.0032601938164696187
0.0037723899861387767
0.004877198151764947
0.005376171749888781
0.004891842250192187
0.0047373964283950985
0.00445217169588871
0.004275723472707137
0.0044125262114316595
0.004275111480973048
0.004109164615335826
0.006372765273787215
0.005455935053392845
0.005240479170018148
0.004772363245869996
0.004558188247276179
0.004187235348709196
0.003915662633611574
0.003702199561539178
0.0034795870414343895
0.003297323032163243
0.003130536341850542
0.0029602937251821727
0.0028195806894861937
0.002717982522599073
0.002573725905780457
0.0024757304613865503
0.002333186235774118
0.002222446610180648
0.0021373765432629054
0.0020473457044276155
0.0019870278988291805
0.00192760605438034
0.001866831615091306
0.0018273406190612638
0.001762145944464553
0.0016498425970691696
0.0016503455297770004
0.0016011393681369032
0.0015180052031544052
0.0015129321909164305
0.0014951875139063207
0.001456794109273551
0.0013963087874393715
0.0013833871171898288
0.0013380327428084713
0.0013148414235304058
0.0012960646463055369
0.0012675680287577652
0.001250387019670576
0.001234122558805411
0.0012175158426507079
0.0011849540158465597
0.0011501336296666478
0.001148148103626428
0.0011089067199335791
0.0011082562016842773
0.0010736388928045567
0.0010618038830721805
0.0010558269915753446
0.001057999811498376
0.0010251688131331957
0.001025557091355456
9.941743001212022E-4
9.973058583598459E-4
9.847485961338022E-4
9.759121322325459E-4
9.571987511207714E-4
9.601201261938329E-4
9.371466952893072E-4
9.362592883184672E-4
9.259799840446442E-4
9.127386191000499E-4
9.154130660972137E-4
8.885306807191678E-4
8.970894081100582E-4
8.770888366598855E-4
8.745311807745198E-4
8.593130636641717E-4
8.50461966621674E-4
8.323065546583279E-4
8.30711136444685E-4
8.233858275494358E-4
8.26111421544924E-4
8.100346527952209E-4
8.036011813812844E-4
8.121638986015827E-4
7.954214664542772E-4
7.844242752234868E-4
7.841663260339378E-4
7.864288494057734E-4
7.763898427056109E-4
7.680146232682267E-4
7.55691373171132E-4
7.616601504747152E-4
7.525228195519254E-4
7.480803543767429E-4
7.356859992183262E-4
7.331984962964887E-4
7.30090918309612E-4
7.30911821291834E-4
7.211197023451912E-4
7.25749124631074E-4
7.085887316335914E-4
7.040149994964129E-4
7.002343212739392E-4
6.958062643414569E-4
6.976882693626757E-4
6.889997393804474E-4
6.912322728620426E-4
6.789406047165006E-4
6.851185662228498E-4
6.762984613486429E-4
6.72194177816044E-4
6.628966108889634E-4
6.563165301555534E-4
6.596906705738177E-4
6.510961217779597E-4
6.456601439894531E-4
6.507814335784968E-4
6.433227590053225E-4
6.346432971872366E-4
6.369512935171471E-4
6.282188025069595E-4
6.245537330342879E-4
6.222231564030273E-4
6.23918070817984E-4
6.251203851160564E-4
6.192115586316809E-4
6.133943839826795E-4
6.074905319710338E-4
6.063644870507997E-4
6.00348843611918E-4
5.975181823818898E-4
5.956583101043054E-4
5.865555184030328E-4
5.893227940047226E-4
5.871526738750043E-4
5.856424972337098E-4
5.78810670197438E-4
5.812395391677212E-4
5.823308581258855E-4
5.834936805570363E-4
5.811610614522246E-4
5.724745928035984E-4
5.784328568421553E-4
5.767425355657561E-4
5.69059090476234E-4
5.725326407629656E-4
5.702565177388844E-4
5.651452928193736E-4
5.640110282343152E-4
5.624252065336813E-4
5.553062912596093E-4
5.557569593969567E-4
5.477943788738636E-4
5.486155430598453E-4
5.483331664091193E-4
5.477168311816171E-4
5.463572298146732E-4
5.442064150206895E-4
5.380314441133217E-4
5.372218033137677E-4
5.363018334232002E-4
5.317580183079749E-4
5.255656312098544E-4
5.221351508587198E-4
5.266626095377636E-4
5.249889568914134E-4
5.19878224598487E-4
5.178704406761052E-4
5.173902533609107E-4
5.128130155915655E-4
5.1199909845853E-4
5.079059961826947E-4
5.115602166605877E-4
5.086472384853756E-4
5.087923122758264E-4
5.049193831625882E-4
5.021120739959843E-4
4.999540066813263E-4
4.990492617109414E-4
4.942412571447053E-4
4.892292419487624E-4
4.864912846896342E-4
4.868484063012252E-4
4.886222148374767E-4
4.885906347267562E-4
4.820155732443679E-4
4.8162593322053255E-4
4.821498418456324E-4
4.790584699326431E-4
4.7799240515854625E-4
4.800774315801249E-4
4.7632994211619067E-4
4.7410393889213843E-4
4.678289582704643E-4
4.6656175185106973E-4
4.707028860551068E-4
4.686831691475362E-4
4.620773854544443E-4
4.6092980571256714E-4
4.629562020980076E-4
4.6036191309461886E-4
4.6110097478320667E-4
4.6631173405893914E-4
5.823696098272936E-4
7.586426094833991E-4
9.615359515037285E-4
0.001159118621631232
0.0013726366045947614
0.0015202987279783623
0.0016718350015405591
0.0016749428788303642
0.001741692758512743
0.001756434002776947
0.0016681471519880316
0.0016610463754156335
0.001660054993535837
0.0016915109160227583
0.0017732907394239254
0.001849875144163592
0.0019004034885222406
0.0020009544266191416
0.0020294423241671517
0.0020692095255111197
0.002098783461508071
0.002048582635400097
0.0020399853035999575
0.0019819400043124247
0.0019619617893915486
0.0019199423468640514
0.001895125363878547
0.0019398886852713747
0.0020292762135459253
0.002072411505477847
0.002026005853722305
0.002030957750132739
0.0021236900846116863
0.002197099280667754
0.0022841140273959695
0.0024417969609599865
0.0024513816078496563
0.0025147276806080834
0.0024231310846303824
0.0024924225345236235
0.0023948490346472496
0.002312051370488796
0.0022299816954911796
0.002234156088473629
0.0021227210853622244
0.0020775205973749857
0.0021308516320647447
0.002061614892840163
0.0040816483089380195
0.003965874782460527
0.004451805929824368
0.004934477294937204
0.003631461799210001
0.003139427114596737
0.002651429724519774
0.00233875182831749
0.0020744594925042347
0.0018900537699701645
0.0017398140430794247
0.0016077556492203402
0.001520699723625663
0.0014289387968309734
0.0013673837136191705
0.0012933934273745042
0.0011909923976621618
0.0011576129980761345
0.0011706990810624485
0.0011556172324542978
0.001178942493865084
0.0011326985036371965
0.0011243812237113663
0.0011061055473466583
0.0011241012977126646
0.0010869989159499609
0.00104840287960037
0.0010056139003462744
9.628432026616739E-4
9.282688396820486E-4
9.416640368217452E-4
9.476538839768231E-4
9.038121190008413E-4
8.997808059589331E-4
9.007286299479991E-4
9.088852591336301E-4
9.26004039054775E-4
9.341501500654311E-4
9.21292337324954E-4
9.095997185422504E-4
9.203547817307992E-4
9.743317840515277E-4
9.635746187966649E-4
9.599769471341277E-4
0.0022630674150130275
0.002145521710995075
0.002640205757369551
0.010870792640907173
0.03660878343390857
0.04988020753893752
0.05548233058391402
0.04872009914971455
0.04593380606424114
0.04959408053587089
0.041763054230569495
0.045857874691839114
0.03992941014802791
0.03915447404386935
0.03369368605465677
0.033112370407177155
0.08884840161992248
0.0880648722517691
0.09082368167200985
0.08818522612364
0.08267673821699799
0.0820774131827597
0.06855794305444739
0.06560578649234314
0.057824376751736094
0.0547273924204276
0.05003622159947377
0.0454478927675606
0.04097588521325219
0.036801783430329374
0.03284170820018149
0.0293322114678245
0.026417892153923272
0.02362801056239121
0.021356133252061458
0.01926084826898923
0.017392404954601166
0.015658806839177416
0.014141782029531475
0.012753517502204872
0.011596338320083154
0.010698170712731034
0.009902929737300711
0.009182136080603013
0.00849317549674225
0.007934542676962605
0.007402458506546337
0.00721157995977818
0.007016088409577674
0.006808822456547134
0.006631953101410909
0.0062813764717809025
0.006142051975234989
0.005921430099477016
0.005704285080533107
0.005498328582026412
0.005258891297717732
0.005160083159979866
0.004926058544382203
0.0046541224236780155
0.004544767341893755
0.004452553783345154
0.0042677102267101455
0.004057837402157454
0.0039607981347342495
0.003936464638571424
0.003818819614416113
0.003673224801545684
0.0035853701394810483
0.003368146181565591
0.002962341928162646
0.0033810472886340653
0.005605002628483104
0.016765074584979715
0.014462202497285885
0.02379212320602763
0.02567331592095163
0.023703619475347045
0.021566856156714245
0.01885023983435675
0.017004049748690592
0.01722543394114477
0.022436631557847822
0.021647037115590486
0.019217403207356425
0.016611345629554058
0.014025473611456712
0.011894249326354786
0.01033206108691873
0.009074906217228522
0.008048695783933508
0.007210262298582076
0.006385742204100269
0.005779224020657202
0.0052014434466256
0.0045721477387888525
0.004046834915054939
0.0036371832395124823
0.003269828349835212
0.002967826113463846
0.0026426340420875835
0.0023438518167248497
0.002146459344294881
0.0019309876303873904
0.0017515028981758651
0.0016388289357345497
0.0014782194057042558
0.001341490336008749
0.001268935534305936
0.0012162254691461824
0.0011390385348140429
0.0010520843925327457
0.0010036908811336838
9.642501443475862E-4
8.992564496278872E-4
8.373354890096546E-4
7.89630633946527E-4
7.550357648803571E-4
7.181339321405125E-4
6.783328427907959E-4
6.552472813114999E-4
6.325964975791476E-4
6.01634517211782E-4
5.760674372010165E-4
5.506807906237739E-4
5.253860383685693E-4
5.098451594263865E-4
4.901941377650489E-4
4.6617233390445714E-4
4.50287107981942E-4
4.344326039254297E-4
4.172966520550098E-4
4.0410341315318506E-4
3.8824910903593644E-4
3.771667761119247E-4
3.642397068707784E-4
3.513433164292403E-4
3.4252017714861703E-4
3.3513824381455477E-4
3.249873069324577E-4
3.140505985083131E-4
3.058469613423948E-4
2.979614627833714E-4
2.870228115016909E-4
2.779824431236828E-4
2.7009265169691436E-4
2.641415841129151E-4
2.5646752259136967E-4
2.5471432752428586E-4
2.6127622000285373E-4
2.612067252564587E-4
2.647969540757505E-4
3.992380503138008E-4
5.125299618270241E-4
6.271530064669779E-4
7.7775222293549E-4
0.00507972170623107
0.006327486592354674
0.006828749191041468
0.006507785992267207
0.0058870726262267555
0.005641963239774192
0.005235924340229041
0.004884091021618424
0.005740366149307761
0.008104208549272802
0.007525760333940079
0.007077262721887279
0.006396398284505625
0.00586444392580593
0.005304041189571906
0.004800800831953281
0.004358840392825639
0.00557922545606255
0.007641964717474388
0.007052713803749158
0.006478811521902603
0.005692631322059508
0.005085908059152064
0.00464101429581673
0.004314418695229293
0.004030781884320191
0.003772906507005824
0.003600631516653927
0.0033735588331040085
0.0031661571402015784
0.0029144409834689377
0.002696196566483735
0.002575683022286299
0.002501714471796641
0.002366634037115885
0.002267531779154307
0.0020674801444349657
0.0019237945309332103
0.003049008235152488
0.008696706228990232
0.012179954456688435
0.01166410127827172
0.012631101340884635
0.01207580841522247
0.011443288263300579
0.010532434228110102
0.009681039695245823
0.008931200433122443
0.008224758264536622
0.007645127665474889
0.0070030739148969874
0.006484411572135792
0.007878288691447006
0.008772613563850885
0.012194707790862666
0.014939515337864698
0.01634521485689958
0.014013568307613794
0.01458638619429221
0.012104959611127949
0.011485301120830174
0.010355746846751753
0.009584589883002077
0.008809340300568734
0.00809291431908972
0.007443823860747278
0.007032955935985928
0.006477834285380584
0.005996855002569075
0.005643792771771754
0.005376662891988814
0.005010922269369261
0.0047371342004289465
0.004454014702181877
0.004279230498452153
0.004206058831183526
0.0039029300980557243
0.0038433875174493422
0.0035803812309590506
0.003439226799910293
0.004916313382987363
0.007965550544163615
0.007794906120021973
0.007546943786918079
0.007165226606679331
0.006876872762178281
0.006595052551855062
0.006047431005313091
0.005697093525360041
0.005295719504357291
0.0051446479949145375
0.004971572515547501
0.004892071429172506
0.004682698610018221
0.004523743566699719
0.004303889367604381
0.004226167147194281
0.004085765548928685
0.003967251144222243
0.0037910905407840495
0.0036668479445687865
0.0036083997198740527
0.0034221513950642548
0.0033104960825165236
0.003203880572584513
0.003127957396261924
0.002995183891408653
0.002864091160446195
0.002817435727515984
0.002688007983055436
0.0026134543591478376
0.0024802687568315123
0.0024960402334949423
0.002578127092678037
0.002560438778224757
0.0025837597880774585
0.0025654835077910947
0.0024221131623531544
0.0024951001077857414
0.0024108564436197953
0.0023159933870743623
0.0022400163378261005
0.002151453889217782
0.0020849721273318413
0.002033303526562107
0.001971076236884074
0.001965965414153159
0.001920856812387106
0.0018948962089658137
0.0018669757915813334
0.001844239956193774
0.001787008538169642
0.0017652264856821613
0.0017325684284952864
0.0016267008171418624
0.001575948758688247
0.0015425073070725603
0.001443134026444102
0.0013702342180969254
0.0012990149739425427
0.0012425320177180067
0.0012059581347093173
0.0011407944849643821
0.0010930230858212688
0.00105359002463661
0.0010176256948096357
0.0013370159553155565
0.001650052355870419
0.0017936765701509804
0.0019538340089147077
0.001959142489910343
0.0019718079778168157
0.001923871927035377
0.0018156940202124078
0.0017497225069132733
0.001642699106229709
0.0015462905345294544
0.0014558170930025344
0.001384588614084151
0.0013084379360448677
0.0020663571461787306
0.006234858505080904
0.0058359426741594195
0.007806767117771313
0.007715116927617163
0.0075469240602711865
0.007943867246882843
0.007116370297104434
0.006744091872264677
0.006276885619546707
0.00596711017241861
0.0056093622860608865
0.00534613590296896
0.005077227492896398
0.0059298274697663494
0.006206848271284804
0.006270317124862365
0.006822161499889617
0.006302817421501222
0.0064354712654483915
0.006971823770945209
0.006272992341315176
0.006744901416902895
0.0067916747787031655
0.006743425495398506
0.006684364439708017
0.006641765275322613
0.006548499806973683
0.006477017678476433
0.006385379857747519
0.006248593304996767
0.006206146583187904
0.006069817183289911
0.006034259813382369
0.005908381065118922
0.005846631730683479
0.005732218193211304
0.00562054999940925
0.005438145824177818
0.005283557865050218
0.005150472729983612
0.004992388021938696
0.004840774424026575
0.00467171018696929
0.00455392452419025
0.004443982428907464
0.004248393126287417
0.004110033688661561
0.004028910797922324
0.003876340835620311
0.0037804914511454985
0.003648613143494256
0.0035468308186183137
0.0034100959634776455
0.0033317248259443475
0.0032224665095610893
0.0031231785667646898
0.003064984195951146
0.0029580045670423135
0.002858025116574518
0.0027820653969578583
0.0027790751303073628
0.002679153181754846
0.0025846222133307406
0.002533143822180756
0.0024786982906843526
0.0024114016513762143
0.002348641765598521
0.002292353918414544
0.0022464523062194408
0.0021733133663753303
0.0021363258154114277
0.0020772758775444693
0.0020547029821451133
0.001998771793859455
0.001940217570711797
0.0019018575849739457
0.001892143146455874
0.0018453984027009779
0.001803072967112163
0.001777793053169002
0.00173045505408066
0.0017067410499030599
0.001682431117540948
0.0016546421760034102
0.001625151099315122
0.0015683376608176063
0.001570287457492601
0.0015273294531478335
0.0015064948432530686
0.0014631081384320645
0.001456903311227388
0.0014294754700876148
0.001436284528579768
0.0014652638760696618
0.001524596375623324
0.0015715133780330201
0.0016385068416345059
0.001730802563556461
0.0017526944760980084
0.0017794054688628355
0.0018146213461057111
0.0017825031190442744
0.0017817018161268067
0.0017560790089875343
0.0017334019624789074
0.0017086119860622393
0.0016462505216176555
0.001643514473074151
0.0015848770598315587
0.0015934604052436432
0.0016144121375207211
0.0016266217873267448
0.0016051597669937828
0.0015944757903002624
0.0016184295384685022
0.0016059602431627157
0.0016209159686362896
0.001607062377275458
0.001588528720443268
0.0015736403155808718
0.0015447089879826402