
0.0,0.0,0.0,0.0,0.0,0.0,
0.0,0.0,0.0,0.0,0.0,0.0,
0.0,0.0,0.0,0.0,0.0,0.0,
0.0,0.0,0.0,0.0,0.0,0.0,
0.0,0.0,0.0,0.0,0.0,0.0,
0.0,0.0,0.0,0.0,0.0,0.0,
0.0,0.0,0.0,0.0,0.0,0.0,
0.0,0.0,0.0,0.0,0.0,0.0,
0.0,0.0,0.0,0.0,0.0,0.0,
0.0,0.0,0.0,0.0,0.0,0.0,
0.0,0.0,0.0,0.0,0.0,0.0,
0.0,0.0,0.0,0.0,0.0,0.0,
0.0,0.0,0.0,0.0,0.0,0.0,
0.0,0.0,0.0,0.0,0.0,0.0,
0.0,0.0,0.0,0.0,0.0,0.0,
0.0,0.0,0.0,0.0,0.0,0.0,
0.0,0.0,0.0,0.0,0.0,0.0,
0.0,0.0,0.0,0.0,0.0,0.0,
0.0,0.0,0.0,0.0,0.0,0.0,
0.0,0.0,0.0,0.0,0.0,0.0,
0.0,0.0,0.0,0.0,0.0,0.0,
0.0,0.0,0.0,0.0,0.0,0.0,
0.0,0.0,0.0,0.0,0.0,0.0,
0.0,0.0,0.0,0.0,0.0,0.0,
0.0,0.0,0.0,0.0,0.0,0.0,
0.0,0.0,0.0,0.0,0.0,0.0,
0.0,0.0,0.0,0.0,0.0,0.0,
0.0,0.0,0.0,0.0,0.0,0.0,
0.0,0.0,0.0,0.0,0.0,0.0,
0.0,0.0,0.0,0.0,0.0,0.0,
0.0,0.0,0.0,0.0,0.0,0.0,
0.0,0.0,0.0,0.0,0.0,0.0,
0.0,0.0,0.0,0.0,0.0,0.0,
0.0,0.0,0.0,0.0,0.0,0.0,
0.0,0.0,0.0,0.0,0.0,0.0,
0.0,0.0,0.0,0.0,0.0,0.0,
0.0,0.0,0.0,0.0,0.0,0.0,
0.0,0.0,0.0,0.0,0.0,0.0,
0.0,0.0,0.0,0.0,0.0,0.0,
0.0,0.0,0.0,0.0,0.0,0.023966556090018198,
0.0,0.0,0.0,0.02121565362094049,0.0,0.023966556090018198,
0.0,0.0,0.0,0.02156990048101636,0.0,0.023966556090018198,
0.0,0.0,0.0,0.02156990048101636,0.0,0.023966556090018198,
0.0,0.0,0.0,0.02156990048101636,0.0,0.023966556090018198,
0.0,0.0,0.0,0.02156990048101636,0.0,0.023966556090018198,
0.0,0.0,0.0,0.02156990048101636,0.0,0.023966556090018198,
0.0,0.0,0.0,0.02156990048101636,0.0,0.023966556090018198,
0.0,0.0,0.0,0.02156990048101636,0.0,0.023966556090018198,
0.0,0.0,0.0,0.02156990048101636,0.0,0.023966556090018198,
0.0,0.0,0.0,0.02156990048101636,0.0,0.023966556090018198,
0.0,0.0,0.0,0.02156990048101636,0.0,0.023966556090018198,
0.0,0.0,0.0,0.02156990048101636,0.0,0.023966556090018198,
0.0,0.0,0.0,0.02156990048101636,0.0,0.023966556090018198,
0.0,0.0,0.0,0.02156990048101636,0.0,0.023966556090018198,
0.0,0.0,0.0,0.02156990048101636,0.0,0.023966556090018198,
0.0,0.0,0.0,0.02156990048101636,0.0,0.023966556090018198,
0.0,0.0,0.0,0.02156990048101636,0.0,0.023966556090018198,
0.0,0.0,0.0,0.02156990048101636,0.0,0.023966556090018198,
0.0,0.0,0.0,0.02156990048101636,0.0,0.023966556090018198,
0.0,0.0,0.0,0.02156990048101636,0.0,0.023966556090018198,
0.0,0.0,0.0,0.02156990048101636,0.0,0.023966556090018198,
0.0,0.0,0.0,0.02156990048101636,0.0,0.023966556090018198,
0.0,0.0,0.0,0.02156990048101636,0.0,0.023966556090018198,
0.0,0.0,0.0,0.02156990048101636,0.0,0.023966556090018198,
0.0,0.0,0.0,0.02156990048101636,0.0,0.023966556090018198,
0.0,0.0,0.0,0.02156990048101636,0.0,0.023966556090018198,
0.0,0.0,0.0,0.02156990048101636,0.0,0.023966556090018198,
0.0,0.0,0.0,0.02156990048101636,0.0,0.023966556090018198,
0.0,0.0,0.0,0.02156990048101636,0.0,0.023966556090018198,
0.0,0.0,0.0,0.02156990048101636,0.0,0.023966556090018198,
0.0,0.0,0.0,0.02156990048101636,0.0,0.023966556090018198,
0.0,0.0,0.0,0.02156990048101636,0.0,0.023966556090018198,
0.0,0.0,0.0,0.02156990048101636,0.0,0.023966556090018198,
0.0,0.0,0.0,0.02156990048101636,0.0,0.023966556090018198,
0.0,0.0,0.0,0.02156990048101636,0.0,0.023966556090018198,
0.002156990048101638,0.0,0.002156990048101638,0.02156990048101636,0.0,0.023966556090018198,
0.002156990048101638,0.0023966556090018205,0.002156990048101638,0.02156990048101636,0.0,0.023966556090018198,
0.002156990048101638,0.0023966556090018205,0.002156990048101638,0.02156990048101636,0.0,0.023966556090018198,
0.002156990048101638,0.0023966556090018205,0.002156990048101638,0.02156990048101636,0.0,0.023966556090018198,
0.002156990048101638,0.0023966556090018205,0.002156990048101638,0.02156990048101636,0.0,0.023966556090018198,
0.002156990048101638,0.0023966556090018205,0.002156990048101638,0.02156990048101636,0.0,0.023966556090018198,
0.002156990048101638,0.0023966556090018205,0.002156990048101638,0.02156990048101636,0.0,0.023966556090018198,
0.002156990048101638,0.0023966556090018205,0.002156990048101638,0.02156990048101636,0.0,0.023966556090018198,
0.002156990048101638,0.0023966556090018205,0.002156990048101638,0.02156990048101636,0.0,0.023966556090018198,
0.002156990048101638,0.0023966556090018205,0.002156990048101638,0.02156990048101636,0.0,0.023966556090018198,
0.002156990048101638,0.0023966556090018205,0.002156990048101638,0.02156990048101636,0.0,0.023966556090018198,
0.002156990048101638,0.0023966556090018205,0.002156990048101638,0.02156990048101636,0.0,0.023966556090018198,
0.002156990048101638,0.0023966556090018205,0.002156990048101638,0.02156990048101636,0.0,0.023966556090018198,
0.002156990048101638,0.0023966556090018205,0.002156990048101638,0.02156990048101636,0.0,0.023966556090018198,
0.002156990048101638,0.0023966556090018205,0.002156990048101638,0.02156990048101636,0.0,0.023966556090018198,
0.002156990048101638,0.0023966556090018205,0.002156990048101638,0.02156990048101636,0.0,0.023966556090018198,
0.002156990048101638,0.0023966556090018205,0.002156990048101638,0.02156990048101636,0.0,0.023966556090018198,
0.002156990048101638,0.0023966556090018205,0.002156990048101638,0.02156990048101636,0.0,0.023966556090018198,
0.002156990048101638,0.0023966556090018205,0.002156990048101638,0.02156990048101636,0.0,0.023966556090018198,
0.002156990048101638,0.0023966556090018205,0.002156990048101638,0.02156990048101636,0.0,0.023966556090018198,
0.002156990048101638,0.0023966556090018205,0.002156990048101638,0.02156990048101636,0.0,0.023966556090018198,
0.002156990048101638,0.0023966556090018205,0.002156990048101638,0.02156990048101636,0.0,0.023966556090018198,
0.002156990048101638,0.0023966556090018205,0.002156990048101638,0.02156990048101636,0.0,0.023966556090018198,
0.002156990048101638,0.0023966556090018205,0.002156990048101638,0.02156990048101636,0.0,0.023966556090018198,
0.002156990048101638,0.0023966556090018205,0.002156990048101638,0.02156990048101636,0.0,0.023966556090018198,
0.002156990048101638,0.0023966556090018205,0.002156990048101638,0.02156990048101636,0.0,0.023966556090018198,
0.002156990048101638,0.0023966556090018205,0.002156990048101638,0.02156990048101636,0.0,0.023966556090018198,
0.002156990048101638,0.0023966556090018205,0.002156990048101638,0.02156990048101636,0.0,0.023966556090018198,
0.002156990048101638,0.0023966556090018205,0.002156990048101638,0.02156990048101636,0.0,0.023966556090018198,
0.002156990048101638,0.0023966556090018205,0.002156990048101638,0.02156990048101636,0.0,0.023966556090018198,
0.002156990048101638,0.0023966556090018205,0.002156990048101638,0.02156990048101636,0.0,0.023966556090018198,
0.002156990048101638,0.0023966556090018205,0.002156990048101638,0.02156990048101636,0.0,0.023966556090018198,
0.002156990048101638,0.0023966556090018205,0.002156990048101638,0.02156990048101636,0.0,0.023966556090018198,
0.002156990048101638,0.0023966556090018205,0.002156990048101638,0.02156990048101636,0.0,0.023966556090018198,
0.002156990048101638,0.0023966556090018205,0.002156990048101638,0.02156990048101636,0.0,0.023966556090018198,
0.002156990048101638,0.0023966556090018205,0.002156990048101638,0.02156990048101636,0.0,0.023966556090018198,
0.002156990048101638,0.0023966556090018205,0.002156990048101638,0.02156990048101636,0.0,0.023966556090018198,
0.002156990048101638,0.0023966556090018205,0.002156990048101638,0.02156990048101636,0.0,0.023966556090018198,
0.002156990048101638,0.0023966556090018205,0.002156990048101638,0.02156990048101636,0.0,0.023966556090018198,
0.002156990048101638,0.0023966556090018205,0.002156990048101638,0.02156990048101636,0.0,0.023966556090018198,
0.002156990048101638,0.0023966556090018205,0.002156990048101638,0.02156990048101636,0.0,0.023966556090018198,
0.002156990048101638,0.0023966556090018205,0.002156990048101638,0.02156990048101636,0.0,0.023966556090018198,
0.002156990048101638,0.0023966556090018205,0.002156990048101638,0.02156990048101636,0.0,0.023966556090018198,
0.002156990048101638,0.0023966556090018205,0.002156990048101638,0.02156990048101636,0.0,0.023966556090018198,
0.002156990048101638,0.0023966556090018205,0.002156990048101638,0.02156990048101636,0.0,0.3865601975893084,
0.002156990048101638,0.0023966556090018205,0.002156990048101638,0.02156990048101636,0.0,0.3865601975893084,
0.002156990048101638,0.0023966556090018205,0.002156990048101638,0.02156990048101636,0.0,0.3865601975893084,
0.002156990048101638,0.0023966556090018205,0.002156990048101638,0.02156990048101636,0.0,0.3865601975893084,
0.002156990048101638,0.0023966556090018205,0.002156990048101638,0.02156990048101636,0.0,0.3865601975893084,
0.002156990048101638,0.0023966556090018205,0.002156990048101638,0.02156990048101636,0.0,0.3865601975893084,
0.002156990048101638,0.0023966556090018205,0.002156990048101638,0.02156990048101636,0.0,0.3865601975893084,
0.002156990048101638,0.0023966556090018205,0.002156990048101638,0.02156990048101636,0.0,0.3865601975893084,
0.002156990048101638,0.0023966556090018205,0.002156990048101638,0.02156990048101636,0.0,0.3865601975893084,
0.002156990048101638,0.0023966556090018205,0.002156990048101638,0.02156990048101636,0.0,0.3865601975893084,
0.002156990048101638,0.0023966556090018205,0.002156990048101638,0.02156990048101636,0.0,0.3865601975893084,
0.002156990048101638,0.0023966556090018205,0.002156990048101638,0.02156990048101636,0.0,0.3865601975893084,
0.002156990048101638,0.0023966556090018205,0.002156990048101638,0.02156990048101636,0.0,0.3865601975893084,
0.002156990048101638,0.0023966556090018205,0.002156990048101638,0.02156990048101636,0.0,0.3865601975893084,
0.002156990048101638,0.0023966556090018205,0.002156990048101638,0.02156990048101636,0.0,0.3865601975893084,
0.002156990048101638,0.0023966556090018205,0.002156990048101638,0.02156990048101636,0.0,0.3865601975893084,
0.002156990048101638,0.0023966556090018205,0.002156990048101638,0.02156990048101636,0.0,0.3865601975893084,
0.002156990048101638,0.0023966556090018205,0.002156990048101638,0.02156990048101636,0.0,0.3865601975893084,
0.002156990048101638,0.0023966556090018205,0.002156990048101638,0.02156990048101636,0.0,0.3865601975893084,
0.002156990048101638,0.0023966556090018205,0.002156990048101638,0.02156990048101636,0.0,0.3865601975893084,
0.002156990048101638,0.0023966556090018205,0.002156990048101638,0.02156990048101636,0.0,0.3865601975893084,
0.002156990048101638,0.0023966556090018205,0.002156990048101638,0.02156990048101636,0.0,0.3865601975893084,
0.002156990048101638,0.0023966556090018205,0.002156990048101638,0.02156990048101636,0.0,0.3865601975893084,
0.002156990048101638,0.0023966556090018205,0.002156990048101638,0.02156990048101636,0.0,0.3865601975893084,
0.002156990048101638,0.0023966556090018205,0.002156990048101638,0.05420332821595248,0.0,0.7388165565800857,
0.002156990048101638,0.0023966556090018205,0.002156990048101638,0.05420332821595248,0.0,0.7388165565800857,
0.002156990048101638,0.0023966556090018205,0.002156990048101638,0.05420332821595248,0.0,0.7388165565800857,
0.002156990048101638,0.0023966556090018205,0.002156990048101638,0.05420332821595248,0.0,0.7388165565800857,
0.002156990048101638,0.0023966556090018205,0.002156990048101638,0.05420332821595248,0.0,0.7388165565800857,
0.002156990048101638,0.0023966556090018205,0.002156990048101638,0.05420332821595248,0.0,0.7388165565800857,
0.002156990048101638,0.0023966556090018205,0.002156990048101638,0.05420332821595248,0.0,0.7388165565800857,
0.002156990048101638,0.0023966556090018205,0.002156990048101638,0.05420332821595248,0.0,0.7388165565800857,
0.002156990048101638,0.0023966556090018205,0.002156990048101638,0.05420332821595248,0.0,0.7388165565800857,
0.002156990048101638,0.0023966556090018205,0.002156990048101638,0.05420332821595248,0.0,0.7388165565800857,
0.002156990048101638,0.0023966556090018205,0.002156990048101638,0.05420332821595248,0.0,0.7388165565800857,
0.002156990048101638,0.0023966556090018205,0.002156990048101638,0.05420332821595248,0.0,0.7388165565800857,
0.002156990048101638,0.0023966556090018205,0.002156990048101638,0.05420332821595248,0.0,0.7388165565800857,
0.002156990048101638,0.0023966556090018205,0.002156990048101638,0.05420332821595248,0.0,0.7388165565800857,
0.002156990048101638,0.0023966556090018205,0.002156990048101638,0.05420332821595248,0.0,0.7388165565800857,
0.002156990048101638,0.0023966556090018205,0.002156990048101638,0.05420332821595248,0.0,0.7388165565800857,
0.002156990048101638,0.0023966556090018205,0.002156990048101638,0.05420332821595248,0.0,0.7388165565800857,
0.002156990048101638,0.0023966556090018205,0.002156990048101638,0.05420332821595248,0.0,0.7388165565800857,
0.002156990048101638,0.0023966556090018205,0.002156990048101638,0.05420332821595248,0.0,0.7388165565800857,
0.002156990048101638,0.0023966556090018205,0.002156990048101638,0.05420332821595248,0.0,0.7388165565800857,
0.002156990048101638,0.0023966556090018205,0.002156990048101638,0.05420332821595248,0.0,0.7388165565800857,
0.002156990048101638,0.0023966556090018205,0.002156990048101638,0.05420332821595248,0.0,0.7388165565800857,
0.002156990048101638,0.0023966556090018205,0.002156990048101638,0.05420332821595248,0.0,0.7388165565800857,
0.002156990048101638,0.0023966556090018205,0.002156990048101638,0.05420332821595248,0.0,0.7388165565800857,
0.002156990048101638,0.0023966556090018205,0.002156990048101638,0.05420332821595248,0.0,0.7388165565800857,
0.002156990048101638,0.0023966556090018205,0.002156990048101638,0.05420332821595248,0.0,0.7388165565800857,
0.002156990048101638,0.0023966556090018205,0.002156990048101638,0.05420332821595248,0.0,0.7388165565800857,
0.002156990048101638,0.0023966556090018205,0.002156990048101638,0.05420332821595248,0.0,0.7388165565800857,
0.002156990048101638,0.0023966556090018205,0.002156990048101638,0.05420332821595248,0.0,0.7388165565800857,
0.002156990048101638,0.0023966556090018205,0.002156990048101638,0.05420332821595248,0.0,0.7388165565800857,
0.002156990048101638,0.0023966556090018205,0.002156990048101638,0.05420332821595248,0.0,0.7388165565800857,
0.002156990048101638,0.0023966556090018205,0.002156990048101638,0.05420332821595248,0.0,0.7388165565800857,
0.002156990048101638,0.0023966556090018205,0.002156990048101638,0.05420332821595248,0.0,0.7388165565800857,
0.002156990048101638,0.0023966556090018205,0.002156990048101638,0.05420332821595248,0.0,0.7388165565800857,
0.002156990048101638,0.0023966556090018205,0.002156990048101638,0.05420332821595248,0.0,0.7388165565800857,
0.002156990048101638,0.0023966556090018205,0.002156990048101638,0.05420332821595248,0.0,0.7388165565800857,
0.002156990048101638,0.0023966556090018205,0.002156990048101638,0.05420332821595248,0.0,0.7388165565800857,
0.002156990048101638,0.0023966556090018205,0.002156990048101638,0.05420332821595248,0.0,0.7388165565800857,
0.002156990048101638,0.0023966556090018205,0.002156990048101638,0.05420332821595248,0.0,1.1737908003944724,
0.002156990048101638,0.0023966556090018205,0.002156990048101638,0.05420332821595248,0.0,1.1737908003944724,
0.002156990048101638,0.0023966556090018205,0.002156990048101638,0.05420332821595248,0.0,1.1737908003944724,
0.002156990048101638,0.0023966556090018205,0.002156990048101638,0.05420332821595248,0.0,1.1737908003944724,
0.002156990048101638,0.0023966556090018205,0.002156990048101638,0.05420332821595248,0.0,1.1737908003944724,
0.002156990048101638,0.0023966556090018205,0.002156990048101638,0.05420332821595248,0.0,1.1737908003944724,
0.002156990048101638,0.0023966556090018205,0.002156990048101638,0.05420332821595248,0.0,1.1737908003944724,
0.002156990048101638,0.0023966556090018205,0.002156990048101638,0.05420332821595248,0.0,1.1737908003944724,
0.002156990048101638,0.0023966556090018205,0.002156990048101638,0.05420332821595248,0.0,1.1737908003944724,
0.002156990048101638,0.0023966556090018205,0.002156990048101638,0.05420332821595248,0.0,1.1737908003944724,
0.002156990048101638,0.0023966556090018205,0.002156990048101638,0.05420332821595248,0.0,1.1737908003944724,
0.002156990048101638,0.0023966556090018205,0.002156990048101638,0.05420332821595248,0.0,1.1737908003944724,
0.002156990048101638,0.0023966556090018205,0.002156990048101638,0.05420332821595248,0.0,1.1737908003944724,
0.002156990048101638,0.0023966556090018205,0.002156990048101638,0.05420332821595248,0.0,1.1737908003944724,
0.002156990048101638,0.0023966556090018205,0.002156990048101638,0.05420332821595248,0.0,1.1737908003944724,
0.002156990048101638,0.0023966556090018205,0.002156990048101638,0.05420332821595248,0.0,1.1737908003944724,
0.002156990048101638,0.0023966556090018205,0.002156990048101638,0.05420332821595248,0.0,1.1737908003944724,
0.002156990048101638,0.0023966556090018205,0.002156990048101638,0.05420332821595248,0.0,1.1737908003944724,
0.002156990048101638,0.0023966556090018205,0.002156990048101638,0.05420332821595248,0.0,1.1737908003944724,
0.002156990048101638,0.0023966556090018205,0.002156990048101638,0.05420332821595248,0.0,1.1737908003944724,
0.002156990048101638,0.0023966556090018205,0.002156990048101638,0.15442416742985976,0.0,1.6410009218874815,
0.002156990048101638,0.0023966556090018205,0.002156990048101638,0.15442416742985976,0.0,1.6410009218874815,
0.002156990048101638,0.0023966556090018205,0.002156990048101638,0.2866718336567471,0.0,1.8637293545644555,
0.002156990048101638,0.0023966556090018205,0.002156990048101638,0.2866718336567471,0.0,1.8637293545644555,
0.002156990048101638,0.0023966556090018205,0.002156990048101638,0.2866718336567471,0.0,1.8637293545644555,
0.002156990048101638,0.0023966556090018205,0.002156990048101638,0.2866718336567471,0.0,1.8637293545644555,
0.002156990048101638,0.0023966556090018205,0.002156990048101638,0.2866718336567471,0.0,1.8637293545644555,
0.002156990048101638,0.0023966556090018205,0.002156990048101638,0.2866718336567471,0.0,1.8637293545644555,
0.002156990048101638,0.0023966556090018205,0.002156990048101638,0.2866718336567471,0.0,1.8637293545644555,
0.002156990048101638,0.0023966556090018205,0.002156990048101638,0.2866718336567471,0.0,1.8637293545644555,
0.002156990048101638,0.0023966556090018205,0.002156990048101638,0.2866718336567471,0.0,2.0251952545264085,
0.002156990048101638,0.0023966556090018205,0.002156990048101638,0.2866718336567471,0.0,2.0251952545264085,
0.002156990048101638,0.0023966556090018205,0.002156990048101638,0.2866718336567471,0.0,2.0251952545264085,
0.002156990048101638,0.0023966556090018205,0.002156990048101638,0.2866718336567471,0.0,2.0251952545264085,
0.002156990048101638,0.0023966556090018205,0.002156990048101638,0.2866718336567471,0.0,2.152174351890475,
0.002156990048101638,0.0023966556090018205,0.002156990048101638,0.2866718336567471,0.0,2.152174351890475,
0.002156990048101638,0.0023966556090018205,0.002156990048101638,0.2866718336567471,0.0,2.152174351890475,
0.002156990048101638,0.0023966556090018205,0.002156990048101638,0.2866718336567471,0.0,2.152174351890475,
0.002156990048101638,0.0023966556090018205,0.002156990048101638,0.2866718336567471,0.0,2.152174351890475,
0.002156990048101638,0.0023966556090018205,0.002156990048101638,0.2866718336567471,0.0,2.152174351890475,
0.002156990048101638,0.0023966556090018205,0.002156990048101638,0.2866718336567471,0.0,2.152174351890475,
0.002156990048101638,0.0023966556090018205,0.002156990048101638,0.2866718336567471,0.0,2.152174351890475,
0.002156990048101638,0.0023966556090018205,0.002156990048101638,0.2866718336567471,0.0,2.152174351890475,
0.002156990048101638,0.0023966556090018205,0.002156990048101638,0.2866718336567471,0.0,2.152174351890475,
0.002156990048101638,0.0023966556090018205,0.002156990048101638,0.2866718336567471,0.0,2.152174351890475,
0.002156990048101638,0.0023966556090018205,0.002156990048101638,0.2866718336567471,0.0,2.152174351890475,
0.002156990048101638,0.0023966556090018205,0.002156990048101638,0.2866718336567471,0.0,2.152174351890475,
0.002156990048101638,0.0023966556090018205,0.002156990048101638,0.2866718336567471,0.0,2.152174351890475,
0.002156990048101638,0.0023966556090018205,0.002156990048101638,0.2866718336567471,0.0,2.152174351890475,
0.002156990048101638,0.0023966556090018205,0.002156990048101638,0.2866718336567471,0.0,2.152174351890475,
0.002156990048101638,0.0023966556090018205,0.002156990048101638,0.2866718336567471,0.0,2.456616973819848,
0.002156990048101638,0.0023966556090018205,0.002156990048101638,0.2866718336567471,0.0,2.456616973819848,
0.002156990048101638,0.0023966556090018205,0.002156990048101638,0.2866718336567471,0.0,2.456616973819848,
0.002156990048101638,0.0023966556090018205,0.002156990048101638,0.2866718336567471,0.0,2.456616973819848,
0.002156990048101638,0.0023966556090018205,0.002156990048101638,0.2866718336567471,0.0,2.456616973819848,
0.002156990048101638,0.0023966556090018205,0.002156990048101638,0.2866718336567471,0.0,2.456616973819848,
0.002156990048101638,0.0023966556090018205,0.002156990048101638,0.2866718336567471,0.0,2.456616973819848,
0.002156990048101638,0.0023966556090018205,0.002156990048101638,0.2866718336567471,0.0,2.456616973819848,
0.002156990048101638,0.0023966556090018205,0.002156990048101638,0.2866718336567471,0.0,2.456616973819848,
0.002156990048101638,0.0023966556090018205,0.002156990048101638,0.2866718336567471,0.0,2.456616973819848,
0.002156990048101638,0.0023966556090018205,0.002156990048101638,0.2866718336567471,0.0,2.456616973819848,
0.002156990048101638,0.0023966556090018205,0.002156990048101638,0.2866718336567471,0.0,2.749692604753102,
0.002156990048101638,0.0023966556090018205,0.002156990048101638,0.2866718336567471,0.0,2.749692604753102,
0.002156990048101638,0.0023966556090018205,0.002156990048101638,0.2866718336567471,0.0,2.749692604753102,
0.002156990048101638,0.0023966556090018205,0.002156990048101638,0.2866718336567471,0.0,2.749692604753102,
0.002156990048101638,0.0023966556090018205,0.002156990048101638,0.2866718336567471,0.0,2.749692604753102,
0.002156990048101638,0.0023966556090018205,0.002156990048101638,0.2866718336567471,0.0,2.749692604753102,
0.002156990048101638,0.0023966556090018205,0.002156990048101638,0.2866718336567471,0.0,2.749692604753102,
0.002156990048101638,0.0023966556090018205,0.002156990048101638,0.2866718336567471,0.0,2.8318907729077396,
0.002156990048101638,0.0023966556090018205,0.002156990048101638,0.2866718336567471,0.0,2.8318907729077396,
0.002156990048101638,0.0023966556090018205,0.002156990048101638,0.2866718336567471,0.0,2.8318907729077396,
0.002156990048101638,0.0023966556090018205,0.002156990048101638,0.2866718336567471,0.0,2.8318907729077396,
0.002156990048101638,0.0023966556090018205,0.002156990048101638,0.2866718336567471,0.0,2.8318907729077396,
0.002156990048101638,0.0023966556090018205,0.002156990048101638,0.2866718336567471,0.0,2.8318907729077396,
0.002156990048101638,0.0023966556090018205,0.002156990048101638,0.2866718336567471,0.0,2.8318907729077396,
0.002156990048101638,0.0023966556090018205,0.002156990048101638,0.2866718336567471,0.0,2.8318907729077396,
0.002156990048101638,0.0023966556090018205,0.002156990048101638,0.2866718336567471,0.0,2.8318907729077396,
0.002156990048101638,0.0023966556090018205,0.002156990048101638,0.2866718336567471,0.0,2.8318907729077396,
0.002156990048101638,0.0023966556090018205,0.002156990048101638,0.2866718336567471,0.0,2.8318907729077396,
0.002156990048101638,0.0023966556090018205,0.002156990048101638,0.2866718336567471,0.0,2.8318907729077396,
0.002156990048101638,0.0023966556090018205,0.002156990048101638,0.2866718336567471,0.0,2.8318907729077396,
0.002156990048101638,0.0023966556090018205,0.002156990048101638,0.2866718336567471,0.0,2.8318907729077396,
0.002156990048101638,0.0023966556090018205,0.002156990048101638,0.2866718336567471,0.0,2.9525546537153198,
0.002156990048101638,0.0023966556090018205,0.002156990048101638,0.2866718336567471,0.0,2.9525546537153198,
0.002156990048101638,0.0023966556090018205,0.002156990048101638,0.5237345691254511,0.0,2.9775933145896376,
0.002156990048101638,0.0023966556090018205,0.002156990048101638,0.5237345691254511,0.0,2.9775933145896376,
0.002156990048101638,0.0023966556090018205,0.002156990048101638,0.5237345691254511,0.0,2.9775933145896376,
0.002156990048101638,0.0023966556090018205,0.002156990048101638,0.5237345691254511,0.0,2.9775933145896376,
0.002156990048101638,0.0023966556090018205,0.002156990048101638,0.5237345691254511,0.0,2.9775933145896376,
0.002156990048101638,0.0023966556090018205,0.002156990048101638,0.5237345691254511,0.0,2.9775933145896376,
0.002156990048101638,0.0023966556090018205,0.002156990048101638,0.5237345691254511,0.0,2.9775933145896376,
0.002156990048101638,0.0023966556090018205,0.002156990048101638,0.5237345691254511,0.0,3.0391309022917095,
0.002156990048101638,0.0023966556090018205,0.002156990048101638,0.5237345691254511,0.0,3.0391309022917095,
0.002156990048101638,0.0023966556090018205,0.002156990048101638,0.5237345691254511,0.0,3.0391309022917095,
0.002156990048101638,0.0023966556090018205,0.002156990048101638,0.5237345691254511,0.0,3.0391309022917095,
0.002156990048101638,0.0023966556090018205,0.002156990048101638,0.5237345691254511,0.0,3.0391309022917095,
0.002156990048101638,0.0023966556090018205,0.002156990048101638,0.5237345691254511,0.0,3.0391309022917095,
0.002156990048101638,0.0023966556090018205,0.002156990048101638,0.5237345691254511,0.0,3.0391309022917095,
0.002156990048101638,0.0023966556090018205,0.002156990048101638,0.5237345691254511,0.0,3.0391309022917095,
0.002156990048101638,0.0023966556090018205,0.002156990048101638,0.5237345691254511,0.0,3.0391309022917095,
0.002156990048101638,0.0023966556090018205,0.002156990048101638,0.5237345691254511,0.0,3.0391309022917095,
0.002156990048101638,0.0023966556090018205,0.002156990048101638,0.5237345691254511,0.0,3.132942304078691,
0.002156990048101638,0.0023966556090018205,0.002156990048101638,0.5237345691254511,0.0,3.2205970699351925,
0.002156990048101638,0.0023966556090018205,0.002156990048101638,0.5237345691254511,0.0,3.2205970699351925,
0.002156990048101638,0.0023966556090018205,0.002156990048101638,0.5237345691254511,0.0,3.2205970699351925,
0.002156990048101638,0.0023966556090018205,0.002156990048101638,0.5237345691254511,0.0,3.2205970699351925,
0.002156990048101638,0.0023966556090018205,0.002156990048101638,0.5237345691254511,0.0,3.2205970699351925,
0.002156990048101638,0.0023966556090018205,0.002156990048101638,0.5237345691254511,0.0,3.2205970699351925,
0.002156990048101638,0.0023966556090018205,0.002156990048101638,0.5237345691254511,0.0,3.2205970699351925,
0.002156990048101638,0.0023966556090018205,0.002156990048101638,0.5237345691254511,0.0,3.2205970699351925,
0.002156990048101638,0.0023966556090018205,0.002156990048101638,0.5237345691254511,0.0,3.2205970699351925,
0.002156990048101638,0.0023966556090018205,0.002156990048101638,0.5237345691254511,0.0,3.2205970699351925,
0.002156990048101638,0.0023966556090018205,0.002156990048101638,0.5237345691254511,0.0,3.3113012263502895,
0.002156990048101638,0.0023966556090018205,0.002156990048101638,0.5237345691254511,0.0,3.3160040866941336,
0.002156990048101638,0.0023966556090018205,0.002156990048101638,0.5237345691254511,0.0,3.3160040866941336,
0.002156990048101638,0.0023966556090018205,0.30038165884576357,0.5237345691254511,0.0,3.438665538140937,
0.002156990048101638,0.0023966556090018205,0.30038165884576357,0.5237345691254511,0.0,3.438665538140937,
0.002156990048101638,0.0023966556090018205,0.30038165884576357,0.5237345691254511,0.0,3.438665538140937,
0.002156990048101638,0.0023966556090018205,0.30038165884576357,0.5237345691254511,0.0,3.438665538140937,
0.002156990048101638,0.0023966556090018205,0.30038165884576357,0.5237345691254511,0.0,3.438665538140937,
0.002156990048101638,0.0023966556090018205,0.30038165884576357,0.5237345691254511,0.0,3.438665538140937,
0.002156990048101638,0.0023966556090018205,0.30038165884576357,0.5237345691254511,0.0,3.438665538140937,
0.002156990048101638,0.0023966556090018205,0.30038165884576357,0.5237345691254511,0.0,3.438665538140937,
0.002156990048101638,0.0023966556090018205,0.30038165884576357,0.5237345691254511,0.0,3.438665538140937,
0.002156990048101638,0.0023966556090018205,0.30038165884576357,0.5237345691254511,0.0,3.540092544132798,
0.002156990048101638,0.0023966556090018205,0.30038165884576357,0.5237345691254511,0.0,3.540092544132798,
0.002156990048101638,0.0023966556090018205,0.30038165884576357,0.5237345691254511,0.0,3.540092544132798,
0.002156990048101638,0.0023966556090018205,0.30038165884576357,0.5237345691254511,0.0,3.540092544132798,
0.002156990048101638,0.0023966556090018205,0.30038165884576357,0.5237345691254511,0.0,3.540092544132798,
0.002156990048101638,0.0023966556090018205,0.30038165884576357,0.5237345691254511,0.0,3.540092544132798,
0.002156990048101638,0.0023966556090018205,0.30038165884576357,0.5237345691254511,0.0,3.609746554767884,
0.002156990048101638,0.0023966556090018205,0.30038165884576357,0.5237345691254511,0.0,3.609746554767884,
0.002156990048101638,0.0023966556090018205,0.30038165884576357,0.5237345691254511,0.0,3.63073154606113,
0.002156990048101638,0.0023966556090018205,0.30038165884576357,0.5237345691254511,0.0,3.63073154606113,
0.002156990048101638,0.0023966556090018205,0.30038165884576357,0.5237345691254511,0.0,3.63073154606113,
0.002156990048101638,0.0023966556090018205,0.30038165884576357,0.5237345691254511,0.0,3.63073154606113,
0.002156990048101638,0.0023966556090018205,0.30038165884576357,0.5237345691254511,0.0,3.63073154606113,
0.002156990048101638,0.0023966556090018205,0.30038165884576357,0.5237345691254511,0.0,3.6083095417564515,
0.002156990048101638,0.0023966556090018205,0.30038165884576357,0.5237345691254511,0.0,3.6083095417564515,
0.002156990048101638,0.0023966556090018205,0.30038165884576357,0.5237345691254511,0.0,3.6083095417564515,
0.002156990048101638,0.0023966556090018205,0.30038165884576357,0.5237345691254511,0.0,3.6083095417564515,
0.002156990048101638,0.0023966556090018205,0.30038165884576357,0.5237345691254511,0.0,3.6083095417564515,
0.002156990048101638,0.0023966556090018205,0.30038165884576357,0.5237345691254511,0.0,3.6083095417564515,
0.002156990048101638,0.0023966556090018205,0.30038165884576357,0.5237345691254511,0.0,3.6083095417564515,
0.002156990048101638,0.0023966556090018205,0.30038165884576357,0.5237345691254511,0.0,3.6083095417564515,
0.002156990048101638,0.0023966556090018205,0.30038165884576357,0.5237345691254511,0.0,3.6083095417564515,
0.002156990048101638,0.0023966556090018205,0.30038165884576357,0.5237345691254511,0.0,3.6083095417564515,
0.002156990048101638,0.0023966556090018205,0.30038165884576357,0.5237345691254511,0.0,3.614589032910234,
0.002156990048101638,0.0023966556090018205,0.30038165884576357,0.5237345691254511,0.0,3.614589032910234,
0.002156990048101638,0.0023966556090018205,0.30038165884576357,0.5237345691254511,0.0,3.614589032910234,
0.002156990048101638,0.0023966556090018205,0.30038165884576357,0.5237345691254511,0.0,3.614589032910234,
0.002156990048101638,0.0023966556090018205,0.30038165884576357,0.5237345691254511,0.0,3.614589032910234,
0.002156990048101638,0.0023966556090018205,0.30038165884576357,0.7966741251748272,0.0,3.6633029669359667,
0.002156990048101638,0.0023966556090018205,0.30038165884576357,0.7966741251748272,0.0,3.6633029669359667,
0.002156990048101638,0.0023966556090018205,0.30038165884576357,0.7966741251748272,0.0,3.6633029669359667,
0.002156990048101638,0.0023966556090018205,0.30038165884576357,0.7966741251748272,0.0,3.6633029669359667,
0.002156990048101638,0.0023966556090018205,0.30038165884576357,0.7966741251748272,0.0,3.6633029669359667,
0.002156990048101638,0.0023966556090018205,0.30038165884576357,0.7966741251748272,0.0,3.6633029669359667,
0.002156990048101638,0.0023966556090018205,0.30038165884576357,0.7966741251748272,0.0,3.6633029669359667,
0.002156990048101638,0.0023966556090018205,0.30038165884576357,0.7966741251748272,0.0,3.6633029669359667,
0.002156990048101638,0.0023966556090018205,0.30038165884576357,0.7966741251748272,0.0,3.6633029669359667,
0.002156990048101638,0.0023966556090018205,0.30038165884576357,0.7966741251748272,0.0,3.6633029669359667,
0.002156990048101638,0.0023966556090018205,0.30038165884576357,0.7966741251748272,0.0,3.6633029669359667,
0.002156990048101638,0.0023966556090018205,0.30038165884576357,0.7966741251748272,0.0,3.6633029669359667,
0.002156990048101638,0.0023966556090018205,0.30038165884576357,0.7966741251748272,0.0,3.6633029669359667,
0.002156990048101638,0.0023966556090018205,0.30038165884576357,0.7966741251748272,0.0,3.6633029669359667,
0.2733721392703497,0.0023966556090018205,0.30038165884576357,0.7966741251748272,0.0,3.5307315792265843,
0.2733721392703497,0.0023966556090018205,0.30038165884576357,0.7966741251748272,0.0,3.5307315792265843,
0.2733721392703497,0.0023966556090018205,0.30038165884576357,0.7966741251748272,0.0,3.5307315792265843,
0.2733721392703497,0.0023966556090018205,0.30038165884576357,0.7966741251748272,0.0,3.5307315792265843,
0.2733721392703497,0.0023966556090018205,0.30038165884576357,0.7966741251748272,0.0,3.5307315792265843,
0.2733721392703497,0.0023966556090018205,0.30038165884576357,0.7966741251748272,0.0,3.5307315792265843,
0.2733721392703497,0.0023966556090018205,0.30038165884576357,0.7966741251748272,0.0,3.5307315792265843,
0.2733721392703497,0.0023966556090018205,0.30038165884576357,0.7966741251748272,0.0,3.5307315792265843,
0.2733721392703497,0.0023966556090018205,0.30038165884576357,0.7966741251748272,0.0,3.5307315792265843,
0.2733721392703497,0.0023966556090018205,0.30038165884576357,0.7966741251748272,0.0,3.5307315792265843,
0.2733721392703497,0.0023966556090018205,0.30038165884576357,0.7966741251748272,0.0,3.501297421385111,
0.2733721392703497,0.0023966556090018205,0.30038165884576357,0.7966741251748272,0.0,3.501297421385111,
0.2733721392703497,0.0023966556090018205,0.30038165884576357,0.7966741251748272,0.0,3.501297421385111,
0.2733721392703497,0.0023966556090018205,0.30038165884576357,1.0321234805820043,0.0,3.5062108970546007,
0.2733721392703497,0.0023966556090018205,0.30038165884576357,1.0321234805820043,0.0,3.5062108970546007,
0.2733721392703497,0.0023966556090018205,0.30038165884576357,1.0321234805820043,0.0,3.5062108970546007,
0.2733721392703497,0.0023966556090018205,0.30038165884576357,1.244470113258718,0.0,3.513284852832589,
0.2733721392703497,0.0023966556090018205,0.30038165884576357,1.244470113258718,0.0,3.513284852832589,
0.2733721392703497,0.0023966556090018205,0.30038165884576357,1.244470113258718,0.0,3.513284852832589,
0.2733721392703497,0.0023966556090018205,0.30038165884576357,1.244470113258718,0.0,3.513284852832589,
0.2733721392703497,0.0023966556090018205,0.30038165884576357,1.244470113258718,0.0,3.513284852832589,
0.2733721392703497,0.0023966556090018205,0.30038165884576357,1.244470113258718,0.0,3.513284852832589,
0.2733721392703497,0.0023966556090018205,0.30038165884576357,1.244470113258718,0.0,3.5559224324977308,
0.2733721392703497,0.0023966556090018205,0.30038165884576357,1.244470113258718,0.0,3.5559224324977308,
0.2733721392703497,0.0023966556090018205,0.30038165884576357,1.244470113258718,0.0,3.5559224324977308,
0.2733721392703497,0.0023966556090018205,0.30038165884576357,1.244470113258718,0.0,3.5559224324977308,
0.2733721392703497,0.0023966556090018205,0.30038165884576357,1.244470113258718,0.0,3.5559224324977308,
0.2733721392703497,0.0023966556090018205,0.30038165884576357,1.244470113258718,0.0,3.5559224324977308,
0.2733721392703497,0.0023966556090018205,0.30038165884576357,1.244470113258718,0.0,3.5935911007369743,
0.2733721392703497,0.0023966556090018205,0.30038165884576357,1.244470113258718,0.0,3.5935911007369743,
0.2733721392703497,0.0023966556090018205,0.30038165884576357,1.244470113258718,0.0,3.5514293196493965,
0.2733721392703497,0.0023966556090018205,0.30038165884576357,1.244470113258718,0.0,3.5514293196493965,
0.2733721392703497,0.0023966556090018205,0.30038165884576357,1.244470113258718,0.0,3.5514293196493965,
0.2733721392703497,0.0023966556090018205,0.30038165884576357,1.244470113258718,0.0,3.5514293196493965,
0.2733721392703497,0.0023966556090018205,0.30038165884576357,1.4396517407012919,0.0,3.547684207928625,
0.2733721392703497,0.0023966556090018205,0.30038165884576357,1.4396517407012919,0.0,3.547684207928625,
0.2733721392703497,0.0023966556090018205,0.30038165884576357,1.4396517407012919,0.0,3.547684207928625,
0.2733721392703497,0.0023966556090018205,0.30038165884576357,1.4396517407012919,0.0,3.547684207928625,
0.2733721392703497,0.0023966556090018205,0.30038165884576357,1.4396517407012919,0.0,3.547684207928625,
0.2733721392703497,0.0023966556090018205,0.30038165884576357,1.4396517407012919,0.0,3.547684207928625,
0.2733721392703497,0.0023966556090018205,0.30038165884576357,1.4396517407012919,0.0,3.547684207928625,
0.2733721392703497,0.0023966556090018205,0.30038165884576357,1.4396517407012919,0.0,3.547684207928625,
0.2733721392703497,0.0023966556090018205,0.30038165884576357,1.4396517407012919,0.0,3.547684207928625,
0.2733721392703497,0.0023966556090018205,0.30038165884576357,1.4396517407012919,0.0,3.547684207928625,
0.2733721392703497,0.0023966556090018205,0.30038165884576357,1.4396517407012919,0.0,3.547684207928625,
0.2733721392703497,0.0023966556090018205,0.30038165884576357,1.4396517407012919,0.0,3.547684207928625,
0.2733721392703497,0.0023966556090018205,0.30038165884576357,1.4396517407012919,0.0,3.5498178840786854,
0.2733721392703497,0.0023966556090018205,0.30038165884576357,1.6151701761982444,0.0,3.5524154683983755,
0.2733721392703497,0.0023966556090018205,0.30038165884576357,1.6151701761982444,0.0,3.5524154683983755,
0.2733721392703497,0.0023966556090018205,0.30038165884576357,1.6151701761982444,0.0,3.5524154683983755,
0.2733721392703497,0.0023966556090018205,0.30038165884576357,1.6151701761982444,0.0,3.5524154683983755,
0.2733721392703497,0.0023966556090018205,0.30038165884576357,1.6151701761982444,0.0,3.5524154683983755,
0.2733721392703497,0.0023966556090018205,0.30038165884576357,1.6151701761982444,0.0,3.5524154683983755,
0.2733721392703497,0.0023966556090018205,0.30038165884576357,1.6151701761982444,0.0,3.5524154683983755,
0.2733721392703497,0.0023966556090018205,0.30038165884576357,1.6151701761982444,0.0,3.5524154683983755,
0.2733721392703497,0.0023966556090018205,0.30038165884576357,1.6151701761982444,0.0,3.5524154683983755,
0.2733721392703497,0.0023966556090018205,0.30038165884576357,1.6151701761982444,0.0,3.5524154683983755,
0.2733721392703497,0.0023966556090018205,0.30038165884576357,1.6151701761982444,0.0,3.5524154683983755,
0.2733721392703497,0.0023966556090018205,0.30038165884576357,1.6151701761982444,0.0,3.5524154683983755,
0.2733721392703497,0.0023966556090018205,0.30038165884576357,1.6151701761982444,0.0,3.5524154683983755,
0.2733721392703497,0.0023966556090018205,0.30038165884576357,1.6151701761982444,0.0,3.5524154683983755,
0.2733721392703497,0.0023966556090018205,0.30038165884576357,1.6151701761982444,0.0,3.5554527037499892,
0.2733721392703497,0.0023966556090018205,0.30038165884576357,1.6151701761982444,0.0,3.5554527037499892,
0.2733721392703497,0.0023966556090018205,0.30038165884576357,1.7736439019159191,0.0,3.504337073421708,
0.2733721392703497,0.0023966556090018205,0.30038165884576357,1.7736439019159191,0.0,3.504337073421708,
0.2733721392703497,0.0023966556090018205,0.30038165884576357,1.7736439019159191,0.0,3.504337073421708,
0.2733721392703497,0.0023966556090018205,0.30038165884576357,1.7736439019159191,0.0,3.504337073421708,
0.2733721392703497,0.0023966556090018205,0.30038165884576357,1.7736439019159191,0.0,3.504337073421708,
0.2733721392703497,0.0023966556090018205,0.30038165884576357,1.7736439019159191,0.0,3.504337073421708,
0.2733721392703497,0.0023966556090018205,0.30038165884576357,1.7736439019159191,0.0,3.504337073421708,
0.2733721392703497,0.0023966556090018205,0.30038165884576357,1.7736439019159191,0.0,3.504337073421708,
0.2733721392703497,0.0023966556090018205,0.30038165884576357,1.7736439019159191,0.0,3.504337073421708,
0.2733721392703497,0.0023966556090018205,0.30038165884576357,1.7736439019159191,0.0,3.504337073421708,
0.2733721392703497,0.0023966556090018205,0.30038165884576357,1.7736439019159191,0.0,3.504337073421708,
0.2733721392703497,0.0023966556090018205,0.30038165884576357,1.7736439019159191,0.0,3.504337073421708,
0.2733721392703497,0.0023966556090018205,0.30038165884576357,1.7736439019159191,0.0,3.5149392081102984,
0.2733721392703497,0.0023966556090018205,0.30038165884576357,1.7736439019159191,0.0,3.5149392081102984,
0.2733721392703497,0.0023966556090018205,0.30038165884576357,1.7736439019159191,0.0,3.5149392081102984,
0.2733721392703497,0.0023966556090018205,0.30038165884576357,1.7736439019159191,0.0,3.5149392081102984,
0.2733721392703497,0.0023966556090018205,0.30038165884576357,1.7736439019159191,0.0,3.4584146037233845,
0.2733721392703497,0.0023966556090018205,0.30038165884576357,1.7736439019159191,0.0,3.4584146037233845,
0.2733721392703497,0.0023966556090018205,0.30038165884576357,1.7736439019159191,0.0,3.4584146037233845,
0.2733721392703497,0.0023966556090018205,0.30038165884576357,1.9075368260594319,0.0,3.4538731350720813,
0.2733721392703497,0.0023966556090018205,0.30038165884576357,2.027631725609976,0.0,3.503268238233696,
0.2733721392703497,0.0023966556090018205,0.30038165884576357,2.027631725609976,0.0,3.503268238233696,
0.2733721392703497,0.0023966556090018205,0.30038165884576357,2.027631725609976,0.0,3.503268238233696,
0.2733721392703497,0.0023966556090018205,0.30038165884576357,2.027631725609976,0.0,3.503268238233696,
0.2733721392703497,0.0023966556090018205,0.30038165884576357,2.027631725609976,0.0,3.503268238233696,
0.2733721392703497,0.0023966556090018205,0.30038165884576357,2.027631725609976,0.0,3.503268238233696,
0.2733721392703497,0.0023966556090018205,0.30038165884576357,2.027631725609976,0.0,3.503268238233696,
0.2733721392703497,0.0023966556090018205,0.30038165884576357,2.027631725609976,0.0,3.503268238233696,
0.2733721392703497,0.0023966556090018205,0.30038165884576357,2.027631725609976,0.0,3.503268238233696,
0.2733721392703497,0.0023966556090018205,0.30038165884576357,2.027631725609976,0.0,3.503268238233696,
0.2733721392703497,0.0023966556090018205,0.30038165884576357,2.140162694490011,0.0,3.553075415121664,
0.2733721392703497,0.0023966556090018205,0.30038165884576357,2.140162694490011,0.0,3.553075415121664,
0.2733721392703497,0.0023966556090018205,0.30038165884576357,2.140162694490011,0.0,3.553075415121664,
0.2733721392703497,0.0023966556090018205,0.30038165884576357,2.140162694490011,0.0,3.553075415121664,
0.2733721392703497,0.0023966556090018205,0.30038165884576357,2.140162694490011,0.0,3.553075415121664,
0.2733721392703497,0.0023966556090018205,0.30038165884576357,2.140162694490011,0.0,3.553075415121664,
0.2733721392703497,0.0023966556090018205,0.30038165884576357,2.140162694490011,0.0,3.553075415121664,
0.2733721392703497,0.0023966556090018205,0.30038165884576357,2.140162694490011,0.0,3.553075415121664,
0.2733721392703497,0.0023966556090018205,0.30038165884576357,2.140162694490011,0.0,3.553075415121664,
0.2733721392703497,0.0023966556090018205,0.30038165884576357,2.140162694490011,0.0,3.553075415121664,
0.2733721392703497,0.0023966556090018205,0.30038165884576357,2.140162694490011,0.0,3.553075415121664,
0.2733721392703497,0.0023966556090018205,0.30038165884576357,2.140162694490011,0.0,3.553075415121664,
0.2733721392703497,0.0023966556090018205,0.30038165884576357,2.140162694490011,0.0,3.553075415121664,
0.2733721392703497,0.0023966556090018205,0.30038165884576357,2.140162694490011,0.0,3.553075415121664,
0.2733721392703497,0.0023966556090018205,0.30038165884576357,2.140162694490011,0.0,3.553075415121664,
0.2733721392703497,0.0023966556090018205,0.30038165884576357,2.140162694490011,0.0,3.5606025071749956,
0.2733721392703497,0.0023966556090018205,0.30038165884576357,2.140162694490011,0.0,3.564384740050575,
0.2733721392703497,0.0023966556090018205,0.30038165884576357,2.140162694490011,0.0,3.564384740050575,
0.2733721392703497,0.0023966556090018205,0.30038165884576357,2.140162694490011,0.0,3.564384740050575,
0.2733721392703497,0.0023966556090018205,0.30038165884576357,2.140162694490011,0.0,3.564384740050575,
0.2733721392703497,0.0023966556090018205,0.30038165884576357,2.140162694490011,0.0,3.564384740050575,
0.2733721392703497,0.0023966556090018205,0.30038165884576357,2.140162694490011,0.0,3.564384740050575,
0.2733721392703497,0.0023966556090018205,0.30038165884576357,2.140162694490011,0.0,3.564384740050575,
0.2733721392703497,0.0023966556090018205,0.30038165884576357,2.140162694490011,0.0,3.564384740050575,
0.2733721392703497,0.0023966556090018205,0.30038165884576357,2.140162694490011,0.0,3.564384740050575,
0.2733721392703497,0.0023966556090018205,0.30038165884576357,2.140162694490011,0.0,3.564384740050575,
0.2733721392703497,0.0023966556090018205,0.30038165884576357,2.140162694490011,0.0,3.564384740050575,
0.2733721392703497,0.0023966556090018205,0.30038165884576357,2.140162694490011,0.0,3.564384740050575,
0.2733721392703497,0.0023966556090018205,0.30038165884576357,2.140162694490011,0.0,3.564384740050575,
0.2733721392703497,0.0023966556090018205,0.30038165884576357,2.140162694490011,0.0,3.564384740050575,
0.2733721392703497,0.0023966556090018205,0.30038165884576357,2.140162694490011,0.0,3.564384740050575,
0.2733721392703497,0.0023966556090018205,0.30038165884576357,2.140162694490011,0.0,3.564384740050575,
0.2733721392703497,0.0023966556090018205,0.30038165884576357,2.140162694490011,0.0,3.564384740050575,
0.2733721392703497,0.0023966556090018205,0.30038165884576357,2.140162694490011,0.0,3.564384740050575,
0.2733721392703497,0.0023966556090018205,0.30038165884576357,2.140162694490011,0.0,3.564384740050575,
0.2733721392703497,0.0023966556090018205,0.30038165884576357,2.140162694490011,0.0,3.564384740050575,
0.2733721392703497,0.0023966556090018205,0.30038165884576357,2.140162694490011,0.0,3.564384740050575,
0.2733721392703497,0.0023966556090018205,0.30038165884576357,2.140162694490011,0.0,3.564384740050575,
0.2733721392703497,0.0023966556090018205,0.30038165884576357,2.140162694490011,0.0,3.6145680624710446,
0.2733721392703497,0.0023966556090018205,0.30038165884576357,2.140162694490011,0.0,3.6145680624710446,
0.2733721392703497,0.0023966556090018205,0.30038165884576357,2.140162694490011,0.0,3.6145680624710446,
0.2733721392703497,0.0023966556090018205,0.30038165884576357,2.140162694490011,0.0,3.6145680624710446,
0.2733721392703497,0.0023966556090018205,0.30038165884576357,2.140162694490011,0.0,3.5172560722365476,
0.2733721392703497,0.0023966556090018205,0.30038165884576357,2.140162694490011,0.0,3.5172560722365476,
0.2733721392703497,0.0023966556090018205,0.30038165884576357,2.140162694490011,0.0,3.5057108441826283,
0.2733721392703497,0.0023966556090018205,0.30038165884576357,2.140162694490011,0.0,3.5057108441826283,
0.2733721392703497,0.0023966556090018205,0.30038165884576357,2.140162694490011,0.0,3.5700936865732342,
0.2733721392703497,0.0023966556090018205,0.30038165884576357,2.140162694490011,0.0,3.5700936865732342,
0.2733721392703497,0.0023966556090018205,0.30038165884576357,2.140162694490011,0.0,3.5700936865732342,
0.2733721392703497,0.0023966556090018205,0.30038165884576357,2.140162694490011,0.0,3.5700936865732342,
0.2733721392703497,0.0023966556090018205,0.30038165884576357,2.140162694490011,0.0,3.5700936865732342,
0.2733721392703497,0.0023966556090018205,0.30038165884576357,2.140162694490011,0.0,3.6171598479949316,
0.2733721392703497,0.0023966556090018205,0.30038165884576357,2.140162694490011,0.0,3.6171598479949316,
0.2733721392703497,0.0023966556090018205,0.30038165884576357,2.140162694490011,0.0,3.6171598479949316,
0.2733721392703497,0.0023966556090018205,0.30038165884576357,2.140162694490011,0.0,3.6171598479949316,
0.2733721392703497,0.0023966556090018205,0.30038165884576357,2.140162694490011,0.0,3.6171598479949316,
0.2733721392703497,0.0023966556090018205,0.30038165884576357,2.140162694490011,0.0,3.6171598479949316,
0.2733721392703497,0.0023966556090018205,0.30038165884576357,2.140162694490011,0.0,3.6171598479949316,
0.2733721392703497,0.0023966556090018205,0.30038165884576357,2.140162694490011,0.0,3.6171598479949316,
0.2733721392703497,0.0023966556090018205,0.30038165884576357,2.140162694490011,0.0,3.6171598479949316,
0.2733721392703497,0.0023966556090018205,0.30038165884576357,2.140162694490011,0.0,3.6171598479949316,
0.2733721392703497,0.0023966556090018205,0.30038165884576357,2.140162694490011,0.0,3.6171598479949316,
0.2733721392703497,0.0023966556090018205,0.30038165884576357,2.140162694490011,0.0,3.6171598479949316,
0.2733721392703497,0.0023966556090018205,0.30038165884576357,2.251690811360554,0.0,3.6018104139987472,
0.2733721392703497,0.0023966556090018205,0.30038165884576357,2.251690811360554,0.0,3.6018104139987472,
0.2733721392703497,0.0023966556090018205,0.30038165884576357,2.3506846674843858,0.0,3.3292426251087424,
0.2733721392703497,0.0023966556090018205,0.30038165884576357,2.3506846674843858,0.0,3.3292426251087424,
0.2733721392703497,0.0023966556090018205,0.30038165884576357,2.3506846674843858,0.0,3.3292426251087424,
0.2733721392703497,0.0023966556090018205,0.30038165884576357,2.3506846674843858,0.0,3.217068256067631,
0.2733721392703497,0.0023966556090018205,0.30038165884576357,2.3506846674843858,0.0,3.217068256067631,
0.2733721392703497,0.0023966556090018205,0.30038165884576357,2.3506846674843858,0.0,3.217068256067631,
0.2733721392703497,0.0023966556090018205,0.30038165884576357,2.3506846674843858,0.0,3.217068256067631,
0.2733721392703497,0.0023966556090018205,0.30038165884576357,2.3506846674843858,0.0,3.217068256067631,
0.2733721392703497,0.0023966556090018205,0.30038165884576357,2.3506846674843858,0.0,3.217068256067631,
0.2733721392703497,0.0023966556090018205,0.30038165884576357,2.3506846674843858,0.0,3.217068256067631,
0.2733721392703497,0.0023966556090018205,0.30038165884576357,2.3506846674843858,0.0,3.217068256067631,
0.2733721392703497,0.0023966556090018205,0.30038165884576357,2.3506846674843858,0.0,3.2850652386145445,
0.2733721392703497,0.0023966556090018205,0.30038165884576357,2.3506846674843858,0.0,3.2850652386145445,
0.2733721392703497,0.0023966556090018205,0.30038165884576357,2.3506846674843858,0.0,3.2850652386145445,
0.2733721392703497,0.0023966556090018205,0.30038165884576357,2.3506846674843858,0.0,3.2850652386145445,
0.2733721392703497,0.0023966556090018205,0.30038165884576357,2.3506846674843858,0.0,3.2850652386145445,
0.2733721392703497,0.0023966556090018205,0.30038165884576357,2.3506846674843858,0.0,3.2850652386145445,
0.2733721392703497,0.0023966556090018205,0.30038165884576357,2.3506846674843858,0.0,3.2850652386145445,
0.2733721392703497,0.0023966556090018205,0.30038165884576357,2.3506846674843858,0.0,3.2850652386145445,
0.2733721392703497,0.0023966556090018205,0.30038165884576357,2.3506846674843858,0.0,3.2850652386145445,
0.2733721392703497,0.0023966556090018205,0.30038165884576357,2.3506846674843858,0.0,3.34755147622504,
0.2733721392703497,0.0023966556090018205,0.30038165884576357,2.3506846674843858,0.0,3.34755147622504,
0.2733721392703497,0.0023966556090018205,0.30038165884576357,2.3506846674843858,0.0,3.34755147622504,
0.2733721392703497,0.0023966556090018205,0.30038165884576357,2.3506846674843858,0.0,3.34755147622504,
0.2733721392703497,0.0023966556090018205,0.30038165884576357,2.3506846674843858,0.0,3.34755147622504,
0.2733721392703497,0.0023966556090018205,0.30038165884576357,2.3506846674843858,0.0,3.34755147622504,
0.2733721392703497,0.0023966556090018205,0.30038165884576357,2.3506846674843858,0.0,3.34755147622504,
0.2733721392703497,0.0023966556090018205,0.30038165884576357,2.3506846674843858,0.0,3.423245754379449,
0.2733721392703497,0.0023966556090018205,0.30038165884576357,2.3506846674843858,0.0,3.423245754379449,
0.2733721392703497,0.0023966556090018205,0.30038165884576357,2.3506846674843858,0.0,3.423245754379449,
0.2733721392703497,0.0023966556090018205,0.30038165884576357,2.3506846674843858,0.0,3.423245754379449,
0.2733721392703497,0.0023966556090018205,0.30038165884576357,2.3506846674843858,0.0,3.423245754379449,
0.2733721392703497,0.0023966556090018205,0.30038165884576357,2.3506846674843858,0.0,3.423245754379449,
0.2733721392703497,0.0023966556090018205,0.30038165884576357,2.3506846674843858,0.0,3.423245754379449,
0.2733721392703497,0.0023966556090018205,0.30038165884576357,2.3506846674843858,0.0,3.423245754379449,
0.2733721392703497,0.0023966556090018205,0.30038165884576357,2.3506846674843858,0.0,3.423245754379449,
0.2733721392703497,0.0023966556090018205,0.30038165884576357,2.3506846674843858,0.0,3.423245754379449,
0.2733721392703497,0.0023966556090018205,0.30038165884576357,2.3506846674843858,0.0,3.423245754379449,
0.2733721392703497,0.0023966556090018205,0.30038165884576357,2.3506846674843858,0.0,3.423245754379449,
0.2733721392703497,0.0023966556090018205,0.30038165884576357,2.3506846674843858,0.0,3.423245754379449,
0.2733721392703497,0.0023966556090018205,0.30038165884576357,2.3506846674843858,0.0,3.423245754379449,
0.2733721392703497,0.0023966556090018205,0.30038165884576357,2.3506846674843858,0.0,3.423245754379449,
0.2733721392703497,0.0023966556090018205,0.30038165884576357,2.3506846674843858,0.0,3.423245754379449,
0.2733721392703497,0.0023966556090018205,0.30038165884576357,2.3506846674843858,0.0,3.423245754379449,
0.2733721392703497,0.0023966556090018205,0.30038165884576357,2.3506846674843858,0.0,3.423245754379449,
0.2733721392703497,0.0023966556090018205,0.30038165884576357,2.3506846674843858,0.0,3.423245754379449,
0.2733721392703497,0.0023966556090018205,0.30038165884576357,2.3506846674843858,0.0,3.423245754379449,
0.2733721392703497,0.0023966556090018205,0.30038165884576357,2.3506846674843858,0.0,3.403795743478011,
0.2733721392703497,0.0023966556090018205,0.30038165884576357,2.3506846674843858,0.0,3.403795743478011,
0.2733721392703497,0.0023966556090018205,0.30038165884576357,2.3506846674843858,0.0,3.403795743478011,
0.2733721392703497,0.0023966556090018205,0.30038165884576357,2.3506846674843858,0.0,3.403795743478011,
0.2733721392703497,0.0023966556090018205,0.30038165884576357,2.3506846674843858,0.0,3.403795743478011,
0.2733721392703497,0.0023966556090018205,0.30038165884576357,2.3506846674843858,0.0,3.403795743478011,
0.2733721392703497,0.0023966556090018205,0.30038165884576357,2.3506846674843858,0.0,3.403795743478011,
0.2733721392703497,0.0023966556090018205,0.30038165884576357,2.3506846674843858,0.0,3.403795743478011,
0.2733721392703497,0.0023966556090018205,0.30038165884576357,2.3506846674843858,0.0,3.403795743478011,
0.2733721392703497,0.0023966556090018205,0.30038165884576357,2.3506846674843858,0.0,3.403795743478011,
0.2733721392703497,0.0023966556090018205,0.30038165884576357,2.3506846674843858,0.0,3.403795743478011,
0.2733721392703497,0.0023966556090018205,0.30038165884576357,2.3506846674843858,0.0,3.403795743478011,
0.2733721392703497,0.0023966556090018205,0.30038165884576357,2.3506846674843858,0.0,3.403795743478011,
0.2733721392703497,0.0023966556090018205,0.30038165884576357,2.3506846674843858,0.0,3.3528018601102434,
0.2733721392703497,0.0023966556090018205,0.30038165884576357,2.3506846674843858,0.0,3.3528018601102434,
0.2733721392703497,0.0023966556090018205,0.30038165884576357,2.3506846674843858,0.0,3.3528018601102434,
0.2733721392703497,0.0023966556090018205,0.30038165884576357,2.3506846674843858,0.0,3.3528018601102434,
0.2733721392703497,0.0023966556090018205,0.30038165884576357,2.3506846674843858,0.0,3.3528018601102434,
0.2733721392703497,0.0023966556090018205,0.30038165884576357,2.3506846674843858,0.0,3.3528018601102434,
0.2733721392703497,0.0023966556090018205,0.30038165884576357,2.3506846674843858,0.0,3.3528018601102434,
0.2733721392703497,0.0023966556090018205,0.30038165884576357,2.417368368145869,0.0,3.305430602647172,
0.2733721392703497,0.0023966556090018205,0.30038165884576357,2.417368368145869,0.0,3.305430602647172,
0.2733721392703497,0.0023966556090018205,0.30038165884576357,2.417368368145869,0.0,3.166034624005177,
0.2733721392703497,0.0023966556090018205,0.30038165884576357,2.417368368145869,0.0,3.166034624005177,
0.2733721392703497,0.0023966556090018205,0.30038165884576357,2.417368368145869,0.0,3.166034624005177,
0.2733721392703497,0.0023966556090018205,0.30038165884576357,2.417368368145869,0.0,3.166034624005177,
0.2733721392703497,0.0023966556090018205,0.30038165884576357,2.417368368145869,0.0,3.166034624005177,
0.2733721392703497,0.0023966556090018205,0.30038165884576357,2.417368368145869,0.0,3.166034624005177,
0.2733721392703497,0.0023966556090018205,0.30038165884576357,2.417368368145869,0.0,3.166034624005177,
0.2733721392703497,0.0023966556090018205,0.30038165884576357,2.417368368145869,0.0,3.166034624005177,
0.2733721392703497,0.0023966556090018205,0.30038165884576357,2.417368368145869,0.0,3.166034624005177,
0.2733721392703497,0.0023966556090018205,0.30038165884576357,2.417368368145869,0.0,3.166034624005177,
0.2733721392703497,0.0023966556090018205,0.30038165884576357,2.417368368145869,0.0,3.166034624005177,
0.2733721392703497,0.0023966556090018205,0.30038165884576357,2.417368368145869,0.0,3.166034624005177,
0.2733721392703497,0.0023966556090018205,0.30038165884576357,2.417368368145869,0.0,3.166034624005177,
0.2733721392703497,0.0023966556090018205,0.30038165884576357,2.417368368145869,0.0,3.166034624005177,
0.2733721392703497,0.0023966556090018205,0.30038165884576357,2.417368368145869,0.0,3.166034624005177,
0.2733721392703497,0.0023966556090018205,0.30038165884576357,2.417368368145869,0.0,3.166034624005177,
0.2733721392703497,0.0023966556090018205,0.30038165884576357,2.417368368145869,0.0,3.166034624005177,
0.2733721392703497,0.0023966556090018205,0.30038165884576357,2.417368368145869,0.0,3.166034624005177,
0.2733721392703497,0.0023966556090018205,0.30038165884576357,2.417368368145869,0.0,3.166034624005177,
0.2733721392703497,0.0023966556090018205,0.30038165884576357,2.417368368145869,0.0,3.166034624005177,
0.2733721392703497,0.0023966556090018205,0.30038165884576357,2.417368368145869,0.0,3.166034624005177,
0.2733721392703497,0.0023966556090018205,0.30038165884576357,2.417368368145869,0.0,3.166034624005177,
0.2733721392703497,0.0023966556090018205,0.30038165884576357,2.417368368145869,0.0,3.166034624005177,
0.2733721392703497,0.0023966556090018205,0.30038165884576357,2.417368368145869,0.0,3.166034624005177,
0.2733721392703497,0.0023966556090018205,0.30038165884576357,2.417368368145869,0.0,3.166034624005177,
0.2733721392703497,0.0023966556090018205,0.30038165884576357,2.417368368145869,0.0,3.166034624005177,
0.2733721392703497,0.0023966556090018205,0.30038165884576357,2.417368368145869,0.0,3.166034624005177,
0.2733721392703497,0.0023966556090018205,0.30038165884576357,2.417368368145869,0.0,3.166034624005177,
0.2733721392703497,0.0023966556090018205,0.30038165884576357,2.417368368145869,0.0,3.166034624005177,
0.2733721392703497,0.0023966556090018205,0.30038165884576357,2.417368368145869,0.0,3.2467874783970263,
0.2733721392703497,0.0023966556090018205,0.30038165884576357,2.417368368145869,0.0,3.2467874783970263,
0.2733721392703497,0.0023966556090018205,0.30038165884576357,2.417368368145869,0.0,3.2467874783970263,
0.2733721392703497,0.0023966556090018205,0.30038165884576357,2.417368368145869,0.0,3.2467874783970263,
0.2733721392703497,0.0023966556090018205,0.30038165884576357,2.417368368145869,0.0,3.2467874783970263,
0.2733721392703497,0.0023966556090018205,0.30038165884576357,2.417368368145869,0.0,3.2467874783970263,
0.2733721392703497,0.0023966556090018205,0.30038165884576357,2.417368368145869,0.0,3.2467874783970263,
0.2733721392703497,0.0023966556090018205,0.30038165884576357,2.417368368145869,0.0,3.2467874783970263,
0.2733721392703497,0.0023966556090018205,0.30038165884576357,2.417368368145869,0.0,3.2467874783970263,
0.2733721392703497,0.0023966556090018205,0.30038165884576357,2.417368368145869,0.0,3.2467874783970263,
0.2733721392703497,0.0023966556090018205,0.30038165884576357,2.417368368145869,0.0,3.2467874783970263,
0.2733721392703497,0.0023966556090018205,0.30038165884576357,2.417368368145869,0.0,3.2467874783970263,
0.2733721392703497,0.0023966556090018205,0.30038165884576357,2.417368368145869,0.0,3.3244372391426644,
0.2733721392703497,0.0023966556090018205,0.30038165884576357,2.417368368145869,0.0,3.3244372391426644,
0.2733721392703497,0.0023966556090018205,0.30038165884576357,2.417368368145869,0.0,3.3244372391426644,
0.2733721392703497,0.0023966556090018205,0.30038165884576357,2.417368368145869,0.0,3.3244372391426644,
0.2733721392703497,0.37475764234258047,0.30038165884576357,2.417368368145869,0.0,3.3244372391426644,
0.2733721392703497,0.37475764234258047,0.30038165884576357,2.417368368145869,0.0,3.3244372391426644,
0.2733721392703497,0.37475764234258047,0.30038165884576357,2.417368368145869,0.0,3.3244372391426644,
0.2733721392703497,0.37475764234258047,0.30038165884576357,2.417368368145869,0.0,3.3244372391426644,
0.2733721392703497,0.37475764234258047,0.30038165884576357,2.417368368145869,0.0,3.3244372391426644,
0.2733721392703497,0.37475764234258047,0.30038165884576357,2.417368368145869,0.0,3.3244372391426644,
0.2733721392703497,0.37475764234258047,0.30038165884576357,2.417368368145869,0.0,3.3244372391426644,
0.2733721392703497,0.37475764234258047,0.30038165884576357,2.417368368145869,0.0,3.399492157953041,
0.2733721392703497,0.37475764234258047,0.30038165884576357,2.417368368145869,0.0,3.399492157953041,
0.2733721392703497,0.37475764234258047,0.30038165884576357,2.417368368145869,0.0,3.399492157953041,
0.2733721392703497,0.37475764234258047,0.30038165884576357,2.417368368145869,0.0,3.399492157953041,
0.2733721392703497,0.37475764234258047,0.30038165884576357,2.417368368145869,0.0,3.399492157953041,
0.2733721392703497,0.37475764234258047,0.30038165884576357,2.417368368145869,0.0,3.399492157953041,
0.2733721392703497,0.37475764234258047,0.30038165884576357,2.417368368145869,0.0,3.420914807584811,
0.2733721392703497,0.37475764234258047,0.30038165884576357,2.417368368145869,0.0,3.420914807584811,
0.2733721392703497,0.37475764234258047,0.30038165884576357,2.417368368145869,0.0,3.420914807584811,
0.2733721392703497,0.37475764234258047,0.30038165884576357,2.417368368145869,0.0,3.420914807584811,
0.2733721392703497,0.37475764234258047,0.30038165884576357,2.417368368145869,0.0,3.420914807584811,
0.2733721392703497,0.37475764234258047,0.30038165884576357,2.417368368145869,0.0,3.420914807584811,
0.2733721392703497,0.37475764234258047,0.30038165884576357,2.417368368145869,0.0,3.420914807584811,
0.2733721392703497,0.37475764234258047,0.30038165884576357,2.417368368145869,0.0,3.40675829600231,
0.2733721392703497,0.7130357537330556,0.30038165884576357,2.417368368145869,0.0,3.40675829600231,
0.2733721392703497,0.7130357537330556,0.30038165884576357,2.417368368145869,0.0,3.40675829600231,
0.2733721392703497,0.7130357537330556,0.30038165884576357,2.417368368145869,0.0,3.40675829600231,
0.2733721392703497,0.7130357537330556,0.30038165884576357,2.417368368145869,0.0,3.40675829600231,
0.2733721392703497,0.7130357537330556,0.30038165884576357,2.417368368145869,0.0,3.429254081564676,
0.2733721392703497,0.7130357537330556,0.30038165884576357,2.417368368145869,0.0,3.429254081564676,
0.2733721392703497,0.7130357537330556,0.30038165884576357,2.417368368145869,0.0,3.429254081564676,
0.2733721392703497,0.7130357537330556,0.30038165884576357,2.417368368145869,0.0,3.429254081564676,
0.2733721392703497,0.7130357537330556,0.30038165884576357,2.417368368145869,0.0,3.429254081564676,
0.2733721392703497,0.7130357537330556,0.30038165884576357,2.417368368145869,0.0,3.429254081564676,
0.2733721392703497,0.7130357537330556,0.30038165884576357,2.417368368145869,0.0,3.429254081564676,
0.2733721392703497,0.7130357537330556,0.30038165884576357,2.417368368145869,0.0,3.429254081564676,
0.2733721392703497,0.7130357537330556,0.30038165884576357,2.417368368145869,0.0,3.429254081564676,
0.2733721392703497,0.7130357537330556,0.30038165884576357,2.417368368145869,0.0,3.429254081564676,
0.2733721392703497,0.7130357537330556,0.30038165884576357,2.417368368145869,0.0,3.429254081564676,
0.2733721392703497,0.7130357537330556,0.30038165884576357,2.417368368145869,0.0,3.429254081564676,
0.2733721392703497,0.7130357537330556,0.30038165884576357,2.417368368145869,0.0,3.429254081564676,
0.2733721392703497,0.7130357537330556,0.30038165884576357,2.417368368145869,0.0,3.429254081564676,
0.2733721392703497,0.7130357537330556,0.30038165884576357,2.417368368145869,0.0,3.429254081564676,
0.2733721392703497,0.7130357537330556,0.30038165884576357,2.417368368145869,0.0,3.4839127383184203,
0.2733721392703497,0.7130357537330556,0.30038165884576357,2.417368368145869,0.0,3.4839127383184203,
0.2733721392703497,0.7130357537330556,0.30038165884576357,2.417368368145869,0.0,3.458640755884419,
0.2733721392703497,0.7130357537330556,0.30038165884576357,2.417368368145869,0.0,3.458640755884419,
0.2733721392703497,0.7130357537330556,0.30038165884576357,2.417368368145869,0.0,3.458640755884419,
0.2733721392703497,0.7130357537330556,0.30038165884576357,2.417368368145869,0.0,3.458640755884419,
0.2733721392703497,0.7130357537330556,0.30038165884576357,2.417368368145869,0.0,3.458640755884419,
0.2733721392703497,0.7130357537330556,0.30038165884576357,2.417368368145869,0.0,3.458640755884419,
0.2733721392703497,0.7130357537330556,0.30038165884576357,2.48690919936088,0.0,3.5043240336228387,
0.2733721392703497,0.7130357537330556,0.30038165884576357,2.48690919936088,0.0,3.5043240336228387,
0.2733721392703497,0.7130357537330556,0.30038165884576357,2.48690919936088,0.0,3.5043240336228387,
0.2733721392703497,0.7130357537330556,0.30038165884576357,2.48690919936088,0.0,3.5043240336228387,
0.2733721392703497,0.7130357537330556,0.30038165884576357,2.48690919936088,0.0,3.5043240336228387,
0.2733721392703497,0.7130357537330556,0.30038165884576357,2.48690919936088,0.0,3.5430723213077417,
0.2733721392703497,0.7130357537330556,0.30038165884576357,2.48690919936088,0.0,3.5430723213077417,
0.2733721392703497,0.7130357537330556,0.30038165884576357,2.48690919936088,0.0,3.5797688423059206,
0.2733721392703497,0.7130357537330556,0.30038165884576357,2.48690919936088,0.0,3.5797688423059206,
0.2733721392703497,0.7130357537330556,0.30038165884576357,2.48690919936088,0.0,3.5797688423059206,
0.2733721392703497,0.7130357537330556,0.30038165884576357,2.48690919936088,0.0,3.5797688423059206,
0.2733721392703497,0.7130357537330556,0.30038165884576357,2.48690919936088,0.0,3.5797688423059206,
0.2733721392703497,0.7130357537330556,0.30038165884576357,2.48690919936088,0.0,3.5797688423059206,
0.2733721392703497,0.7130357537330556,0.30038165884576357,2.48690919936088,0.0,3.5797688423059206,
0.2733721392703497,0.7130357537330556,0.30038165884576357,2.48690919936088,0.0,3.6165072043144146,
0.2733721392703497,0.7130357537330556,0.30038165884576357,2.48690919936088,0.0,3.603995872922681,
0.2733721392703497,0.7130357537330556,0.30038165884576357,2.48690919936088,0.0,3.603995872922681,
0.2733721392703497,1.0148956888881404,0.30038165884576357,2.48690919936088,0.0,3.603995872922681,
0.2733721392703497,1.0148956888881404,0.30038165884576357,2.48690919936088,0.0,3.486967144511905,
0.2733721392703497,1.0148956888881404,0.30038165884576357,2.48690919936088,0.0,3.486967144511905,
0.2733721392703497,1.0148956888881404,0.30038165884576357,2.5520453224308635,0.0,3.51041372737943,
0.2733721392703497,1.0148956888881404,0.30038165884576357,2.5520453224308635,0.0,3.51041372737943,
0.2733721392703497,1.0148956888881404,0.30038165884576357,2.5520453224308635,0.0,3.51041372737943,
0.2733721392703497,1.0148956888881404,0.30038165884576357,2.5520453224308635,0.0,3.51041372737943,
0.2733721392703497,1.0148956888881404,0.30038165884576357,2.612778025651926,0.0,3.467229236883175,
0.2733721392703497,1.0148956888881404,0.30038165884576357,2.612778025651926,0.0,3.3722518997569857,
0.2733721392703497,1.0148956888881404,0.30038165884576357,2.612778025651926,0.0,3.3722518997569857,
0.2733721392703497,1.0148956888881404,0.30038165884576357,2.612778025651926,0.0,3.3722518997569857,
0.2733721392703497,1.0148956888881404,0.30038165884576357,2.612778025651926,0.0,3.3722518997569857,
0.2733721392703497,1.0148956888881404,0.30038165884576357,2.612778025651926,0.0,3.3722518997569857,
0.2733721392703497,1.0148956888881404,0.30038165884576357,2.612778025651926,0.0,3.3722518997569857,
0.2733721392703497,1.0148956888881404,0.30038165884576357,2.612778025651926,0.0,3.3722518997569857,
0.2733721392703497,1.0148956888881404,0.30038165884576357,2.612778025651926,0.0,3.3722518997569857,
0.2733721392703497,1.0148956888881404,0.30038165884576357,2.6550028940648622,0.0,3.4372858621358886,
0.2733721392703497,1.0148956888881404,0.30038165884576357,2.6550028940648622,0.0,3.4372858621358886,
0.2733721392703497,1.0148956888881404,0.30038165884576357,2.6550028940648622,0.0,3.4372858621358886,
0.2733721392703497,1.0148956888881404,0.30038165884576357,2.6550028940648622,0.0,3.4372858621358886,
0.2733721392703497,1.0148956888881404,0.30038165884576357,2.6550028940648622,0.0,3.4372858621358886,
0.2733721392703497,1.0148956888881404,0.30038165884576357,2.6550028940648622,0.0,3.4372858621358886,
0.2733721392703497,1.0148956888881404,0.30038165884576357,2.6550028940648622,0.0,3.4372858621358886,
0.2733721392703497,1.0148956888881404,0.30038165884576357,2.6550028940648622,0.0,3.4372858621358886,
0.2733721392703497,1.0148956888881404,0.30038165884576357,2.6550028940648622,0.0,3.4372858621358886,
0.2733721392703497,1.0148956888881404,0.30038165884576357,2.6550028940648622,0.0,3.4372858621358886,
0.2733721392703497,1.0148956888881404,0.30038165884576357,2.6550028940648622,0.0,3.4372858621358886,
0.2733721392703497,1.0148956888881404,0.30038165884576357,2.6550028940648622,0.0,3.4372858621358886,
0.2733721392703497,1.0148956888881404,0.30038165884576357,2.6550028940648622,0.0,3.4372858621358886,
0.2733721392703497,1.0148956888881404,0.30038165884576357,2.6550028940648622,0.0,3.4372858621358886,
0.2733721392703497,1.0148956888881404,0.30038165884576357,2.6550028940648622,0.0,3.4372858621358886,
0.2733721392703497,1.0148956888881404,0.30038165884576357,2.6550028940648622,0.0,3.4372858621358886,
0.2733721392703497,1.0148956888881404,0.30038165884576357,2.6550028940648622,0.0,3.4372858621358886,
0.2733721392703497,1.0148956888881404,0.30038165884576357,2.6550028940648622,0.0,3.4372858621358886,
0.2733721392703497,1.0148956888881404,0.30038165884576357,2.6550028940648622,0.0,3.489763681106955,
0.2733721392703497,1.0148956888881404,0.30038165884576357,2.6550028940648622,0.0,3.489763681106955,
0.2733721392703497,1.0148956888881404,0.30038165884576357,2.6550028940648622,0.0,3.547595170712878,
0.2733721392703497,1.0148956888881404,0.30038165884576357,2.6550028940648622,0.0,3.547595170712878,
0.2733721392703497,1.0148956888881404,0.30038165884576357,2.6550028940648622,0.0,3.5266433703040976,
0.2733721392703497,1.0148956888881404,0.30038165884576357,2.6550028940648622,0.0,3.5266433703040976,
0.2733721392703497,1.0148956888881404,0.30038165884576357,2.6550028940648622,0.0,3.5266433703040976,
0.2733721392703497,1.0148956888881404,0.30038165884576357,2.6550028940648622,0.0,3.5266433703040976,
0.2733721392703497,1.0148956888881404,0.30038165884576357,2.6550028940648622,0.0,3.5266433703040976,
0.2733721392703497,1.0148956888881404,0.30038165884576357,2.6550028940648622,0.0,3.5266433703040976,
0.2733721392703497,1.0148956888881404,0.30038165884576357,2.6550028940648622,0.0,3.5266433703040976,
0.2733721392703497,1.0148956888881404,0.30038165884576357,2.6550028940648622,0.0,3.5266433703040976,
0.2733721392703497,1.0148956888881404,0.30038165884576357,2.6550028940648622,0.0,3.5266433703040976,
0.2733721392703497,1.0148956888881404,0.30038165884576357,2.6550028940648622,0.0,3.5266433703040976,
0.2733721392703497,1.0148956888881404,0.30038165884576357,2.6550028940648622,0.0,3.5266433703040976,
0.2733721392703497,1.0148956888881404,0.30038165884576357,2.6550028940648622,0.0,3.5266433703040976,
0.2733721392703497,1.0148956888881404,0.30038165884576357,2.6550028940648622,0.0,3.5266433703040976,
0.2733721392703497,1.0148956888881404,0.30038165884576357,2.6550028940648622,0.0,3.5266433703040976,
0.2733721392703497,1.0148956888881404,0.587741396288556,2.6550028940648622,0.0,3.5767286442085027,
0.2733721392703497,1.0148956888881404,0.587741396288556,2.6550028940648622,0.0,3.5767286442085027,
0.2733721392703497,1.0148956888881404,0.587741396288556,2.6550028940648622,0.0,3.5767286442085027,
0.2733721392703497,1.0148956888881404,0.587741396288556,2.6550028940648622,0.0,3.5767286442085027,
0.2733721392703497,1.0148956888881404,0.587741396288556,2.6550028940648622,0.0,3.5767286442085027,
0.2733721392703497,1.0148956888881404,0.587741396288556,2.6550028940648622,0.0,3.5767286442085027,
0.2733721392703497,1.0148956888881404,0.587741396288556,2.6550028940648622,0.0,3.5767286442085027,
0.2733721392703497,1.0148956888881404,0.587741396288556,2.6550028940648622,0.0,3.622120282160056,
0.2733721392703497,1.0148956888881404,0.587741396288556,2.6550028940648622,0.0,3.622120282160056,
0.2733721392703497,1.0148956888881404,0.587741396288556,2.6550028940648622,0.0,3.622120282160056,
0.2733721392703497,1.0148956888881404,0.587741396288556,2.6550028940648622,0.0,3.622120282160056,
0.2733721392703497,1.0148956888881404,0.587741396288556,2.6550028940648622,0.0,3.5207426542890756,
0.2733721392703497,1.0148956888881404,0.587741396288556,2.6550028940648622,0.0,3.5207426542890756,
0.2733721392703497,1.0148956888881404,0.587741396288556,2.6550028940648622,0.0,3.5207426542890756,
0.2733721392703497,1.0148956888881404,0.587741396288556,2.6550028940648622,0.0,3.5207426542890756,
0.2733721392703497,1.0148956888881404,0.587741396288556,2.6550028940648622,0.0,3.5207426542890756,
0.2733721392703497,1.0148956888881404,0.587741396288556,2.6550028940648622,0.0,3.5207426542890756,
0.2733721392703497,1.0148956888881404,0.587741396288556,2.6550028940648622,0.0,3.5207426542890756,
0.2733721392703497,1.0148956888881404,0.587741396288556,2.6550028940648622,0.0,3.5207426542890756,
0.2733721392703497,1.0148956888881404,0.587741396288556,2.706369443544393,0.0,3.5228315040548916,
0.2733721392703497,1.0148956888881404,0.587741396288556,2.706369443544393,0.0,3.5228315040548916,
0.2733721392703497,1.0148956888881404,0.587741396288556,2.706369443544393,0.0,3.5228315040548916,
0.2733721392703497,1.0148956888881404,0.587741396288556,2.706369443544393,0.0,3.5228315040548916,
0.2733721392703497,1.0148956888881404,0.587741396288556,2.706369443544393,0.0,3.5228315040548916,
0.2733721392703497,1.0148956888881404,0.587741396288556,2.706369443544393,0.0,3.5228315040548916,
0.2733721392703497,1.0148956888881404,0.587741396288556,2.706369443544393,0.0,3.5659841225885995,
0.2733721392703497,1.0148956888881404,0.587741396288556,2.706369443544393,0.0,3.5248406705667934,
0.2733721392703497,1.0148956888881404,0.587741396288556,2.706369443544393,0.0,3.5248406705667934,
0.2733721392703497,1.0148956888881404,0.587741396288556,2.706369443544393,0.0,3.5248406705667934,
0.2733721392703497,1.0148956888881404,0.587741396288556,2.706369443544393,0.0,3.5248406705667934,
0.2733721392703497,1.0148956888881404,0.587741396288556,2.706369443544393,0.0,3.5248406705667934,
0.2733721392703497,1.0148956888881404,0.587741396288556,2.706369443544393,0.0,3.5248406705667934,
0.2733721392703497,1.0148956888881404,0.587741396288556,2.706369443544393,0.0,3.5248406705667934,
0.2733721392703497,1.0148956888881404,0.587741396288556,2.706369443544393,0.0,3.5248406705667934,
0.2733721392703497,1.0148956888881404,0.587741396288556,2.706369443544393,0.0,3.5248406705667934,
0.2733721392703497,1.0148956888881404,0.587741396288556,2.706369443544393,0.0,3.5248406705667934,
0.2733721392703497,1.0148956888881404,0.587741396288556,2.706369443544393,0.0,3.5248406705667934,
0.2733721392703497,1.0148956888881404,0.587741396288556,2.706369443544393,0.0,3.5248406705667934,
0.2733721392703497,1.0148956888881404,0.587741396288556,2.706369443544393,0.0,3.495318182055709,
0.2733721392703497,1.0148956888881404,0.587741396288556,2.706369443544393,0.0,3.495318182055709,
0.2733721392703497,1.0148956888881404,0.8435458930447143,2.706369443544393,0.0,3.473215150508909,
0.2733721392703497,1.0148956888881404,0.8435458930447143,2.706369443544393,0.0,3.473215150508909,
0.2733721392703497,1.0148956888881404,0.8435458930447143,2.706369443544393,0.0,3.473215150508909,
0.2733721392703497,1.0148956888881404,0.8435458930447143,2.706369443544393,0.0,3.473215150508909,
0.2733721392703497,1.0148956888881404,0.8435458930447143,2.706369443544393,0.0,3.473215150508909,
0.2733721392703497,1.0148956888881404,0.8435458930447143,2.706369443544393,0.0,3.473215150508909,
0.2733721392703497,1.0148956888881404,0.8435458930447143,2.706369443544393,0.0,3.473215150508909,
0.2733721392703497,1.0148956888881404,0.8435458930447143,2.706369443544393,0.0,3.473215150508909,
0.2733721392703497,1.0148956888881404,0.8435458930447143,2.7483218627357555,0.0,3.5254385047496246,
0.2733721392703497,1.0148956888881404,0.8435458930447143,2.7907791418896464,0.0,3.5341761603070614,
0.2733721392703497,1.0148956888881404,0.8435458930447143,2.7907791418896464,0.0,3.5341761603070614,
0.2733721392703497,1.0148956888881404,0.8435458930447143,2.7907791418896464,0.0,3.5341761603070614,
0.2733721392703497,1.0148956888881404,0.8435458930447143,2.7907791418896464,0.0,3.5341761603070614,
0.2733721392703497,1.0148956888881404,0.8435458930447143,2.7907791418896464,0.0,3.5341761603070614,
0.2733721392703497,1.0148956888881404,0.8435458930447143,2.7907791418896464,0.0,3.5341761603070614,
0.2733721392703497,1.0148956888881404,0.8435458930447143,2.7907791418896464,0.0,3.5792048726687216,
0.2733721392703497,1.0148956888881404,0.8435458930447143,2.7907791418896464,0.0,3.614784263406243,
0.2733721392703497,1.0148956888881404,0.8435458930447143,2.7907791418896464,0.0,3.614784263406243,
0.2733721392703497,1.0148956888881404,0.8435458930447143,2.8370318114072437,0.0,3.6123933998628783,
0.2733721392703497,1.0148956888881404,0.8435458930447143,2.8370318114072437,0.0,3.6123933998628783,
0.2733721392703497,1.0148956888881404,0.8435458930447143,2.8370318114072437,0.0,3.6123933998628783,
0.2733721392703497,1.0148956888881404,0.8435458930447143,2.8370318114072437,0.0,3.6123933998628783,
0.2733721392703497,1.0148956888881404,0.8435458930447143,2.8370318114072437,0.0,3.6123933998628783,
0.2733721392703497,1.0148956888881404,0.8435458930447143,2.8370318114072437,0.0,3.6123933998628783,
0.2733721392703497,1.0148956888881404,0.8435458930447143,2.8370318114072437,0.0,3.6123933998628783,
0.2733721392703497,1.0148956888881404,0.8435458930447143,2.8370318114072437,0.0,3.6123933998628783,
0.2733721392703497,1.0148956888881404,0.8435458930447143,2.8370318114072437,0.0,3.6123933998628783,
0.2733721392703497,1.0148956888881404,0.8435458930447143,2.8370318114072437,0.0,3.6123933998628783,
0.2733721392703497,1.0148956888881404,0.8435458930447143,2.8370318114072437,0.0,3.6123933998628783,
0.2733721392703497,1.0148956888881404,0.8435458930447143,2.8370318114072437,0.0,3.6123933998628783,
0.2733721392703497,1.0148956888881404,0.8435458930447143,2.8370318114072437,0.0,3.6123933998628783,
0.2733721392703497,1.0148956888881404,0.8435458930447143,2.8370318114072437,0.0,3.6123933998628783,
0.2733721392703497,1.0148956888881404,0.8435458930447143,2.8370318114072437,0.0,3.6123933998628783,
0.2733721392703497,1.0148956888881404,0.8435458930447143,2.8370318114072437,0.0,3.6123933998628783,
0.2733721392703497,1.0148956888881404,0.8435458930447143,2.8370318114072437,0.0,3.6123933998628783,
0.2733721392703497,1.0148956888881404,0.8435458930447143,2.8370318114072437,0.0,3.5961440484241782,
0.2733721392703497,1.0148956888881404,0.8435458930447143,2.8370318114072437,0.0,3.5961440484241782,
0.2733721392703497,1.0148956888881404,0.8435458930447143,2.8370318114072437,0.0,3.5961440484241782,
0.2733721392703497,1.0148956888881404,0.8435458930447143,2.8370318114072437,0.0,3.5961440484241782,
0.2733721392703497,1.0148956888881404,0.8435458930447143,2.8370318114072437,0.0,3.5327896517533373,
0.2733721392703497,1.0148956888881404,0.8435458930447143,2.8370318114072437,0.0,3.5327896517533373,
0.2733721392703497,1.0148956888881404,0.8435458930447143,2.8370318114072437,0.0,3.5327896517533373,
0.2733721392703497,1.0148956888881404,0.8435458930447143,2.8370318114072437,0.0,3.5327896517533373,
0.2733721392703497,1.0148956888881404,0.8435458930447143,2.8370318114072437,0.0,3.5327896517533373,
0.2733721392703497,1.0148956888881404,0.8435458930447143,2.8370318114072437,0.0,3.5327896517533373,
0.2733721392703497,1.0148956888881404,0.8435458930447143,2.8370318114072437,0.0,3.5327896517533373,
0.2733721392703497,1.0148956888881404,0.8435458930447143,2.8370318114072437,0.0,3.5327896517533373,
0.2733721392703497,1.0148956888881404,0.8435458930447143,2.8370318114072437,0.0,3.5327896517533373,
0.2733721392703497,1.0148956888881404,0.8435458930447143,2.8370318114072437,0.0,3.5327896517533373,
0.2733721392703497,1.0148956888881404,0.8435458930447143,2.8370318114072437,0.0,3.5327896517533373,
0.2733721392703497,1.0148956888881404,0.8435458930447143,2.8370318114072437,0.0,3.5327896517533373,
0.2733721392703497,1.0148956888881404,0.8435458930447143,2.8370318114072437,0.0,3.5327896517533373,
0.2733721392703497,1.0148956888881404,0.8435458930447143,2.8370318114072437,0.0,3.5327896517533373,
0.2733721392703497,1.0148956888881404,0.8435458930447143,2.8370318114072437,0.0,3.5327896517533373,
0.2733721392703497,1.0148956888881404,0.8435458930447143,2.8370318114072437,0.0,3.5327896517533373,
0.2733721392703497,1.0148956888881404,0.8435458930447143,2.8370318114072437,0.0,3.5327896517533373,
0.2733721392703497,1.0148956888881404,0.8435458930447143,2.8370318114072437,0.0,3.5327896517533373,
0.2733721392703497,1.0148956888881404,0.8435458930447143,2.8370318114072437,0.0,3.5327896517533373,
0.2733721392703497,1.0148956888881404,0.8435458930447143,2.8370318114072437,0.0,3.5327896517533373,
0.2733721392703497,1.0148956888881404,0.8435458930447143,2.8370318114072437,0.0,3.5327896517533373,
0.2733721392703497,1.0148956888881404,0.8435458930447143,2.8370318114072437,0.0,3.5327896517533373,
0.2733721392703497,1.0148956888881404,0.8435458930447143,2.8370318114072437,0.0,3.5327896517533373,
0.2733721392703497,1.0148956888881404,0.8435458930447143,2.8370318114072437,0.0,3.5327896517533373,
0.2733721392703497,1.0148956888881404,0.8435458930447143,2.8370318114072437,0.0,3.5327896517533373,
0.2733721392703497,1.0148956888881404,0.8435458930447143,2.8370318114072437,0.0,3.345865229448284,
0.2733721392703497,1.0148956888881404,0.8435458930447143,2.8370318114072437,0.0,3.345865229448284,
0.2733721392703497,1.0148956888881404,0.8435458930447143,2.8370318114072437,0.0,3.345865229448284,
0.2733721392703497,1.0148956888881404,0.8435458930447143,2.8370318114072437,0.0,3.345865229448284,
0.2733721392703497,1.0148956888881404,0.8435458930447143,2.8370318114072437,0.0,3.345865229448284,
0.2733721392703497,1.0148956888881404,0.8435458930447143,2.8370318114072437,0.0,3.345865229448284,
0.2733721392703497,1.0148956888881404,0.8435458930447143,2.8370318114072437,0.0,3.345865229448284,
0.2733721392703497,1.0148956888881404,0.8435458930447143,2.8370318114072437,0.0,3.345865229448284,
0.2733721392703497,1.0148956888881404,0.8435458930447143,2.8370318114072437,0.0,3.345865229448284,
0.2733721392703497,1.0148956888881404,0.8435458930447143,2.8370318114072437,0.0,3.330598006340245,
0.2733721392703497,1.0148956888881404,0.8435458930447143,2.8370318114072437,0.0,3.330598006340245,
0.2733721392703497,1.0148956888881404,0.8435458930447143,2.8370318114072437,0.0,3.330598006340245,
0.2733721392703497,1.0148956888881404,0.8435458930447143,2.8370318114072437,0.0,3.330598006340245,
0.2733721392703497,1.0148956888881404,0.8435458930447143,2.8370318114072437,0.0,3.330598006340245,
0.2733721392703497,1.0148956888881404,0.8435458930447143,2.8370318114072437,0.0,3.330598006340245,
0.2733721392703497,1.0148956888881404,0.8435458930447143,2.8370318114072437,0.0,3.330598006340245,
0.2733721392703497,1.0148956888881404,0.8435458930447143,2.8370318114072437,0.0,3.330598006340245,
0.2733721392703497,1.0148956888881404,0.8435458930447143,2.8370318114072437,0.0,3.330598006340245,
0.2733721392703497,1.0148956888881404,0.8435458930447143,2.8370318114072437,0.0,3.330598006340245,
0.2733721392703497,1.0148956888881404,0.8435458930447143,2.8370318114072437,0.0,3.330598006340245,
0.2733721392703497,1.0148956888881404,0.8435458930447143,2.8370318114072437,0.0,3.330598006340245,
0.2733721392703497,1.0148956888881404,0.8435458930447143,2.8370318114072437,0.0,3.330598006340245,
0.2733721392703497,1.0148956888881404,0.8435458930447143,2.8370318114072437,0.0,3.330598006340245,
0.2733721392703497,1.0148956888881404,0.8435458930447143,2.8370318114072437,0.0,3.330598006340245,
0.2733721392703497,1.0148956888881404,0.8435458930447143,2.8370318114072437,0.0,3.330598006340245,
0.2733721392703497,1.0148956888881404,0.8435458930447143,2.8370318114072437,0.0,3.330598006340245,
0.2733721392703497,1.0148956888881404,0.8435458930447143,2.8370318114072437,0.0,3.330598006340245,
0.2733721392703497,1.0148956888881404,0.8435458930447143,2.8370318114072437,0.0,3.330598006340245,
0.2733721392703497,1.0148956888881404,0.8435458930447143,2.8370318114072437,0.0,3.330598006340245,
0.2733721392703497,1.0148956888881404,0.8435458930447143,2.8370318114072437,0.0,3.330598006340245,
0.2733721392703497,1.0148956888881404,0.8435458930447143,2.8370318114072437,0.0,3.330598006340245,
0.2733721392703497,1.0148956888881404,0.8435458930447143,2.8370318114072437,0.0,3.330598006340245,
0.2733721392703497,1.0148956888881404,0.8435458930447143,2.8370318114072437,0.0,3.330598006340245,
0.2733721392703497,1.0148956888881404,0.8435458930447143,2.8370318114072437,0.0,3.330598006340245,
0.2733721392703497,1.0148956888881404,0.8435458930447143,2.8370318114072437,0.0,3.330598006340245,
0.2733721392703497,1.0148956888881404,0.8435458930447143,2.8370318114072437,0.0,3.274859715386789,
0.2733721392703497,1.0148956888881404,0.8435458930447143,2.8370318114072437,0.0,3.274859715386789,
0.2733721392703497,1.0148956888881404,0.8435458930447143,2.8370318114072437,0.0,3.274859715386789,
0.2733721392703497,1.0148956888881404,0.8435458930447143,2.8370318114072437,0.0,3.2709972750452314,
0.2733721392703497,1.0148956888881404,0.8435458930447143,2.8370318114072437,0.0,3.2709972750452314,
0.2733721392703497,1.0148956888881404,0.8435458930447143,2.8370318114072437,0.0,3.2709972750452314,
0.2733721392703497,1.0148956888881404,0.8435458930447143,2.8370318114072437,0.0,3.2709972750452314,
0.2733721392703497,1.0148956888881404,0.8435458930447143,2.8370318114072437,0.0,3.2709972750452314,
0.2733721392703497,1.0148956888881404,0.8435458930447143,2.8370318114072437,0.0,3.2709972750452314,
0.2733721392703497,1.0148956888881404,0.8435458930447143,2.8370318114072437,0.0,3.2709972750452314,
0.2733721392703497,1.0148956888881404,0.8435458930447143,2.8370318114072437,0.0,3.3437882736976667,
0.2733721392703497,1.0148956888881404,0.8435458930447143,2.8370318114072437,0.0,3.3437882736976667,
0.2733721392703497,1.0148956888881404,0.8435458930447143,2.8542695748993094,0.0,3.1813112682197158,
0.2733721392703497,1.0148956888881404,0.8435458930447143,2.8542695748993094,0.0,3.297967668336846,
0.2733721392703497,1.0148956888881404,0.8435458930447143,2.8542695748993094,0.0,3.297967668336846,
0.2733721392703497,1.0148956888881404,0.8435458930447143,2.8542695748993094,0.0,3.297967668336846,
0.2733721392703497,1.0148956888881404,0.8435458930447143,2.8542695748993094,0.0,3.297967668336846,
0.2733721392703497,1.0148956888881404,0.8435458930447143,2.8542695748993094,0.0,3.297967668336846,
0.2733721392703497,1.0148956888881404,0.8435458930447143,2.8542695748993094,0.0,3.297967668336846,
0.2733721392703497,1.0148956888881404,0.8435458930447143,2.8542695748993094,0.0,3.297967668336846,
0.2733721392703497,1.0148956888881404,0.8435458930447143,2.8542695748993094,0.0,3.297967668336846,
0.2733721392703497,1.0148956888881404,0.8435458930447143,2.8542695748993094,0.0,3.297967668336846,
0.2733721392703497,1.0148956888881404,0.8435458930447143,2.8542695748993094,0.0,3.297967668336846,
0.2733721392703497,1.0148956888881404,0.8435458930447143,2.8542695748993094,0.0,3.297967668336846,
0.2733721392703497,1.0148956888881404,0.8435458930447143,2.8542695748993094,0.0,3.297967668336846,
0.2733721392703497,1.0148956888881404,0.8435458930447143,2.8542695748993094,0.0,3.297967668336846,
0.2733721392703497,1.0148956888881404,0.8435458930447143,2.8542695748993094,0.0,3.297967668336846,
0.2733721392703497,1.0148956888881404,0.8435458930447143,2.8542695748993094,0.0,3.297967668336846,
0.2733721392703497,1.0148956888881404,0.8435458930447143,2.8542695748993094,0.0,3.297967668336846,
0.2733721392703497,1.0148956888881404,0.8435458930447143,2.8542695748993094,0.0,3.297967668336846,
0.2733721392703497,1.0148956888881404,0.8435458930447143,2.8542695748993094,0.0,3.297967668336846,
0.2733721392703497,1.0148956888881404,0.8435458930447143,2.8542695748993094,0.0,3.297967668336846,
0.2733721392703497,1.0148956888881404,0.8435458930447143,2.8542695748993094,0.0,3.297967668336846,
0.2733721392703497,1.0148956888881404,0.8435458930447143,2.8542695748993094,0.0,3.297967668336846,
0.2733721392703497,1.0148956888881404,0.8435458930447143,2.8542695748993094,0.0,3.297967668336846,
0.2733721392703497,1.0148956888881404,0.8435458930447143,2.8542695748993094,0.0,3.297967668336846,
0.2733721392703497,1.0148956888881404,0.8435458930447143,2.8542695748993094,0.0,3.297967668336846,
0.2733721392703497,1.0148956888881404,0.8435458930447143,2.8542695748993094,0.0,3.365037395049992,
0.2733721392703497,1.0148956888881404,0.8435458930447143,2.8542695748993094,0.0,3.365037395049992,
0.2733721392703497,1.0148956888881404,0.8435458930447143,2.8542695748993094,0.0,3.365037395049992,
0.2733721392703497,1.0148956888881404,0.8435458930447143,2.8542695748993094,0.0,3.365037395049992,
0.2733721392703497,1.0148956888881404,0.8435458930447143,2.8542695748993094,0.0,3.365037395049992,
0.2733721392703497,1.0148956888881404,0.8435458930447143,2.8542695748993094,0.0,3.365037395049992,
0.2733721392703497,1.0148956888881404,0.8435458930447143,2.8542695748993094,0.0,3.365037395049992,
0.2733721392703497,1.0148956888881404,0.8435458930447143,2.8542695748993094,0.0,3.381196028809016,
0.2733721392703497,1.0148956888881404,0.8435458930447143,2.8542695748993094,0.0,3.381196028809016,
0.2733721392703497,1.0148956888881404,0.8435458930447143,2.8542695748993094,0.0,3.381196028809016,
0.2733721392703497,1.0148956888881404,0.8435458930447143,2.8542695748993094,0.0,3.381196028809016,
0.2733721392703497,1.0148956888881404,0.8435458930447143,2.8542695748993094,0.0,3.381196028809016,
0.2733721392703497,1.0148956888881404,0.8435458930447143,2.8542695748993094,0.0,3.381196028809016,
0.2733721392703497,1.0148956888881404,0.8435458930447143,2.8542695748993094,0.0,3.381196028809016,
0.2733721392703497,1.0148956888881404,0.8435458930447143,2.8542695748993094,0.0,3.381196028809016,
0.2733721392703497,1.0148956888881404,0.8435458930447143,2.8542695748993094,0.0,3.1794878455915496,
0.2733721392703497,1.0148956888881404,0.8435458930447143,2.854996523512618,0.0,3.294124460901864,
0.2733721392703497,1.0148956888881404,0.8435458930447143,2.854996523512618,0.0,3.294124460901864,
0.2733721392703497,1.0148956888881404,0.8435458930447143,2.854996523512618,0.0,3.294124460901864,
0.2733721392703497,1.0148956888881404,0.8435458930447143,2.854996523512618,0.0,3.294124460901864,
0.2733721392703497,1.0148956888881404,0.8435458930447143,2.854996523512618,0.0,3.294124460901864,
0.2733721392703497,1.0148956888881404,0.8435458930447143,2.854996523512618,0.0,3.294124460901864,
0.2733721392703497,1.0148956888881404,0.8435458930447143,2.854996523512618,0.0,3.294124460901864,
0.2733721392703497,1.0148956888881404,0.8435458930447143,2.854996523512618,0.0,3.294124460901864,
0.2733721392703497,1.0148956888881404,0.8435458930447143,2.865968072642524,0.0,3.3238583384079883,
0.2733721392703497,1.0148956888881404,0.8435458930447143,2.865968072642524,0.0,3.3238583384079883,
0.2733721392703497,1.0148956888881404,0.8435458930447143,2.865968072642524,0.0,3.3238583384079883,
0.2733721392703497,1.0148956888881404,0.8435458930447143,2.865968072642524,0.0,3.3238583384079883,
0.2733721392703497,1.0148956888881404,0.8435458930447143,2.865968072642524,0.0,3.3238583384079883,
0.2733721392703497,1.0148956888881404,0.8435458930447143,2.865968072642524,0.0,3.3238583384079883,
0.2733721392703497,1.0148956888881404,0.8435458930447143,2.865968072642524,0.0,3.3238583384079883,
0.2733721392703497,1.0148956888881404,0.8435458930447143,2.865968072642524,0.0,3.3238583384079883,
0.2733721392703497,1.0148956888881404,0.8435458930447143,2.865968072642524,0.0,3.3954597574158583,
0.2733721392703497,1.0148956888881404,0.8435458930447143,2.865968072642524,0.0,3.3954597574158583,
0.2733721392703497,1.0148956888881404,0.8435458930447143,2.865968072642524,0.0,3.3954597574158583,
0.2733721392703497,1.0148956888881404,0.8435458930447143,2.865968072642524,0.0,3.3954597574158583,
0.2733721392703497,1.0148956888881404,0.8435458930447143,2.865968072642524,0.0,3.3954597574158583,
0.2733721392703497,1.0148956888881404,0.8435458930447143,2.865968072642524,0.0,3.3954597574158583,
0.2733721392703497,1.0148956888881404,0.8435458930447143,2.865968072642524,0.0,3.3954597574158583,
0.2733721392703497,1.0148956888881404,0.8435458930447143,2.865968072642524,0.0,3.3954597574158583,
0.2733721392703497,1.0148956888881404,0.8435458930447143,2.865968072642524,0.0,3.3954597574158583,
0.2733721392703497,1.0148956888881404,0.8435458930447143,2.865968072642524,0.0,3.3954597574158583,
0.2733721392703497,1.0148956888881404,0.8435458930447143,2.865968072642524,0.0,3.3954597574158583,
0.2733721392703497,1.0148956888881404,0.8435458930447143,2.865968072642524,0.0,3.3954597574158583,
0.2733721392703497,1.0148956888881404,0.8435458930447143,2.865968072642524,0.0,3.3954597574158583,
0.2733721392703497,1.0148956888881404,0.8435458930447143,2.865968072642524,0.0,3.3954597574158583,
0.2733721392703497,1.0148956888881404,0.8435458930447143,2.865968072642524,0.0,3.468017745735439,
0.2733721392703497,1.0148956888881404,0.8435458930447143,2.865968072642524,0.0,3.468017745735439,
0.2733721392703497,1.0148956888881404,0.8435458930447143,2.865968072642524,0.0,3.468017745735439,
0.2733721392703497,1.0148956888881404,0.8435458930447143,2.865968072642524,0.0,3.468017745735439,
0.2733721392703497,1.0148956888881404,0.8435458930447143,2.865968072642524,0.0,3.468017745735439,
0.2733721392703497,1.0148956888881404,0.8435458930447143,2.865968072642524,0.0,3.468017745735439,
0.2733721392703497,1.0148956888881404,0.8435458930447143,2.865968072642524,0.0,3.468017745735439,
0.2733721392703497,1.0148956888881404,0.8435458930447143,2.865968072642524,0.0,3.468017745735439,
0.2733721392703497,1.0148956888881404,0.8435458930447143,2.865968072642524,0.0,3.468017745735439,
0.2733721392703497,1.0148956888881404,0.8435458930447143,2.865968072642524,0.0,3.468017745735439,
0.2733721392703497,1.0148956888881404,0.8435458930447143,2.865968072642524,0.0,3.468017745735439,
0.2733721392703497,1.0148956888881404,0.8435458930447143,2.865968072642524,0.0,3.468017745735439,
0.2733721392703497,1.0148956888881404,0.8435458930447143,2.865968072642524,0.0,3.440385746562188,
0.2733721392703497,1.0148956888881404,0.8435458930447143,2.865968072642524,0.0,3.440385746562188,
0.2733721392703497,1.0148956888881404,0.8435458930447143,2.865968072642524,0.0,3.440385746562188,
0.2733721392703497,1.0148956888881404,0.8435458930447143,2.865968072642524,0.0,3.440385746562188,
0.2733721392703497,1.0148956888881404,0.8435458930447143,2.865968072642524,0.0,3.440385746562188,
0.2733721392703497,1.0148956888881404,0.8435458930447143,2.865968072642524,0.0,3.440385746562188,
0.2733721392703497,1.0148956888881404,0.8435458930447143,2.865968072642524,0.0,3.440385746562188,
0.2733721392703497,1.0148956888881404,0.8435458930447143,2.865968072642524,0.0,3.440385746562188,
0.2733721392703497,1.0148956888881404,0.8435458930447143,2.865968072642524,0.0,3.440385746562188,
0.2733721392703497,1.0148956888881404,0.8435458930447143,2.865968072642524,0.0,3.440385746562188,
0.2733721392703497,1.0148956888881404,0.8435458930447143,2.865968072642524,0.0,3.440385746562188,
0.2733721392703497,1.0148956888881404,0.8435458930447143,2.865968072642524,0.0,3.440385746562188,
0.2733721392703497,1.0148956888881404,0.8435458930447143,2.865968072642524,0.0,3.440385746562188,
0.2733721392703497,1.0148956888881404,0.8435458930447143,2.8890059825688685,0.0,3.5061287940578145,
0.2733721392703497,1.0148956888881404,0.8435458930447143,2.8890059825688685,0.0,3.5061287940578145,
0.2733721392703497,1.0148956888881404,0.8435458930447143,2.8890059825688685,0.0,3.5061287940578145,
0.2733721392703497,1.0148956888881404,0.8435458930447143,2.8890059825688685,0.0,3.5061287940578145,
0.2733721392703497,1.0148956888881404,0.8435458930447143,2.8890059825688685,0.0,3.5061287940578145,
0.2733721392703497,1.0148956888881404,0.8435458930447143,2.8890059825688685,0.0,3.5061287940578145,
0.2733721392703497,1.0148956888881404,0.8435458930447143,2.8890059825688685,0.0,3.5061287940578145,
0.2733721392703497,1.0148956888881404,0.8435458930447143,2.8890059825688685,0.0,3.5061287940578145,
0.2733721392703497,1.0148956888881404,0.8435458930447143,2.8890059825688685,0.0,3.5061287940578145,
0.2733721392703497,1.0148956888881404,0.8435458930447143,2.8890059825688685,0.0,3.5061287940578145,
0.2733721392703497,1.0148956888881404,0.8435458930447143,2.8890059825688685,0.0,3.5061287940578145,
0.2733721392703497,1.0148956888881404,0.8435458930447143,2.8890059825688685,0.0,3.5061287940578145,
0.2733721392703497,1.0148956888881404,0.8435458930447143,2.8890059825688685,0.0,3.5061287940578145,
0.2733721392703497,1.0148956888881404,0.8435458930447143,2.8890059825688685,0.0,3.5061287940578145,
0.2733721392703497,1.0148956888881404,0.8435458930447143,2.8890059825688685,0.0,3.5061287940578145,
0.2733721392703497,1.0148956888881404,0.8435458930447143,2.8890059825688685,0.0,3.5061287940578145,
0.2733721392703497,1.0148956888881404,0.8435458930447143,2.8890059825688685,0.0,3.5520357272306633,