
0.0
3.3747233136062744E-19
1.292436626835838E-19
6.695278374299711E-19
3.915213369003985E-19
2.3345582572349475E-19
1.3756761478932122E-19
8.196743836172968E-20
1.4504661167727517E-16
8.433720349373489E-17
1.8845042878661304E-16
1.369652584997251E-16
2.126379247230621E-16
1.8246298688134857E-16
2.2956682564886726E-16
2.293982182628771E-16
2.5998728620826004E-16
2.796494766284703E-16
3.1085566694391965E-16
3.4046505272691554E-16
3.746186362630334E-16
4.075016826089711E-16
4.3863207585119907E-16
4.706166908901585E-16
5.056003999743055E-16
4.994315524949727E-16
4.838902230243056E-16
4.592144354733667E-16
4.453481373152965E-16
4.3483370398160175E-16
4.3016871785462057E-16
4.3076069317507457E-16
4.2788068875068965E-16
4.3732492713557547E-16
4.441375658170626E-16
4.5457955718162655E-16
4.614191019993573E-16
4.714529842523353E-16
4.744409838548681E-16
4.792392537017925E-16
4.761547723820902E-16
4.768487094075989E-16
4.727901585841718E-16
4.693671640713068E-16
4.602190317827192E-16
4.413214711111523E-16
5.533017628936215E-16
6.125550842356681E-16
6.45422345338822E-16
6.379160309346561E-16
5.901605723436832E-16
4.642198181255606E-16
3.950426440354409E-16
3.3965274111944954E-16
2.9733760972932467E-16
2.634454592148134E-16
2.38095615573741E-16
2.2116534736982632E-16
2.098581165483136E-16
2.034901555463571E-16
1.9411557771463938E-16
1.6474771917177085E-16
1.759066764874453E-16
1.8589748699849004E-16
1.9078971692007437E-16
1.9258306247671365E-16
1.9286610654238052E-16
1.9530869223678377E-16
1.9858198706109931E-16
2.036381075812526E-16
2.0967631096046937E-16
2.0813278869919677E-16
1.8461643283766317E-16
1.1023811048310685E-16
6.687400463969609E-17
4.0622337100493553E-17
2.4890829239775656E-17
1.5267826577786272E-17
9.391429496935788E-18
9.03470894644433E-18
8.426635417667573E-18
8.8677131639637E-18
9.529465981622081E-18
1.2901027779914788E-17
1.5152620385401487E-17
1.6820861944740783E-17
1.8017629619419914E-17
1.944109794600449E-17
2.0377020495274537E-17
4.622069415753925E-17
6.495382930189582E-17
7.640936109682962E-17
8.565831983635888E-17
9.404835898973625E-17
1.0288153004268125E-16
1.1424903738426095E-16
1.2462643084092789E-16
1.3533268983433912E-16
1.4490832473936995E-16
1.544491385200116E-16
1.6400054030645536E-16
1.7264318250470834E-16
3.3355353041212665E-16
2.45551435209834E-16
1.4728978105800958E-16
8.924035752422596E-17
5.47994889034336E-17
3.4203391990381766E-17
2.1863523123568584E-17
1.4666497778317192E-17
1.032085888191421E-17
7.879371811085308E-18
6.41453533309969E-18
5.593293220605888E-18
5.122004987893901E-18
4.851695509670827E-18
4.690905236822018E-18
4.581985259953387E-18
4.509383518498748E-18
4.47001674025965E-18
4.4769206167101926E-18
5.228955763297636E-18
5.5843746571857294E-18
5.728189502376709E-18
6.3887084787630904E-18
6.632899828209665E-18
6.6735920295228564E-18
6.563210554185727E-18
6.3900578885982625E-18
6.1699562157863334E-18
5.978940233460965E-18
5.941198450406223E-18
5.992569603588294E-18
6.059914667973236E-18
9.749472521867097E-18
1.0900410324754482E-17
1.1113786291252542E-17
1.0796074091679993E-17
1.0471480689790117E-17
1.0090022391513432E-17
9.744143664405751E-18
9.387856750624043E-18
9.029827315789162E-18
9.873408317944956E-18
1.0089493701405493E-17
9.600520895471848E-18
6.988064029135126E-18
9.018770426151037E-18
1.0999402726981996E-17
1.1260892735882371E-17
1.1215120366048555E-17
1.086815626325243E-17
1.0454954752754516E-17
1.0025921994174518E-17
9.635007848883552E-18
9.390269448533675E-18
5.8612099649780615E-18
3.5294927842390374E-18
2.1448798982281696E-18
1.316379562513209E-18
8.233036719274324E-19
5.277025918780873E-19
3.778341592090868E-19
2.826473435216622E-19
2.3449506247789903E-19
2.1665680807757777E-19
2.0584264804466815E-19
2.0295375459827573E-19
2.0151652985500488E-19
2.0111286799836374E-19
1.9978117704357884E-19
1.9641594141245207E-19
2.1096327930234844E-19
2.15594541364294E-19
2.2097490905378835E-19
2.226447045095113E-19
2.2193393263580503E-19
2.19485257883913E-19
2.1611238520427153E-19
2.1259362490122561E-19
2.0892587779185555E-19
2.0539176192226256E-19
2.0199368755129745E-19
1.992450823797029E-19
1.967317642331957E-19
1.931334578856597E-19
1.6981524625333654E-19
2.4081067472421196E-19
2.6066552888316283E-19
2.634476752304444E-19
2.515785697494329E-19
2.351249029992848E-19
2.197479007689764E-19
3.6398839617471857E-19
4.1619597102895314E-19
4.228298941692495E-19
4.0541376818745496E-19
3.8139723324927067E-19
3.563756142106396E-19
3.3290893989008074E-19
3.1184458396133524E-19
2.9327072525785644E-19
2.770941354581777E-19
2.611617886800584E-19
2.5353503837424514E-19
2.5199586115288666E-19
2.543622074356191E-19
2.5874948372343224E-19
2.639121587255583E-19
2.689805158912206E-19
2.7047986446192266E-19
3.302790686191618E-19
3.725407269560318E-19
2.4625858666689198E-18
2.4727443407089815E-18
2.496681043748896E-18
2.140397715698046E-18
1.774470244002558E-18
1.6281271257707526E-18
1.4026760811029503E-18
1.2316784529350822E-18
1.085397831260614E-18
9.644066175178691E-19
8.78402976402504E-19
8.06823224876785E-19
7.493108136062656E-19
6.971715090594084E-19
6.506138625692301E-19
6.066280162178363E-19
5.2429725554964135E-19
3.1351779474543186E-19
2.1338770152437468E-19
1.5576861587509465E-19
1.185569886352206E-19
9.553677545900747E-20
8.303748540420377E-19
1.2098614968948992E-18
1.4430150925076864E-18
1.5536898662458185E-18
1.6203738378478071E-18
1.6566892594540427E-18
1.6740868491114092E-18
1.68748591128103E-18
1.6976431409324662E-18
1.704424323394237E-18
1.7047793738036915E-18
1.2303073784612591E-18
9.55825613571809E-19
7.853394144880874E-19
6.737346711334537E-19
6.065412324461239E-19
5.646447720441596E-19
5.387751357875582E-19
5.159401415687852E-19
5.033920707704778E-19
4.938254606185457E-19
4.902313418802675E-19
4.986055736342025E-19
5.040925032172895E-19
5.059221002584057E-19
5.080611272634416E-19
5.10003462139685E-19
5.121542075329367E-19
5.136838883693777E-19
5.150022473310442E-19
5.157817711827374E-19
5.126196388832783E-19
5.155981168575628E-19
5.180605028472107E-19
5.11101796977989E-19
4.2232179479978057E-19
6.185691846981924E-19
7.773189135746765E-19
8.495218002460782E-19
6.282611813399497E-19
4.37368811021621E-19
3.225609124383722E-19
2.5119696159201544E-19
2.078180317127365E-19
1.8125711699054653E-19
1.6514955177565778E-19
1.5715519640122203E-19
1.513007168889864E-19
1.4133240658115674E-19
1.4120660851936358E-19
1.4567322845816647E-19
1.4850204204725663E-19
1.5098055668391737E-19
1.5316809938913774E-19
1.5513358679182053E-19
1.5648556429056674E-19
1.5652252440634586E-19
1.5411911291359722E-19
1.5214108137325305E-19
1.506241166246029E-19
1.5001623374237226E-19
1.5004061981496742E-19
1.5067294330090847E-19
1.5123532470479475E-19
1.5189452288877966E-19
1.5398308770545847E-19
1.4678120143802244E-19
1.4422649743615108E-19
1.4398993874054592E-19
1.4573488086349816E-19
1.4800537558596448E-19
1.5326467855932522E-19
1.3903209142401786E-19
1.3622714678870133E-19
1.3762400284771028E-19
1.4030430250275207E-19
1.4321728647105332E-19
1.4494429293117971E-19
1.465125925414305E-19
1.4774106942807053E-19
1.4757170354105762E-19
1.487371179514674E-19
1.4848221577955922E-19
1.4842272772631475E-19
1.485206058864495E-19
1.4512447202234672E-19
1.0540084926501132E-19
1.1369128353406044E-19
1.2711355091331626E-19
1.3722744390105831E-19
1.4574021405510333E-19
1.5114577231520072E-19
1.5924192105645963E-19
1.6330558642272227E-19
1.6672184551898733E-19
1.683001086955059E-19
7.101255686825531E-19
7.283783832736674E-19
7.62142790765721E-19
7.603122109468447E-19
7.722025394176214E-19
7.907926247102914E-19
8.305810743468325E-19
8.78859239744854E-19
9.336370189956707E-19
9.896037145889908E-19
1.0473140312934106E-18
1.1104313594188631E-18
6.922342870643317E-19
4.340852140131053E-19
2.85233453990543E-19
1.995849538850628E-19
1.525693624036091E-19
1.276970363501545E-19
1.3371161194854791E-19
1.3213546100464515E-19
1.2730259196067899E-19
9.475377446246449E-20
6.931428554420447E-20
5.341951385152645E-20
4.255026049236445E-20
3.6191198025085394E-20
2.985296016855043E-20
2.7507544580581094E-20
2.5862737536735505E-20
2.537226343439469E-20
2.5377149345820834E-20
2.5483154140512724E-20
2.5968295188659397E-20
2.620537768534271E-20
2.6639792544178728E-20
2.6683018816229758E-20
2.6801360279204525E-20
2.676456790908688E-20
2.6758319862252846E-20
2.7052196861984115E-20
2.714537136657631E-20
2.730272837039748E-20
2.739442388195441E-20
2.748334740259284E-20
2.755131399493537E-20
2.761823789154377E-20
2.7714609663313914E-20
2.7814371914901225E-20
2.942693433002475E-20
2.972716336729628E-20
2.999021849707344E-20
2.9813252544986666E-20
3.0635536495523847E-20
3.022224107552213E-20
2.720679520517406E-20
2.8196084658228967E-20
2.794964499839072E-20
2.700172893312803E-20
3.7173465073723974E-20
3.999208730474736E-20
4.0257386305676713E-20
3.953654041980496E-20
3.92326625262252E-20
3.898288240740885E-20
3.8996403584985915E-20
3.916402705616149E-20
3.925967965831807E-20
3.9340808925950933E-20
3.9317015275057515E-20
4.1435494079416736E-20
4.165942336988161E-20
4.246539191583801E-20
4.246835799679017E-20
4.235535134915759E-20
4.1820632048847634E-20
7.300386448417316E-20
7.607110471424988E-20
7.817270560754366E-20
7.592803414727858E-20
7.244668102172818E-20
6.920248079658634E-20
6.402135351744487E-20
5.915862110085708E-20
5.155546799960742E-20
3.525772290570598E-20
2.497573311712302E-20
4.98547069779819E-20
5.770048871843512E-20
6.473852642633647E-20
6.820056250950316E-20
6.998278442920332E-20
7.105056217079545E-20
7.161321998746033E-20
7.088914245088139E-20
7.078827224106311E-20
7.088226481166974E-20
7.109204723978202E-20
7.072445654562067E-20
7.094835511421711E-20
7.084390950547557E-20
7.09801076465523E-20
7.236683764833357E-20
7.318774723962299E-20
7.379654757409297E-20
7.390660309914558E-20
7.382128366495268E-20
7.375950119558751E-20
7.374530583555056E-20
7.376912260019606E-20
7.37590144712634E-20
7.373884947716983E-20
7.364978714259583E-20
7.34742906090834E-20
7.571014326339317E-20
7.54096207148511E-20
7.798339273131567E-20
7.784920471524005E-20
7.924074834299818E-20
7.918468499043098E-20
7.958323134230741E-20
7.911458501341824E-20
7.873504010401682E-20
7.768060315256286E-20
7.684354023900897E-20
7.58131316050704E-20
7.323055648982882E-20
5.786604023203401E-20
6.217679159422165E-20
6.79622481168239E-20
7.209947640184239E-20
7.45726546681654E-20
7.559800549343647E-20
7.548417369515714E-20
7.46769491128886E-20
7.338795718300954E-20
7.161476564023842E-20
7.011896086307024E-20
6.883002683058182E-20
6.742439397982072E-20
6.685649952260666E-20
6.600757951931751E-20
6.54151114840934E-20
6.499522716270807E-20
6.432422180070997E-20
5.660282304118358E-20
3.466519050088547E-20
5.13309634759959E-20
6.922729578456209E-20
7.614710591542609E-20
7.817461887570505E-20
7.756791976307809E-20
7.586498292429356E-20
7.389030666098909E-20
7.224923468876475E-20
7.145084043934927E-20
7.02621194984498E-20
7.01056501416259E-20
6.97569249125785E-20
6.980527328723683E-20
6.976422981552788E-20
6.975017612761624E-20
6.972662430703243E-20
6.957556066358625E-20
6.925254054625055E-20
6.895924591806881E-20
7.224792053423445E-20
7.138230695685948E-20
7.557476697202388E-20
7.493587227787579E-20
7.839119545145138E-20
7.808228600968374E-20
7.916481350347237E-20
7.873579817611894E-20
7.860985605191523E-20
7.926563443702928E-20
7.709271784740778E-20
8.768154675320587E-20
8.482957271494692E-20
8.818899153700703E-20
8.768817742395376E-20
8.882398035975182E-20
8.788085808904408E-20
8.712664716381372E-20
8.621479773836518E-20
8.464449555600317E-20
8.318948035695152E-20
8.189961872300208E-20
8.010332545785709E-20
8.016852878477904E-20
7.841506341512922E-20
7.790354716473974E-20
7.670761807325326E-20
7.597627301161142E-20
7.490376630016214E-20
7.397739520686948E-20
7.290002087259684E-20
7.190462011646246E-20
7.093272835670987E-20
7.008490885201721E-20
6.935405788877012E-20
7.123585330796775E-20
6.612295239592282E-20
4.17251577799408E-20
5.3879357400725185E-20
6.629915451864238E-20
8.863213145228045E-20
9.474872642462088E-20
7.026063796163282E-20
8.127458520631347E-20
8.562949637289433E-20
8.679537062207148E-20
1.2266318677331085E-19
1.431228469158554E-19
1.6117842430488916E-19
1.6962637493667335E-19
1.7230021559811237E-19
1.7122509253992527E-19
1.6871998494071249E-19
1.6158579096743554E-19
1.0169576222702916E-19
1.7678102195117296E-19
2.317397009364503E-19
2.533374033968103E-19
2.6460463530770097E-19
2.70725364055441E-19
3.0292728559256297E-19
3.1647421005805026E-19
3.431594601120276E-19
3.4784011277054934E-19
3.8196013296336507E-19
4.027221503681263E-19
3.6205650227327284E-19
3.701847447363283E-19
3.964432181368932E-19
4.1855863624159137E-19
4.439521909960527E-19
4.793572091623585E-19
5.406286916339057E-19
6.004134542283323E-19
6.814150794106034E-19
7.663028488290281E-19
8.618386667527654E-19
9.6617279995027E-19
1.0808173811797896E-18
1.207850187641753E-18
1.3511172456640913E-18
1.498837130740901E-18
1.7912487724441954E-18
1.9932678490841298E-18
2.8972756360444842E-18
2.8867267076606907E-18
4.15110775458816E-18
3.5780932803069275E-18
3.2427846691151358E-18
2.978346398733407E-18
2.8364450064953368E-18
2.7969890512956917E-18
2.7857167797275083E-18
2.7961378806666362E-18
2.759000449798525E-18
2.6941272583862863E-18
2.358448157478477E-18
1.5009951957211697E-18
9.418967056126677E-19
6.091338830025953E-19
4.0377476025122822E-19
2.807223569377757E-19
2.0872042925709303E-19
1.7478309468526415E-19
1.5234919174663632E-19
1.4172246244293327E-19
1.399134330223145E-19
1.3991975479864523E-19
1.4227602099099206E-19
1.3880965854185925E-19
1.8107625895408876E-19
2.1642168546640137E-19
2.311991207612408E-19
2.4271449501877596E-19
2.5537695484445404E-19
2.680781381021457E-19
2.841192436794511E-19
8.1388326293903E-18
1.6763842452362177E-17
2.2409431081096746E-17
2.4892080882925867E-17
2.6560193475266925E-17
2.7383130184629263E-17
2.794236282064708E-17
2.816507425979373E-17
2.842167336325317E-17
2.84836454227969E-17
2.861843449380415E-17
2.867948961845759E-17
2.8747690692451054E-17
2.878918327377272E-17
2.882445402715015E-17
2.884995729333521E-17
2.888894061363612E-17
2.888493161772866E-17
2.889439457946994E-17
2.8892909762368095E-17
2.888736812982704E-17
2.8865872971377904E-17
2.885703697487654E-17
2.869618199602447E-17
2.878385963416098E-17
2.890528861624639E-17
2.899016595487718E-17
2.899748855342629E-17
2.899973372736973E-17
2.898294813013036E-17
2.89431856022421E-17
2.887888862366085E-17
2.8815451524833197E-17
2.874399009162522E-17
2.8663052327700414E-17
2.791840249249307E-17
2.585045761510535E-17
2.1970476535815445E-17
1.9834378679448873E-17
1.8672390091073765E-17
1.7724827232413082E-17
1.7153780458227236E-17
1.672670619036666E-17
1.6146342723924294E-17
1.598203777661808E-17
1.5769769363260175E-17
1.5758662460205415E-17
1.5762201607768642E-17
1.5820041065389094E-17
1.5623246402441046E-17
1.543608296143068E-17
1.0808091950596746E-17
9.456268999362774E-18
8.773881814787382E-18
8.248466441790523E-18
7.950300792887934E-18
7.790482195061571E-18
8.439583599904703E-18
8.595183571501645E-18
8.898588531851436E-18
9.165790766003449E-18
9.570524162261532E-18
9.978798856981878E-18
1.0488073266886692E-17
1.1078703692341089E-17
1.1914950458500959E-17
7.747216057977753E-18
8.402679969170201E-17
4.100506352303265E-15
6.708435311397452E-15
8.959600445844288E-15
1.0453330965044032E-14
1.0993397549973798E-14
1.1982207026976965E-14
1.2386251755025487E-14
1.2782030496778897E-14
1.3169874171637454E-14
1.3518354033292644E-14
1.3849085486547457E-14
1.4315585383279114E-14
1.3983791233596492E-14
1.4049188392827134E-14
1.4212281592898254E-14
1.4412281810705238E-14
1.4377515979133383E-14
1.3326579402865781E-14
1.391555779067239E-14
1.4667870781216926E-14
1.4646279986905733E-14
1.1823776204695626E-14
9.736807040658931E-15
1.2692115632339937E-14
1.5135670943364008E-14
1.6052167725178815E-14
1.738347050386394E-14
1.4090766845899516E-14
1.199439606181143E-14
1.1108912446144879E-14
1.0339501718899334E-14
9.99958786788725E-15
9.796231964957432E-15
9.466770661303666E-15
9.250411951291167E-15
9.055645096100054E-15
8.832294684686267E-15
8.652906459215915E-15
8.474216472877238E-15
8.271339970124635E-15
8.081607987760113E-15
7.877605048480734E-15
7.66635633462175E-15
7.448860431637477E-15
7.201211766126008E-15
6.9860083802256635E-15
6.814839034808697E-15
6.703860866553199E-15
6.655364606100992E-15
6.659817940309052E-15
6.292819279336266E-15
6.083866179800542E-15
4.501490796095607E-15
3.537720270726097E-15
2.7238648635221586E-15
2.1962613255527237E-15
1.8684179735142547E-15
1.6628556502999073E-15
1.5501841911264341E-15
1.5019760512142416E-15
1.4923363001117658E-15
1.5170740698571305E-15
1.5665216823813689E-15
1.644288780979291E-15
1.2402233546028922E-15
1.0294958693563842E-15
8.075794076038251E-16
6.878269162889149E-16
5.996608920150399E-16
5.610647077360628E-16
5.112822149549719E-16
4.95529113054708E-16
4.784424705148247E-16
3.8643961563555333E-16
3.3268503843239774E-16
3.1128426833759784E-16
3.008202773798651E-16
3.040892692052654E-16
3.9817095919564985E-16
5.269030206897392E-16
6.415232203081157E-16
7.240614755171168E-16
7.712968452319534E-16
7.936817647994554E-16
7.710592286391461E-16
7.399782286847709E-16
7.087720395295311E-16
6.792451669941207E-16
4.2478712139075056E-16
8.051906358588703E-15
6.834074453566749E-15
6.10512255052841E-15
5.7234650009778736E-15
5.4624457899616095E-15
5.333874110384381E-15
5.170196925090002E-15
5.032661559042569E-15
4.9392528001833165E-15
4.866781829990223E-15
4.8280007889325665E-15
4.817937427988538E-15
4.824280669222619E-15
4.839832663576399E-15
4.865608733056584E-15
4.889457541519677E-15
4.920351100578576E-15
4.9375534536947E-15
4.940596303190038E-15
4.941065547210338E-15
4.952369471016237E-15
4.965362059317637E-15
4.980310932123222E-15
4.979769782481624E-15
4.982472325946188E-15
5.006859707872485E-15
5.0301741871477695E-15
5.0522355054719954E-15
5.053096020539246E-15
5.025919311030216E-15
4.994667444786996E-15
4.9622471407118565E-15
4.954843864402654E-15
4.958811206209455E-15
4.9562005672820455E-15
3.92030573063348E-15
4.261492849889344E-15
4.2925138948186426E-15
2.784466272548967E-14
1.6265064248241127E-14
9.593639767086714E-15
5.7047356887234965E-15
3.4035411408017638E-15
2.053189419779877E-15
1.252264262869242E-15
7.763632908086826E-16
4.920705924066068E-16
3.231618283816997E-16
2.222041337128529E-16
1.6339412149471101E-16
1.280518630433585E-16
1.0907500391128636E-16
9.954572363667295E-17
9.596623936425014E-17
9.537714027663225E-17
9.915720263367171E-17
1.0491405155250466E-16
1.0742123167791037E-16
1.0348280894771612E-16
9.796550877778007E-17
9.630451809858493E-17
9.584556242776226E-17
9.855994925039629E-17
9.879951986985631E-17
9.989970606230103E-17
1.0220499831522412E-16
1.0472643180417416E-16
1.0969147188850478E-16
1.1758489984253529E-16
1.2209686019814078E-16
1.253857451315569E-16
1.328578611968134E-16
1.4441482728794702E-16
9.818587385009779E-17
8.698602208703098E-17
8.554725265034226E-17
8.702036923033229E-17
9.032938905324036E-17
9.583671874336162E-17
1.0083856960498423E-16
1.0412111226777279E-16
1.081562329116705E-16
1.1409054667709624E-16
1.1790088799949624E-16
1.2866298733108194E-16
1.4182000476709592E-16
1.4421747331515661E-16
1.490121197361511E-16
1.3907496800682324E-16
9.714397549920943E-17
8.638821220605568E-17
8.17195052766599E-17
8.054121130998356E-17
7.964249322427503E-17
8.100947212012474E-17
8.333076766664457E-17
8.724371953133622E-17
9.15706412373473E-17
9.742279032924902E-17
1.0415482346900011E-16
1.0822951719168004E-16
1.1861864799660797E-16
1.2286543599775654E-16
1.3075338398700208E-16
1.370823342881836E-16
1.3994270638762523E-16
1.4486776907288452E-16
1.4873136489595588E-16
1.5232784949066017E-16
1.3928673111262196E-16
1.3203461185141363E-16
1.231038263998294E-16
1.185754571813524E-16
1.1760634473982494E-16
1.179901380465844E-16
1.1839589200115995E-16
1.194728076355165E-16
1.2076438689944935E-16
1.2260890623371955E-16
1.2465320581186192E-16
1.2694867711739128E-16
1.2017301042344573E-16
1.1678926461225628E-16
1.1343996466325683E-16
1.1133418501744422E-16
1.0954600753826486E-16
1.0822688031401877E-16
1.0706158865957156E-16
1.062954972275058E-16
1.0569178740981848E-16
1.0526724976412617E-16
1.0505064120722382E-16
1.0537382175743118E-16
1.0682132587532511E-16
1.0912962356496186E-16
1.1194543733198856E-16
1.145840501351082E-16
1.1729324698775271E-16
1.193873191409694E-16
1.2091469047422582E-16
1.2210317744581257E-16
1.230205748711225E-16
1.2364635018768647E-16
1.2313415453315479E-16
1.2193748556800625E-16
1.200162204066909E-16
1.2011925023878677E-16
7.354698671580981E-17
8.942818480738845E-17
9.778226746438476E-17
1.0524179600467125E-16
1.101150631020285E-16
7.451932648912568E-17
4.9418356355387365E-17
3.400437964361952E-17
2.4633213564203742E-17
1.9171947628366817E-17
1.599354118261449E-17
1.423226253410513E-17
1.3271125244443559E-17
1.279763413872693E-17
1.2642764321955816E-17
1.119936676387525E-17
9.292352095555478E-18
8.121844548209979E-18
7.455494570711327E-18
7.096085535429212E-18
6.92827667068338E-18
6.835698961396708E-18
6.7725328321084954E-18
6.763481832625596E-18
6.824519041761909E-18
6.907368943737494E-18
6.974060802269433E-18
7.080514301238882E-18
7.174999801520876E-18
7.282178527694512E-18
7.405066664944684E-18
7.53309318781981E-18
7.67099656062811E-18
7.818016316148812E-18
7.974230236338126E-18
8.139815211116686E-18
8.314052822708255E-18
8.447775415106903E-18
8.503309983586988E-18
8.534704297921834E-18
8.399110850445962E-18
8.323052273808074E-18
8.302313805421788E-18
8.348329841199905E-18
8.456665637824942E-18
8.617574899578334E-18
8.80412795608873E-18
9.024941963949513E-18
9.263072024426003E-18
9.525742656875721E-18
9.79782489475165E-18
1.0085142014897367E-17
9.699270750892332E-18
9.46769014271476E-18
9.31820082292056E-18
9.322387006249206E-18
9.529136466069496E-18
9.827704955397989E-18
1.012486636295484E-17
1.0459182799299293E-17
1.0780039721589495E-17
1.108082963633585E-17
1.1362843975282807E-17
1.1616424828664763E-17
1.1837395574920443E-17
1.1888583945568672E-17
1.1923925453591113E-17
1.1970262602239682E-17
1.2040892409644206E-17
1.2151671563908356E-17
9.247386712293155E-18
7.45687850316805E-18
6.646905903587973E-18
6.507127949834012E-18
6.8098076159369E-18
7.354774378810145E-18
7.770796631289512E-18
8.168680815015563E-18
7.878175376049283E-18
8.33933975494359E-18
8.865303697481204E-18
9.465132191288137E-18
1.0060870715300499E-17