
0.0
1.7545243403719884E-16
1.7911017377200654E-13
1.179454389093331E-12
6.396944460523895E-12
6.25038035418725E-11
3.887969243533451E-9
9.64409129260659E-9
1.703514400560946E-4
2.7727589522461493E-4
3.8550717352837537E-4
4.2722878428854625E-4
4.4292883819145416E-4
4.2703892075536017E-4
4.25417666752181E-4
4.845615152103173E-4
5.396640947575234E-4
5.827056359528817E-4
5.73215603044577E-4
5.485516925604004E-4
5.021485546723937E-4
4.512700903178219E-4
3.9584183362574696E-4
3.4115454365183333E-4
2.8881913247599735E-4
2.405924831945345E-4
1.9763943772191616E-4
1.6039961885967014E-4
1.29024708730493E-4
1.0303473318377387E-4
8.185736919780145E-5
6.48017912880574E-5
5.1211668218520774E-5
4.103831195565292E-5
3.470538402421298E-5
3.0386911923191264E-5
2.718699520768961E-5
2.4226698214135486E-5
2.1236762909366484E-5
1.8459999501877985E-5
1.5835445354659445E-5
1.3550674696684688E-5
1.1438852873106051E-5
9.573407317449026E-6
7.942275908168511E-6
6.5473388602567254E-6
5.368642236379646E-6
4.386447502210719E-6
3.575421885903457E-6
2.9115664623809987E-6
2.371350788309458E-6
1.93412535188937E-6
1.580427303496678E-6
1.3403002190931012E-6
1.2438252367573814E-6
1.095739866251012E-6
9.429414526786201E-7
7.918656881267288E-7
6.795079524306312E-7
6.25171503051379E-7
5.434707082610952E-7
4.626210204353523E-7
3.853147732433544E-7
3.1716475109203007E-7
2.595221136259241E-7
2.1216524283986797E-7
1.7397856827821943E-7
1.4348419700735449E-7
1.1944184550363754E-7
1.0661636604145106E-7
1.0089355994180698E-7
1.0271651878647171E-7
1.0933067551362261E-7
1.1884928551053163E-7
1.3114500233258853E-7
1.4716655485785814E-7
1.5559491029828366E-7
1.6111559335921844E-7
1.6474332531889705E-7
1.605298991837008E-7
1.5142001395211422E-7
1.3912720535695255E-7
1.2536646257346473E-7
1.1130712216697157E-7
9.794433468768687E-8
8.836229619970104E-8
8.123981640456766E-8
7.755066281038117E-8
7.60957306468034E-8
7.634874485921229E-8
7.70429068488311E-8
7.742710740914402E-8
7.68076785137596E-8
7.494772498509083E-8
7.17967448551247E-8
6.754551322828857E-8
6.245635858673591E-8
5.691305061865832E-8
5.112007511764E-8
4.531382947566709E-8
4.109959007635173E-8
3.995707168185387E-8
3.688213834543144E-8
3.4131747298787715E-8
3.0603833777946753E-8
2.7313577540341474E-8
2.5058985966603518E-8
2.420601888066702E-8
2.3190338242844372E-8
2.204690639215782E-8
2.0676480277138702E-8
1.9343003265266414E-8
1.8996325072521625E-8
1.948500676158578E-8
2.1218668430672383E-8
2.3807746036379852E-8
2.7047867083325883E-8
3.0348118482237085E-8
3.3232042644551914E-8
3.595019906749376E-8
3.856099531185433E-8
3.948805874501526E-8
3.9028869421063466E-8
3.7427262381670504E-8
3.559777566202496E-8
3.36388588004084E-8
3.185671501572593E-8
3.0223066341565665E-8
2.8727889299200686E-8
2.7238979721799215E-8
2.5676727315263255E-8
2.397443563103338E-8
2.212903393304274E-8
2.016621431186137E-8
1.8141417214842063E-8
1.6114776566889956E-8
1.4145871372199906E-8
1.2292666872339341E-8
1.1146981008440089E-8
1.0491888893919865E-8
1.0390129892102939E-8
1.0616172783989048E-8
1.1268710910720349E-8
1.2433022214396893E-8
1.2962081672628837E-8
1.3041590631755224E-8
1.2722083379652961E-8
1.216201804603505E-8
1.141937007926743E-8
1.054662838091312E-8
9.87442854171017E-9
9.564438590387653E-9
8.811926010279331E-9
7.907746484806187E-9
7.0275366569944445E-9
6.941292008395597E-9
7.275820271440073E-9
8.218084412234162E-9
9.480052480086697E-9
1.1012273043552277E-8
1.2607446957813835E-8
1.426130653561283E-8
1.574108630117231E-8
1.7037628864715578E-8
1.8006600306280756E-8
1.860990479195676E-8
1.8796164575630096E-8
1.8574994979624488E-8
1.79698939115608E-8
1.704176808680897E-8
1.586203632962464E-8
1.4512680034437535E-8
1.3070664818307359E-8
1.1605466301983812E-8
1.017287856586172E-8
8.815330697854879E-9
7.560718638147922E-9
6.425740478153503E-9
5.439613249659509E-9
4.914481057733115E-9
4.6197679624615006E-9
4.57266369112442E-9
4.65021559487607E-9
4.783340696334002E-9
4.8718702855804955E-9
4.869414777609033E-9
4.7493703246817E-9
4.520613621146637E-9
4.203202071433232E-9
3.827247236254164E-9
3.4207289660877622E-9
3.0116341326043648E-9
2.6146328207332425E-9
2.2413720518374613E-9
1.9743009952316524E-9
1.903274871135758E-9
1.72423320538279E-9
1.5481617793619993E-9
1.358782897726336E-9
1.201905976557194E-9
1.085866740945313E-9
1.0134919617775469E-9
9.588153497230682E-10
9.178334481091876E-10
8.836986094279026E-10
8.539930194212374E-10
8.252897279797057E-10
7.962786509941102E-10
7.665583860752024E-10
7.35468287555494E-10
7.023124380091376E-10
6.792870406222719E-10
6.722955098011604E-10
6.545770226684378E-10
6.241536720563129E-10
5.840480454363446E-10
5.432444570959553E-10
5.221542110513555E-10
5.126731482843135E-10
5.152106532108461E-10
5.247725793257072E-10
5.367151356049569E-10
5.541367043659193E-10
5.74702329291284E-10
5.784889726472149E-10
5.814256224392282E-10
5.769169969498331E-10
5.708345626886641E-10
5.625784774295297E-10
5.518077751301783E-10
5.360958789127531E-10
5.261684500702246E-10
5.230854064991851E-10
5.014217662772832E-10
4.777525287150768E-10
4.5090893022212125E-10
4.2586744053225176E-10
4.0552886717282434E-10
5.451630966779069E-10
8.395187755835953E-10
5.86703891838311E-9
1.3690492278314519E-8
2.4936897019720294E-8
3.797408430278016E-8
5.194706667989383E-8
6.504187986116866E-8
7.607083174641469E-8
8.398968913013503E-8
8.865146428167151E-8
8.991633245421597E-8
8.814337847606643E-8
8.59911661310868E-8
8.435954080632892E-8
7.912848286667785E-8
7.179473885775632E-8
6.341130162502374E-8
5.6498534766522716E-8
5.1568153079224416E-8
4.5783745134508074E-8
4.062965184323318E-8
3.517264403608804E-8
3.077129795919328E-8
2.7514958838412387E-8
2.4194939997005504E-8
2.1214441311869215E-8
1.856700241819054E-8
1.629160340671385E-8
1.4327515791769788E-8
1.2708070942985043E-8
1.4655807813353007E-8
1.863844105401066E-8
2.537083826380452E-8
3.361951625848144E-8
4.2687850503883836E-8
5.1186864852367994E-8
5.833191108921949E-8
6.463446905646883E-8
6.935446618672804E-8
7.286953783007657E-8
7.482874927388389E-8
7.532612770298423E-8
7.65992603649974E-8
7.898024766527558E-8
7.917013714641698E-8
7.755124190757582E-8
7.599629832811226E-8
7.489769454800646E-8
7.249395121590114E-8
6.964239544068697E-8
6.42370833696042E-8
5.777726701600243E-8
5.0920478758115514E-8
4.4272456631670076E-8
3.809566393912817E-8
3.2529544939330807E-8
2.76071588960228E-8
2.331561579128635E-8
1.961092440073194E-8
1.643810478271481E-8
1.3737038800500371E-8
1.145814974103754E-8
9.535058265322942E-9
7.91215552554249E-9
6.818729729433306E-9
6.568977012097202E-9
5.896942895696871E-9
5.212144026265715E-9
4.517876304627003E-9
4.40745771221694E-9
3.480103708710982E-8
8.158774039737055E-8
1.5004909888822028E-7
2.263487845175436E-7
3.080802597358118E-7
3.8221063564453496E-7
4.451278923746175E-7
4.900098223678335E-7
5.168824122555873E-7
5.255804078118837E-7
5.191586917291606E-7
5.010746221783735E-7
4.7390761703097665E-7
4.4011065560073883E-7
4.139750334909281E-7
4.014467998475727E-7
3.7193064808389527E-7
3.417435749761958E-7
3.119097799236159E-7
2.8837105720606994E-7
2.701421895898885E-7
2.5661338938257633E-7
2.4508545952971654E-7
2.3384811243120057E-7
2.2143665286052357E-7
2.0740706169052263E-7
1.917669132086484E-7
1.7497972175756442E-7
1.5761976851465117E-7
1.4034475589111878E-7
1.248925749476217E-7
1.1107573370492004E-7
9.974398515883871E-8
9.036257506529289E-8
8.278310751415358E-8
7.634945548158973E-8
7.064723813871234E-8
6.524148645696277E-8
5.992398734170399E-8
5.458555908586841E-8
4.924697618477427E-8
4.397629962574926E-8
3.887440598469538E-8
3.4034755688610004E-8
2.9535977084482365E-8
2.542425573947829E-8
2.1729034283752937E-8
1.8465009057475275E-8
1.5618808087714825E-8
1.3789724231399067E-8
1.3063456835624764E-8
1.4025030247120107E-8
1.4854307546696128E-8
2.0987773200324105E-8
2.9476575470426435E-8
4.2893694215766736E-8
5.858748389862366E-8
7.627666227047446E-8
9.340437749719211E-8
1.0781359582107519E-7
1.1968609130159065E-7
1.27801028586071E-7
1.3232280511440775E-7
1.332926543361959E-7
1.3115797035878178E-7
1.26288552386127E-7
1.192093650042018E-7
1.104572953064249E-7
1.0061708190179377E-7
9.023145713529665E-8
7.978370034427194E-8
6.967298988350792E-8
6.061052084445874E-8
5.261034618481269E-8
4.575281665764691E-8
4.007533260027452E-8
3.644560786083596E-8
3.588266031534715E-8
3.371203912713593E-8
3.237650408223191E-8
3.1640082762643925E-8
3.203413367113886E-8
3.3184471095374496E-8
3.4720851968489576E-8
3.793423603496815E-8
4.2162548380264424E-8
4.760337471784295E-8
5.2409931180631965E-8
5.7141447823749774E-8
6.112765308445877E-8
6.429588868937611E-8
6.62983044750793E-8
6.766996600097033E-8
6.799640213964534E-8
6.760856031375272E-8
6.76552188954864E-8
6.867856586149187E-8
6.792440292238388E-8
6.684571926879218E-8
6.476898397809878E-8
6.245218878549357E-8
5.997023577146491E-8
5.7646363584730685E-8
5.5501588415011373E-8
5.3543566767593056E-8
5.166385585977677E-8
5.043007283654119E-8
4.976588408258391E-8
4.846079354049731E-8
4.717028936363688E-8
4.59995031711292E-8
4.415296984476102E-8
4.211929213941402E-8
3.99878482450303E-8
3.8547582261444397E-8
3.771953017420432E-8
3.672274328876115E-8
4.641499228574535E-8
6.274145966408749E-8
8.592629376695768E-8
1.1359901002521953E-7
1.4336790805464842E-7
1.7172763535435379E-7
2.273761397385143E-7
2.961873900338151E-7
3.788028814694615E-7
4.6414747298262696E-7
5.461203299486156E-7
6.170414691287017E-7
6.713922991389289E-7
7.057658337980371E-7
7.196306730356741E-7
7.145627725546003E-7
6.934768846282832E-7
6.599076917940662E-7
6.174023330837922E-7
5.692367677360909E-7
5.181903596706646E-7
4.66522745351615E-7
4.159547581813286E-7
3.6773634532774824E-7
3.227009638092415E-7
2.81347845717549E-7
2.43907792550401E-7
2.1041213891452502E-7
1.8074642615454082E-7
1.5469889639941219E-7
1.319967266977647E-7
1.1233558006340098E-7
9.540047632640113E-8
8.088127254538775E-8
6.848262024604819E-8
5.7930388046595694E-8
4.897494853297844E-8
4.1392506459431716E-8
3.4984858249779845E-8
2.9578282276701824E-8
2.5021274236563935E-8
2.118361767416286E-8
1.7953015534666334E-8
1.5245189047130233E-8
1.3440060270245763E-8
1.2247559069586983E-8
1.1998147576893446E-8
1.3094565984475972E-8
1.3734923417944344E-8
2.4034323292525948E-8
3.913937771384938E-8
6.320687465116211E-8
9.184866010518483E-8
1.2364992351366657E-7
1.5493744308633076E-7
1.8300751989569274E-7
2.0545158498235562E-7
2.2124774616201292E-7
2.299672649236436E-7
2.3210733211426434E-7
2.2850712445256332E-7
2.203216434826639E-7
2.0870676314373152E-7
1.949116522593404E-7
1.797995406310738E-7
1.6417886598108284E-7
1.488461558895835E-7
1.3400042311171942E-7
1.1982238423071183E-7
1.0969141978498398E-7
1.0617341733648775E-7
9.810334101451904E-8
9.250474515900202E-8
9.032879751119789E-8
9.467021438863506E-8
1.0010194388599499E-7
1.081750141235407E-7
1.1503856408032106E-7
1.2274495252046542E-7
1.3126220490429965E-7
1.3769761933610552E-7
1.4006982442685098E-7
1.392238148072051E-7
1.3545689648070095E-7
1.2912786397339297E-7
1.234426120806967E-7
1.2049645878638437E-7
1.1513581843715842E-7
1.0778487604172428E-7
1.168074224016643E-7
1.3546730244057245E-7
1.621962988063929E-7
1.943003829189545E-7
2.289685869983012E-7
2.598527803360698E-7
2.841847811012168E-7
2.992436210466912E-7
3.0449948257376745E-7
3.005447745230719E-7
2.8902698778511205E-7
2.7183329343960634E-7
2.5086938145561283E-7
2.2777391203042125E-7
2.0389382849950443E-7
1.802543499876266E-7
1.576042964455096E-7
1.3644891501999351E-7
1.1709824063220348E-7
9.970544355033872E-8
8.430552321557279E-8
7.084657522380312E-8
5.921756396716155E-8
4.927012247998776E-8
4.083621660910369E-8
3.3737315104818346E-8
2.7798835785220228E-8
2.285980069627358E-8
1.9209613566367416E-8
3.333749771010412E-8
5.5173830065116935E-8
8.697919143400702E-8
1.232220967769623E-7
1.6200679430978694E-7
1.9859621105433003E-7
2.2921661347686526E-7
2.5153864522310403E-7
2.6518895298023017E-7
2.7568095506135516E-7
2.804521534137431E-7
2.81683624456475E-7
2.791947164651757E-7
2.7835524067372223E-7
2.7603145929703896E-7
2.739777576076433E-7
2.706096070956391E-7
2.659578286544841E-7
2.589401098274227E-7
2.494112215712753E-7
2.37126853218438E-7
2.2243041792809788E-7
2.057546108428404E-7
1.877721370749286E-7
1.691435658077495E-7
1.5051223655210968E-7
1.3241312655422971E-7
1.155588970835594E-7
1.035372937768561E-7
9.429900259345115E-8
8.892453890073383E-8
8.699505908507332E-8
8.72172492485281E-8
9.036526954955742E-8
9.724587045397336E-8
1.0024711667304507E-7
1.0108929486535347E-7
9.998240914884933E-8
9.795737800704757E-8
9.51256621118193E-8
9.163464089405763E-8
8.743488162196652E-8
8.24428394836266E-8
7.6640305880582E-8
7.19011770187247E-8
7.157654667918978E-8
7.0879266314969E-8
7.053883593889038E-8
6.984948235035196E-8
7.019585228476007E-8
6.952582061604525E-8
6.856909589542665E-8
6.72321495795851E-8
6.551969229785608E-8
6.383935548624978E-8
6.185416271963596E-8
5.967721174092814E-8
5.721598601215371E-8
5.494040473174243E-8
5.253863734476406E-8
5.0102011406639145E-8
4.74790769497491E-8
4.466952923265948E-8
4.161224378116159E-8
3.8336027221307605E-8
3.4884633657776144E-8
3.1347882494928855E-8
2.7819912076589558E-8
2.4397332477098448E-8
2.1176258820866955E-8
1.876802749247064E-8
1.688930448473159E-8
1.563519616698113E-8
1.4775913111184304E-8
1.418242853838445E-8
1.3820811338800417E-8
2.370910404089432E-8
3.799340229871266E-8
6.110709115714152E-8
8.82239397485429E-8
1.1920726749160878E-7
1.4989607306695574E-7
1.7908793799458998E-7
2.0463247651715616E-7
2.2631257016950945E-7
2.437367570982653E-7
2.5736373352811436E-7
2.679380540649108E-7
2.7646066622649874E-7
2.8285957421765795E-7
2.8709798598934705E-7
2.8972868720614637E-7
2.914659835998824E-7
2.9260514343240543E-7
2.936957161592051E-7
2.946119461828635E-7
2.9403780696970565E-7
2.915986138490769E-7
2.872845332145844E-7
2.8061840611507977E-7
2.7143933582172924E-7
2.5926832712401593E-7
2.498515161781847E-7
2.4503508242175483E-7
2.319218325229198E-7
2.176439642748232E-7
2.047023375236953E-7
1.868274730585713E-7
1.6753862126614588E-7
1.5000230538981432E-7
1.3879782495852588E-7
1.3066982257773675E-7
1.2675740418914702E-7
1.2527668737091813E-7
1.2517145673994171E-7
1.2679104660418275E-7
1.2951351764131143E-7
1.2821966639939342E-7
1.237097765205441E-7
1.1699964868390905E-7
1.1166811755939773E-7
1.0681523712187864E-7
1.0497307501891957E-7
1.0552249770111704E-7
1.0375743868230887E-7
9.998355451832831E-8
9.472326321136001E-8
8.853091288336788E-8
8.393745843602011E-8
8.157231212220101E-8
8.193459517777632E-8
8.053622701426287E-8
7.802650520511797E-8
7.449808262250774E-8
7.019731054154884E-8
6.511692526152532E-8
6.110252053769852E-8
5.9283130100287375E-8
5.57263856151501E-8
5.10023518069609E-8
4.716372842371028E-8
4.4428883142045234E-8
4.3064396224096617E-8
4.185971047527499E-8
4.1239253890954075E-8
4.070020051927024E-8
4.022495775935692E-8
3.9556548505862584E-8
3.865197911053216E-8
3.743958760878816E-8
3.597342883997691E-8
3.428874805033308E-8
3.2450326025614165E-8
3.0507816188074784E-8
2.851334510671584E-8
2.6505986476431943E-8
2.45195636502747E-8
2.2598332734771556E-8
2.0740620880602727E-8
1.8944530464634283E-8
1.760181178934303E-8
1.686372823551861E-8
1.5693587535196433E-8
1.4259481509488321E-8
1.272635639005878E-8
1.1238604550748274E-8
9.867214569867204E-9
8.638992075381194E-9
7.55566419104305E-9
6.607516204813468E-9
5.78143058682572E-9
5.069137801696586E-9
4.4483668558943516E-9
3.904649175647544E-9
3.5392422746364626E-9
3.4587378053732475E-9
3.2632207450732933E-9
3.4783046734203623E-9
3.834113100677272E-9
4.4658915041633715E-9
5.261717562248589E-9
6.179228435979271E-9
7.128614597248192E-9
8.019641821334586E-9
8.7218591121994E-9
1.0235299746536056E-8
1.1973911408634872E-8
1.396038473495289E-8
1.5961225177363384E-8
1.7806383737560047E-8
1.928931724515968E-8
2.0227644063452505E-8
2.054780758061671E-8
2.0718219607163706E-8
2.0820419999865797E-8
2.027005068752267E-8
2.0433496473313863E-8
2.0590572159457875E-8
2.0775770103987872E-8
2.0887152529759686E-8
2.1031149733440938E-8
2.1092613645143658E-8
2.2046396267017298E-8
2.3234804827873098E-8
2.4613286314355806E-8
2.5847330770523428E-8
2.6760305181819057E-8
2.7109076805182392E-8
2.68096649957639E-8
2.5859015479865696E-8
2.4360330594534848E-8
2.2455386455877E-8
2.030392027036075E-8
1.8049815185786698E-8
1.5812204578072016E-8
1.3678215270237389E-8
1.1705780834533497E-8
9.929757447999536E-9
8.359734370104266E-9
6.995987013776344E-9
5.948559238443186E-9
6.983661514745577E-9
8.915331069323084E-9
1.2027594563905246E-8
1.531424410934132E-8
1.8676703254605594E-8
2.1669289957486457E-8
2.3856272583148143E-8
2.50953726336399E-8
2.5370805568017664E-8
2.4786938356069254E-8
2.3778870414842607E-8
2.784212648579955E-8
3.425770798467199E-8
4.2974068200925506E-8
5.257526772062892E-8
6.186709120020933E-8
6.935990689200089E-8
7.423496065960551E-8
7.660098393127858E-8
7.917849094737845E-8
8.046800581450177E-8
8.090330057791432E-8
8.177315870081748E-8
8.355003808527009E-8
8.257499282137316E-8
7.932802278722835E-8
7.568082145704427E-8
7.309600130739793E-8
6.909497112338723E-8
6.447580159747795E-8
5.948492628865732E-8
5.575806051555924E-8
5.3278038617853064E-8
4.9752006353068985E-8
4.587197210256475E-8
4.1700498823094164E-8
3.758219881989198E-8
3.391602335218727E-8
3.0711348573896196E-8
2.7266093403457593E-8
2.4271800491038734E-8
2.1865784250170724E-8
1.9351783467502478E-8
1.6958502735500572E-8
1.5051150377063667E-8
1.3636004539670575E-8
1.2259138107995498E-8
1.1234444758856927E-8
1.0237337443518008E-8
9.459399027951186E-9
8.905508184447551E-9
9.0650746438073E-9
9.553466193539078E-9
1.0391909718254322E-8
1.1302990929606529E-8
1.2166248715696431E-8
1.2786324277073785E-8
1.3080583525838832E-8
1.3001648435398825E-8
1.2578760734662017E-8
1.1900180216756191E-8
1.151173000755255E-8
1.1241765110923746E-8
1.1157165845003066E-8
1.1168430332541457E-8
1.1190276681924203E-8
1.1247163309911302E-8
1.1448563340146015E-8
1.1935810264694432E-8
1.2090587774484322E-8
1.187832658874345E-8
1.1305412727602182E-8
1.0571559419677425E-8
9.733539720352764E-9
8.850335101828513E-9
8.171791945448302E-9
7.788409509872465E-9
7.141881845897074E-9
6.374960078773346E-9
5.5734600273357615E-9
4.8219568734333745E-9
4.1577798768891445E-9
3.741120125214195E-9
3.499846538141391E-9
3.395068768145548E-9
3.368491771391969E-9
3.3688160974019042E-9
3.4434037087569123E-9
3.5172663934319116E-9
3.569019298120501E-9
3.626885857560746E-9
3.6561253084173932E-9
3.6427646484537477E-9
3.5736887008249744E-9
3.4504278978240962E-9
3.268145560246977E-9
3.031862835377017E-9
2.843435166553771E-9
2.7903994262838046E-9
2.581311664035154E-9
2.3079206353869804E-9
2.012591187540983E-9
1.7400868694369363E-9
1.5043505324644632E-9
1.3067590957321267E-9
1.1398461185260614E-9
9.960253562996042E-10
8.690853010969291E-10
7.55364987435858E-10
6.528891686225288E-10
5.608117058914032E-10
4.787091229980174E-10
4.0625859882439553E-10
3.4302367596532624E-10
2.8842131956532947E-10
2.416949850870278E-10
2.0204081934555808E-10
1.6863077009244093E-10
2.1466327403148283E-10
4.632835524234173E-9
1.106289105633941E-8
1.9445462020011565E-8
2.8631639089464416E-8
3.739084066579489E-8
4.4548008090523714E-8
5.0657806912696934E-8
5.48835166240796E-8
5.7432592491648645E-8
5.892266538731438E-8
5.926251562386106E-8
5.8573480835530364E-8
5.687276644055947E-8
5.425711226179767E-8
5.083325680317877E-8
4.6796941779913504E-8
4.317809495795851E-8
3.973920897705767E-8
3.674380119972862E-8
3.405684109653884E-8
3.159086688327185E-8
2.921542343805927E-8
2.7152560697715432E-8
2.5217585218181352E-8
2.4055423832342582E-8
2.4102701249754723E-8
2.3383228549072546E-8
2.20043144119729E-8
2.0715954257922754E-8
1.9810648485550256E-8
1.8192927846340163E-8
1.6240710489071278E-8
1.4196648301483233E-8
1.2231641439115232E-8
1.0421644004081903E-8
9.094049387157838E-9
8.349801585327257E-9
7.321660791723834E-9
6.2319529027579276E-9
5.181567910769958E-9
4.254550191071342E-9
3.472720694059739E-9
2.831079448886264E-9
2.3113516651517543E-9
1.8925461414598677E-9
1.5549961662095052E-9
1.2821630324819584E-9
1.0607447066299031E-9
8.850400954430071E-10
1.0437427190437088E-9
4.514274484510356E-9
1.0092926776174675E-8
1.727111116317176E-8
2.519199169459669E-8
3.299305064825157E-8
3.9753881998010705E-8
4.51174881124104E-8
4.882851947718363E-8
5.101160639201288E-8
5.184061152877418E-8
5.161361748253056E-8
5.062122291340885E-8
4.909819716731953E-8
4.724560564733639E-8
4.572146185465203E-8
4.4587045101500804E-8
4.33155315123031E-8
4.208837080428664E-8
4.018895724186451E-8
3.797677498351428E-8
3.6090173065048504E-8
3.462857566673988E-8
3.3036881522329734E-8
3.153501316460448E-8
3.0194909326479904E-8
2.9143200817274287E-8
2.8017375526911832E-8
2.667468369972682E-8
2.5170263795272386E-8
2.392878028295091E-8
2.292895513562758E-8
2.1760187224795206E-8
2.056835487168016E-8
1.9393553537845485E-8
1.8326736574826176E-8
1.7658608555459928E-8
1.741018156495641E-8
1.703372010809511E-8
1.658284787365488E-8
1.6070854250405315E-8
1.5539957751550227E-8
1.4992450428098846E-8
1.4445959215978517E-8
1.3879856071987948E-8
1.3280598438201773E-8
1.2938430367711193E-8
1.3059380809947506E-8
1.298620881480859E-8
1.272406775799602E-8
1.2262331411773194E-8
1.1640096174546661E-8
1.0864042659310603E-8
1.0079427703206152E-8
9.320061456072615E-9
8.630812695361695E-9
7.93007101690198E-9
7.375396192618622E-9
6.821785012102685E-9
6.247573172423095E-9
5.74386219348569E-9
5.226872556179164E-9
4.770980966464935E-9
4.351537477918507E-9
4.074020525271062E-9
3.918965865555338E-9
3.877654026524951E-9