
0.0
7.263714805197109E-4
5.2642640471972314E-5
5.165255009725937E-6
1.0420521569235893E-6
1.7159476091357366E-7
1.3142087309172452E-7
1.3277662972987672E-5
1.2701082672692915E-5
1.2945910515537113E-5
1.1095740430065442E-5
9.361440128231485E-6
7.5213476883032705E-6
5.998398465013168E-6
4.704402224935784E-6
3.677584133462759E-6
2.8584847650793292E-6
2.218915247617548E-6
1.7190952679233907E-6
1.3312164630282153E-6
1.0302216441840404E-6
7.971610926626118E-7
6.167197102082761E-7
4.771302644159062E-7
3.6914455796154735E-7
2.8561668726802726E-7
2.2100579596114383E-7
1.710234265676538E-7
1.323555057913352E-7
1.0243747561095106E-7
7.928789182715514E-8
6.137320480738111E-8
4.7508752993664944E-8
3.677622917212656E-8
2.8469737756812704E-8
2.204013199496426E-8
1.7063349574525664E-8
1.3210833847740906E-8
1.022858604253924E-8
7.919830625494959E-9
6.132436452696401E-9
4.748552513715955E-9
3.677076803367202E-9
2.8474072109577113E-9
2.205257639849702E-9
1.707751836106177E-9
1.3226397284367574E-9
1.0242280770905885E-9
7.932423639473939E-10
6.14237949700048E-10
4.756876903601211E-10
3.6829736014237514E-10
2.8520586728933234E-10
2.2079542918556618E-10
1.7090302459363055E-10
1.322664029316687E-10
1.0242474238296335E-10
7.928346988688119E-11
6.14059747591416E-11
4.753426010036827E-11
3.68149938322463E-11
2.84971155921413E-11
2.2057522711413584E-11
1.708101917846934E-11
1.3221049443981585E-11
1.0239257971688517E-11
7.925475295189887E-12
6.1379670369295595E-12
4.7509621400950455E-12
3.679669870022991E-12
2.8481630104918757E-12
2.2055498864964643E-12
1.7069157457337917E-12
1.3215712442920183E-12
1.0230597552506244E-12
7.917801802076796E-13
6.128627408016008E-13
4.743669415825927E-13
3.67162467478896E-13
2.841059939216943E-13
2.198736656905405E-13
1.7009874298719014E-13
1.316025428132392E-13
1.0179848058564131E-13
7.875845906685436E-14
6.092651499600025E-14
4.714366672317429E-14
3.647618014662429E-14
2.8229515883290546E-14
2.1845685715702062E-14
1.6910528847022033E-14
1.3087546671334159E-14
1.0131909073351883E-14
7.841814314786412E-15
6.0713157730063365E-15
4.6992643204019055E-15
3.638495996911034E-15
2.8163268213706588E-15
2.179755810349554E-15
1.6877936151181665E-15
1.306470972046085E-15
1.0117512254277625E-15
7.83158249798962E-16
6.062041345413037E-16
4.690971822630822E-16
3.630100969075304E-16
2.811913483782246E-16
2.177357901137686E-16
1.687447717949202E-16
1.306924731489895E-16
1.0128524194497742E-16
7.844544556623048E-17
6.074849405929141E-17
4.7061641615762145E-17
3.6453269762253614E-17
2.822886483359758E-17
2.1857538093002217E-17
1.6939371235540235E-17
1.312881792983933E-17
1.0177690971388369E-17
7.886333215384386E-18
6.1125713050399446E-18
4.735934652100881E-18
3.6700245442965144E-18
2.8431707156828443E-18
2.2033213292484416E-18
1.7069976932363434E-18
1.323066285558315E-18
1.025151372832635E-18
7.947722929095095E-19
6.159036757665249E-19
4.7831929279406055E-19
3.71343559370144E-19
2.884460071460579E-19
2.2405744295621303E-19
1.7410252653114511E-19
1.3528451236441916E-19
1.0518895770940586E-19
8.173090172563516E-20
6.364874414797815E-20
4.949137626049437E-20
3.858770200972227E-20
3.0035523633557044E-20
7.728128475724982E-20
7.271741345646919E-20
8.458217365638493E-20
8.351797830832702E-20
8.443725391797664E-20
7.269027337492741E-20
7.598384857830743E-20
6.628662227364029E-20
6.138426746418822E-20
5.3054492994555456E-20
5.298594492442975E-20
4.733061418032964E-20
4.308510925150413E-20
3.7885862905966756E-20
3.3021040960786563E-20
2.868069323463429E-20
2.458236434037753E-20
2.1226182738183657E-20
1.8033439620272535E-20
1.521613670420409E-20
1.2913952960982337E-20
1.1215868355378616E-20
1.0975127778183816E-20
9.955592978484137E-21
9.434158840315446E-21
8.771689144576315E-21
8.014722728712659E-21
7.34540849644592E-21
1.5318969027670216E-19
2.2348875997509266E-19
2.6317523310192526E-19
2.7077473999928726E-19
2.610976454935161E-19
2.4454920715361323E-19
2.2672119999921714E-19
2.42532422986431E-19
2.4222700028034237E-19
2.3100424969529993E-19
2.1552872042604421E-19
1.9472207775749296E-19
1.757471903531004E-19
1.5394096909335044E-19
1.3658020425129933E-19
1.176909200692778E-19
1.0334328581302835E-19
8.821488955478754E-20
8.417041423504206E-20
7.412492176270865E-20
6.7168972041802E-20
6.284848536721054E-20
5.715084953487644E-20
5.2383885604987446E-20
4.68518153673659E-20
4.181476881777537E-20
3.67374344587119E-20
3.2237535006700005E-20
2.803856854368559E-20
2.4356962319499653E-20
2.0882691274122086E-20
1.7988171473559088E-20
1.53182567432997E-20
2.161450081473486E-20
2.066368670610627E-20
2.0542963533518472E-20
1.8707742650996784E-20
1.6886069809074772E-20
1.501257158582225E-20
1.3178761343335474E-20
1.1569151456248966E-20
1.0023267193736882E-20
1.3350480543410992E-20
1.3427214744416925E-20
1.3663511223249854E-20
1.5147664068918986E-20
1.6097096225805017E-20
1.5735408468603973E-20
1.5371835317947975E-20
1.4337008991471828E-20
1.3301098970490034E-20
1.1935192356777361E-20
1.0706586044926341E-20
9.38965101726525E-21
5.47243170996408E-20
7.662131270252714E-20
8.671470570365296E-20
8.791004838941795E-20
8.418712970896296E-20
7.782333684489056E-20
7.033132666727314E-20
6.244741884284222E-20
5.411267399241625E-20
4.658275784370551E-20
7.513029205819495E-20
8.479704890746556E-20
8.687755301978646E-20
8.205900156675287E-20
7.418250596843844E-20
6.553517024546963E-20
5.668102638485223E-20
5.14317967426414E-20
4.5725903913604206E-20
4.0717439374711144E-20
3.9564417322589626E-20
3.809738787418116E-20
3.792068586537502E-20
3.6822298149709976E-20
3.578874405343458E-20
3.286600607165455E-20
3.036829472588845E-20
2.716204374017043E-20
2.459798854363203E-20
2.1718999957535706E-20
1.9131555066707432E-20
1.6740646811215258E-20
1.4774645314524058E-20
1.2833250091184046E-20
1.2140090245970116E-20
1.0947821299937366E-20
1.3874342019299794E-20
1.3647699493369145E-20
1.343907176133084E-20
1.2576826583883126E-20
1.1519761468063361E-20
1.0459359088607374E-20
9.22971181700455E-21
8.35155009853219E-21
7.287896794190378E-21
9.941229083786602E-21
9.392978717960517E-21
9.287303300976036E-21
8.785267345414232E-21
8.200999500861696E-21
8.837535036993674E-21
9.233331938373123E-21
9.149241623258292E-21
8.889105572347465E-21
8.313173871923647E-21
7.673580585882115E-21
2.8332603924415613E-20
3.664295301242018E-20
4.3170276724891486E-20
4.234883561545355E-20
4.0905300376357304E-20
3.758447846711856E-20
3.424992101538232E-20
3.0537299053411096E-20
2.6830862024191597E-20
2.4930730284123185E-20
2.2474971873750746E-20
2.0486942922748904E-20
1.8231362303895083E-20
1.6927938894780897E-20
1.53328811070768E-20
1.4008335563224046E-20
1.9693069450986597E-20
2.3098218134663595E-20
2.4015500537696018E-20
2.3727487480107325E-20
2.2128585646102735E-20
2.0647621854893607E-20
1.8256526704375604E-20
1.5921902566670945E-20
1.374660527576691E-20
1.182857128828406E-20
1.0424299734178316E-20
8.896725024747956E-21
7.714978410500135E-21
6.697307597263963E-21
5.822971704330418E-21
5.112684093589267E-21
7.408546281689084E-21
7.104689507986613E-21
7.906714491399586E-21
7.351072045744598E-21
6.4106348744153195E-21
5.643040358745962E-21
5.0942946076602384E-21
4.492940571180942E-21
4.012679224308711E-21
3.508376822850911E-21
3.087018523653473E-21
2.671683511192304E-21
2.3293813589998325E-21
3.748358890661804E-18
4.697060451330438E-18
9.281529874075516E-18
9.736652934971086E-18
9.106202767251368E-18
7.893850820329533E-18
7.215354876890583E-18
6.200486988195802E-18
5.64772277151272E-18
4.81791638949214E-18
4.254153689268929E-18
3.6370334488503E-18
3.162030321999535E-18
2.703007433986844E-18
2.329802774696813E-18
1.9683666679876355E-18
1.6773108175909124E-18
1.4500092546029365E-18
1.2546198737402536E-18
2.9234287014109376E-18
3.405014940531766E-18
3.5701128086149086E-18
3.482527221280804E-18
3.188317710115272E-18
2.9085765418491245E-18
2.5640500613981238E-18
2.280808629993108E-18
2.0252229886016603E-18
1.786378356570877E-18
1.5766163256986926E-18
1.4219145984270582E-18
1.2732543042875563E-18
1.1476625488373526E-18
1.0263152269085635E-18
9.134743755500207E-19
8.099808793039675E-19
7.066034688900888E-19
6.33580131927615E-19
5.529296693872283E-19
1.3673372109469544E-18
1.562475224543769E-18
1.6546938674208766E-18
1.5625522868229253E-18
1.4392628082576072E-18
1.2817806917293334E-18
1.1286096115990892E-18
9.82569901163528E-19
8.550344760352769E-19
7.490519699301215E-19
6.544197836474441E-19
5.6406770251132375E-19
4.842526543952823E-19
4.340380536629239E-19
3.8090895435329347E-19
3.528216063012612E-19
3.160432601679326E-19
2.8743210720241814E-19
2.5595402298489584E-19
2.261079817496195E-19
2.0620981113766291E-19
1.8281638446303815E-19
1.6489523281340595E-19
1.4482153226945996E-19
1.2846513929878738E-19
1.099465439942729E-19
9.332494187772911E-20
7.816209740029583E-20
6.520019437952676E-20
5.42602668011966E-20
4.592431580930246E-20
3.877529534663056E-20
3.3263988572029845E-20
2.841365422876679E-20
2.4426450092793187E-20
2.092162938383974E-20
1.7910446308779585E-20
1.506747779776234E-20
1.2947760811663262E-20
1.1065821136859515E-20
9.624539191737478E-21
8.707656504233548E-21
7.862290826926673E-21
7.414565644019086E-21
6.54854211557962E-21
6.1009357862614665E-21
5.2819744780691625E-21
4.788443379137356E-21
6.798735375318038E-21
7.60105253474018E-21
7.650204192508315E-21
7.527394160238696E-21
6.963732835138434E-21
6.440852336548646E-21
5.752706243818014E-21
5.1406208034064165E-21
4.502542653797083E-21
3.939603889571716E-21
3.4076190684325835E-21
2.9407722011902226E-21
2.521707605177571E-21
2.128541660449888E-21
2.142986696410762E-21
1.899876425851461E-21
2.14532911729653E-21
2.081435026160134E-21
2.1445554715085826E-21
2.070363362449619E-21
2.057648355815778E-21
1.9460249874904727E-21
1.834646972857509E-21
1.7003937049286507E-21
1.5523620376995898E-21
1.40979306587864E-21
1.2600646330482037E-21
1.1271881276999907E-21
9.925639261490645E-22
8.77412883771119E-22
7.636814527193452E-22
6.685364377259553E-22
5.764007322891698E-22
5.005221586061568E-22
5.369266636651759E-22
5.110118100618162E-22
5.996822946988451E-22
6.226836950563239E-22
6.376938130240125E-22
2.037740102831399E-21
2.777344157377838E-21
3.0666022900467607E-21
9.628465226443437E-18
1.3160616204547039E-17
1.5167080457691345E-17
1.567565762680058E-17
1.5061733920873938E-17
1.4489697872764842E-17
1.397111147813332E-17
1.3367909881920906E-17
1.2925529521114712E-17
1.235868386199258E-17
1.1925732243624598E-17
1.1390087840952558E-17
1.0646089242416093E-17
1.0032059299680352E-17
9.386458001050663E-18
8.841956988876634E-18
8.172784504402311E-18
7.652334879787065E-18
6.95704152960626E-18
6.458117412481877E-18
5.77788918388507E-18
5.314847741103559E-18
4.687123400125162E-18
4.273457458905463E-18
3.717374364988425E-18
3.3958357636773747E-18
2.956131147475545E-18
2.6346755964896005E-18
6.321620640390581E-18
6.975849351253287E-18
7.724153873353647E-18
7.421662063482652E-18
7.114220356080075E-18
6.4621991848248946E-18
5.951560531560147E-18
5.315460250670786E-18
5.035416647285261E-18
4.409996045419953E-18
4.025001012993206E-18
3.507820637306994E-18
3.3762851159368684E-18
3.0407391960302125E-18
4.92282039248244E-18
5.150894289193267E-18
6.0108073371331524E-18
5.892598962682395E-18
6.11790878789017E-18
5.823503677974916E-18
5.7425655140702946E-18
5.3841401763665264E-18
5.171567535332439E-18
4.7940198706157855E-18
4.522584841293199E-18
4.089438540585612E-18
3.787975643393748E-18
3.507037820129962E-18
3.2693192175624504E-18
3.0311503867250448E-18
2.82086180431996E-18
3.6818328748220255E-18
3.8417731684897816E-18
3.7594967981197406E-18
3.58715782518786E-18
3.283423295367756E-18
3.0367424303720745E-18
2.809270765521573E-18
2.6062208578020523E-18
3.694573992329611E-18
3.677209996735678E-18
4.856852412685862E-18
5.008370388552095E-18
5.4936011248578365E-18
5.4319964798550195E-18
5.447822590168514E-18
5.255409812827321E-18
5.0558641202448915E-18
4.808040306922253E-18
4.514688941460637E-18
4.253619128784703E-18
3.9736355605477644E-18
3.7338949284926586E-18
3.4837229755755634E-18
3.2705357158440052E-18
3.199848754066372E-18
3.0339583994910522E-18
3.036506014059934E-18
2.924289646266623E-18
2.816336611061041E-18
2.6830441734356545E-18
2.4876165795723254E-18
2.3172088207909022E-18
2.159940344346346E-18
1.9750621054104492E-18
1.862244911946295E-18
1.688812735891297E-18
1.5800300022697761E-18
1.4181618609840535E-18
1.2979139642113295E-18
1.1690267731211079E-18
1.0474334944478207E-18
9.477358513090075E-19
8.389946769269584E-19
7.557101965163084E-19
6.626330726862309E-19
5.912897854426135E-19
5.154354339231985E-19
4.54536408462735E-19
3.927839190446991E-19
6.090387787631269E-19
5.725616092981739E-19
9.040105441373407E-19
9.097561449024903E-19
1.1571889805518732E-18
1.112947145370236E-18
1.2344385715543031E-18
1.165536926513907E-18
1.1519015889529986E-18
1.0496200416082114E-18
9.984689022704813E-19
8.968330231208051E-19
8.332087652182289E-19
7.4705822098746865E-19
6.768222191585355E-19
6.921903551162279E-19
6.324079705188172E-19
6.971244241571647E-19
6.594132897296922E-19
6.846054070871584E-19
6.373848085330128E-19
6.296267808758394E-19
5.767130937912514E-19
5.467916602650519E-19
4.895226238288736E-19
4.494377357181258E-19
3.9548751046989287E-19
3.5500587396801563E-19
3.1052530876611596E-19
2.7546880455283753E-19
2.3993332146510435E-19
2.1391059572036012E-19
1.8588694022190835E-19
1.6820070467844274E-19
1.4703284373991207E-19
1.3281412187679097E-19
1.1628579727518567E-19
1.037333256071866E-19
9.04831734863027E-20
7.955537884550608E-20
6.90022265939067E-20
5.989603133606787E-20
5.165514331770135E-20
4.437623581331263E-20
3.88792295045009E-20
3.3574225423403624E-20
2.9325538304687884E-20
2.5661968397594742E-20
2.2392343979139487E-20
2.0009867266749805E-20
1.7535852635782332E-20
1.5803240588183415E-20
1.387851069181173E-20
1.225243876877309E-20
1.1494599695822001E-20
7.536071154101826E-20
8.644349374608167E-20
1.6797402621937193E-19
1.9377202796625334E-19
2.286322416167795E-19
2.365790137747244E-19
1.1524872740615055E-18
1.3696620066046426E-18
1.7206970983240197E-18
1.755484770963457E-18
1.7422024476586496E-18
1.6485311946357885E-18
2.0039262568778206E-18
1.9879636434641977E-18
2.0398692817142717E-18
1.8980694050895474E-18
1.7649091970882632E-18
2.5856844215134027E-18
2.530614476533982E-18
3.412822361314631E-18
3.43321967988104E-18
3.740100484278669E-18
3.599231372267519E-18
3.672703663861643E-18
3.4873911311083976E-18
3.523125600380264E-18
3.3645496172514784E-18
3.1994701821435262E-18
3.000988522022388E-18
2.745155841351914E-18
2.5201106045890805E-18
2.265717205570914E-18
2.06101314523687E-18
2.2089705765087585E-18
2.1024287101697225E-18
2.1366924178904395E-18
2.03559567318918E-18
1.86083190925413E-18
1.7032202546611448E-18
1.496745107474921E-18
1.3447210227706786E-18
1.1739321725330774E-18
1.0488800955482929E-18
9.57431371484273E-19
8.374378660127362E-19
7.892299649929589E-19
9.679254123181371E-19
9.847245652753422E-19
1.1826052859762806E-18
1.2678444956416785E-18
1.2241701827876223E-18
1.2175656571429786E-18
1.1293443744202939E-18
1.093082651327723E-18
1.0249466731148468E-18
9.619845431957413E-19
9.520112148435297E-19
8.761711637974378E-19
8.847904863650748E-19
8.211903027748089E-19
7.892172852139447E-19
7.185774698813543E-19
6.625996440493767E-19
5.880532912618375E-19
5.299755537340113E-19
4.630197104894435E-19
4.660647003630056E-19
4.1463941336841553E-19
4.252071038736082E-19
3.8312679053544904E-19
3.6191620022244248E-19
3.156398974716172E-19
2.837923541980514E-19
2.8220323029261613E-19
2.5698105535290365E-19
2.825388471761414E-19
2.6602060316117524E-19
2.717358019854442E-19
2.639653324834597E-19
2.4981828646714647E-19
2.445892857280165E-19
2.2471315348831615E-19
2.1156312144577717E-19
1.8948173676344772E-19
1.7008418058912757E-19
1.5697264613653195E-19
1.3802905434497116E-19
1.284793393077501E-19
1.184367421505324E-19
1.067445170550396E-19
1.0161675623636302E-19
9.040308632873098E-20
1.6542580529624125E-19
1.5642127503532753E-19
2.5615170825511355E-19
2.5607992469380906E-19
2.8947939540893314E-19
2.7118809637684657E-19
2.732763760222168E-19
2.497860349822701E-19
2.3977571201983085E-19
2.1632901646688423E-19
2.0211887500382574E-19
1.7990136324807963E-19
1.7107710492994996E-19
1.5372125293723179E-19
1.8108682586965485E-19
1.6997185544402934E-19
2.0773232258226149E-19
2.0333183713013304E-19
2.1491182152341659E-19
2.0324974374379998E-19
5.349025137914964E-19
5.733451577927584E-19
8.624608688893566E-19
8.879571186217966E-19
9.379950806423788E-19
8.934303597206914E-19
8.337447013999442E-19
7.593186148929099E-19
6.857464287375876E-19
6.143945290236266E-19
5.413206142963219E-19
4.759386560635295E-19
4.129842195712394E-19
3.840761648053442E-19
3.38968111086748E-19
3.1513205187839516E-19
2.802603263774846E-19
2.504852511910383E-19
2.197146993824471E-19
3.713900626313894E-19
3.7075835230558156E-19
4.787215784658643E-19
4.72586272544849E-19
4.769928680561599E-19
4.411353871712379E-19
4.050825160176102E-19
3.6162242403143383E-19
3.565596377006684E-19
3.2891843319360677E-19
3.2876028302490807E-19
3.1709191051334766E-19
3.1088863170884955E-19
2.892519050143064E-19
2.7218174255080827E-19
2.4469739961183977E-19
2.3980630793690782E-19
2.185674601551162E-19
2.0991088365169028E-19
1.914702699207876E-19
1.7399176682942933E-19
1.5466590441134116E-19
1.393719994967466E-19
1.3501463208956247E-19
1.2755718255248172E-19
1.2792180629213682E-19
1.233996200694989E-19
1.1574335978275202E-19
1.1325992859978552E-19
1.0200410421985656E-19
9.835050094695357E-20
8.661017685416925E-20
7.995485234838888E-20
6.932607347645728E-20
6.11910442779166E-20
5.234648701637239E-20
4.679909144728524E-20
4.057251669372524E-20
3.697053214076452E-20
2.6418541347689015E-19
2.929891157565163E-19
4.358074835139242E-19
4.426117801591709E-19
4.525352648432716E-19
4.1388692245756263E-19
3.8263332195322303E-19
3.4762103511003953E-19
3.140843376499717E-19
2.81859518230224E-19
2.6152130294220423E-19
2.321744148781456E-19
2.1559443691600039E-19
1.905560248634635E-19
1.7291414182619687E-19
1.5121569086096787E-19
2.903337509302145E-19
2.8303994515238523E-19
3.8137038322821976E-19
3.645779931202061E-19
3.7250035905483854E-19
3.344778276194187E-19
3.102853350238437E-19
2.7296492426384013E-19
2.4558026290284064E-19
2.1549651850008542E-19
1.9271239119337997E-19
1.6907113391263808E-19
1.5073333923661682E-19
1.3180442145864233E-19
1.1680647911467949E-19
1.0145649882149568E-19
8.919054048106545E-20
7.685810220073682E-20
6.701168724744671E-20
5.730730232466875E-20
4.986153587091643E-20
4.2632616220830034E-20
3.6820167593571426E-20
3.1370495891847664E-20
2.733768573882533E-20
2.3497665399304794E-20
3.4099363137387196E-20
3.173412503625849E-20
4.625440393330675E-20
4.5750790942672957E-20
4.93886867869003E-20
4.5735607166895317E-20
4.405110392617735E-20
3.9292995261086424E-20
3.5849693135149395E-20
3.180889554109449E-20
2.8192160114241836E-20
2.511069334309799E-20
2.2017827544978068E-20
1.9284751325727346E-20
1.6702750165312444E-20
4.568737064993115E-20
5.732763380308293E-20
9.163900529865093E-20
1.053362061440115E-19
1.161541405417512E-19
1.1746718785233344E-19
1.195400243796634E-19
1.1525121206972436E-19
1.0909567460459726E-19
1.0214409532420629E-19
9.71403144715846E-20
7.70578029024809E-18
9.651449010775336E-18
9.765835703237956E-18
9.101011028204559E-18
8.124178387191968E-18
6.993255962594862E-18
6.0008905694386255E-18
5.27092383281309E-18
4.606711666582814E-18
4.027057768975957E-18
3.514457481751755E-18
3.1588312618036855E-18
2.818586371193258E-18
2.53794946278333E-18
2.2763329588854868E-18
2.0643639969861386E-18
1.8669234133095962E-18
1.6686786492967207E-18
1.4933346640196662E-18
1.3836063838871104E-18
1.264652187953381E-18
1.194922342037054E-18
1.0590181764828934E-18
9.695601771931861E-19
8.837344282967119E-19
8.298713238270259E-19
7.547693508978853E-19
6.849539321609803E-19
6.056943618429142E-19
5.34327044266047E-19
4.646022513890883E-19
4.134842701991809E-19
3.5782557423178784E-19
3.218840549587308E-19
2.819300492623947E-19
2.499975239543179E-19
2.195803368939307E-19
8.365284435017887E-19
1.1014186863727757E-18
1.4148737785123522E-18
1.4909514666094713E-18
1.3896053910749075E-18
1.282993458838149E-18
1.1096639645835995E-18
9.824296754481347E-19
8.312413935838359E-19
7.24924162096321E-19
6.081310899009097E-19
5.265000355333706E-19
4.39532568212004E-19
3.787734225200674E-19
3.151077803714109E-19
2.7063416644961267E-19
2.2454176778934413E-19
1.923792009499746E-19
1.6036385658768205E-19
1.3768626978114997E-19
1.142849325929887E-19
9.816941521889541E-20
8.083118312802676E-20
8.043525599051998E-20
7.213780589136877E-20
7.031066661212899E-20
6.262686529488391E-20
5.808764845514644E-20
5.0690089977017476E-20
4.407332429602828E-20
3.7254025371603574E-20
3.420951816016194E-20
3.00579056679458E-20
2.6155946121914643E-20
2.4434611499790627E-20
2.1658302401278717E-20
1.9910004207498574E-20
1.742130674638354E-20
1.5560909138629338E-20
1.3410527071263437E-20
1.172484176269362E-20
9.99513090312331E-21
8.486429194395459E-21
7.464576036240133E-21
6.410910612380191E-21
5.4151295893187864E-21
4.518889140357068E-21
9.863091012032764E-21
9.277926891224504E-21
1.3976995367782974E-20
1.372002264950388E-20
1.5217357469484758E-20
1.3608367135879915E-20
1.3453873382771513E-20
1.2196432162931953E-20
1.1699162813772765E-20
1.0663502962622432E-20
1.0130124382839965E-20
1.1274325770685468E-20
1.0943633371344639E-20
1.1773375785010947E-20
1.1552573855416167E-20
1.1293080227673083E-20
1.0843068384692027E-20
9.999717857780182E-21
9.35553895149986E-21
8.309047245750284E-21
2.233276732077126E-19
2.888086863557841E-19
3.1561894598245557E-19
3.0457104006753874E-19
4.287222914064283E-19
4.493868241664631E-19
4.315235084007137E-19
3.864852052760612E-19
3.409394757898349E-19
2.933623070666335E-19
2.5487803324898256E-19
6.866787275166792E-19
8.304746018764689E-19
1.4827877525576559E-18
1.9414789529057765E-18
2.176110112899191E-18
2.390126789118916E-18
2.5773266617412087E-18
2.726685628896753E-18
2.843983358163097E-18
2.9342970975484855E-18
2.9886342728860272E-18
3.0118069472368293E-18
2.9781191353997206E-18
2.935546994030848E-18
2.8362917973057643E-18
2.7301740574963492E-18
2.5886406740974034E-18
2.5274192068811714E-18
2.403978443578639E-18
2.3546476498855854E-18
2.2548395068155033E-18
2.1807777519636686E-18
2.0714021237331275E-18
2.00535016633084E-18
1.9082055220534336E-18
1.835641510326967E-18
1.7497065284772022E-18
1.8821831433756302E-18
1.863463102741989E-18