
0.0
0.009999894110753811
0.008503365489432412
0.01022106901857615
0.006124406504216321
0.0042982937903789965
0.003762985343767746
0.0032221973607184247
0.0026583069324188345
0.0024264745324712824
0.0023049991635783564
0.002015213219837139
0.001704588243670906
0.0014900844074002043
0.0012922212314986467
0.001234243543756649
0.0011650666810883953
9.761820125080927E-4
7.172293852302297E-4
6.66874587726782E-4
6.767582138263041E-4
6.23460207233558E-4
5.322711646987149E-4
5.083534577593957E-4
4.502089211416862E-4
3.8273517574326254E-4
3.18933394735836E-4
2.7423409216562896E-4
3.1648021699746595E-4
2.687523282033551E-4
2.1424429101254318E-4
1.5367090539151E-4
1.5081060198452172E-4
1.6028410667074565E-4
1.4964210990581255E-4
1.3172442487476783E-4
1.1039058956557727E-4
1.0394642469080933E-4
9.354900254958188E-5
8.079784822963233E-5
6.815220710163617E-5
5.647233206159066E-5
4.898106634177852E-5
4.193294727799915E-5
3.608914869585585E-5
3.0319587362117523E-5
3.082601545305583E-5
2.9035401773705904E-5
2.5834215712805315E-5
2.251954947770636E-5
1.9249634165094324E-5
1.677740373022968E-5
1.4324807478364675E-5
1.5082189266892747E-5
1.4755673259574493E-5
1.3506748686780684E-5
1.185322647511939E-5
1.0083240003963262E-5
8.466571985612356E-6
7.028614707633336E-6
5.908786733377688E-6
5.729096507043439E-6
5.052585710535954E-6
4.152911593702695E-6
3.1863355457847946E-6
2.3048665522959334E-6
1.6237741695377872E-6
1.1232102641268473E-6
7.882570445800853E-7
5.512678582853871E-7
4.050605219579394E-7
2.864780796983536E-7
1.0755278600709564E-5
1.040663201714891E-5
8.364932093283614E-6
6.316232026641131E-6
4.68649686875593E-6
3.4868440823295935E-6
2.6168186361647876E-6
2.0471227274645982E-6
1.7540594644056375E-6
1.445459629480223E-6
1.1312512510219332E-6
8.349928249094356E-7
5.924457502365743E-7
4.1146006166459154E-7
2.8485138394495255E-7
1.9695279681842177E-7
1.357593623215939E-7
9.247803075161038E-8
1.931658040988901E-6
1.8598757381392766E-6
1.4932033210872828E-6
1.1260428502624471E-6
8.347934964151214E-7
6.171587895954719E-7
4.716413594050065E-7
3.6671420319621744E-7
2.8636998974608515E-7
2.354510494858158E-7
1.942382156564086E-7
1.6475712712210883E-7
1.362835318626564E-7
1.3425188188662967E-7
1.2659027067117588E-7
1.1279942497242161E-7
1.0332501032442495E-7
8.570104492922379E-8
1.1447382744105562E-7
1.0228195472379939E-7
8.546371940117246E-8
6.801297537831918E-8
6.395411189972935E-8
5.678388899984365E-8
4.880328208015297E-8
4.06652817594832E-8
3.3518501947059816E-8
2.8807992902438335E-8
2.3135594793701926E-8
2.525309628421698E-8
2.4435623486086735E-8
2.2073144366351555E-8
1.9151316130267595E-8
1.626515755356715E-8
1.3540751485728835E-8
1.1229733513211093E-8
9.490198366276385E-9
7.996803409817149E-9
6.847337341213366E-9
5.822773010370508E-9
5.108972888113166E-9
4.389587377472127E-9
4.021417616946696E-9
3.5772294007160297E-9
3.1249388650983745E-9
3.435897151711293E-9
4.523786856450566E-9
4.32554816728644E-9
3.677296406873353E-9
4.241214346041743E-9
4.048399562046164E-9
3.5720054800926534E-9
3.22648774357984E-9
2.888915457679746E-9
2.3074060691173144E-9
2.321421169912289E-9
2.271379701058264E-9
2.057392442260004E-9
1.7677960931986723E-9
1.4796277752905407E-9
1.2170859454017612E-9
1.0090984893625344E-9
8.32619501471433E-10
7.078165023687213E-10
5.93256335427987E-10
5.324955375532713E-10
4.707541807983547E-10
4.0894653502682804E-10
3.547086012618009E-10
4.1500284044760873E-10
4.038031064253943E-10
3.61258932205676E-10
3.120420101946074E-10
2.663457456634246E-10
2.560737578238675E-10
2.1636269454290718E-10
2.2426462052453804E-10
2.2609841905166813E-10
2.0733035677463404E-10
1.8783386569161826E-10
1.6263115241018982E-10
1.359541633249728E-10
1.3462171021077962E-10
1.2887629088853776E-10
1.198283009634114E-10
1.0056739138794945E-10
1.1044602506164388E-10
1.0212492603583334E-10
8.79088410018657E-11
7.573852841981512E-11
6.213267793142346E-11
5.7360823458489825E-11
5.133980299666386E-11
4.663942605117914E-11
3.8561286564936744E-11
3.8459600286132247E-11
3.629728240123545E-11
3.21708784622745E-11
2.7384243940342242E-11
2.2810453895567272E-11
1.9726815290187262E-11
1.6682922490754238E-11
1.5495591074883177E-11
1.3777468071854044E-11
1.2140967446064167E-11
1.057011565884448E-11
9.29417610556111E-12
8.098915956904655E-12
8.853365712637072E-12
7.477585123670206E-12
9.374063215648506E-12
8.529526129105429E-12
7.307743265694727E-12
6.093815142327766E-12
5.220036608818958E-12
4.41278695653923E-12
3.685092846052429E-12
3.8342044923519375E-12
3.681659990665813E-12
3.258922194416907E-12
2.818409346209761E-12
2.4300585440273115E-12
2.0876170878954096E-12
1.7583109777724151E-12
1.8640273749325312E-12
1.7727697196923324E-12
1.6482609564235226E-12
1.4505853790722781E-12
1.2370493154817747E-12
1.3176028786860614E-12
1.2244200303950183E-12
1.0760677187615207E-12
9.248813763851834E-13
7.921654434911273E-13
6.824213333684023E-13
5.991607427705181E-13
5.15143473483963E-13
5.343052420897337E-13
5.143216186292197E-13
4.701347315567675E-13
4.167564964829648E-13
3.676198892718315E-13
3.2858860808563436E-13
3.483329859428819E-13
3.039581262886784E-13
3.046553924244161E-13
2.6326292147453735E-13
2.292167695803099E-13
1.979467047221985E-13
1.9022692932941267E-13
1.781994650858913E-13
1.6403437398442442E-13
1.7814437443592117E-13
1.5701263977209948E-13
1.4637608625400386E-13
1.2335987015326376E-13
1.2393059106099675E-13
1.1280126918057238E-13
1.0530442133471475E-13
9.52133094695985E-14
9.526914716816635E-14
8.553000155260348E-14
7.897911181432792E-14
6.909035207433874E-14
6.232299429360098E-14
5.6674290605128666E-14
5.1852934042685185E-14
4.789681327168605E-14
4.424307228007761E-14
5.1486145811014805E-14
4.649917485551357E-14
4.429419636327133E-14
3.7679609100092456E-14
3.317059760783662E-14
3.131876093697343E-14
2.7570822296523657E-14
2.4569748508247374E-14
2.1335332426585062E-14
2.4767542920019736E-14
2.4552683595566065E-14
2.4468521147975084E-14
2.1034268834616483E-14
1.8514561355293092E-14
1.6923793890397212E-14
1.578392193084607E-14
1.4927064450492403E-14
1.4094260250222345E-14
1.3386988994260865E-14
1.2804232681690669E-14
1.3302594381689187E-14
1.3118293879881726E-14
1.7018810876530674E-14
1.5113089073933613E-14
1.439930405518498E-14
1.1248639140705047E-14
9.370822656213736E-15
8.25302635852227E-15
7.819781909008765E-15
1.0098217991519428E-14
8.96187533539505E-15
8.656363033046413E-15
6.720120132453707E-15
6.913163000090909E-15
5.817721439926642E-15
5.343522221801923E-15
4.2099219851131566E-15
4.359642720672641E-15
3.7193250500878986E-15
3.4093920595121215E-15
2.7615937338801225E-15
2.887858756911826E-15
2.5009230674159365E-15
2.5915798114680136E-15
2.2379365661949303E-15
1.9874511179444574E-15
1.7495247410868855E-15
1.5551136364628083E-15
1.622468198110372E-15
1.671244222172899E-15
2.466530765921706E-15
2.6758632383594145E-15
3.2213320412795464E-15
3.4060913983720256E-15
4.253425402891294E-15
5.0225937962502E-15
6.046412357905309E-15
6.80191697678081E-15
7.455865128852752E-15
7.892755601243754E-15
8.776509272593933E-15
9.483582898620116E-15
1.0392486503324523E-14
1.1063152690244016E-14
3.5515936271141126E-14
5.6086928874600716E-14
9.230095144914942E-14
1.1720303997956548E-13
1.459830216082798E-13
1.672336041951777E-13
1.8915871708558815E-13
2.063064147727724E-13
2.2211484844723335E-13
2.343334879224677E-13
2.445060250926924E-13
2.5186802151505146E-13
2.57371509018664E-13
2.610440449696391E-13
2.640949572507735E-13
2.6641696286482285E-13
2.6816751070662153E-13
2.6842408970734244E-13
2.6708431888184643E-13
2.584557666850657E-13
2.496050998233272E-13
2.3950675524152295E-13
2.322145268056705E-13
2.270814301441453E-13
2.2179107531357428E-13
2.44569008190095E-13
2.3196832069187405E-13
2.3809640197005494E-13
2.1855339134737785E-13
2.5419905806147604E-13
2.268187954775873E-13
2.1513022270899098E-13
1.8646610670445601E-13
1.6701974705373315E-13
1.6646543901955768E-13
1.6176302014976088E-13
1.9510255785489423E-13
1.859860712653502E-13
1.8692236359368337E-13
1.7349184216575811E-13
1.688767606691966E-13
1.701691221138702E-13
1.6959935933725596E-13
1.7810029419934E-13
1.7041657586879878E-13
1.6482634391833855E-13
1.5271771671716474E-13
1.44955002388816E-13
1.7088982883437654E-13
1.598356864908942E-13
1.5708005153938093E-13
1.4359728721243502E-13
1.3510104736675016E-13
1.2812270527375778E-13
1.2022575811194275E-13
1.1283820947610477E-13
1.075226629400805E-13
1.0503418626232744E-13
1.0276851528042215E-13
1.007472394932489E-13
9.880293561344568E-14
9.681238843413038E-14
9.485217224277928E-14
1.2846035712627345E-13
1.1766649952690314E-13
1.1628479834987273E-13
1.0314057800195635E-13
8.909803054243593E-14
8.85446803264855E-14
7.712180634388863E-14
7.265628486606868E-14
6.64682441267942E-14
6.157592975747768E-14
5.745462873151515E-14
5.233002276947729E-14
4.622860962732828E-14
4.093052480211493E-14
3.625866272541501E-14
3.30847174759234E-14
3.4045417257526807E-14
3.3534257622552196E-14
4.6084104137479994E-14
4.099043473508285E-14
3.949538120909283E-14
3.0525758128747064E-14
2.5449504950782434E-14
2.2789013102006245E-14
2.116807515168076E-14
1.9506259287820147E-14
1.8228605853093163E-14
1.7172220440127286E-14
2.0655495147675144E-14
1.9128740895656566E-14
1.9040033997979018E-14
1.6521715044716185E-14
1.5238180998086213E-14
1.4447060881591416E-14
1.4030678856740268E-14
1.6972932210442078E-14
1.5778721180790262E-14
1.5380265126000003E-14
1.8199805166700926E-14
1.5636580715230835E-14
1.5087672686174595E-14
1.169993956512517E-14
9.786797928175279E-15
8.556300315858261E-15
7.75109227420929E-15
7.421116172324342E-15
7.972648982183593E-15
7.369836953943655E-15
9.637535189047953E-15
8.18453033683282E-15
8.133969924072418E-15
6.699518598092262E-15
7.781963580060349E-15
7.240338728010463E-15
7.301496924328448E-15
6.50036328524041E-15
6.141120508161604E-15
5.842417739960898E-15
5.588699725832809E-15
5.3181230495217065E-15
5.020272187079802E-15
4.737328878918793E-15
4.488840251536691E-15
4.114315215287296E-15
3.791145427303461E-15
3.4613176786582545E-15
3.2177586648724577E-15
4.479539580906739E-15
4.128032692711589E-15
4.021133561294325E-15
3.832393549204458E-15
3.2084436842262583E-15
2.9496147354459085E-15
2.987988017754246E-15
2.7146946754659544E-15
2.834131244905704E-15
2.713489848681162E-15
2.7360770831796204E-15
2.792568862423612E-15
2.783811700457611E-15
2.7289835992007634E-15
2.657732071641957E-15
2.5469607788788174E-15
2.4623058421914595E-15
2.3439893596971683E-15
2.244493064864267E-15
2.1793304528003665E-15
2.1081808859617805E-15
2.0510453655132366E-15
1.9632319048941075E-15
1.881531851372783E-15
2.092106626244073E-15
2.4096771074579863E-15
2.229302156032702E-15
2.057784498200456E-15
1.6590844864408762E-15
1.447125972041874E-15
1.2942833198092233E-15
1.5851293080549748E-15
1.4140971621120281E-15
1.4822929113645798E-15
1.2545752031168056E-15
1.0973153827785966E-15
1.2029265644641093E-15
1.0450640677483905E-15
9.661268669137467E-16
8.065205876706333E-16
6.975152648241209E-16
6.267372941146486E-16
6.390497024867266E-16
5.504360404062804E-16
4.980895709860235E-16
4.463327686022187E-16
3.806633649952839E-16
3.452772858820656E-16
3.448644502141201E-16
2.968532655341218E-16
2.7032725547912354E-16
2.55636749337887E-16
2.157869617999601E-16
1.9802478625749535E-16
1.7869816071606979E-16
1.5638648882944912E-16
1.5642292393608775E-16
1.3296644103941395E-16
1.3236400379303869E-16
1.1127216365241846E-16
1.0706261053772619E-16
9.160807068925611E-17
8.258111272353303E-17
8.723177358930475E-17
7.578281151815202E-17
6.955719938900162E-17
5.592586618567233E-17
4.7379521056750185E-17
4.168882610161531E-17
3.731783298894317E-17
5.717627951682454E-17
5.442776269025042E-17
5.359649372648331E-17
4.3285920967120807E-17
4.2669469155954726E-17
3.690399228892063E-17
3.362272883845411E-17
2.8368276110911553E-17
2.4247333870836554E-17
2.3499991046885883E-17
2.0862855551464348E-17
1.9056856313505562E-17
1.6044404359830793E-17
1.609188548653587E-17
1.379052838222556E-17
1.2362388479314828E-17
1.0048853745007687E-17
9.313556730367872E-18
8.062679458778766E-18
7.174666828400184E-18
5.997100851494815E-18
5.3856248567328465E-18
5.5791653891456674E-18
6.34740553193436E-18
7.443488270484325E-18
6.550723898099838E-18
5.945510395395816E-18
5.240980976920811E-18
4.4178340493194544E-18
3.905977229304493E-18
3.801730189440827E-18
3.3315544075286777E-18
2.992255050747823E-18
2.5229148031343044E-18
2.160309386568832E-18
1.8829217418731237E-18
1.6243356690024364E-18
1.8038546199236848E-18
1.8781966505551772E-18
1.850217702995638E-18
1.5763384587658279E-18
1.5019157272426909E-18
1.2826408920409314E-18
1.1497364835477891E-18
9.490327784824943E-19
8.049768618897668E-19
6.93102654069003E-19
7.680926076632308E-19
6.86070770479914E-19
6.605624548183702E-19
5.47364569233512E-19
5.647398470828602E-19
5.055695615996093E-19
4.594919296196974E-19
3.8023077501126436E-19
3.3373961278224365E-19
3.3645478877788076E-19
3.3478536750116104E-19
3.2601238506339063E-19
2.835134504187602E-19
2.480033189307526E-19
2.181165634146482E-19
2.388363902187775E-19
2.3369088663673477E-19
2.1631417800715167E-19
1.9461814126427155E-19
1.776046265730122E-19
1.6028378240847002E-19
1.7914157290606585E-19
1.5813389693054702E-19
1.4740304203305962E-19
1.1894595573202785E-19
1.0132152653373544E-19
9.173826429001258E-20
8.968838495857937E-20
1.0274274403264579E-19
1.3469154454353467E-19
1.5131956829496426E-19
1.6707373836746903E-19
1.7204259603387388E-19
1.7536525820051282E-19
1.822215571400222E-19
1.8314417643027226E-19
1.8020092414326632E-19
1.7454194275993166E-19
1.6620663130271788E-19
1.5764738351734722E-19
1.4801858552105255E-19
1.403870693479051E-19
1.284814573312382E-19
1.1817929252188179E-19
1.076544082776188E-19
9.980612843512889E-20
9.661711468837112E-20
1.3266779352875173E-19
1.1921342216702965E-19
1.168041143970842E-19
9.156929994630624E-20
7.707862652673097E-20
6.963310457558915E-20
6.46795062280987E-20
8.693509415101834E-20
7.975420317764242E-20
7.956060277498328E-20
7.066076576436842E-20
6.051274551743951E-20
6.282551832329003E-20
5.319526380218284E-20
4.8965695722637963E-20
4.5269013966929753E-20
4.016055336923743E-20
4.198493625126732E-20
3.5838333038082036E-20
3.3301734378487323E-20
2.760229569352548E-20
2.3951378393290797E-20
2.4191360722440415E-20
2.8171792006890774E-20
2.5155671409258423E-20
2.3299894861945542E-20
1.9334591830118056E-20
1.6434160622501682E-20
1.6174948667851912E-20
1.3803000849525958E-20
1.243198479520074E-20
1.2578823906209378E-20
1.0644586014728496E-20
9.687649440045111E-21
9.328399595509659E-21
9.273978029939222E-21
8.324073007835804E-21
8.644268113091144E-21
7.255842218738744E-21
6.474357846036088E-21
5.226105509379222E-21
4.3945840398031966E-21
3.841750149660752E-21
3.702198950603881E-21
3.488419905333924E-21
3.210555180244216E-21
4.523772350053225E-21
4.283472751085408E-21
4.07001267260719E-21
3.269794051384572E-21
2.714361684713043E-21
2.8125507905830645E-21
2.727660308069941E-21
2.65067394765803E-21
2.212991459832615E-21
1.8836303131604106E-21
1.625197496441511E-21
1.765216226620222E-21
1.5441449938891208E-21
1.4090282604546225E-21
1.127479181175851E-21
9.444980972449679E-22
9.87055741202011E-22
8.801903490043607E-22
8.142770835309465E-22
6.6218210309060195E-22
6.49507107110327E-22
5.979572587288878E-22
5.690611407176644E-22
4.752631802656275E-22
4.519259299145597E-22
5.302058301686572E-22
6.018143701351017E-22
8.318675208084029E-22
9.707871655906305E-22
1.1543859196876016E-21
1.2549261308230854E-21
1.3453212087933314E-21
1.3990334128961597E-21
1.4393431093259289E-21
1.4659910411457805E-21
1.4913927389564712E-21
1.5101953169183077E-21
1.5300469860051112E-21
1.5419260919093109E-21
1.5385864340426908E-21
1.5188395004157487E-21
1.4883514430403415E-21
1.470599494293887E-21
1.4478918907639629E-21
1.4188403481729678E-21
1.4219490504842413E-21
1.391845997327186E-21
1.349279017619055E-21
1.7344124343983875E-21
1.5725874999602612E-21
1.525093133113282E-21
1.2354548841449385E-21
1.0649974747970152E-21
9.701609601986545E-22
8.966794690231993E-22
1.2007626061114024E-21
1.0977639776839158E-21
1.0777102109445527E-21
9.815331661324176E-22
8.362243709096557E-22
7.973560924285337E-22
6.802570244623439E-22
7.375288399194911E-22
6.366274836176107E-22
5.940746663868685E-22
5.549368950947829E-22
5.100955780782085E-22
4.643846716244355E-22
5.227421981342903E-22
4.605303275690611E-22
4.321070987857781E-22
3.4945942008143974E-22
3.571023897455807E-22
3.070598325991518E-22
2.9531748118948985E-22
2.4881225256315316E-22
2.57553067262303E-22
2.2310109590290846E-22
2.0779177791866598E-22
1.7889389335636117E-22
1.5846255569162481E-22
1.7039273750311777E-22
1.542431459906847E-22
1.450819494247981E-22
1.2514218268465012E-22
1.115953928690319E-22
1.1271691311417388E-22
1.0503825366338848E-22
1.0042852668737617E-22
1.1055460669758887E-22
1.0036291931087399E-22
9.70360673658068E-23
8.397405177533205E-23
7.814500266703384E-23
7.248219530652025E-23
7.784581960221996E-23
7.060980836324013E-23
6.672855150845767E-23
5.803911606225074E-23
5.88466832118788E-23
5.295110743587586E-23
5.0248590002102885E-23
4.7220383083666566E-23
4.2253469272749634E-23
4.1200361223599094E-23
3.6667135019100934E-23
3.619769487997067E-23
3.192042958525154E-23
3.020163888317205E-23
2.6262077945351186E-23
2.8942297848340207E-23
2.557459943738659E-23
2.378825605041141E-23
2.0646114035178224E-23
1.8876367239319428E-23
1.6790490194710506E-23
1.4832652760921027E-23
1.2900472386671838E-23
1.2476218084240924E-23
1.3780932510738094E-23
1.5015861137122956E-23
1.5290961852017192E-23
1.5452837973902974E-23
1.5338053867833005E-23
1.6784035277374377E-23
1.9707903226108443E-23
1.8664209554538382E-23
1.780357878481229E-23
1.6052206891893156E-23
1.448347165902594E-23
1.53710667482983E-23
1.4457166906383227E-23
1.3544781342562523E-23
1.2193070928906942E-23
1.1016322330277604E-23
1.0584749180212366E-23
1.0013070163042115E-23
1.2024386555207457E-23
1.0735687469712232E-23
1.0224055266281201E-23
8.279640201490069E-24
7.572311974464616E-24
6.779736046584401E-24
7.827458468729505E-24
6.887670877829038E-24
6.5174433346557995E-24
5.385310700259217E-24
5.715374581306738E-24
5.1174332082976375E-24
4.8327260450988105E-24
4.269399215764735E-24
3.90727307580432E-24
4.194282067717323E-24
3.719169336658928E-24
3.458648106063985E-24
3.2363809973479206E-24
2.7435466108514793E-24
2.4625644971354768E-24
2.404393529215472E-24
2.268106337594504E-24
2.0790338887427125E-24
1.871824498789098E-24
2.1228118652229962E-24
1.931022836718561E-24
1.8360456490393373E-24
1.4752584884096195E-24
1.2321318371342119E-24
1.2741345185842038E-24
1.1074254444976604E-24
1.0640854938968623E-24
1.0562959604331098E-24
8.94633117754208E-25
8.057307504210054E-25
6.821914778748287E-25
5.804031096568809E-25
5.785955886490721E-25
5.029724690360723E-25
4.56177782178311E-25
3.7643961399070876E-25
3.8855349059423947E-25
3.301864979368274E-25
2.9809994254744768E-25
2.915044873362066E-25
2.715929507780626E-25
2.9104398589602663E-25
2.574505392381214E-25
2.677392890314879E-25
2.3842270833036404E-25
2.269750963254791E-25
1.955175771505161E-25
1.705978744056892E-25
1.6682745614567188E-25
1.5220865291328175E-25
1.4365910981677347E-25
1.228210058574521E-25
1.1245244755135292E-25
9.354521903139781E-26
8.682116892875912E-26
7.560781940154803E-26
7.35156883541947E-26
6.317210757811983E-26
5.76114459942022E-26
5.684883456730742E-26
5.807186047446687E-26
5.1684348472196903E-26
4.613027430395717E-26
3.931435961833277E-26
3.3808604094423303E-26
3.098640292210591E-26
2.675084440693503E-26
2.4112770821533558E-26
2.1738699530773957E-26
1.8889814696924422E-26
1.7261862973391873E-26
1.4843674523592263E-26
1.4165704923284153E-26
1.2891384079545892E-26
1.220275255128062E-26
1.1236783425782994E-26
9.979365192479344E-27
9.355936748250994E-27
8.223704983495188E-27
7.749906353552152E-27
6.77772321241993E-27
6.4518590935134744E-27
5.890968527691019E-27
5.477805525064922E-27
4.925209112389179E-27
5.238295540175555E-27
4.988959737700548E-27
4.985456373519646E-27
4.4448763386655796E-27
4.5491816867778355E-27
4.073221905158733E-27
4.204778710268668E-27
3.860306848936747E-27
3.4830723288130426E-27
3.1453789743372602E-27
3.1988784444241297E-27
3.329279656328156E-27
3.264076802939735E-27
2.839456631890342E-27
2.6366939414406303E-27
2.275097366865865E-27
2.0035025341721472E-27
1.8116335012875582E-27
1.5650147502371657E-27
1.3990260524972077E-27
1.2591654652913556E-27
1.342779472994805E-27
1.1929155310875699E-27
1.1011291200614768E-27
9.101577218349495E-28
9.458059857506904E-28
8.708078235322696E-28
8.16651923795141E-28
7.3038764240740425E-28
6.566709891199648E-28
6.370921823649073E-28
6.234416246246998E-28
6.1477045355686255E-28
5.603834695487478E-28
5.218064414580645E-28
4.601651525864803E-28
4.067337921847828E-28
4.3584093288073865E-28
3.844035863904484E-28
3.778459347936861E-28
3.2297021475705704E-28
3.0194723354077326E-28
2.6394625854578786E-28
2.386348196401782E-28
2.5103024374880823E-28
2.220515218136768E-28
2.1731383144677927E-28
1.8648259822357644E-28
1.881504775035359E-28
1.646227766800456E-28
1.5132869364964133E-28
1.2739700292320748E-28
1.1079825312415214E-28
1.005925281319686E-28
9.020137212260168E-29
1.0593547288041886E-28
9.584858874991167E-29
9.108430886763267E-29
7.645674151161991E-29
6.656082102258877E-29
6.064995176206158E-29
5.565204715782268E-29
6.637554204099161E-29
6.05961323070422E-29
5.852913702432919E-29
4.8708895562554574E-29
4.2295730269129375E-29
4.75778024282057E-29
4.302128579782213E-29
4.1533889463853665E-29
3.5294392376004525E-29
3.336415227172748E-29
2.9783436661251205E-29
2.7572560397500023E-29
3.4899014093031426E-29
3.8181587558001515E-29
5.101514463205899E-29
5.882704090747962E-29
6.999454281364595E-29
7.800295275038299E-29
8.527634950374403E-29
9.096052851384978E-29
9.467316881710269E-29
9.737973078820364E-29
9.833793514807656E-29
9.867248332563527E-29
9.817563045540065E-29
9.846040360573182E-29
9.75193805650654E-29
1.0084153711552875E-28
1.0025537145648704E-28
1.0069624710157375E-28
9.859663123612334E-29
9.612338371765348E-29
9.2633522329759E-29
9.701594080949576E-29
9.057164837018714E-29
8.702235060223031E-29
7.835718486397617E-29
7.25275599799836E-29
9.085840244406242E-29
8.173057725837545E-29
8.365342764258007E-29
7.698036569294415E-29
6.734441495505148E-29
6.149589218844324E-29
6.432200666668385E-29
5.570181487581352E-29
5.171466486026781E-29