
0.0,0.0,0.0,0.0,0.0,0.0,
0.0,0.0,0.0,0.0,0.0,0.0,
0.0,0.0,0.0,0.0,0.0,0.0,
0.0,0.0,0.0,0.0,0.0,0.0,
0.0,0.0,0.0,0.0,0.0,0.0,
0.0,0.0,0.0,0.0,0.0,0.0,
0.0,0.0,0.0,0.0,0.0,0.0,
0.0,0.0,0.0,0.0,0.0,0.0,
0.0,0.0,0.0,0.0,0.0,0.0,
0.0,0.0,0.0,0.0,0.0,0.0,
0.0,0.0,0.0,0.0,0.0,0.0,
0.0,0.0,0.0,0.0,0.0,0.0,
0.0,0.0,0.0,0.0,0.0,0.0,
0.0,0.0,0.0,0.0,0.0,0.0,
0.0,0.0,0.0,0.0,0.0,0.0,
0.0,0.0,0.0,0.0,0.0,0.0,
0.0,0.0,0.0,0.0,0.0,0.0,
0.0,0.0,0.0,0.0,0.0,0.0,
0.0,0.0,0.0,0.0,0.0,0.0,
0.0,0.0,0.0,0.0,0.0,0.0,
0.0,0.0,0.0,0.0,0.0,0.0,
0.0,0.0,0.0,0.0,0.0,0.0,
0.0,0.0,0.0,0.0,0.0,0.0,
0.0,0.0,0.0,8.530893025009421E-13,0.0,0.0,
0.0,0.0,0.0,3.490239360594866E-12,0.0,0.0,
0.0,0.0,0.0,3.490239360594866E-12,0.0,0.0,
0.0,0.0,0.0,3.66683807515454E-11,0.0,0.0,
0.0,0.0,0.0,8.29600066064309E-11,0.0,0.0,
0.0,0.0,0.0,8.29600066064309E-11,3.113151397133323E-8,0.0,
0.0,0.0,0.0,3.1878154030791116E-9,3.113151397133323E-8,0.0,
0.0,0.0,0.0,3.1878154030791116E-9,7.221431361926273E-8,0.0,
0.0,0.0,0.0,3.1878154030791116E-9,7.221431361926273E-8,0.0,
0.0,0.0,0.0,2.8690338627712004E-9,7.221431361926273E-8,0.0,
0.0,0.0,0.0,2.8690338627712004E-9,7.221431361926273E-8,0.0,
0.0,0.0,0.0,2.8690338627712004E-9,7.221431361926273E-8,0.0,
0.0,0.0,0.0,3.6554859445060495E-8,7.221431361926273E-8,0.0,
0.0,0.0,0.0,3.6554859445060495E-8,7.221431361926273E-8,0.0,
0.0,0.0,0.0,3.3489591762551254E-8,7.221431361926273E-8,0.0,
0.0,0.0,0.0,3.3489591762551254E-8,7.221431361926273E-8,0.0,
0.0,0.0,0.0,3.3489591762551254E-8,7.221431361926273E-8,0.0,
0.0,0.0,0.0,1.6257937218383224E-7,7.221431361926273E-8,0.0,
0.0,1.7479527970855333E-7,0.0,1.2708479933215896E-7,7.221431361926273E-8,0.0,
0.0,1.7479527970855333E-7,0.0,1.2708479933215896E-7,7.221431361926273E-8,0.0,
0.0,1.7479527970855333E-7,0.0,3.1765482536449063E-7,7.221431361926273E-8,0.0,
0.0,1.7479527970855333E-7,0.0,3.1765482536449063E-7,7.221431361926273E-8,0.0,
0.0,1.7479527970855333E-7,0.0,3.1765482536449063E-7,7.221431361926273E-8,0.0,
0.0,1.7479527970855333E-7,0.0,7.71863087082494E-7,7.221431361926273E-8,0.0,
0.0,1.7479527970855333E-7,0.0,7.71863087082494E-7,7.221431361926273E-8,0.0,
0.0,1.7479527970855333E-7,0.0,7.71863087082494E-7,7.221431361926273E-8,0.0,
0.0,1.7479527970855333E-7,0.0,7.71863087082494E-7,7.221431361926273E-8,0.0,
0.0,1.7479527970855333E-7,0.0,7.71863087082494E-7,7.221431361926273E-8,0.0,
0.0,1.7479527970855333E-7,0.0,7.71863087082494E-7,7.221431361926273E-8,0.0,
0.0,1.7479527970855333E-7,0.0,7.71863087082494E-7,7.221431361926273E-8,0.0,
0.0,1.7479527970855333E-7,0.0,7.71863087082494E-7,7.221431361926273E-8,0.0,
0.0,1.7479527970855333E-7,0.0,4.522814702731976E-6,7.221431361926273E-8,0.0,
0.0,1.7479527970855333E-7,0.0,7.491093400896592E-6,7.221431361926273E-8,0.0,
0.0,1.7479527970855333E-7,0.0,7.491093400896592E-6,7.221431361926273E-8,0.0,
0.0,1.7479527970855333E-7,0.0,7.491093400896592E-6,1.4699842112810558E-5,0.0,
0.0,1.7479527970855333E-7,0.0,7.491093400896592E-6,1.4699842112810558E-5,0.0,
0.0,1.7479527970855333E-7,0.0,7.491093400896592E-6,1.4699842112810558E-5,0.0,
0.0,4.402986195534982E-6,0.0,7.491093400896592E-6,1.4699842112810558E-5,0.0,
0.0,4.402986195534982E-6,0.0,7.491093400896592E-6,1.4699842112810558E-5,0.0,
0.0,4.402986195534982E-6,0.0,6.851852828180557E-6,1.4699842112810558E-5,0.0,
0.0,4.402986195534982E-6,0.0,1.715352782467501E-5,1.4699842112810558E-5,0.0,
0.0,4.402986195534982E-6,0.0,1.715352782467501E-5,1.4699842112810558E-5,0.0,
0.0,4.402986195534982E-6,0.0,3.249753511227906E-5,1.4699842112810558E-5,0.0,
0.0,4.402986195534982E-6,0.0,4.630714167112271E-5,1.4699842112810558E-5,0.0,
0.0,4.402986195534982E-6,0.0,4.630714167112271E-5,2.2935554084874067E-4,0.0,
0.0,4.402986195534982E-6,0.0,7.128794010292304E-5,2.2935554084874067E-4,0.0,
0.0,4.402986195534982E-6,0.0,7.128794010292304E-5,2.2935554084874067E-4,0.0,
0.0,4.402986195534982E-6,0.0,7.128794010292304E-5,2.2935554084874067E-4,0.0,
0.0,4.402986195534982E-6,0.0,7.128794010292304E-5,2.2935554084874067E-4,0.0,
0.0,4.402986195534982E-6,0.0,8.913668108472766E-5,2.2935554084874067E-4,0.0,
0.0,4.402986195534982E-6,0.0,8.211328548324545E-5,2.2935554084874067E-4,0.0,
0.0,4.402986195534982E-6,0.0,8.211328548324545E-5,2.2935554084874067E-4,0.0,
0.0,4.402986195534982E-6,0.0,8.211328548324545E-5,4.551387281542639E-4,0.0,
0.0,4.402986195534982E-6,0.0,9.407145054295428E-5,4.551387281542639E-4,0.0,
0.0,4.402986195534982E-6,0.0,9.407145054295428E-5,4.551387281542639E-4,0.0,
0.0,4.402986195534982E-6,0.0,8.65545779956494E-5,4.551387281542639E-4,0.0,
0.0,4.402986195534982E-6,0.0,8.65545779956494E-5,4.551387281542639E-4,0.0,
0.0,4.402986195534982E-6,0.0,8.65545779956494E-5,4.551387281542639E-4,0.0,
0.0,4.402986195534982E-6,0.0,8.65545779956494E-5,4.551387281542639E-4,0.0,
0.0,4.402986195534982E-6,0.0,1.786048174123234E-4,4.551387281542639E-4,0.0,
0.0,4.402986195534982E-6,0.0,1.786048174123234E-4,4.551387281542639E-4,0.0,
0.0,1.900764385137535E-5,0.0,3.268598623675058E-4,4.551387281542639E-4,0.0,
0.0,1.900764385137535E-5,0.0,3.268598623675058E-4,4.551387281542639E-4,0.0,
0.0,1.900764385137535E-5,0.0,6.77150413044823E-4,4.551387281542639E-4,0.0,
0.0,1.900764385137535E-5,0.0,6.77150413044823E-4,4.551387281542639E-4,0.0,
0.0,1.900764385137535E-5,0.0,6.77150413044823E-4,4.551387281542639E-4,0.0,
0.0,1.900764385137535E-5,0.0,0.0010830566929625847,4.551387281542639E-4,0.0,
0.0,1.900764385137535E-5,0.0,0.001610947562415407,4.551387281542639E-4,0.0,
0.0,1.900764385137535E-5,0.0,0.0020197397585262422,4.551387281542639E-4,0.0,
0.0,1.900764385137535E-5,0.0,0.0020197397585262422,4.551387281542639E-4,0.0,
0.0,1.900764385137535E-5,0.0,0.0018382500226455571,4.551387281542639E-4,0.0,
0.0,6.871973738200867E-5,0.0,0.0018382500226455571,4.551387281542639E-4,0.0,
0.0,6.871973738200867E-5,0.0,0.0018382500226455571,4.551387281542639E-4,0.0,
0.0,6.871973738200867E-5,0.0,0.0018382500226455571,7.35735446117158E-4,0.0,
0.0,6.871973738200867E-5,0.0,0.002299452271487835,7.35735446117158E-4,0.0,
0.0,6.871973738200867E-5,0.0,0.002854440895590527,7.35735446117158E-4,0.0,
0.0,6.871973738200867E-5,0.0,0.002854440895590527,0.0010035340418355168,0.0,
0.0,6.871973738200867E-5,0.0,0.002643548869577011,0.0010035340418355168,0.0,
0.0,6.871973738200867E-5,0.0,0.002643548869577011,0.0010035340418355168,0.0,
0.0,1.453908945534698E-4,0.0,0.003287689507505422,0.0010035340418355168,0.0,
0.0,1.453908945534698E-4,0.0,0.003287689507505422,0.0010035340418355168,0.0,
0.0,1.453908945534698E-4,0.0,0.003287689507505422,0.0010035340418355168,0.0,
0.0,1.453908945534698E-4,0.0,0.0031681840090060625,0.0010035340418355168,0.0,
0.0,1.453908945534698E-4,0.0,0.0038019135393883873,0.0010035340418355168,0.0,
0.0,1.453908945534698E-4,0.0,0.00441563299336899,0.0010035340418355168,0.0,
0.0,2.982230902513161E-4,0.0,0.005182575369038136,0.0010035340418355168,0.0,
0.0,2.982230902513161E-4,0.0,0.005182575369038136,0.0010035340418355168,5.748522520231416E-7,
0.0,2.982230902513161E-4,0.0,0.005182575369038136,0.0010035340418355168,5.748522520231416E-7,
0.0,2.982230902513161E-4,0.0,0.005182575369038136,0.0010035340418355168,5.748522520231416E-7,
0.0,2.982230902513161E-4,0.0,0.005732452989416375,0.0010035340418355168,5.748522520231416E-7,
0.0,2.982230902513161E-4,0.0,0.005732452989416375,0.0010035340418355168,5.748522520231416E-7,
0.0,2.982230902513161E-4,0.0,0.005732452989416375,0.0010035340418355168,5.748522520231416E-7,
0.0,2.982230902513161E-4,0.0,0.005819372802371183,0.0010035340418355168,5.748522520231416E-7,
0.0,2.982230902513161E-4,0.0,0.005819372802371183,0.0010035340418355168,5.748522520231416E-7,
0.0,2.982230902513161E-4,0.0,0.005819372802371183,0.0010035340418355168,5.748522520231416E-7,
0.0,2.982230902513161E-4,0.0,0.006460817231070266,0.0010035340418355168,5.748522520231416E-7,
0.0,2.982230902513161E-4,0.0,0.006460817231070266,0.0010035340418355168,5.748522520231416E-7,
0.0,2.982230902513161E-4,0.0,0.006460817231070266,0.0010035340418355168,5.748522520231416E-7,
0.0,2.982230902513161E-4,0.0,0.006460817231070266,0.0010035340418355168,1.6836758953789666E-5,
0.0,2.982230902513161E-4,0.0,0.006460817231070266,0.0010035340418355168,3.0369184296988423E-5,
0.0,2.982230902513161E-4,0.0,0.006460817231070266,0.0010035340418355168,3.0369184296988423E-5,
0.0,2.982230902513161E-4,0.0,0.006460817231070266,0.0010035340418355168,3.0369184296988423E-5,
0.0,2.982230902513161E-4,0.0,0.0071153414215155905,0.0010035340418355168,3.0369184296988423E-5,
0.0,2.982230902513161E-4,0.0,0.0071153414215155905,0.0010035340418355168,3.0369184296988423E-5,
0.0,2.982230902513161E-4,0.0,0.007288417108380486,0.0010035340418355168,3.0369184296988423E-5,
0.0,2.982230902513161E-4,0.0,0.007288417108380486,0.0028356667554711714,3.0369184296988423E-5,
0.0,4.951578313832658E-4,0.0,0.00809211369303156,0.0028356667554711714,3.0369184296988423E-5,
0.0,4.951578313832658E-4,0.0,0.00809211369303156,0.0028356667554711714,3.0369184296988423E-5,
0.0,4.951578313832658E-4,0.0,0.00850100576205975,0.0028356667554711714,3.0369184296988423E-5,
0.0,4.951578313832658E-4,0.0,0.009409444707709408,0.0028356667554711714,3.0369184296988423E-5,
0.0,4.951578313832658E-4,0.0,0.009409444707709408,0.0028356667554711714,3.0369184296988423E-5,
0.0,4.951578313832658E-4,0.0,0.009409444707709408,0.0028356667554711714,3.0369184296988423E-5,
0.0,4.951578313832658E-4,0.0,0.010340590912399313,0.0028356667554711714,3.0369184296988423E-5,
0.0,4.951578313832658E-4,0.0,0.010340590912399313,0.0028356667554711714,3.0369184296988423E-5,
0.0,4.951578313832658E-4,0.0,0.010340590912399313,0.0028356667554711714,3.0369184296988423E-5,
0.0,4.951578313832658E-4,0.0,0.010340590912399313,0.0028356667554711714,3.0369184296988423E-5,
0.0,4.951578313832658E-4,0.0,0.010340590912399313,0.0028356667554711714,3.0369184296988423E-5,
0.0,4.951578313832658E-4,0.0,0.009982311362806176,0.0028356667554711714,3.0369184296988423E-5,
0.0,4.951578313832658E-4,0.0,0.009982311362806176,0.0028356667554711714,3.0369184296988423E-5,
0.0,4.951578313832658E-4,0.0,0.009982311362806176,0.0028356667554711714,3.0369184296988423E-5,
0.0,4.951578313832658E-4,0.0,0.009982311362806176,0.0028356667554711714,3.0369184296988423E-5,
0.0,4.951578313832658E-4,0.0,0.008786791202828338,0.0028356667554711714,3.0369184296988423E-5,
0.0,4.951578313832658E-4,0.0,0.008248589304452224,0.0028356667554711714,3.0369184296988423E-5,
0.0,4.951578313832658E-4,0.0,0.009503947596073077,0.0028356667554711714,3.0369184296988423E-5,
0.0,4.951578313832658E-4,0.0,0.009503947596073077,0.0028356667554711714,3.0369184296988423E-5,
0.0,4.951578313832658E-4,0.0,0.010978975443110228,0.0028356667554711714,3.0369184296988423E-5,
0.0,4.951578313832658E-4,0.0,0.010978975443110228,0.0028356667554711714,3.0369184296988423E-5,
0.0,4.951578313832658E-4,0.0,0.010978975443110228,0.0028356667554711714,3.0369184296988423E-5,
0.0,4.951578313832658E-4,0.0,0.010978975443110228,0.0028356667554711714,3.0369184296988423E-5,
0.0,4.951578313832658E-4,0.0,0.010978975443110228,0.0028356667554711714,3.0369184296988423E-5,
0.0,4.951578313832658E-4,0.0,0.013514053303400471,0.0028356667554711714,3.0369184296988423E-5,
0.0,4.951578313832658E-4,0.0,0.013514053303400471,0.007991905833419652,3.0369184296988423E-5,
0.0,4.951578313832658E-4,0.0,0.012715570706009635,0.007991905833419652,3.0369184296988423E-5,
0.0,4.951578313832658E-4,0.0,0.012715570706009635,0.007991905833419652,3.0369184296988423E-5,
0.0,4.951578313832658E-4,0.0,0.012715570706009635,0.007991905833419652,3.0369184296988423E-5,
0.0,4.951578313832658E-4,0.0,0.013008650040156344,0.007991905833419652,3.0369184296988423E-5,
0.0,4.951578313832658E-4,0.0,0.013161138494771775,0.007991905833419652,3.0369184296988423E-5,
0.0,4.951578313832658E-4,0.0,0.013161138494771775,0.007991905833419652,3.0369184296988423E-5,
0.0,4.951578313832658E-4,0.0,0.013161138494771775,0.007991905833419652,3.0369184296988423E-5,
0.0,4.951578313832658E-4,0.0,0.013161138494771775,0.007991905833419652,3.0369184296988423E-5,
0.0,4.951578313832658E-4,0.0,0.013161138494771775,0.007991905833419652,3.0369184296988423E-5,
0.0,4.951578313832658E-4,0.0,0.014665040516880704,0.007991905833419652,3.0369184296988423E-5,
0.0,4.951578313832658E-4,0.0,0.014665040516880704,0.007991905833419652,3.0369184296988423E-5,
0.0,4.951578313832658E-4,0.0,0.014665040516880704,0.01358677921350789,3.0369184296988423E-5,
0.0,4.951578313832658E-4,0.0,0.014665040516880704,0.01358677921350789,3.0369184296988423E-5,
0.0,4.951578313832658E-4,0.0,0.014665040516880704,0.01358677921350789,3.0369184296988423E-5,
0.0,4.951578313832658E-4,0.0,0.014665040516880704,0.017112055799709775,3.0369184296988423E-5,
0.0,4.951578313832658E-4,0.0,0.015209915998855076,0.017112055799709775,3.0369184296988423E-5,
0.0,4.951578313832658E-4,0.0,0.016377795816849266,0.017112055799709775,3.0369184296988423E-5,
0.0,4.951578313832658E-4,0.0,0.01761749986624182,0.017112055799709775,3.0369184296988423E-5,
0.0,4.951578313832658E-4,0.0,0.01761749986624182,0.02063898069969295,3.0369184296988423E-5,
0.0,4.951578313832658E-4,0.0,0.01761749986624182,0.02063898069969295,3.0369184296988423E-5,
0.0,4.951578313832658E-4,0.0,0.01761749986624182,0.02063898069969295,3.0369184296988423E-5,
0.0,4.951578313832658E-4,0.0,0.01761749986624182,0.02063898069969295,3.0369184296988423E-5,
0.0,4.951578313832658E-4,0.0,0.01761749986624182,0.02063898069969295,3.0369184296988423E-5,
0.0,4.951578313832658E-4,0.0,0.017101273230136486,0.02063898069969295,3.0369184296988423E-5,
0.0,4.951578313832658E-4,0.0,0.017101273230136486,0.02063898069969295,3.0369184296988423E-5,
0.0,4.951578313832658E-4,0.0,0.01873202126661957,0.02063898069969295,3.0369184296988423E-5,
0.0,4.951578313832658E-4,0.0,0.01873202126661957,0.02063898069969295,3.0369184296988423E-5,
0.0,4.951578313832658E-4,0.0,0.01873202126661957,0.02063898069969295,3.0369184296988423E-5,
0.0,4.951578313832658E-4,0.0,0.01873202126661957,0.02063898069969295,3.0369184296988423E-5,
0.0,4.951578313832658E-4,0.0,0.01873202126661957,0.02512511005241223,3.0369184296988423E-5,
0.0,4.951578313832658E-4,0.0,0.021058866226882078,0.02512511005241223,3.0369184296988423E-5,
0.0,4.951578313832658E-4,0.0,0.021058866226882078,0.02512511005241223,3.0369184296988423E-5,
0.0,4.951578313832658E-4,0.0,0.021829594767402958,0.02512511005241223,3.0369184296988423E-5,
0.0,4.951578313832658E-4,0.0,0.021829594767402958,0.02512511005241223,3.0369184296988423E-5,
0.0,4.951578313832658E-4,0.0,0.021829594767402958,0.02512511005241223,3.0369184296988423E-5,
0.0,4.951578313832658E-4,0.0,0.021829594767402958,0.02512511005241223,3.0369184296988423E-5,
0.0,4.951578313832658E-4,0.0,0.021829594767402958,0.02512511005241223,3.0369184296988423E-5,
0.0,4.951578313832658E-4,0.0,0.021829594767402958,0.02512511005241223,3.0369184296988423E-5,
0.0,4.951578313832658E-4,0.0,0.02461231223174539,0.02512511005241223,3.0369184296988423E-5,
0.0,4.951578313832658E-4,0.0,0.02461231223174539,0.029809000817948572,3.0369184296988423E-5,
0.0,4.951578313832658E-4,0.0,0.02736401781861424,0.029809000817948572,3.0369184296988423E-5,
0.0,4.951578313832658E-4,0.0,0.030073611749060532,0.029809000817948572,3.0369184296988423E-5,
0.0,4.951578313832658E-4,0.0,0.030073611749060532,0.029809000817948572,3.0369184296988423E-5,
0.0,4.951578313832658E-4,0.0,0.030073611749060532,0.029809000817948572,3.0369184296988423E-5,
0.0,4.951578313832658E-4,0.0,0.030073611749060532,0.029809000817948572,3.0369184296988423E-5,
0.0,4.951578313832658E-4,0.0,0.030073611749060532,0.029809000817948572,3.0369184296988423E-5,
0.0,4.951578313832658E-4,0.0,0.030073611749060532,0.029809000817948572,3.0369184296988423E-5,
0.0,4.951578313832658E-4,0.0,0.030073611749060532,0.029809000817948572,3.0369184296988423E-5,
0.0,4.951578313832658E-4,0.0,0.030073611749060532,0.029809000817948572,3.0369184296988423E-5,
0.0,4.951578313832658E-4,0.0,0.03125561486781519,0.029809000817948572,3.0369184296988423E-5,
0.0,4.951578313832658E-4,0.0,0.03125561486781519,0.029809000817948572,3.0369184296988423E-5,
0.0,4.951578313832658E-4,0.0,0.03125561486781519,0.029809000817948572,3.0369184296988423E-5,
0.0,4.951578313832658E-4,0.0,0.03125561486781519,0.029809000817948572,3.0369184296988423E-5,
0.0,4.951578313832658E-4,0.0,0.03125561486781519,0.029809000817948572,3.0369184296988423E-5,
0.0,4.951578313832658E-4,0.0,0.03125561486781519,0.029809000817948572,3.0369184296988423E-5,
0.0,4.951578313832658E-4,0.0,0.03125561486781519,0.035380600851064856,3.0369184296988423E-5,
0.0,4.951578313832658E-4,0.0,0.03125561486781519,0.03865872610007439,3.0369184296988423E-5,
0.0,4.951578313832658E-4,0.0,0.03125561486781519,0.03865872610007439,3.0369184296988423E-5,
0.0,4.951578313832658E-4,0.0,0.03125561486781519,0.03865872610007439,3.0369184296988423E-5,
0.0,4.951578313832658E-4,0.0,0.03125561486781519,0.04671398599150911,3.0369184296988423E-5,
0.0,4.951578313832658E-4,0.0,0.03125561486781519,0.05117331795880696,3.0369184296988423E-5,
0.0,4.951578313832658E-4,0.0,0.03125561486781519,0.05117331795880696,3.0369184296988423E-5,
0.0,4.951578313832658E-4,0.0,0.03125561486781519,0.05117331795880696,3.0369184296988423E-5,
0.0,4.951578313832658E-4,0.0,0.03125561486781519,0.05117331795880696,3.0369184296988423E-5,
0.0,4.951578313832658E-4,0.0,0.03125561486781519,0.057599099163697355,3.0369184296988423E-5,
0.0,4.951578313832658E-4,0.0,0.03125561486781519,0.05956470054734252,3.0369184296988423E-5,
0.0,4.951578313832658E-4,0.0,0.03125561486781519,0.05956470054734252,3.0369184296988423E-5,
0.0,4.951578313832658E-4,0.0,0.041286908783149494,0.05956470054734252,3.0369184296988423E-5,
0.0,4.951578313832658E-4,0.0,0.041286908783149494,0.06260816083183615,3.0369184296988423E-5,
0.0,4.951578313832658E-4,0.0,0.041286908783149494,0.06260816083183615,3.0369184296988423E-5,
0.0,4.951578313832658E-4,0.0,0.041286908783149494,0.06260816083183615,3.0369184296988423E-5,
0.0,4.951578313832658E-4,0.0,0.041286908783149494,0.06260816083183615,3.0369184296988423E-5,
0.0,4.951578313832658E-4,0.0,0.041286908783149494,0.06691669301110642,3.0369184296988423E-5,
0.0,4.951578313832658E-4,0.0,0.041286908783149494,0.0707718439614485,3.0369184296988423E-5,
0.0,4.951578313832658E-4,0.0,0.041286908783149494,0.07347948075102684,3.0369184296988423E-5,
0.0,4.951578313832658E-4,0.0,0.041286908783149494,0.07347948075102684,3.0369184296988423E-5,
0.0,4.951578313832658E-4,0.0,0.041286908783149494,0.07347948075102684,3.0369184296988423E-5,
0.0,4.951578313832658E-4,0.0,0.041286908783149494,0.07629746672023664,3.0369184296988423E-5,
0.0,4.951578313832658E-4,0.0,0.041286908783149494,0.07881883170107466,3.0369184296988423E-5,
0.0,4.951578313832658E-4,0.0,0.041286908783149494,0.07881883170107466,3.0369184296988423E-5,
0.0,4.951578313832658E-4,0.0,0.041286908783149494,0.081728581752554,3.0369184296988423E-5,
0.0,4.951578313832658E-4,0.0,0.041286908783149494,0.0845998534792813,3.0369184296988423E-5,
0.0,4.951578313832658E-4,0.0,0.041286908783149494,0.0845998534792813,3.0369184296988423E-5,
0.0,4.951578313832658E-4,0.0,0.041286908783149494,0.08447133558280803,3.0369184296988423E-5,
0.0,4.951578313832658E-4,0.0,0.041286908783149494,0.08637950535019115,3.0369184296988423E-5,
0.0,4.951578313832658E-4,0.0,0.041286908783149494,0.08637950535019115,3.0369184296988423E-5,
0.0,4.951578313832658E-4,0.0,0.041286908783149494,0.08637950535019115,3.0369184296988423E-5,
0.0,4.951578313832658E-4,0.0,0.041286908783149494,0.08637950535019115,3.0369184296988423E-5,
0.0,4.951578313832658E-4,0.0,0.041286908783149494,0.08776102708690117,3.0369184296988423E-5,
0.0,4.951578313832658E-4,0.0,0.041286908783149494,0.08776102708690117,3.0369184296988423E-5,
0.0,4.951578313832658E-4,0.0,0.041286908783149494,0.08776102708690117,3.0369184296988423E-5,
0.0,4.951578313832658E-4,0.0,0.041286908783149494,0.08776102708690117,3.0369184296988423E-5,
0.0,4.951578313832658E-4,0.0,0.041286908783149494,0.08776102708690117,3.0369184296988423E-5,
0.0,4.951578313832658E-4,0.0,0.041286908783149494,0.08776102708690117,3.0369184296988423E-5,
0.0,4.951578313832658E-4,0.0,0.041286908783149494,0.08727330014964761,3.0369184296988423E-5,
0.0,4.951578313832658E-4,0.0,0.041286908783149494,0.08727330014964761,3.0369184296988423E-5,
0.0,4.951578313832658E-4,0.0,0.041286908783149494,0.08727330014964761,3.0369184296988423E-5,
0.0,4.951578313832658E-4,0.0,0.041286908783149494,0.08727330014964761,3.0369184296988423E-5,
0.0,4.951578313832658E-4,0.0,0.041286908783149494,0.08727330014964761,3.0369184296988423E-5,
0.0,4.951578313832658E-4,0.0,0.041286908783149494,0.08727330014964761,3.0369184296988423E-5,
0.0,4.951578313832658E-4,0.0,0.041286908783149494,0.08727330014964761,3.0369184296988423E-5,
0.0,4.951578313832658E-4,0.0,0.041286908783149494,0.08727330014964761,3.0369184296988423E-5,
0.0,4.951578313832658E-4,0.0,0.041286908783149494,0.08727330014964761,3.0369184296988423E-5,
0.0,4.951578313832658E-4,0.0,0.041286908783149494,0.08727330014964761,3.0369184296988423E-5,
0.0,4.951578313832658E-4,0.0,0.041286908783149494,0.08970072710877186,3.0369184296988423E-5,
0.0,4.951578313832658E-4,0.0,0.041286908783149494,0.08970072710877186,3.0369184296988423E-5,
0.0,4.951578313832658E-4,0.0,0.041286908783149494,0.08970072710877186,3.0369184296988423E-5,
0.0,4.951578313832658E-4,0.0,0.041286908783149494,0.08934858819804406,3.0369184296988423E-5,
0.0,4.951578313832658E-4,0.0,0.041286908783149494,0.08934858819804406,3.0369184296988423E-5,
0.0,4.951578313832658E-4,0.0,0.041286908783149494,0.08934858819804406,3.0369184296988423E-5,
0.0,4.951578313832658E-4,0.0,0.04684824616654416,0.08934858819804406,3.0369184296988423E-5,
0.0,4.951578313832658E-4,0.0,0.04684824616654416,0.08910635981006702,3.0369184296988423E-5,
0.0,4.951578313832658E-4,0.0,0.04684824616654416,0.09102225685230854,3.0369184296988423E-5,
0.0,4.951578313832658E-4,0.0,0.04684824616654416,0.09096102142443069,3.0369184296988423E-5,
0.0,4.951578313832658E-4,0.0,0.04684824616654416,0.09278947976000404,3.0369184296988423E-5,
0.0,4.951578313832658E-4,0.0,0.04684824616654416,0.09278947976000404,3.0369184296988423E-5,
0.0,4.951578313832658E-4,0.0,0.0521490790477492,0.09278947976000404,3.0369184296988423E-5,
0.0,4.951578313832658E-4,0.0,0.0521490790477492,0.09278947976000404,3.0369184296988423E-5,
0.0,4.951578313832658E-4,0.0,0.0521490790477492,0.09278947976000404,3.0369184296988423E-5,
0.0,4.951578313832658E-4,0.0,0.0521490790477492,0.09278947976000404,3.0369184296988423E-5,
0.0,4.951578313832658E-4,0.0,0.0521490790477492,0.08855268971209214,3.0369184296988423E-5,
0.0,4.951578313832658E-4,0.0,0.0521490790477492,0.08855268971209214,3.0369184296988423E-5,
0.0,4.951578313832658E-4,0.0,0.0521490790477492,0.08911337847763644,3.0369184296988423E-5,
0.0,4.951578313832658E-4,0.0,0.0521490790477492,0.08948375460883881,3.0369184296988423E-5,
0.0,4.951578313832658E-4,0.0,0.0521490790477492,0.08948375460883881,3.0369184296988423E-5,
0.0,4.951578313832658E-4,0.0,0.0521490790477492,0.09093872000464119,3.0369184296988423E-5,
0.0,4.951578313832658E-4,0.0,0.0521490790477492,0.09093872000464119,3.0369184296988423E-5,
0.0,4.951578313832658E-4,0.0,0.0521490790477492,0.09333427011044126,3.0369184296988423E-5,
0.0,4.951578313832658E-4,0.0,0.0521490790477492,0.09333427011044126,3.0369184296988423E-5,
0.0,4.951578313832658E-4,0.0,0.0521490790477492,0.09333427011044126,3.0369184296988423E-5,
0.0,4.951578313832658E-4,0.0,0.0521490790477492,0.09316530414694085,3.0369184296988423E-5,
0.0,4.951578313832658E-4,0.0,0.0521490790477492,0.09316530414694085,3.0369184296988423E-5,
0.0,4.951578313832658E-4,0.0,0.0521490790477492,0.09154707548314256,3.0369184296988423E-5,
0.0,4.951578313832658E-4,0.0,0.0521490790477492,0.0935279197443815,3.0369184296988423E-5,
0.0,4.951578313832658E-4,0.0,0.0521490790477492,0.09564399779762507,3.0369184296988423E-5,
0.0,4.951578313832658E-4,0.0,0.0521490790477492,0.09564399779762507,3.0369184296988423E-5,
0.0,4.951578313832658E-4,0.0,0.0521490790477492,0.09548035212225081,3.0369184296988423E-5,
0.0,4.951578313832658E-4,0.0,0.0521490790477492,0.09548035212225081,3.0369184296988423E-5,
0.0,4.951578313832658E-4,0.0,0.0521490790477492,0.09548035212225081,3.0369184296988423E-5,
0.0,4.951578313832658E-4,0.0,0.0521490790477492,0.09548035212225081,3.0369184296988423E-5,
0.0,4.951578313832658E-4,0.0,0.0521490790477492,0.09548035212225081,3.0369184296988423E-5,
0.0,4.951578313832658E-4,0.0,0.0521490790477492,0.09548035212225081,3.0369184296988423E-5,
0.0,4.951578313832658E-4,0.0,0.0521490790477492,0.09548035212225081,3.0369184296988423E-5,
0.0,4.951578313832658E-4,0.0,0.0521490790477492,0.09737300376154144,3.0369184296988423E-5,
0.0,4.951578313832658E-4,0.0,0.0521490790477492,0.09737300376154144,3.0369184296988423E-5,
0.0,4.951578313832658E-4,0.0,0.0521490790477492,0.09737300376154144,3.0369184296988423E-5,
0.0,4.951578313832658E-4,0.0,0.0521490790477492,0.09737300376154144,3.0369184296988423E-5,
0.0,4.951578313832658E-4,0.0,0.0521490790477492,0.09737300376154144,3.0369184296988423E-5,
0.0,4.951578313832658E-4,0.0,0.0521490790477492,0.09737300376154144,3.0369184296988423E-5,
0.0,4.951578313832658E-4,0.0,0.0521490790477492,0.09737300376154144,3.0369184296988423E-5,
0.0,4.951578313832658E-4,0.0,0.0521490790477492,0.09737300376154144,3.0369184296988423E-5,
0.0,4.951578313832658E-4,0.0,0.0521490790477492,0.09737300376154144,3.0369184296988423E-5,
0.0,4.951578313832658E-4,0.0,0.0521490790477492,0.09940085425785636,3.0369184296988423E-5,
0.0,4.951578313832658E-4,0.0,0.0521490790477492,0.09940085425785636,3.0369184296988423E-5,
0.0,4.951578313832658E-4,0.0,0.0521490790477492,0.09940085425785636,3.0369184296988423E-5,
0.0,4.951578313832658E-4,0.0,0.0521490790477492,0.09940085425785636,3.0369184296988423E-5,
0.0,4.951578313832658E-4,0.0,0.0521490790477492,0.09940085425785636,3.0369184296988423E-5,
0.0,4.951578313832658E-4,0.0,0.0521490790477492,0.09940085425785636,3.0369184296988423E-5,
0.0,4.951578313832658E-4,0.0,0.0521490790477492,0.10129917454238838,3.0369184296988423E-5,
0.0,4.951578313832658E-4,0.0,0.0521490790477492,0.10129917454238838,3.0369184296988423E-5,
0.0,4.951578313832658E-4,0.0,0.0521490790477492,0.10129917454238838,3.0369184296988423E-5,
0.0,4.951578313832658E-4,0.0,0.0521490790477492,0.10129917454238838,3.0369184296988423E-5,
0.0,4.951578313832658E-4,0.0,0.0521490790477492,0.10129917454238838,3.0369184296988423E-5,
0.0,4.951578313832658E-4,0.0,0.0521490790477492,0.10129917454238838,3.0369184296988423E-5,
0.0,4.951578313832658E-4,0.0,0.0521490790477492,0.10129917454238838,3.0369184296988423E-5,
0.0,4.951578313832658E-4,0.0,0.0521490790477492,0.10129917454238838,3.0369184296988423E-5,
0.0,4.951578313832658E-4,0.0,0.0521490790477492,0.10129917454238838,3.0369184296988423E-5,
0.0,4.951578313832658E-4,0.0,0.0521490790477492,0.10129917454238838,3.0369184296988423E-5,
0.0,4.951578313832658E-4,0.0,0.0521490790477492,0.10129917454238838,3.0369184296988423E-5,
0.0,4.951578313832658E-4,0.0,0.0521490790477492,0.10129917454238838,3.0369184296988423E-5,
0.0,4.951578313832658E-4,0.0,0.0521490790477492,0.09927599662701385,3.0369184296988423E-5,
0.0,4.951578313832658E-4,0.0,0.0521490790477492,0.09927599662701385,3.0369184296988423E-5,
0.0,4.951578313832658E-4,0.0,0.0521490790477492,0.09927599662701385,3.0369184296988423E-5,
0.0,4.951578313832658E-4,0.0,0.0521490790477492,0.09903598589011955,3.0369184296988423E-5,
0.0,4.951578313832658E-4,0.0,0.0521490790477492,0.10122215744386814,3.0369184296988423E-5,
0.0,4.951578313832658E-4,0.0,0.0521490790477492,0.10122215744386814,3.0369184296988423E-5,
0.0,4.951578313832658E-4,0.0,0.0521490790477492,0.10122215744386814,3.0369184296988423E-5,
0.0,4.951578313832658E-4,0.0,0.0521490790477492,0.10122215744386814,3.0369184296988423E-5,
0.0,4.951578313832658E-4,0.0,0.0521490790477492,0.10122215744386814,3.0369184296988423E-5,
0.0,4.951578313832658E-4,0.0,0.0521490790477492,0.10328843407069259,3.0369184296988423E-5,
0.0,4.951578313832658E-4,0.0,0.0521490790477492,0.10328843407069259,3.0369184296988423E-5,
0.0,4.951578313832658E-4,0.0,0.0521490790477492,0.10328843407069259,3.0369184296988423E-5,
0.0,4.951578313832658E-4,0.0,0.0626104086604844,0.10328843407069259,3.0369184296988423E-5,
0.0,4.951578313832658E-4,0.0,0.0626104086604844,0.10328843407069259,3.0369184296988423E-5,
0.0,4.951578313832658E-4,0.0,0.0626104086604844,0.10328843407069259,3.0369184296988423E-5,
0.0,4.951578313832658E-4,0.0,0.0626104086604844,0.1045025949025216,3.0369184296988423E-5,
0.0,4.951578313832658E-4,0.0,0.0626104086604844,0.10545213798755963,3.0369184296988423E-5,
0.0,4.951578313832658E-4,0.0,0.0626104086604844,0.10545213798755963,3.0369184296988423E-5,
0.0,4.951578313832658E-4,0.0,0.0626104086604844,0.10545213798755963,3.0369184296988423E-5,
0.0,4.951578313832658E-4,0.0,0.0626104086604844,0.10545213798755963,3.0369184296988423E-5,
0.0,4.951578313832658E-4,0.0,0.0626104086604844,0.10545213798755963,3.0369184296988423E-5,
0.0,4.951578313832658E-4,0.0,0.0626104086604844,0.1062988636021068,3.0369184296988423E-5,
0.0,4.951578313832658E-4,0.0,0.0626104086604844,0.10713343132456321,3.0369184296988423E-5,
0.0,4.951578313832658E-4,0.0,0.0626104086604844,0.10713343132456321,3.0369184296988423E-5,
0.0,4.951578313832658E-4,0.0,0.0626104086604844,0.10713343132456321,3.0369184296988423E-5,
0.0,4.951578313832658E-4,0.0,0.0626104086604844,0.10784824850249583,3.0369184296988423E-5,
0.0,4.951578313832658E-4,0.0,0.0626104086604844,0.10784824850249583,3.0369184296988423E-5,
0.0,4.951578313832658E-4,0.0,0.0626104086604844,0.10784824850249583,3.0369184296988423E-5,
0.0,4.951578313832658E-4,0.0,0.06706590983109592,0.10784824850249583,3.0369184296988423E-5,
0.0,4.951578313832658E-4,0.0,0.06706590983109592,0.10784824850249583,3.0369184296988423E-5,
0.0,4.951578313832658E-4,0.0,0.06706590983109592,0.10784824850249583,3.0369184296988423E-5,
0.0,4.951578313832658E-4,0.0,0.06706590983109592,0.10784824850249583,3.0369184296988423E-5,
0.0,4.951578313832658E-4,0.0,0.06706590983109592,0.10820754815337603,3.0369184296988423E-5,
0.0,4.951578313832658E-4,0.0,0.06706590983109592,0.10820754815337603,3.0369184296988423E-5,
0.0,4.951578313832658E-4,0.0,0.06706590983109592,0.10820754815337603,3.0369184296988423E-5,
0.0,4.951578313832658E-4,0.0,0.06706590983109592,0.10820754815337603,3.0369184296988423E-5,
0.0,4.951578313832658E-4,0.0,0.06706590983109592,0.10820754815337603,3.0369184296988423E-5,
0.0,4.951578313832658E-4,0.0,0.06706590983109592,0.10820754815337603,3.0369184296988423E-5,
0.0,4.951578313832658E-4,0.0,0.06706590983109592,0.10820754815337603,3.0369184296988423E-5,
0.0,4.951578313832658E-4,0.0,0.06706590983109592,0.10820754815337603,3.0369184296988423E-5,
0.0,4.951578313832658E-4,0.0,0.06706590983109592,0.10820754815337603,3.0369184296988423E-5,
0.0,4.951578313832658E-4,0.0,0.06706590983109592,0.10820754815337603,3.0369184296988423E-5,
0.0,4.951578313832658E-4,0.0,0.06706590983109592,0.10820754815337603,3.0369184296988423E-5,
0.0,4.951578313832658E-4,0.0,0.06706590983109592,0.10820754815337603,3.0369184296988423E-5,
0.0,4.951578313832658E-4,0.0,0.06706590983109592,0.10733681720952604,3.0369184296988423E-5,
0.0,4.951578313832658E-4,0.0,0.06706590983109592,0.10733681720952604,3.0369184296988423E-5,
0.0,4.951578313832658E-4,0.0,0.06706590983109592,0.10733681720952604,3.0369184296988423E-5,
0.0,4.951578313832658E-4,0.0,0.06706590983109592,0.10733681720952604,3.0369184296988423E-5,
0.0,4.951578313832658E-4,0.0,0.06706590983109592,0.10733681720952604,3.0369184296988423E-5,
0.0,4.951578313832658E-4,0.0,0.06706590983109592,0.10733681720952604,3.0369184296988423E-5,
0.0,4.951578313832658E-4,0.0,0.07119133817281707,0.10733681720952604,3.0369184296988423E-5,
0.0,4.951578313832658E-4,0.0,0.07119133817281707,0.10247038807230338,3.0369184296988423E-5,
0.0,4.951578313832658E-4,0.0,0.07119133817281707,0.10247038807230338,3.0369184296988423E-5,
0.0,4.951578313832658E-4,0.0,0.07119133817281707,0.10247038807230338,3.0369184296988423E-5,
0.0,4.951578313832658E-4,0.0,0.07119133817281707,0.10247038807230338,3.0369184296988423E-5,
0.0,4.951578313832658E-4,0.0,0.07119133817281707,0.10247038807230338,3.0369184296988423E-5,
0.0,4.951578313832658E-4,0.0,0.07119133817281707,0.1034791380080817,3.0369184296988423E-5,
0.0,4.951578313832658E-4,0.0,0.07119133817281707,0.10455319605309821,3.0369184296988423E-5,
0.0,4.951578313832658E-4,0.0,0.07119133817281707,0.10455319605309821,3.0369184296988423E-5,
0.0,4.951578313832658E-4,0.0,0.07119133817281707,0.10455319605309821,3.0369184296988423E-5,
0.0,4.951578313832658E-4,0.0,0.07119133817281707,0.10455319605309821,3.0369184296988423E-5,
0.0,4.951578313832658E-4,0.0,0.07119133817281707,0.10455319605309821,3.0369184296988423E-5,
0.0,4.951578313832658E-4,0.0,0.07119133817281707,0.10455319605309821,3.0369184296988423E-5,
0.0,4.951578313832658E-4,0.0,0.07119133817281707,0.10455319605309821,3.0369184296988423E-5,
0.0,4.951578313832658E-4,0.0,0.07119133817281707,0.10455319605309821,3.0369184296988423E-5,
0.0,4.951578313832658E-4,0.0,0.07119133817281707,0.10455319605309821,3.0369184296988423E-5,
0.0,4.951578313832658E-4,0.0,0.07119133817281707,0.10455319605309821,3.0369184296988423E-5,
0.0,4.951578313832658E-4,0.0,0.07119133817281707,0.10455319605309821,3.0369184296988423E-5,
0.0,4.951578313832658E-4,0.0,0.07119133817281707,0.10455319605309821,3.0369184296988423E-5,
0.0,4.951578313832658E-4,0.0,0.07119133817281707,0.10455319605309821,3.0369184296988423E-5,
0.0,4.951578313832658E-4,0.0,0.07119133817281707,0.10455319605309821,3.0369184296988423E-5,
0.0,4.951578313832658E-4,0.0,0.07119133817281707,0.10455319605309821,3.0369184296988423E-5,
0.0,4.951578313832658E-4,0.0,0.07119133817281707,0.10455319605309821,3.0369184296988423E-5,
0.0,4.951578313832658E-4,0.0,0.07119133817281707,0.10455319605309821,3.0369184296988423E-5,
0.0,4.951578313832658E-4,0.0,0.07119133817281707,0.10455319605309821,3.0369184296988423E-5,
0.0,4.951578313832658E-4,0.0,0.07119133817281707,0.10455319605309821,3.0369184296988423E-5,
0.0,4.951578313832658E-4,0.0,0.07119133817281707,0.10455319605309821,3.0369184296988423E-5,
0.0,4.951578313832658E-4,0.0,0.07119133817281707,0.10455319605309821,3.0369184296988423E-5,
0.0,4.951578313832658E-4,0.0,0.07119133817281707,0.10455319605309821,3.0369184296988423E-5,
0.0,4.951578313832658E-4,0.0,0.07119133817281707,0.10455319605309821,3.0369184296988423E-5,
0.0,4.951578313832658E-4,0.0,0.07119133817281707,0.10455319605309821,3.0369184296988423E-5,
0.0,4.951578313832658E-4,0.0,0.07119133817281707,0.10582964744193206,3.0369184296988423E-5,
0.0,4.951578313832658E-4,0.0,0.07119133817281707,0.10582964744193206,3.0369184296988423E-5,
0.0,4.951578313832658E-4,0.0,0.07119133817281707,0.10582964744193206,3.0369184296988423E-5,
0.0,4.951578313832658E-4,0.0,0.07119133817281707,0.10582964744193206,3.0369184296988423E-5,
0.0,4.951578313832658E-4,0.0,0.07119133817281707,0.10582964744193206,3.0369184296988423E-5,
0.0,4.951578313832658E-4,0.0,0.07119133817281707,0.10582964744193206,3.0369184296988423E-5,
0.0,4.951578313832658E-4,0.0,0.07119133817281707,0.10582964744193206,3.0369184296988423E-5,
0.0,4.951578313832658E-4,0.0,0.07119133817281707,0.10582964744193206,3.0369184296988423E-5,
0.0,4.951578313832658E-4,0.0,0.07119133817281707,0.10582964744193206,3.0369184296988423E-5,
0.0,4.951578313832658E-4,0.0,0.07119133817281707,0.10692164800874744,3.0369184296988423E-5,
0.0,4.951578313832658E-4,0.0,0.07119133817281707,0.10692164800874744,3.0369184296988423E-5,
0.0,4.951578313832658E-4,0.0,0.07119133817281707,0.10692164800874744,3.0369184296988423E-5,
0.0,4.951578313832658E-4,0.0,0.07119133817281707,0.10807245341316513,3.0369184296988423E-5,
0.0,4.951578313832658E-4,0.0,0.07119133817281707,0.10807245341316513,3.0369184296988423E-5,
0.0,4.951578313832658E-4,0.0,0.0752564127947492,0.10807245341316513,3.0369184296988423E-5,
0.0,4.951578313832658E-4,0.0,0.0752564127947492,0.10807245341316513,3.0369184296988423E-5,
0.0,4.951578313832658E-4,0.0,0.0752564127947492,0.10807245341316513,3.0369184296988423E-5,
0.0,4.951578313832658E-4,0.0,0.0752564127947492,0.10691548526655464,3.0369184296988423E-5,
0.0,4.951578313832658E-4,0.0,0.0752564127947492,0.10691548526655464,3.0369184296988423E-5,
0.0,4.951578313832658E-4,0.0,0.0752564127947492,0.10691548526655464,3.0369184296988423E-5,
0.0,4.951578313832658E-4,0.0,0.0752564127947492,0.10815564667240873,3.0369184296988423E-5,
0.0,4.951578313832658E-4,0.0,0.0752564127947492,0.10815564667240873,3.0369184296988423E-5,
0.0,4.951578313832658E-4,0.0,0.0752564127947492,0.10815564667240873,3.0369184296988423E-5,
0.0,4.951578313832658E-4,0.0,0.0752564127947492,0.10815564667240873,3.0369184296988423E-5,
0.0,4.951578313832658E-4,0.0,0.0752564127947492,0.10502714439649655,3.0369184296988423E-5,
0.0,4.951578313832658E-4,0.0,0.0752564127947492,0.10502714439649655,3.0369184296988423E-5,
0.0,4.951578313832658E-4,0.0,0.0752564127947492,0.10502714439649655,3.0369184296988423E-5,
0.0,4.951578313832658E-4,0.0,0.0752564127947492,0.10598046070417808,3.0369184296988423E-5,
0.0,4.951578313832658E-4,0.0,0.0752564127947492,0.10598046070417808,3.0369184296988423E-5,
0.0,4.951578313832658E-4,0.0,0.0752564127947492,0.10598046070417808,3.0369184296988423E-5,
0.0,4.951578313832658E-4,0.0,0.0752564127947492,0.10598046070417808,3.0369184296988423E-5,
0.0,4.951578313832658E-4,0.0,0.0752564127947492,0.10598046070417808,3.0369184296988423E-5,
0.0,4.951578313832658E-4,0.0,0.0752564127947492,0.10664252000919242,3.0369184296988423E-5,
0.0,4.951578313832658E-4,0.0,0.0752564127947492,0.10734109180525019,3.0369184296988423E-5,
0.0,4.951578313832658E-4,0.0,0.0752564127947492,0.10562431392823,3.0369184296988423E-5,
0.0,4.951578313832658E-4,0.0,0.0752564127947492,0.10562431392823,3.0369184296988423E-5,
0.0,4.951578313832658E-4,0.0,0.0752564127947492,0.10562431392823,3.0369184296988423E-5,
0.0,4.951578313832658E-4,0.0,0.0752564127947492,0.1063159534341047,3.0369184296988423E-5,
0.0,4.951578313832658E-4,0.0,0.0752564127947492,0.1063159534341047,3.0369184296988423E-5,
0.0,4.951578313832658E-4,0.0,0.0752564127947492,0.1063159534341047,3.0369184296988423E-5,
0.0,4.951578313832658E-4,0.0,0.0752564127947492,0.1063159534341047,3.0369184296988423E-5,
0.0,4.951578313832658E-4,0.0,0.0752564127947492,0.1063159534341047,3.0369184296988423E-5,
0.0,4.951578313832658E-4,0.0,0.0752564127947492,0.1063159534341047,3.0369184296988423E-5,
0.0,4.951578313832658E-4,0.0,0.0752564127947492,0.1063159534341047,3.0369184296988423E-5,
0.0,4.951578313832658E-4,0.0,0.0752564127947492,0.1063159534341047,3.0369184296988423E-5,
0.0,4.951578313832658E-4,0.0,0.07874220542454624,0.1063159534341047,3.0369184296988423E-5,
0.0,4.951578313832658E-4,0.0,0.07874220542454624,0.10524220700471212,3.0369184296988423E-5,
0.0,4.951578313832658E-4,0.0,0.07874220542454624,0.10524220700471212,3.0369184296988423E-5,
0.0,4.951578313832658E-4,0.0,0.08180855725187422,0.10524220700471212,3.0369184296988423E-5,
0.0,4.951578313832658E-4,0.0,0.08180855725187422,0.1063211371245719,3.0369184296988423E-5,
0.0,4.951578313832658E-4,0.0,0.08180855725187422,0.1063211371245719,3.0369184296988423E-5,
0.0,4.951578313832658E-4,0.0,0.08180855725187422,0.1063211371245719,3.0369184296988423E-5,
0.0,4.951578313832658E-4,0.0,0.08180855725187422,0.1063211371245719,3.0369184296988423E-5,
0.0,4.951578313832658E-4,0.0,0.08180855725187422,0.1063211371245719,3.0369184296988423E-5,
0.0,4.951578313832658E-4,0.0,0.08180855725187422,0.1063211371245719,3.0369184296988423E-5,
0.0,4.951578313832658E-4,0.0,0.08180855725187422,0.1063211371245719,3.0369184296988423E-5,
0.0,4.951578313832658E-4,0.0,0.08180855725187422,0.1063211371245719,3.0369184296988423E-5,
0.0,4.951578313832658E-4,0.0,0.08180855725187422,0.1063211371245719,3.0369184296988423E-5,
0.0,4.951578313832658E-4,0.0,0.08180855725187422,0.1063211371245719,3.0369184296988423E-5,
0.0,4.951578313832658E-4,0.0,0.08180855725187422,0.1063211371245719,3.0369184296988423E-5,
0.0,4.951578313832658E-4,0.0,0.08180855725187422,0.1063211371245719,3.0369184296988423E-5,
0.0,4.951578313832658E-4,0.0,0.08180855725187422,0.1063211371245719,3.0369184296988423E-5,
0.0,4.951578313832658E-4,0.0,0.08180855725187422,0.1063211371245719,3.0369184296988423E-5,
0.0,4.951578313832658E-4,0.0,0.08180855725187422,0.1063211371245719,3.0369184296988423E-5,
0.0,4.951578313832658E-4,0.0,0.08180855725187422,0.1063211371245719,3.0369184296988423E-5,
0.0,4.951578313832658E-4,0.0,0.08180855725187422,0.1063211371245719,3.0369184296988423E-5,
0.0,4.951578313832658E-4,0.0,0.08180855725187422,0.1063211371245719,3.0369184296988423E-5,
0.0,4.951578313832658E-4,0.0,0.08180855725187422,0.1063211371245719,3.0369184296988423E-5,
0.0,4.951578313832658E-4,0.0,0.08180855725187422,0.1063211371245719,3.0369184296988423E-5,
0.0,4.951578313832658E-4,0.0,0.08180855725187422,0.1063211371245719,3.0369184296988423E-5,
0.0,4.951578313832658E-4,0.0,0.08180855725187422,0.1063211371245719,3.0369184296988423E-5,
0.0,4.951578313832658E-4,0.0,0.08180855725187422,0.1063211371245719,3.0369184296988423E-5,
0.0,4.951578313832658E-4,0.0,0.08180855725187422,0.1063211371245719,3.0369184296988423E-5,
0.0,4.951578313832658E-4,0.0,0.08180855725187422,0.1063211371245719,3.0369184296988423E-5,
0.0,4.951578313832658E-4,0.0,0.08180855725187422,0.1063211371245719,3.0369184296988423E-5,
0.0,4.951578313832658E-4,0.0,0.08180855725187422,0.1063211371245719,3.0369184296988423E-5,
0.0,4.951578313832658E-4,0.0,0.08476665360895337,0.1063211371245719,3.0369184296988423E-5,
0.0,4.951578313832658E-4,0.0,0.08476665360895337,0.10754346815587648,3.0369184296988423E-5,
0.0,4.951578313832658E-4,0.0,0.08476665360895337,0.10754346815587648,3.0369184296988423E-5,
0.0,4.951578313832658E-4,0.0,0.08476665360895337,0.10754346815587648,3.0369184296988423E-5,
0.0,4.951578313832658E-4,0.0,0.08476665360895337,0.1062869559373868,3.0369184296988423E-5,
0.0,4.951578313832658E-4,0.0,0.08476665360895337,0.1062869559373868,3.0369184296988423E-5,
0.0,4.951578313832658E-4,0.0,0.08476665360895337,0.1062869559373868,3.0369184296988423E-5,
0.0,4.951578313832658E-4,0.0,0.08476665360895337,0.1062869559373868,3.0369184296988423E-5,
0.0,4.951578313832658E-4,0.0,0.08476665360895337,0.1062869559373868,3.0369184296988423E-5,
0.0,4.951578313832658E-4,0.0,0.08476665360895337,0.1062869559373868,3.0369184296988423E-5,
0.0,4.951578313832658E-4,0.0,0.08476665360895337,0.1062869559373868,3.0369184296988423E-5,
0.0,4.951578313832658E-4,0.0,0.08476665360895337,0.1062869559373868,3.0369184296988423E-5,
0.0,4.951578313832658E-4,0.0,0.08476665360895337,0.1062869559373868,3.0369184296988423E-5,
0.0,4.951578313832658E-4,0.0,0.08476665360895337,0.1062869559373868,3.0369184296988423E-5,
0.0,4.951578313832658E-4,0.0,0.08476665360895337,0.1062869559373868,3.0369184296988423E-5,
0.0,4.951578313832658E-4,0.0,0.08476665360895337,0.1062869559373868,3.0369184296988423E-5,
0.0,4.951578313832658E-4,0.0,0.08476665360895337,0.10736848955626174,3.0369184296988423E-5,
0.0,4.951578313832658E-4,0.0,0.08476665360895337,0.10736848955626174,3.0369184296988423E-5,
0.0,4.951578313832658E-4,0.0,0.08476665360895337,0.10736848955626174,3.0369184296988423E-5,
0.0,4.951578313832658E-4,0.0,0.08476665360895337,0.10736848955626174,3.0369184296988423E-5,
0.0,4.951578313832658E-4,0.0,0.08476665360895337,0.10736848955626174,3.0369184296988423E-5,
0.0,4.951578313832658E-4,0.0,0.08476665360895337,0.10736848955626174,3.0369184296988423E-5,
0.0,4.951578313832658E-4,0.0,0.08476665360895337,0.10736848955626174,3.0369184296988423E-5,
0.0,4.951578313832658E-4,0.0,0.08476665360895337,0.10736848955626174,3.0369184296988423E-5,
0.0,4.951578313832658E-4,0.0,0.08476665360895337,0.10736848955626174,3.0369184296988423E-5,
0.0,4.951578313832658E-4,0.0,0.08476665360895337,0.10736848955626174,3.0369184296988423E-5,
0.0,4.951578313832658E-4,0.0,0.08476665360895337,0.10736848955626174,3.0369184296988423E-5,
0.0,4.951578313832658E-4,0.0,0.08476665360895337,0.10821038139743569,3.0369184296988423E-5,
0.0,4.951578313832658E-4,0.0,0.08476665360895337,0.10821038139743569,3.0369184296988423E-5,
0.0,4.951578313832658E-4,0.0,0.08476665360895337,0.10124460492781971,3.0369184296988423E-5,
0.0,4.951578313832658E-4,0.0,0.08476665360895337,0.10079357294102137,3.0369184296988423E-5,
0.0,4.951578313832658E-4,0.0,0.08476665360895337,0.10079357294102137,3.0369184296988423E-5,
0.0,4.951578313832658E-4,0.0,0.08476665360895337,0.10079357294102137,3.0369184296988423E-5,
0.0,4.951578313832658E-4,0.0,0.08476665360895337,0.09976314585927677,3.0369184296988423E-5,
0.0,4.951578313832658E-4,0.0,0.08476665360895337,0.09976314585927677,3.0369184296988423E-5,
0.0,4.951578313832658E-4,0.0,0.08476665360895337,0.09976314585927677,3.0369184296988423E-5,
0.0,4.951578313832658E-4,0.0,0.08476665360895337,0.09976314585927677,3.0369184296988423E-5,
0.0,4.951578313832658E-4,0.0,0.08733728576884825,0.09976314585927677,3.0369184296988423E-5,
0.0,4.951578313832658E-4,0.0,0.08733728576884825,0.09976314585927677,3.0369184296988423E-5,
0.0,4.951578313832658E-4,0.0,0.08733728576884825,0.09976314585927677,3.0369184296988423E-5,
0.0,4.951578313832658E-4,0.0,0.08733728576884825,0.09360779804237883,3.0369184296988423E-5,
0.0,4.951578313832658E-4,0.0,0.08733728576884825,0.09360779804237883,3.0369184296988423E-5,
0.0,4.951578313832658E-4,0.0,0.08733728576884825,0.09360779804237883,3.0369184296988423E-5,
0.0,4.951578313832658E-4,0.0,0.08733728576884825,0.09360779804237883,3.0369184296988423E-5,
0.0,4.951578313832658E-4,0.0,0.08733728576884825,0.09360779804237883,3.0369184296988423E-5,
0.0,4.951578313832658E-4,0.0,0.08733728576884825,0.09360779804237883,3.0369184296988423E-5,
0.0,4.951578313832658E-4,0.0,0.08733728576884825,0.09360779804237883,3.0369184296988423E-5,
0.0,4.951578313832658E-4,0.0,0.08733728576884825,0.09360779804237883,3.0369184296988423E-5,
0.0,4.951578313832658E-4,0.0,0.08733728576884825,0.09360779804237883,3.0369184296988423E-5,
0.0,4.951578313832658E-4,0.0,0.0893819068756125,0.09360779804237883,3.0369184296988423E-5,
0.0,4.951578313832658E-4,0.0,0.0893819068756125,0.09360779804237883,3.0369184296988423E-5,
0.0,4.951578313832658E-4,0.0,0.0893819068756125,0.09360779804237883,3.0369184296988423E-5,
0.0,4.951578313832658E-4,0.0,0.0893819068756125,0.09360779804237883,3.0369184296988423E-5,
0.0,4.951578313832658E-4,0.0,0.0893819068756125,0.09511061792477102,3.0369184296988423E-5,
0.0,4.951578313832658E-4,0.0,0.0893819068756125,0.09511061792477102,3.0369184296988423E-5,
0.0,4.951578313832658E-4,0.0,0.0893819068756125,0.09511061792477102,3.0369184296988423E-5,
0.0,4.951578313832658E-4,0.0,0.09127392614457408,0.09511061792477102,3.0369184296988423E-5,
0.0,4.951578313832658E-4,0.0,0.09127392614457408,0.09511061792477102,3.0369184296988423E-5,
0.0,4.951578313832658E-4,0.0,0.09127392614457408,0.09511061792477102,3.0369184296988423E-5,
0.0,4.951578313832658E-4,0.0,0.09127392614457408,0.09558496109513594,3.0369184296988423E-5,
0.0,4.951578313832658E-4,0.0,0.09127392614457408,0.09558496109513594,3.0369184296988423E-5,
0.0,4.951578313832658E-4,0.0,0.09127392614457408,0.09558496109513594,3.0369184296988423E-5,
0.0,4.951578313832658E-4,0.0,0.09127392614457408,0.09558496109513594,3.0369184296988423E-5,
0.0,4.951578313832658E-4,0.0,0.09127392614457408,0.09558496109513594,3.0369184296988423E-5,
0.0,4.951578313832658E-4,0.0,0.09127392614457408,0.09558496109513594,3.0369184296988423E-5,
0.0,4.951578313832658E-4,0.0,0.09127392614457408,0.09558496109513594,3.0369184296988423E-5,
0.0,4.951578313832658E-4,0.0,0.09127392614457408,0.09558496109513594,3.0369184296988423E-5,
0.0,4.951578313832658E-4,0.0,0.09127392614457408,0.09584547009139105,3.0369184296988423E-5,
0.0,4.951578313832658E-4,0.0,0.09127392614457408,0.09663799052041888,3.0369184296988423E-5,
0.0,4.951578313832658E-4,0.0,0.09127392614457408,0.09663799052041888,3.0369184296988423E-5,
0.0,4.951578313832658E-4,0.0,0.09127392614457408,0.09792209702668277,3.0369184296988423E-5,
0.0,4.951578313832658E-4,0.0,0.09127392614457408,0.09792209702668277,3.0369184296988423E-5,
0.0,4.951578313832658E-4,0.0,0.09127392614457408,0.09792209702668277,3.0369184296988423E-5,
0.0,4.951578313832658E-4,0.0,0.09127392614457408,0.09695014371672622,3.0369184296988423E-5,
0.0,4.951578313832658E-4,0.0,0.09127392614457408,0.09695014371672622,3.0369184296988423E-5,
0.0,4.951578313832658E-4,0.0,0.09127392614457408,0.09695014371672622,3.0369184296988423E-5,
0.0,4.951578313832658E-4,0.0,0.09127392614457408,0.09695014371672622,3.0369184296988423E-5,
0.0,4.951578313832658E-4,0.0,0.09127392614457408,0.09695014371672622,3.0369184296988423E-5,
0.0,4.951578313832658E-4,0.0,0.09127392614457408,0.09695014371672622,3.0369184296988423E-5,
0.0,4.951578313832658E-4,0.0,0.09127392614457408,0.09695014371672622,3.0369184296988423E-5,
0.0,4.951578313832658E-4,0.0,0.09127392614457408,0.09695014371672622,3.0369184296988423E-5,
0.0,4.951578313832658E-4,0.0,0.09127392614457408,0.09695014371672622,3.0369184296988423E-5,
0.0,4.951578313832658E-4,0.0,0.09127392614457408,0.09695014371672622,3.0369184296988423E-5,
0.0,4.951578313832658E-4,0.0,0.09127392614457408,0.09695014371672622,3.0369184296988423E-5,
0.0,4.951578313832658E-4,0.0,0.09127392614457408,0.09797951076473362,3.0369184296988423E-5,
0.0,4.951578313832658E-4,0.0,0.09127392614457408,0.09797951076473362,3.0369184296988423E-5,
0.0,4.951578313832658E-4,0.0,0.09127392614457408,0.09694185669296931,3.0369184296988423E-5,
0.0,4.951578313832658E-4,0.0,0.09127392614457408,0.09694185669296931,3.0369184296988423E-5,
0.0,4.951578313832658E-4,0.0,0.09127392614457408,0.09816387165945588,3.0369184296988423E-5,
0.0,4.951578313832658E-4,0.0,0.09127392614457408,0.09816387165945588,3.0369184296988423E-5,
0.0,4.951578313832658E-4,0.0,0.09127392614457408,0.09816387165945588,3.0369184296988423E-5,
0.0,4.951578313832658E-4,0.0,0.09127392614457408,0.09816387165945588,3.0369184296988423E-5,
0.0,4.951578313832658E-4,0.0,0.09127392614457408,0.09816387165945588,3.0369184296988423E-5,
0.0,4.951578313832658E-4,0.0,0.09127392614457408,0.09816387165945588,3.0369184296988423E-5,
0.0,4.951578313832658E-4,0.0,0.09127392614457408,0.09816387165945588,3.0369184296988423E-5,
0.0,4.951578313832658E-4,0.0,0.09127392614457408,0.09816387165945588,3.0369184296988423E-5,
0.0,4.951578313832658E-4,0.0,0.09127392614457408,0.09816387165945588,3.0369184296988423E-5,
0.0,4.951578313832658E-4,0.0,0.09256461068512101,0.09816387165945588,3.0369184296988423E-5,
0.0,4.951578313832658E-4,0.0,0.09256461068512101,0.09816387165945588,3.0369184296988423E-5,
0.0,4.951578313832658E-4,0.0,0.09256461068512101,0.09816387165945588,3.0369184296988423E-5,
0.0,4.951578313832658E-4,0.0,0.09256461068512101,0.09816387165945588,3.0369184296988423E-5,
0.0,4.951578313832658E-4,0.0,0.09256461068512101,0.09816387165945588,3.0369184296988423E-5,
0.0,4.951578313832658E-4,0.0,0.09256461068512101,0.09816387165945588,3.0369184296988423E-5,
0.0,4.951578313832658E-4,0.0,0.09256461068512101,0.09816387165945588,3.0369184296988423E-5,
0.0,4.951578313832658E-4,0.0,0.09256461068512101,0.09816387165945588,3.0369184296988423E-5,
0.0,4.951578313832658E-4,0.0,0.0923306237691459,0.09816387165945588,3.0369184296988423E-5,
0.0,4.951578313832658E-4,0.0,0.0923306237691459,0.09816387165945588,3.0369184296988423E-5,
0.0,4.951578313832658E-4,0.0,0.0923306237691459,0.09816387165945588,3.0369184296988423E-5,
0.0,4.951578313832658E-4,0.0,0.0923306237691459,0.09882223434946022,3.0369184296988423E-5,
0.0,4.951578313832658E-4,0.0,0.09347436485565748,0.09882223434946022,3.0369184296988423E-5,
0.0,4.951578313832658E-4,0.0,0.09347436485565748,0.09882223434946022,3.0369184296988423E-5,
0.0,4.951578313832658E-4,0.0,0.09347436485565748,0.09882223434946022,3.0369184296988423E-5,
0.0,4.951578313832658E-4,0.0,0.09347436485565748,0.1001632284407202,3.0369184296988423E-5,
0.0,4.951578313832658E-4,0.0,0.09347436485565748,0.1001632284407202,3.0369184296988423E-5,
0.0,4.951578313832658E-4,0.0,0.09347436485565748,0.1001632284407202,3.0369184296988423E-5,
0.0,4.951578313832658E-4,0.0,0.09347436485565748,0.10185785859979325,3.0369184296988423E-5,
0.0,4.951578313832658E-4,0.0,0.09347436485565748,0.10185785859979325,3.0369184296988423E-5,
0.0,4.951578313832658E-4,0.0,0.09347436485565748,0.10185785859979325,3.0369184296988423E-5,
0.0,4.951578313832658E-4,0.0,0.09347436485565748,0.10185785859979325,3.0369184296988423E-5,
0.0,4.951578313832658E-4,0.0,0.09347436485565748,0.10185785859979325,3.0369184296988423E-5,
0.0,4.951578313832658E-4,0.0,0.09347436485565748,0.10185785859979325,3.0369184296988423E-5,
0.0,4.951578313832658E-4,0.0,0.09347436485565748,0.10185785859979325,3.0369184296988423E-5,
0.0,4.951578313832658E-4,0.0,0.09347436485565748,0.10185785859979325,3.0369184296988423E-5,
0.0,4.951578313832658E-4,0.0,0.09347436485565748,0.10185785859979325,3.0369184296988423E-5,
0.0,4.951578313832658E-4,0.0,0.09347436485565748,0.10185785859979325,3.0369184296988423E-5,
0.0,4.951578313832658E-4,0.0,0.09347436485565748,0.10185785859979325,3.0369184296988423E-5,
0.0,4.951578313832658E-4,0.0,0.09347436485565748,0.10031027536360368,3.0369184296988423E-5,
0.0,4.951578313832658E-4,0.0,0.09347436485565748,0.10031027536360368,3.0369184296988423E-5,
0.0,4.951578313832658E-4,0.0,0.09347436485565748,0.10031027536360368,3.0369184296988423E-5,
0.0,4.951578313832658E-4,0.0,0.09347436485565748,0.09233861536934701,3.0369184296988423E-5,
0.0,4.951578313832658E-4,0.0,0.09347436485565748,0.09233861536934701,3.0369184296988423E-5,
0.0,4.951578313832658E-4,0.0,0.09347436485565748,0.09233861536934701,3.0369184296988423E-5,
0.0,4.951578313832658E-4,0.0,0.09347436485565748,0.09233861536934701,3.0369184296988423E-5,
0.0,4.951578313832658E-4,0.0,0.09347436485565748,0.09233861536934701,3.0369184296988423E-5,
0.0,4.951578313832658E-4,0.0,0.09347436485565748,0.09233861536934701,3.0369184296988423E-5,
0.0,4.951578313832658E-4,0.0,0.09347436485565748,0.09233861536934701,3.0369184296988423E-5,
0.0,4.951578313832658E-4,0.0,0.09347436485565748,0.09233861536934701,3.0369184296988423E-5,
0.0,4.951578313832658E-4,0.0,0.09347436485565748,0.09233861536934701,3.0369184296988423E-5,
0.0,4.951578313832658E-4,0.0,0.09347436485565748,0.0950731895104183,3.0369184296988423E-5,
0.0,4.951578313832658E-4,0.0,0.09347436485565748,0.0950731895104183,3.0369184296988423E-5,
0.0,4.951578313832658E-4,0.0,0.09513743686143175,0.0950731895104183,3.0369184296988423E-5,
0.0,4.951578313832658E-4,0.0,0.09676204259193298,0.0950731895104183,3.0369184296988423E-5,
0.0,4.951578313832658E-4,0.0,0.09676204259193298,0.0950731895104183,3.0369184296988423E-5,
0.0,4.951578313832658E-4,0.0,0.09676204259193298,0.09655110259979359,3.0369184296988423E-5,
0.0,4.951578313832658E-4,0.0,0.09802720766325122,0.09655110259979359,3.0369184296988423E-5,
0.0,4.951578313832658E-4,0.0,0.09802720766325122,0.09655110259979359,3.0369184296988423E-5,
0.0,4.951578313832658E-4,0.0,0.09802720766325122,0.09655110259979359,3.0369184296988423E-5,
0.0,4.951578313832658E-4,0.0,0.09802720766325122,0.09655110259979359,3.0369184296988423E-5,
0.0,4.951578313832658E-4,0.0,0.09802720766325122,0.09655110259979359,3.0369184296988423E-5,
0.0,4.951578313832658E-4,0.0,0.09802720766325122,0.09655110259979359,3.0369184296988423E-5,
0.0,4.951578313832658E-4,0.0,0.09802720766325122,0.09655110259979359,3.0369184296988423E-5,
0.0,4.951578313832658E-4,0.0,0.09802720766325122,0.09655110259979359,3.0369184296988423E-5,
0.0,4.951578313832658E-4,0.0,0.09802720766325122,0.09655110259979359,3.0369184296988423E-5,
0.0,4.951578313832658E-4,0.0,0.09802720766325122,0.09851743671495229,3.0369184296988423E-5,
0.0,4.951578313832658E-4,0.0,0.09802720766325122,0.09851743671495229,3.0369184296988423E-5,
0.0,4.951578313832658E-4,0.0,0.09802720766325122,0.10051427371853766,3.0369184296988423E-5,
0.0,4.951578313832658E-4,0.0,0.09802720766325122,0.10051427371853766,3.0369184296988423E-5,
0.0,4.951578313832658E-4,0.0,0.09802720766325122,0.10191441119849184,3.0369184296988423E-5,
0.0,4.951578313832658E-4,0.0,0.09802720766325122,0.10191441119849184,3.0369184296988423E-5,
0.0,4.951578313832658E-4,0.0,0.09802720766325122,0.10191441119849184,3.0369184296988423E-5,
0.0,4.951578313832658E-4,0.0,0.09802720766325122,0.10191642780107253,3.0369184296988423E-5,
0.0,4.951578313832658E-4,0.0,0.09802720766325122,0.10191642780107253,3.0369184296988423E-5,
0.0,4.951578313832658E-4,0.0,0.09802720766325122,0.10191642780107253,3.0369184296988423E-5,
0.0,4.951578313832658E-4,0.0,0.09802720766325122,0.10191642780107253,3.0369184296988423E-5,
0.0,4.951578313832658E-4,0.0,0.09802720766325122,0.10191642780107253,3.0369184296988423E-5,
0.0,4.951578313832658E-4,0.0,0.09802720766325122,0.10191642780107253,3.0369184296988423E-5,
0.0,4.951578313832658E-4,0.0,0.09802720766325122,0.10191642780107253,3.0369184296988423E-5,
0.0,4.951578313832658E-4,0.0,0.09802720766325122,0.10191642780107253,3.0369184296988423E-5,
0.0,4.951578313832658E-4,0.0,0.09802720766325122,0.10191642780107253,3.0369184296988423E-5,
0.0,4.951578313832658E-4,0.0,0.09802720766325122,0.10014272936014343,3.0369184296988423E-5,
0.0,4.951578313832658E-4,0.0,0.09802720766325122,0.10014272936014343,3.0369184296988423E-5,
0.0,4.951578313832658E-4,0.0,0.09802720766325122,0.10185779694786586,3.0369184296988423E-5,
0.0,4.951578313832658E-4,0.0,0.09802720766325122,0.10185779694786586,3.0369184296988423E-5,
0.0,4.951578313832658E-4,0.0,0.0975781133290196,0.10185779694786586,3.0369184296988423E-5,
0.0,4.951578313832658E-4,0.0,0.0975781133290196,0.10185779694786586,3.0369184296988423E-5,
0.0,4.951578313832658E-4,0.0,0.0975781133290196,0.10185779694786586,3.0369184296988423E-5,
0.0,4.951578313832658E-4,0.0,0.0975781133290196,0.1037665703589147,3.0369184296988423E-5,
0.0,4.951578313832658E-4,0.0,0.0975781133290196,0.1037665703589147,3.0369184296988423E-5,
0.0,4.951578313832658E-4,0.0,0.0975781133290196,0.1037665703589147,3.0369184296988423E-5,
0.0,4.951578313832658E-4,0.0,0.0975781133290196,0.1037665703589147,3.0369184296988423E-5,
0.0,4.951578313832658E-4,0.0,0.0975781133290196,0.10548291807960598,3.0369184296988423E-5,
0.0,4.951578313832658E-4,0.0,0.0975781133290196,0.10548291807960598,3.0369184296988423E-5,
0.0,4.951578313832658E-4,0.0,0.0975781133290196,0.10548291807960598,3.0369184296988423E-5,
0.0,4.951578313832658E-4,0.0,0.0975781133290196,0.10548291807960598,3.0369184296988423E-5,
0.0,4.951578313832658E-4,0.0,0.0975781133290196,0.10548291807960598,3.0369184296988423E-5,
0.0,4.951578313832658E-4,0.0,0.0975781133290196,0.10548291807960598,3.0369184296988423E-5,
0.0,4.951578313832658E-4,0.0,0.0975781133290196,0.10660553512907545,3.0369184296988423E-5,
0.0,4.951578313832658E-4,0.0,0.0975781133290196,0.10660553512907545,3.0369184296988423E-5,
0.0,4.951578313832658E-4,0.0,0.0975781133290196,0.10826068017630167,3.0369184296988423E-5,
0.0,4.951578313832658E-4,0.0,0.09433524027370699,0.10826068017630167,3.0369184296988423E-5,
0.0,4.951578313832658E-4,0.0,0.09433524027370699,0.10826068017630167,3.0369184296988423E-5,
0.0,4.951578313832658E-4,0.0,0.09433524027370699,0.10753330372409398,3.0369184296988423E-5,
0.0,4.951578313832658E-4,0.0,0.09433524027370699,0.10742194927865406,3.0369184296988423E-5,
0.0,4.951578313832658E-4,0.0,0.09433524027370699,0.10742194927865406,3.0369184296988423E-5,
0.0,4.951578313832658E-4,0.0,0.09433524027370699,0.10742194927865406,3.0369184296988423E-5,
0.0,4.951578313832658E-4,0.0,0.09433524027370699,0.10921935357040832,3.0369184296988423E-5,
0.0,4.951578313832658E-4,0.0,0.09433524027370699,0.10851196050883097,3.0369184296988423E-5,
0.0,4.951578313832658E-4,0.0,0.09433524027370699,0.10851196050883097,3.0369184296988423E-5,
0.0,4.951578313832658E-4,0.0,0.09433524027370699,0.10851196050883097,3.0369184296988423E-5,
0.0,4.951578313832658E-4,0.0,0.09433524027370699,0.10851196050883097,3.0369184296988423E-5,
0.0,4.951578313832658E-4,0.0,0.09433524027370699,0.1101906870125517,3.0369184296988423E-5,
0.0,4.951578313832658E-4,0.0,0.09433524027370699,0.11136992038772932,3.0369184296988423E-5,
0.0,4.951578313832658E-4,0.0,0.09433524027370699,0.11136992038772932,3.0369184296988423E-5,
0.0,4.951578313832658E-4,0.0,0.09433524027370699,0.11136992038772932,3.0369184296988423E-5,
0.0,4.951578313832658E-4,0.0,0.09433524027370699,0.11136992038772932,3.0369184296988423E-5,
0.0,4.951578313832658E-4,0.0,0.09433524027370699,0.11136992038772932,3.0369184296988423E-5,
0.0,4.951578313832658E-4,0.0,0.09433524027370699,0.11136992038772932,3.0369184296988423E-5,
0.0,4.951578313832658E-4,0.0,0.09433524027370699,0.11136992038772932,3.0369184296988423E-5,
0.0,4.951578313832658E-4,0.0,0.09433524027370699,0.11136992038772932,3.0369184296988423E-5,
0.0,4.951578313832658E-4,0.0,0.09433524027370699,0.1125137978451521,3.0369184296988423E-5,
0.0,4.951578313832658E-4,0.0,0.09433524027370699,0.1125137978451521,3.0369184296988423E-5,
0.0,4.951578313832658E-4,0.0,0.09433524027370699,0.10973064865574848,3.0369184296988423E-5,
0.0,4.951578313832658E-4,0.0,0.09433524027370699,0.10973064865574848,3.0369184296988423E-5,
0.0,4.951578313832658E-4,0.0,0.09433524027370699,0.10973064865574848,3.0369184296988423E-5,
0.0,4.951578313832658E-4,0.0,0.09658449213562577,0.10973064865574848,3.0369184296988423E-5,
0.0,4.951578313832658E-4,0.0,0.09658449213562577,0.10973064865574848,3.0369184296988423E-5,
0.0,4.951578313832658E-4,0.0,0.09658449213562577,0.1111941372704911,3.0369184296988423E-5,
0.0,4.951578313832658E-4,0.0,0.09658449213562577,0.1111941372704911,3.0369184296988423E-5,
0.0,4.951578313832658E-4,0.0,0.09658449213562577,0.1111941372704911,3.0369184296988423E-5,
0.0,4.951578313832658E-4,0.0,0.09658449213562577,0.1111941372704911,3.0369184296988423E-5,
0.0,4.951578313832658E-4,0.0,0.09658449213562577,0.1111941372704911,3.0369184296988423E-5,
0.0,4.951578313832658E-4,0.0,0.09658449213562577,0.1001832919445933,3.0369184296988423E-5,
0.0,4.951578313832658E-4,0.0,0.09658449213562577,0.1001832919445933,3.0369184296988423E-5,
0.0,4.951578313832658E-4,0.0,0.09658449213562577,0.1001832919445933,3.0369184296988423E-5,
0.0,4.951578313832658E-4,0.0,0.09658449213562577,0.1001832919445933,3.0369184296988423E-5,
0.0,4.951578313832658E-4,0.0,0.09658449213562577,0.1001832919445933,3.0369184296988423E-5,
0.0,4.951578313832658E-4,0.0,0.10071248904576724,0.1001832919445933,3.0369184296988423E-5,
0.0,4.951578313832658E-4,0.0,0.10071248904576724,0.1001832919445933,3.0369184296988423E-5,
0.0,4.951578313832658E-4,0.0,0.10071248904576724,0.1001832919445933,3.0369184296988423E-5,
0.0,4.951578313832658E-4,0.0,0.10247231930745913,0.1001832919445933,3.0369184296988423E-5,
0.0,4.951578313832658E-4,0.0,0.10405616654298183,0.1001832919445933,3.0369184296988423E-5,
0.0,4.951578313832658E-4,0.0,0.10405616654298183,0.10216241313450028,3.0369184296988423E-5,
0.0,4.951578313832658E-4,0.0,0.10405616654298183,0.10216241313450028,3.0369184296988423E-5,
0.0,4.951578313832658E-4,0.0,0.10146337783667517,0.10396203652207008,3.0369184296988423E-5,
0.0,4.951578313832658E-4,0.0,0.10146337783667517,0.10396203652207008,3.0369184296988423E-5,
0.0,4.951578313832658E-4,0.0,0.10146337783667517,0.10396203652207008,3.0369184296988423E-5,
0.0,4.951578313832658E-4,0.0,0.10146337783667517,0.10536528254131912,3.0369184296988423E-5,
0.0,4.951578313832658E-4,0.0,0.10146337783667517,0.10536528254131912,3.0369184296988423E-5,
0.0,4.951578313832658E-4,0.0,0.10146337783667517,0.10184678836748175,3.0369184296988423E-5,
0.0,4.951578313832658E-4,0.0,0.10146337783667517,0.10184678836748175,3.0369184296988423E-5,
0.0,4.951578313832658E-4,0.0,0.10146337783667517,0.10184678836748175,3.0369184296988423E-5,
0.0,4.951578313832658E-4,0.0,0.097831978330597,0.10184678836748175,3.0369184296988423E-5,
0.0,4.951578313832658E-4,0.0,0.097831978330597,0.10184678836748175,3.0369184296988423E-5,
0.0,4.951578313832658E-4,0.0,0.097831978330597,0.10369123693996739,3.0369184296988423E-5,
0.0,4.951578313832658E-4,0.0,0.097831978330597,0.10369123693996739,3.0369184296988423E-5,
0.0,4.951578313832658E-4,0.0,0.097831978330597,0.10369123693996739,3.0369184296988423E-5,
0.0,4.951578313832658E-4,0.0,0.097831978330597,0.10369123693996739,3.0369184296988423E-5,
0.0,4.951578313832658E-4,0.0,0.097831978330597,0.10369123693996739,3.0369184296988423E-5,
0.0,4.951578313832658E-4,0.0,0.097831978330597,0.10369123693996739,3.0369184296988423E-5,
0.0,4.951578313832658E-4,0.0,0.097831978330597,0.10512439740177701,3.0369184296988423E-5,
0.0,4.951578313832658E-4,0.0,0.097831978330597,0.10512439740177701,3.0369184296988423E-5,
0.0,4.951578313832658E-4,0.0,0.097831978330597,0.10512439740177701,3.0369184296988423E-5,
0.0,4.951578313832658E-4,0.0,0.097831978330597,0.10512439740177701,3.0369184296988423E-5,
0.0,4.951578313832658E-4,0.0,0.09688522467952486,0.10512439740177701,3.0369184296988423E-5,
0.0,4.951578313832658E-4,0.0,0.09688522467952486,0.10380613456530526,3.0369184296988423E-5,
0.0,4.951578313832658E-4,0.0,0.09688522467952486,0.10380613456530526,3.0369184296988423E-5,
0.0,4.951578313832658E-4,0.0,0.09688522467952486,0.10380613456530526,3.0369184296988423E-5,
0.0,4.951578313832658E-4,0.0,0.09688522467952486,0.10380613456530526,3.0369184296988423E-5,
0.0,4.951578313832658E-4,0.0,0.09688522467952486,0.10380613456530526,3.0369184296988423E-5,
0.0,4.951578313832658E-4,0.0,0.09688522467952486,0.10380613456530526,3.0369184296988423E-5,
0.0,4.951578313832658E-4,0.0,0.09688522467952486,0.10380613456530526,3.0369184296988423E-5,
0.0,4.951578313832658E-4,0.0,0.09688522467952486,0.10517965792846046,3.0369184296988423E-5,
0.0,4.951578313832658E-4,0.0,0.09688522467952486,0.10517965792846046,3.0369184296988423E-5,
0.0,4.951578313832658E-4,0.0,0.09863877879256923,0.10517965792846046,3.0369184296988423E-5,
0.0,4.951578313832658E-4,0.0,0.10021697749430916,0.10517965792846046,3.0369184296988423E-5,
0.0,4.951578313832658E-4,0.0,0.10163735632587509,0.10517965792846046,3.0369184296988423E-5,
0.0,4.951578313832658E-4,0.0,0.10163735632587509,0.10517965792846046,3.0369184296988423E-5,
0.0,4.951578313832658E-4,0.0,0.10163735632587509,0.10638575539322355,3.0369184296988423E-5,
0.0,4.951578313832658E-4,0.0,0.10163735632587509,0.10638575539322355,3.0369184296988423E-5,
0.0,4.951578313832658E-4,0.0,0.10163735632587509,0.10638575539322355,3.0369184296988423E-5,
0.0,4.951578313832658E-4,0.0,0.10163735632587509,0.10638575539322355,3.0369184296988423E-5,
0.0,4.951578313832658E-4,0.0,0.10163735632587509,0.10638575539322355,3.0369184296988423E-5,
0.0,4.951578313832658E-4,0.0,0.10163735632587509,0.10638575539322355,3.0369184296988423E-5,
0.0,4.951578313832658E-4,0.0,0.10163735632587509,0.10638575539322355,3.0369184296988423E-5,
0.0,4.951578313832658E-4,0.0,0.10163735632587509,0.10638575539322355,3.0369184296988423E-5,
0.0,4.951578313832658E-4,0.0,0.10163735632587509,0.10638575539322355,3.0369184296988423E-5,
0.0,4.951578313832658E-4,0.0,0.10163735632587509,0.10532729174674907,3.0369184296988423E-5,
0.0,4.951578313832658E-4,0.0,0.10163735632587509,0.10532729174674907,3.0369184296988423E-5,
0.0,4.951578313832658E-4,0.0,0.10280948357837148,0.10532729174674907,3.0369184296988423E-5,
0.0,4.951578313832658E-4,0.0,0.10280948357837148,0.10532729174674907,3.0369184296988423E-5,
0.0,4.951578313832658E-4,0.0,0.10280948357837148,0.10532729174674907,3.0369184296988423E-5,
0.0,4.951578313832658E-4,0.0,0.10280948357837148,0.10532729174674907,3.0369184296988423E-5,
0.0,4.951578313832658E-4,0.0,0.10280948357837148,0.10532729174674907,3.0369184296988423E-5,
0.0,4.951578313832658E-4,0.0,0.10280948357837148,0.10660562389862888,3.0369184296988423E-5,
0.0,4.951578313832658E-4,0.0,0.10280948357837148,0.10660562389862888,3.0369184296988423E-5,
0.0,4.951578313832658E-4,0.0,0.10280948357837148,0.10660562389862888,3.0369184296988423E-5,
0.0,4.951578313832658E-4,0.0,0.10280948357837148,0.10660562389862888,3.0369184296988423E-5,
0.0,4.951578313832658E-4,0.0,0.10280948357837148,0.10660562389862888,3.0369184296988423E-5,
0.0,4.951578313832658E-4,0.0,0.10280948357837148,0.10660562389862888,3.0369184296988423E-5,
0.0,4.951578313832658E-4,0.0,0.10280948357837148,0.10660562389862888,3.0369184296988423E-5,
0.0,4.951578313832658E-4,0.0,0.10280948357837148,0.1079545573289877,3.0369184296988423E-5,
0.0,4.951578313832658E-4,0.0,0.10280948357837148,0.10926824383474361,3.0369184296988423E-5,
0.0,4.951578313832658E-4,0.0,0.10280948357837148,0.11055323973907405,3.0369184296988423E-5,
0.0,4.951578313832658E-4,0.0,0.10280948357837148,0.11055323973907405,3.0369184296988423E-5,
0.0,4.951578313832658E-4,0.0,0.10280948357837148,0.11055323973907405,3.0369184296988423E-5,
0.0,4.951578313832658E-4,0.0,0.10280948357837148,0.10969494736760821,3.0369184296988423E-5,
0.0,4.951578313832658E-4,0.0,0.10280948357837148,0.10969494736760821,3.0369184296988423E-5,
0.0,4.951578313832658E-4,0.0,0.10280948357837148,0.1090394982647366,3.0369184296988423E-5,
0.0,4.951578313832658E-4,0.0,0.10280948357837148,0.1090394982647366,3.0369184296988423E-5,
0.0,4.951578313832658E-4,0.0,0.10280948357837148,0.1090394982647366,3.0369184296988423E-5,
0.0,4.951578313832658E-4,0.0,0.09916154062382557,0.1090394982647366,3.0369184296988423E-5,
0.0,4.951578313832658E-4,0.0,0.09916154062382557,0.1090394982647366,3.0369184296988423E-5,
0.0,4.951578313832658E-4,0.0,0.09916154062382557,0.10848924089766956,3.0369184296988423E-5,
0.0,4.951578313832658E-4,0.0,0.09916154062382557,0.10848924089766956,3.0369184296988423E-5,
0.0,4.951578313832658E-4,0.0,0.09916154062382557,0.10416195311311094,3.0369184296988423E-5,
0.0,4.951578313832658E-4,0.0,0.09916154062382557,0.10416195311311094,3.0369184296988423E-5,
0.0,4.951578313832658E-4,0.0,0.09916154062382557,0.1039156040949319,3.0369184296988423E-5,
0.0,4.951578313832658E-4,0.0,0.09916154062382557,0.1039156040949319,3.0369184296988423E-5,
0.0,4.951578313832658E-4,0.0,0.09916154062382557,0.1039156040949319,3.0369184296988423E-5,
0.0,4.951578313832658E-4,0.0,0.09916154062382557,0.1039156040949319,3.0369184296988423E-5,
0.0,4.951578313832658E-4,0.0,0.09916154062382557,0.1039156040949319,3.0369184296988423E-5,
0.0,4.951578313832658E-4,0.0,0.09916154062382557,0.1039156040949319,3.0369184296988423E-5,
0.0,4.951578313832658E-4,0.0,0.09916154062382557,0.1039156040949319,3.0369184296988423E-5,
0.0,4.951578313832658E-4,0.0,0.09916154062382557,0.1039156040949319,3.0369184296988423E-5,
0.0,4.951578313832658E-4,0.0,0.09916154062382557,0.1039156040949319,3.0369184296988423E-5,
0.0,4.951578313832658E-4,0.0,0.09916154062382557,0.1039156040949319,3.0369184296988423E-5,
0.0,4.951578313832658E-4,0.0,0.09916154062382557,0.1039156040949319,3.0369184296988423E-5,
0.0,4.951578313832658E-4,0.0,0.10111970382976503,0.1039156040949319,3.0369184296988423E-5,
0.0,4.951578313832658E-4,0.0,0.10111970382976503,0.1039156040949319,3.0369184296988423E-5,
0.0,4.951578313832658E-4,0.0,0.10111970382976503,0.1039156040949319,3.0369184296988423E-5,
0.0,4.951578313832658E-4,0.0,0.1006146389508144,0.1039156040949319,3.0369184296988423E-5,
0.0,4.951578313832658E-4,0.0,0.1006146389508144,0.1039156040949319,3.0369184296988423E-5,
0.0,4.951578313832658E-4,0.0,0.1006146389508144,0.1039156040949319,3.0369184296988423E-5,
0.0,4.951578313832658E-4,0.0,0.1006146389508144,0.1039156040949319,3.0369184296988423E-5,
0.0,4.951578313832658E-4,0.0,0.1006146389508144,0.1039156040949319,3.0369184296988423E-5,
0.0,4.951578313832658E-4,0.0,0.10242749232405497,0.1039156040949319,3.0369184296988423E-5,
0.0,4.951578313832658E-4,0.0,0.10242749232405497,0.1039156040949319,3.0369184296988423E-5,
0.0,4.951578313832658E-4,0.0,0.10242749232405497,0.1039156040949319,3.0369184296988423E-5,
0.0,4.951578313832658E-4,0.0,0.10242749232405497,0.1039156040949319,3.0369184296988423E-5,
0.0,4.951578313832658E-4,0.0,0.10242749232405497,0.10661328801484182,3.0369184296988423E-5,
0.0,4.951578313832658E-4,0.0,0.10242749232405497,0.10661328801484182,3.0369184296988423E-5,
0.0,4.951578313832658E-4,0.0,0.10242749232405497,0.10661328801484182,3.0369184296988423E-5,
0.0,4.951578313832658E-4,0.0,0.1041805530660796,0.10661328801484182,3.0369184296988423E-5,
0.0,4.951578313832658E-4,0.0,0.1041805530660796,0.10661328801484182,3.0369184296988423E-5,
0.0,4.951578313832658E-4,0.0,0.10600109240066588,0.10661328801484182,3.0369184296988423E-5,
0.0,4.951578313832658E-4,0.0,0.10600109240066588,0.10661328801484182,3.0369184296988423E-5,
0.0,4.951578313832658E-4,0.0,0.10600109240066588,0.10661328801484182,3.0369184296988423E-5,
0.0,4.951578313832658E-4,0.0,0.10600109240066588,0.10661328801484182,3.0369184296988423E-5,
0.0,4.951578313832658E-4,0.0,0.10600109240066588,0.1057661344950046,3.0369184296988423E-5,
0.0,4.951578313832658E-4,0.0,0.10600109240066588,0.1057661344950046,3.0369184296988423E-5,
0.0,4.951578313832658E-4,0.0,0.10600109240066588,0.1057661344950046,3.0369184296988423E-5,
0.0,4.951578313832658E-4,0.0,0.10600109240066588,0.1057661344950046,3.0369184296988423E-5,
0.0,4.951578313832658E-4,0.0,0.10600109240066588,0.09961821373178775,3.0369184296988423E-5,
0.0,4.951578313832658E-4,0.0,0.1026037739397991,0.09961821373178775,3.0369184296988423E-5,
0.0,4.951578313832658E-4,0.0,0.10451810138726514,0.09961821373178775,3.0369184296988423E-5,
0.0,4.951578313832658E-4,0.0,0.10451810138726514,0.09961821373178775,3.0369184296988423E-5,
0.0,4.951578313832658E-4,0.0,0.10451810138726514,0.09961821373178775,3.0369184296988423E-5,
0.0,4.951578313832658E-4,0.0,0.10598297961179916,0.09961821373178775,3.0369184296988423E-5,
0.0,4.951578313832658E-4,0.0,0.10598297961179916,0.10114704228434171,3.0369184296988423E-5,
0.0,4.951578313832658E-4,0.0,0.10598297961179916,0.10114704228434171,3.0369184296988423E-5,
0.0,4.951578313832658E-4,0.0,0.1047146488775453,0.10114704228434171,3.0369184296988423E-5,
0.0,4.951578313832658E-4,0.0,0.1047146488775453,0.10114704228434171,3.0369184296988423E-5,
0.0,4.951578313832658E-4,0.0,0.10144597476899056,0.10114704228434171,3.0369184296988423E-5,
0.0,4.951578313832658E-4,0.0,0.10144597476899056,0.10114704228434171,3.0369184296988423E-5,
0.0,4.951578313832658E-4,0.0,0.10144597476899056,0.10114704228434171,3.0369184296988423E-5,
0.0,4.951578313832658E-4,0.0,0.10144597476899056,0.10516853415697043,3.0369184296988423E-5,
0.0,4.951578313832658E-4,0.0,0.10329237458414244,0.10516853415697043,3.0369184296988423E-5,
0.0,4.951578313832658E-4,0.0,0.10329237458414244,0.10516853415697043,3.0369184296988423E-5,
0.0,4.951578313832658E-4,0.0,0.10329237458414244,0.10516853415697043,3.0369184296988423E-5,
0.0,4.951578313832658E-4,0.0,0.10329237458414244,0.10516853415697043,3.0369184296988423E-5,
0.0,4.951578313832658E-4,0.0,0.10329237458414244,0.10516853415697043,3.0369184296988423E-5,
0.0,4.951578313832658E-4,0.0,0.10329237458414244,0.10516853415697043,3.0369184296988423E-5,
0.0,4.951578313832658E-4,0.0,0.10329237458414244,0.10516853415697043,3.0369184296988423E-5,
0.0,4.951578313832658E-4,0.0,0.10329237458414244,0.10516853415697043,3.0369184296988423E-5,
0.0,4.951578313832658E-4,0.0,0.10329237458414244,0.10516853415697043,3.0369184296988423E-5,
0.0,4.951578313832658E-4,0.0,0.10329237458414244,0.10516853415697043,3.0369184296988423E-5,
0.0,4.951578313832658E-4,0.0,0.10329237458414244,0.10516853415697043,3.0369184296988423E-5,
0.0,4.951578313832658E-4,0.0,0.10329237458414244,0.10516853415697043,3.0369184296988423E-5,
0.0,4.951578313832658E-4,0.0,0.10329237458414244,0.10516853415697043,3.0369184296988423E-5,
0.0,4.951578313832658E-4,0.0,0.10329237458414244,0.10516853415697043,3.0369184296988423E-5,
0.0,4.951578313832658E-4,0.0,0.10329237458414244,0.10516853415697043,3.0369184296988423E-5,
0.0,4.951578313832658E-4,0.0,0.10329237458414244,0.10516853415697043,3.0369184296988423E-5,
0.0,4.951578313832658E-4,0.0,0.10329237458414244,0.10516853415697043,3.0369184296988423E-5,
0.0,4.951578313832658E-4,0.0,0.10329237458414244,0.10516853415697043,3.0369184296988423E-5,
0.0,4.951578313832658E-4,0.0,0.10329237458414244,0.10516853415697043,3.0369184296988423E-5,
0.0,4.951578313832658E-4,0.0,0.10402487826968382,0.10516853415697043,3.0369184296988423E-5,
0.0,4.951578313832658E-4,0.0,0.10402487826968382,0.10516853415697043,3.0369184296988423E-5,
0.0,4.951578313832658E-4,0.0,0.10402487826968382,0.10516853415697043,3.0369184296988423E-5,
0.0,4.951578313832658E-4,0.0,0.10402487826968382,0.10516853415697043,3.0369184296988423E-5,
0.0,4.951578313832658E-4,0.0,0.10402487826968382,0.10516853415697043,3.0369184296988423E-5,
0.0,4.951578313832658E-4,0.0,0.10402487826968382,0.10516853415697043,3.0369184296988423E-5,
0.0,4.951578313832658E-4,0.0,0.10402487826968382,0.10516853415697043,3.0369184296988423E-5,
0.0,4.951578313832658E-4,0.0,0.10402487826968382,0.10738312543010341,3.0369184296988423E-5,
0.0,4.951578313832658E-4,0.0,0.10402487826968382,0.10738312543010341,3.0369184296988423E-5,
0.0,4.951578313832658E-4,0.0,0.10402487826968382,0.10738312543010341,3.0369184296988423E-5,
0.0,4.951578313832658E-4,0.0,0.10402487826968382,0.10943602768339525,3.0369184296988423E-5,
0.0,4.951578313832658E-4,0.0,0.10561509540917499,0.10943602768339525,3.0369184296988423E-5,
0.0,4.951578313832658E-4,0.0,0.10561509540917499,0.10943602768339525,3.0369184296988423E-5,
0.0,4.951578313832658E-4,0.0,0.10561509540917499,0.10943602768339525,3.0369184296988423E-5,
0.0,4.951578313832658E-4,0.0,0.10561509540917499,0.10943602768339525,3.0369184296988423E-5,
0.0,4.951578313832658E-4,0.0,0.10561509540917499,0.10943602768339525,3.0369184296988423E-5,
0.0,4.951578313832658E-4,0.0,0.10561509540917499,0.10600595077445198,3.0369184296988423E-5,
0.0,4.951578313832658E-4,0.0,0.10561509540917499,0.10600595077445198,3.0369184296988423E-5,
0.0,4.951578313832658E-4,0.0,0.10561509540917499,0.10600595077445198,3.0369184296988423E-5,
0.0,4.951578313832658E-4,0.0,0.10561509540917499,0.10600595077445198,3.0369184296988423E-5,
0.0,4.951578313832658E-4,0.0,0.10561509540917499,0.10600595077445198,3.0369184296988423E-5,
0.0,4.951578313832658E-4,0.0,0.10561509540917499,0.10579906228626636,3.0369184296988423E-5,
0.0,4.951578313832658E-4,0.0,0.10561509540917499,0.10579906228626636,3.0369184296988423E-5,
0.0,4.951578313832658E-4,0.0,0.10561509540917499,0.10579906228626636,3.0369184296988423E-5,
0.0,4.951578313832658E-4,0.0,0.10561509540917499,0.10784021896575621,3.0369184296988423E-5,
0.0,4.951578313832658E-4,0.0,0.10561509540917499,0.10784021896575621,3.0369184296988423E-5,
0.0,4.951578313832658E-4,0.0,0.10561509540917499,0.10784021896575621,3.0369184296988423E-5,
0.0,4.951578313832658E-4,0.0,0.10561509540917499,0.10953856599148257,3.0369184296988423E-5,
0.0,4.951578313832658E-4,0.0,0.10561509540917499,0.10953856599148257,3.0369184296988423E-5,
0.0,4.951578313832658E-4,0.0,0.10561509540917499,0.11081147655217362,3.0369184296988423E-5,
0.0,4.951578313832658E-4,0.0,0.10561509540917499,0.11081147655217362,3.0369184296988423E-5,
0.0,4.951578313832658E-4,0.0,0.10561509540917499,0.11081147655217362,3.0369184296988423E-5,
0.0,4.951578313832658E-4,0.0,0.10561509540917499,0.11081147655217362,3.0369184296988423E-5,
0.0,4.951578313832658E-4,0.0,0.10561509540917499,0.10724875222399871,3.0369184296988423E-5,
0.0,4.951578313832658E-4,0.0,0.10561509540917499,0.10724875222399871,3.0369184296988423E-5,
0.0,4.951578313832658E-4,0.0,0.10561509540917499,0.10724875222399871,3.0369184296988423E-5,
0.0,4.951578313832658E-4,0.0,0.10561509540917499,0.10724875222399871,3.0369184296988423E-5,
0.0,4.951578313832658E-4,0.0,0.10561509540917499,0.10724875222399871,3.0369184296988423E-5,
0.0,4.951578313832658E-4,0.0,0.10561509540917499,0.10724875222399871,3.0369184296988423E-5,
0.0,4.951578313832658E-4,0.0,0.10561509540917499,0.10724875222399871,3.0369184296988423E-5,
0.0,4.951578313832658E-4,0.0,0.10561509540917499,0.10724875222399871,3.0369184296988423E-5,
0.0,4.951578313832658E-4,0.0,0.10561509540917499,0.10939682931717339,3.0369184296988423E-5,
0.0,4.951578313832658E-4,0.0,0.10561509540917499,0.11151560983338829,3.0369184296988423E-5,
0.0,4.951578313832658E-4,0.0,0.10561509540917499,0.11151560983338829,3.0369184296988423E-5,
0.0,4.951578313832658E-4,0.0,0.10561509540917499,0.11151560983338829,3.0369184296988423E-5,
0.0,4.951578313832658E-4,0.0,0.10687305466011823,0.11151560983338829,3.0369184296988423E-5,
0.0,4.951578313832658E-4,0.0,0.10687305466011823,0.11151560983338829,3.0369184296988423E-5,
0.0,4.951578313832658E-4,0.0,0.10687305466011823,0.11151560983338829,3.0369184296988423E-5,
0.0,4.951578313832658E-4,0.0,0.10687305466011823,0.11151560983338829,3.0369184296988423E-5,
0.0,4.951578313832658E-4,0.0,0.10687305466011823,0.11151560983338829,3.0369184296988423E-5,
0.0,4.951578313832658E-4,0.0,0.10687305466011823,0.11151560983338829,3.0369184296988423E-5,
0.0,4.951578313832658E-4,0.0,0.10687305466011823,0.11151560983338829,3.0369184296988423E-5,
0.0,4.951578313832658E-4,0.0,0.10687305466011823,0.11151560983338829,3.0369184296988423E-5,
0.0,4.951578313832658E-4,0.0,0.10687305466011823,0.11151560983338829,3.0369184296988423E-5,
0.0,4.951578313832658E-4,0.0,0.10687305466011823,0.11151560983338829,3.0369184296988423E-5,
0.0,4.951578313832658E-4,0.0,0.10687305466011823,0.1120675194765302,3.0369184296988423E-5,
0.0,4.951578313832658E-4,0.0,0.108280901255877,0.1120675194765302,3.0369184296988423E-5,
0.0,4.951578313832658E-4,0.0,0.108280901255877,0.1120675194765302,3.0369184296988423E-5,
0.0,4.951578313832658E-4,0.0,0.108280901255877,0.10694478020051994,3.0369184296988423E-5,
0.0,4.951578313832658E-4,0.0,0.108280901255877,0.10694478020051994,3.0369184296988423E-5,
0.0,4.951578313832658E-4,0.0,0.108280901255877,0.10694478020051994,3.0369184296988423E-5,
0.0,4.951578313832658E-4,0.0,0.108280901255877,0.10421987606941827,3.0369184296988423E-5,
0.0,4.951578313832658E-4,0.0,0.108280901255877,0.10421987606941827,3.0369184296988423E-5,
0.0,4.951578313832658E-4,0.0,0.108280901255877,0.10421987606941827,3.0369184296988423E-5,
0.0,4.951578313832658E-4,0.0,0.108280901255877,0.10421987606941827,3.0369184296988423E-5,
0.0,4.951578313832658E-4,0.0,0.108280901255877,0.10421987606941827,3.0369184296988423E-5,
0.0,4.951578313832658E-4,0.0,0.108280901255877,0.09718510561375761,3.0369184296988423E-5,
0.0,4.951578313832658E-4,0.0,0.108280901255877,0.09718510561375761,3.0369184296988423E-5,
0.0,4.951578313832658E-4,0.0,0.108280901255877,0.09718510561375761,3.0369184296988423E-5,
0.0,4.951578313832658E-4,0.0,0.108280901255877,0.09718510561375761,3.0369184296988423E-5,
0.0,4.951578313832658E-4,0.0,0.108280901255877,0.09718510561375761,3.0369184296988423E-5,
0.0,4.951578313832658E-4,0.0,0.10980207675870057,0.09718510561375761,3.0369184296988423E-5,
0.0,4.951578313832658E-4,0.0,0.10980207675870057,0.09718510561375761,3.0369184296988423E-5,
0.0,4.951578313832658E-4,0.0,0.10980207675870057,0.09718510561375761,3.0369184296988423E-5,
0.0,4.951578313832658E-4,0.0,0.10980207675870057,0.09718510561375761,3.0369184296988423E-5,
0.0,4.951578313832658E-4,0.0,0.10980207675870057,0.09718510561375761,3.0369184296988423E-5,
0.0,4.951578313832658E-4,0.0,0.10980207675870057,0.10111719588059068,3.0369184296988423E-5,
0.0,4.951578313832658E-4,0.0,0.10980207675870057,0.10111719588059068,3.0369184296988423E-5,
0.0,4.951578313832658E-4,0.0,0.10980207675870057,0.10111719588059068,3.0369184296988423E-5,
0.0,4.951578313832658E-4,0.0,0.10980207675870057,0.10111719588059068,3.0369184296988423E-5,
0.0,4.951578313832658E-4,0.0,0.10980207675870057,0.10111719588059068,3.0369184296988423E-5,
0.0,4.951578313832658E-4,0.0,0.10980207675870057,0.10111719588059068,3.0369184296988423E-5,
0.0,4.951578313832658E-4,0.0,0.10980207675870057,0.10111719588059068,3.0369184296988423E-5,
0.0,4.951578313832658E-4,0.0,0.10980207675870057,0.10447236454278881,3.0369184296988423E-5,
0.0,4.951578313832658E-4,0.0,0.10980207675870057,0.10447236454278881,3.0369184296988423E-5,
0.0,4.951578313832658E-4,0.0,0.10980207675870057,0.10447236454278881,3.0369184296988423E-5,
0.0,4.951578313832658E-4,0.0,0.10980207675870057,0.10447236454278881,3.0369184296988423E-5,
0.0,4.951578313832658E-4,0.0,0.10980207675870057,0.10447236454278881,3.0369184296988423E-5,
0.0,4.951578313832658E-4,0.0,0.10980207675870057,0.10447236454278881,3.0369184296988423E-5,
0.0,4.951578313832658E-4,0.0,0.10980207675870057,0.10447236454278881,3.0369184296988423E-5,
0.0,4.951578313832658E-4,0.0,0.10980207675870057,0.10447236454278881,3.0369184296988423E-5,
0.0,4.951578313832658E-4,0.0,0.10980207675870057,0.10447236454278881,3.0369184296988423E-5,
0.0,4.951578313832658E-4,0.0,0.10980207675870057,0.10447236454278881,3.0369184296988423E-5,
0.0,4.951578313832658E-4,0.0,0.10980207675870057,0.10447236454278881,3.0369184296988423E-5,
0.0,4.951578313832658E-4,0.0,0.10980207675870057,0.10447236454278881,3.0369184296988423E-5,
0.0,4.951578313832658E-4,0.0,0.11135067418115734,0.10447236454278881,3.0369184296988423E-5,
0.0,4.951578313832658E-4,0.0,0.11135067418115734,0.10447236454278881,3.0369184296988423E-5,
0.0,4.951578313832658E-4,0.0,0.11135067418115734,0.10759108842783086,3.0369184296988423E-5,
0.0,4.951578313832658E-4,0.0,0.11135067418115734,0.10866146565312286,3.0369184296988423E-5,
0.0,4.951578313832658E-4,0.0,0.11135067418115734,0.10866146565312286,3.0369184296988423E-5,
0.0,4.951578313832658E-4,0.0,0.11135067418115734,0.11173862445528913,3.0369184296988423E-5,
0.0,4.951578313832658E-4,0.0,0.11135067418115734,0.11173862445528913,3.0369184296988423E-5,
0.0,4.951578313832658E-4,0.0,0.11135067418115734,0.11173862445528913,3.0369184296988423E-5,
0.0,4.951578313832658E-4,0.0,0.11135067418115734,0.11173862445528913,3.0369184296988423E-5,
0.0,4.951578313832658E-4,0.0,0.11135067418115734,0.11173862445528913,3.0369184296988423E-5,
0.0,4.951578313832658E-4,0.0,0.11135067418115734,0.11173862445528913,3.0369184296988423E-5,
0.0,4.951578313832658E-4,0.0,0.11135067418115734,0.11173862445528913,3.0369184296988423E-5,
0.0,4.951578313832658E-4,0.0,0.11018611150645923,0.11173862445528913,3.0369184296988423E-5,
0.0,4.951578313832658E-4,0.0,0.11018611150645923,0.11396609182022471,3.0369184296988423E-5,
0.0,4.951578313832658E-4,0.0,0.1115989819684642,0.11396609182022471,3.0369184296988423E-5,
0.0,4.951578313832658E-4,0.0,0.11100957629296429,0.11396609182022471,3.0369184296988423E-5,
0.0,4.951578313832658E-4,0.0,0.11100957629296429,0.11396609182022471,3.0369184296988423E-5,
0.0,4.951578313832658E-4,0.0,0.11100957629296429,0.11396609182022471,3.0369184296988423E-5,
0.0,4.951578313832658E-4,0.0,0.10945325439827934,0.11396609182022471,3.0369184296988423E-5,
0.0,4.951578313832658E-4,0.0,0.10945325439827934,0.11396609182022471,3.0369184296988423E-5,
0.0,4.951578313832658E-4,0.0,0.11102551602701903,0.11396609182022471,3.0369184296988423E-5,
0.0,4.951578313832658E-4,0.0,0.108119120592509,0.11396609182022471,3.0369184296988423E-5,
0.0,4.951578313832658E-4,0.0,0.108119120592509,0.11380458403949095,3.0369184296988423E-5,
0.0,4.951578313832658E-4,0.0,0.108119120592509,0.11380458403949095,3.0369184296988423E-5,
0.0,4.951578313832658E-4,0.0,0.108119120592509,0.11380458403949095,3.0369184296988423E-5,
0.0,4.951578313832658E-4,0.0,0.108119120592509,0.11380458403949095,3.0369184296988423E-5,
0.0,4.951578313832658E-4,0.0,0.108119120592509,0.11380458403949095,3.0369184296988423E-5,
0.0,4.951578313832658E-4,0.0,0.108119120592509,0.11380458403949095,3.0369184296988423E-5,
0.0,4.951578313832658E-4,0.0,0.108119120592509,0.11380458403949095,3.0369184296988423E-5,
0.0,4.951578313832658E-4,0.0,0.108119120592509,0.11522620823845507,3.0369184296988423E-5,
0.0,4.951578313832658E-4,0.0,0.108119120592509,0.11522620823845507,3.0369184296988423E-5,
0.0,4.951578313832658E-4,0.0,0.1073406366327599,0.11522620823845507,3.0369184296988423E-5,
0.0,4.951578313832658E-4,0.0,0.1073406366327599,0.11522620823845507,3.0369184296988423E-5,
0.0,4.951578313832658E-4,0.0,0.1073406366327599,0.11522620823845507,3.0369184296988423E-5,
0.0,4.951578313832658E-4,0.0,0.10724993784605756,0.11522620823845507,3.0369184296988423E-5,
0.0,4.951578313832658E-4,0.0,0.10724993784605756,0.11522620823845507,3.0369184296988423E-5,
0.0,4.951578313832658E-4,0.0,0.10724993784605756,0.11522620823845507,3.0369184296988423E-5,
0.0,4.951578313832658E-4,0.0,0.10724993784605756,0.11602542552858414,3.0369184296988423E-5,
0.0,4.951578313832658E-4,0.0,0.10724993784605756,0.11602542552858414,3.0369184296988423E-5,
0.0,4.951578313832658E-4,0.0,0.10724993784605756,0.11602542552858414,3.0369184296988423E-5,
0.0,4.951578313832658E-4,0.0,0.10724993784605756,0.11313319049889806,3.0369184296988423E-5,
0.0,4.951578313832658E-4,0.0,0.10367678166863756,0.11313319049889806,3.0369184296988423E-5,
0.0,4.951578313832658E-4,0.0,0.1016972302050529,0.11313319049889806,3.0369184296988423E-5,
0.0,4.951578313832658E-4,0.0,0.10046750214046157,0.11313319049889806,3.0369184296988423E-5,
0.0,4.951578313832658E-4,0.0,0.10046750214046157,0.11367358926566441,3.0369184296988423E-5,
0.0,4.951578313832658E-4,0.0,0.10046750214046157,0.11367358926566441,3.0369184296988423E-5,
0.0,4.951578313832658E-4,0.0,0.10046750214046157,0.11367358926566441,3.0369184296988423E-5,
0.0,4.951578313832658E-4,0.0,0.10046750214046157,0.11367358926566441,3.0369184296988423E-5,