
0.0
7.97313839093481E-47
6.790880748449174E-28
1.3459743347764182E-21
7.115593598439255E-18
7.272765191074269E-17
9.110889585845029E-8
2.3729640828447322E-7
7.483198676159093E-7
1.4548221415061293E-6
2.2024008571002454E-6
2.8131435985702414E-6
3.2090541696698404E-6
3.3730660598922355E-6
3.337801511454733E-6
3.1538642587749E-6
2.8749217084534817E-6
2.5469844165089077E-6
2.2053148274128705E-6
1.8741478366195437E-6
1.5684209730762752E-6
1.2959126952027297E-6
1.0593596271169032E-6
8.582023723843591E-7
6.89926885108099E-7
5.510173668310989E-7
4.375966785154772E-7
3.458275745456144E-7
2.721437549255652E-7
2.133647582279475E-7
1.6673592946245632E-7
1.2992272927939317E-7
1.0097956253376543E-7
7.830636501052685E-8
6.060129008681272E-8
4.6814434154434386E-8
3.6105284148166136E-8
2.780511724930552E-8
2.138469136569332E-8
1.6427047906509752E-8
1.2604976548161494E-8
9.66257381576321E-9
7.400302457174234E-9
5.66298629655697E-9
4.330229728329795E-9
3.3088162146483965E-9
2.5267066112918955E-9
1.928320626209691E-9
1.470840655216505E-9
1.121325716475569E-9
8.544642471737999E-10
6.508286713976005E-10
4.955226749564554E-10
3.7713488131921307E-10
2.869309426157831E-10
2.182307006146408E-10
1.6592870303379555E-10
1.2612555241571634E-10
9.5844797635583E-11
7.281574801244804E-11
5.530702006641685E-11
4.199907840836826E-11
3.188671440464666E-11
2.4204485944488067E-11
1.8369750940242167E-11
1.3939170290159834E-11
1.0575514720013896E-11
8.022348194132787E-12
6.08472839263314E-12
4.614500921110436E-12
3.499098625271876E-12
2.6530139615721712E-12
2.0113089015961246E-12
1.5246772407123968E-12
1.1556891960062555E-12
8.759360653634255E-13
6.63859843889123E-13
5.031039223072353E-13
3.8126007460196505E-13
2.8891673771674957E-13
2.1893629579903844E-13
1.659063787488647E-13
1.257233577684786E-13
9.5276245963338E-14
7.220684160611736E-14
5.4727754099310966E-14
4.148436579121831E-14
3.14501369592973E-14
2.3847210990913532E-14
1.8086213601967232E-14
1.3720611561863715E-14
1.041211423390278E-14
1.3074150956824572E-12
3.2940388264394123E-12
7.1422485691619795E-12
1.151153056900905E-11
1.7094599018882593E-11
2.2672112121736544E-11
2.854014280183574E-11
3.3863565774937174E-11
3.875919482155362E-11
4.27939725195719E-11
4.6030157251894993E-11
4.834045743914545E-11
4.9774781532650167E-11
5.039518399561857E-11
5.0243906263558883E-11
4.947694284218814E-11
4.812427187585462E-11
4.638695567161381E-11
4.4267744105521204E-11
4.194490964883331E-11
3.937482714962619E-11
3.6709638637768485E-11
3.393040520383333E-11
3.1164695147638545E-11
2.841380438142024E-11
2.576283005879862E-11
2.3218295918267153E-11
2.0829476017699677E-11
1.8601314744478534E-11
1.655528598538326E-11
1.4689598077569528E-11
1.3006378275519799E-11
1.1497872596673865E-11
1.0155840849129347E-11
8.96809190144259E-12
7.921561123776122E-12
7.002222397699405E-12
6.196203506232797E-12
5.490106836815807E-12
4.871485123025212E-12
4.329232829216627E-12
3.857235748195644E-12
3.4456245179924803E-12
3.0905965989909756E-12
2.78186239521838E-12
2.5158155464189687E-12
2.2833928429281608E-12
2.0811399026194226E-12
1.9020340952067445E-12
1.7432898567277134E-12
1.6000476207724334E-12
1.4704208893909397E-12
1.351366176924976E-12
1.2417921320756065E-12
1.1399474653928824E-12
1.0452844266858103E-12
9.568522883824818E-13
8.743986092017747E-13
7.974055072770146E-13
7.257370853689453E-13
6.590744630302009E-13
5.972965005129158E-13
5.401556004817274E-13
4.875022504612743E-13
4.391025962958898E-13
3.947712781026338E-13
3.5427053569737955E-13
3.173888755801971E-13
2.8388602760222043E-13
2.5353940098530823E-13
2.2611428458290512E-13
2.0139104588840762E-13
1.7914895612475252E-13
1.5918184850388129E-13
1.4815907556129028E-13
1.4271985004229462E-13
1.498913261369674E-13
1.617882927174177E-13
1.830648448652418E-13
2.055829534674956E-13
2.3186191689918336E-13
2.5560987078423754E-13
2.7838657402484416E-13
2.9622633631702494E-13
3.104629735779094E-13
3.1907213496969277E-13
3.233707061428849E-13
3.226280440438914E-13
3.180976457618155E-13
3.1432313779272067E-13
3.103110042762647E-13
3.111543003666873E-13
3.1464544745522865E-13
3.2348898060923167E-13
3.3522093539931536E-13
3.497336576668117E-13
3.648262171140979E-13
3.7947906986985566E-13
3.921057666128597E-13
4.0185641231513964E-13
4.0791160153062203E-13
4.0995282568223544E-13
4.0784217080931546E-13
4.017494420779038E-13
3.919909347509378E-13
3.811667216746849E-13
3.68847608419806E-13
3.578639683542316E-13
3.4640830962115365E-13
3.364966059384856E-13
3.261265354326692E-13
3.164921491515267E-13
3.0602000709855993E-13
2.954571341475258E-13
2.8383442552929784E-13
2.7171853557964537E-13
2.586442249472571E-13
2.450886084102485E-13
2.3090668621637294E-13
2.1649758485325277E-13
2.0187822104485948E-13
1.8736167984996835E-13
1.7302212106227457E-13
1.6040630564373968E-13
1.4905288946382104E-13
1.4105777764337506E-13
1.3487031793976116E-13
1.3231826347763514E-13
1.312776500744832E-13
1.3289260686158553E-13
1.3507365107319602E-13
1.3842564796848403E-13
1.4133208787659622E-13
1.444377017285047E-13
1.4659696892286454E-13
1.484084801889793E-13
1.4902533044654876E-13
1.4892715487658696E-13
1.4757409042362306E-13
1.453415376302974E-13
1.4195333566273921E-13
1.3772283346053657E-13
1.3292389562905052E-13
1.276693520159485E-13
1.223732390271027E-13
1.1704529958219302E-13
1.1195085413349309E-13
1.0704957285972172E-13
1.0237638760755789E-13
9.786840752453367E-14
9.350163436721137E-14
8.922803449831554E-14
8.504572181144311E-14
8.092916909808639E-14
7.690500858537726E-14
7.296615399131651E-14
6.914833206558945E-14
6.545264063425875E-14
6.26373837358017E-14
6.055843064691065E-14
5.999109801327257E-14
6.042218452801942E-14
6.226377622815504E-14
6.493371616175639E-14
6.851393240836286E-14
7.24946923363164E-14
7.685983147762313E-14
8.12079490624858E-14
8.557368617390093E-14
8.962345035112904E-14
9.34395957037343E-14
9.674764063922938E-14
9.963367079763473E-14
1.0189397539549627E-13
1.0359195197704149E-13
1.046177831621501E-13
1.0501649910688893E-13
1.0475534179145529E-13
1.0386847860566116E-13
1.0237301446431328E-13
1.0030585623815758E-13
9.771415856021207E-14
9.464476492404238E-14
9.116214011135873E-14
8.732319657875194E-14
8.334356473324817E-14
7.922914454058219E-14
7.530993765127016E-14
7.145615996549904E-14
6.802453999592615E-14
6.476476288596598E-14
6.199856026994793E-14
5.940777445840286E-14
5.722829215210732E-14
5.5140872448326666E-14
5.329850265865378E-14
5.144111553754106E-14
4.9703694778111075E-14
4.789500159430634E-14
4.615322024732477E-14
4.433240535457403E-14
4.2558289561018927E-14
4.071820479108388E-14
3.891118905515513E-14
3.7054917800000923E-14
3.528034998073149E-14
3.350689993761711E-14
3.190589029216366E-14
3.0355403369528E-14
2.900690017370225E-14
2.7708589619718094E-14
2.656600849252409E-14
2.54397028085194E-14
2.4396579845353213E-14
2.3353566846798057E-14
2.2383000748616498E-14
2.143576351450829E-14
2.0595088954217933E-14
1.9801914072495012E-14
1.9143873819863973E-14
1.8536465324315077E-14
1.806370902547263E-14
1.762240528270299E-14
1.7276169817501316E-14
1.6922300493799283E-14
1.660321858297557E-14
1.6237500215766673E-14
1.5868798690028437E-14
1.5438747472935205E-14
1.4992089769160714E-14
1.4485732711133795E-14
1.3967484869509831E-14
1.340463664430213E-14
1.2840423962399465E-14
1.22477674699158E-14
1.1826802194783438E-14
1.148915914949946E-14
1.153874773636056E-14
1.1760781661404074E-14
1.2411965364591436E-14
1.320941142069441E-14
1.4305962839699405E-14
1.5449009045526202E-14
1.6704622202729912E-14
1.7886256579826014E-14
1.901064480783612E-14
1.9960344715892015E-14
2.0781992953166668E-14
2.1399619113879296E-14
2.1878869214863912E-14
2.22315510706272E-14
2.2494473170085344E-14
2.2711034810411606E-14
2.2858632228044516E-14
2.2972628114705603E-14
2.3004948564060824E-14
2.2974405680711014E-14
2.2834106939769174E-14
2.2608915325511418E-14
2.226188056481448E-14
2.1824789690808604E-14
2.126922337880828E-14
2.0629120142995706E-14
1.988712062334914E-14
1.9075426163310444E-14
1.818737283604149E-14
1.725165658104789E-14
1.626961381157324E-14
1.5313897548238524E-14
1.4368844495565752E-14
1.3515832571945165E-14
1.272163798346452E-14
1.2041770435276482E-14
1.1435630400554368E-14
1.092198796511097E-14
1.0461709414609283E-14
1.005328146155311E-14
9.665855970081012E-15
9.293031054418766E-15
8.91555391956847E-15
8.53006465270796E-15
2.443792744291803E-14
4.8484780927470534E-14
9.665971062364279E-14
1.51519900841544E-13
2.2261591941225457E-13
2.9278540322781367E-13
3.6528257857446584E-13
4.2867734295904886E-13
4.85313616937673E-13
5.293258541996369E-13
5.624645567529913E-13
5.825737324358213E-13
5.915296334637277E-13
5.893764789065068E-13
5.781714056059354E-13
5.58947618860076E-13
5.338192288527781E-13
5.0420858573813E-13
4.718746633327991E-13
4.3810520066485616E-13
4.0407373255339117E-13
3.706557786881426E-13
3.3849444088899986E-13
3.080674913581656E-13
2.796547448056471E-13
2.5341004953087576E-13
2.293557144995961E-13
2.0743299071315342E-13
1.875263832516678E-13
1.6948536855917583E-13
1.5314767825266456E-13
1.3834832022516795E-13
1.2493227450480937E-13
1.1275659550929596E-13
1.0169481285166684E-13
9.163551458225638E-14
8.248245350677197E-14
7.415199590929826E-14
6.65717391682109E-14
5.967814733722293E-14
5.3415093530793164E-14
4.773216501028004E-14
4.258362081942298E-14
3.7927375210356597E-14
3.372540032255983E-14
2.9940962130300756E-14
2.6540898684978254E-14
2.349214403944065E-14
2.076495198134726E-14
1.8329841039944132E-14
1.6160228139273927E-14
1.423034897988892E-14
1.2516938041644149E-14
1.0997963384012877E-14
9.653545404145121E-15
8.465208317070624E-15
7.416318589686302E-15
6.4916311777605934E-15
5.6774604591726045E-15
4.961390030400943E-15
4.33230746729087E-15
3.780967878329761E-15
3.2982537441675317E-15
2.8769524586632305E-15
2.509616883641676E-15
2.661446976145235E-15
3.2193015293304513E-15
4.515690514714703E-15
6.2069134305327705E-15
8.396737558188922E-15
1.0768798667732244E-14
1.3307507779019597E-14
1.5780404836970234E-14
1.8159213502101438E-14
2.030971481700912E-14
2.2192609623076682E-14
2.3734989508877564E-14
2.490386043685294E-14
2.5677533208312773E-14
2.6054358989479414E-14
2.6060783321803875E-14
2.5730556545453662E-14
2.5118436193289156E-14
2.4273878880204062E-14
2.3253674024420186E-14
2.2104984790816798E-14
2.087213785771417E-14
1.9590002723795536E-14
1.8287298000445972E-14
1.698582853258008E-14
1.5703013251096886E-14
1.4451797058881435E-14
1.3242925088942273E-14
1.2084262730805556E-14
1.0982101364944384E-14
9.94076533486535E-15
8.963107430810347E-15
8.050712839873488E-15
7.203937224831618E-15
6.422313739232247E-15
5.7045088972266335E-15
5.048928842566259E-15
4.453202603072353E-15
3.915074540471822E-15
3.431358710242988E-15
2.999178290684065E-15
2.6148030847616635E-15
2.274924201254495E-15
1.9756238852781776E-15
1.713428710627041E-15
1.4845497600487414E-15
1.2857067358776548E-15
1.113465425171078E-15
9.647994241692128E-16
8.366807006751881E-16
7.264504221598373E-16
6.316032347847161E-16
5.499699049662803E-16
4.795979282893407E-16
4.188286698636958E-16
6.296227233278808E-16
1.0264814170365671E-15
1.8182526925839106E-15
2.8817756610830355E-15
4.250263231745669E-15
5.794591950849164E-15
7.414822988641863E-15
8.996893832596657E-15
1.0440683509394803E-14
1.1673504070833038E-14
1.2644058615270539E-14
1.3331070265437913E-14
1.3730983973410115E-14
1.3860184092664867E-14
1.3852566220054917E-14
1.3708986339124592E-14
1.3571421148729305E-14
1.3378484157375392E-14
1.3213161947009034E-14
1.3003608649209132E-14
1.278535659733883E-14
1.2505362976355714E-14
1.2179759946124928E-14
1.1780472193408266E-14
1.1321049686307334E-14
1.0794091567061538E-14
1.0215376067973341E-14
9.665300523173114E-15
9.142035102465896E-15
8.721610435484437E-15
8.360446284168436E-15
8.092469244357829E-15
7.876906641051247E-15
7.717097871256781E-15
7.580406800525647E-15
7.455440449333185E-15
7.318968780994607E-15
7.161181226554642E-15
6.980622840482141E-15
6.773748940170362E-15
6.546882174032131E-15
6.3025581183733325E-15
6.0457933854437005E-15
5.7802951020047486E-15
5.506539999701567E-15
5.232026877125427E-15
4.95533274015335E-15
4.684160842819434E-15
4.415626465641036E-15
4.154419164063065E-15
3.897589192195334E-15
3.6471235770106796E-15
3.401086013541416E-15
3.160560892766015E-15
2.9248728356555663E-15
2.6951469363088703E-15
2.478160296411725E-15
2.273470384985565E-15
2.0892993497381782E-15
1.920745091489803E-15
1.7734497723759927E-15
1.6407553117942418E-15
1.5249401685777623E-15
1.4196817088518022E-15
1.3251747702267718E-15
1.2367685903689761E-15
1.1541313073693736E-15
1.3467326117793294E-15
1.721507727441516E-15
2.4776447261958553E-15
3.3842453970530596E-15
4.503919589574905E-15
5.641418431359037E-15
6.783888962785434E-15
7.806203191432427E-15
8.686260709601026E-15
9.36420489413218E-15
9.837677083919085E-15
1.0093991349890874E-14
1.0151315137251769E-14
1.002454191618009E-14
9.743074581663697E-15
9.33324736075242E-15
8.826185468537355E-15
8.248870421984071E-15
7.627906117494221E-15
6.985234859776207E-15
6.340239943317473E-15
5.707936079302398E-15
5.100353327599896E-15
4.52597287079549E-15
3.990728668155407E-15
3.498002188454006E-15
3.0493580086869934E-15
2.6447346623010767E-15
2.282989651084862E-15
1.962107418472087E-15
1.6795111869561279E-15
1.4938159689612069E-15
1.3810905432502022E-15
1.390857297204362E-15
1.4618265103892322E-15
1.6127420531216542E-15
1.783335547179957E-15
1.9743781775021653E-15
2.1432767924122595E-15
2.2886475477019076E-15
2.3882386586548365E-15
2.4452654088404053E-15
2.4537119614229992E-15
2.420868751674463E-15
2.3496204901239967E-15
2.2484813981548507E-15
2.1234347549092485E-15
1.9821750743222453E-15
1.830508761863775E-15
1.674287231251452E-15
1.5178615494724797E-15
1.3650653533378714E-15
1.2185806003795727E-15
1.0804938535438863E-15
9.520723260018217E-16
8.341057575064344E-16
7.268564300852843E-16
6.302736989307235E-16
5.440063357669956E-16
4.675353510272944E-16
4.0020006449337254E-16
3.4127722193077084E-16
2.900028545655623E-16
2.45616545176443E-16
2.073747766788109E-16
1.7457329895620698E-16
1.4655286599742346E-16
1.227084519748597E-16
1.0248968214266056E-16
8.540263310737124E-17
7.100717170841947E-17
5.891496214176347E-17
4.8790221363064016E-17
4.033495197424368E-17
3.329672728191311E-17
2.744984888417543E-17
2.26066607921464E-17
1.860061764130771E-17
1.5294628107081536E-17
1.2568782016191435E-17
1.0325015780956877E-17
8.47886092937982E-18
6.961550307428829E-18
7.626893168282738E-17
1.8520574378509473E-16
3.946986280072081E-16
6.307818750972594E-16
9.229679190728595E-16
1.2031100879697597E-15
1.481450387702984E-15
1.713466738694526E-15
1.9060892911549183E-15
2.038435611212112E-15
2.1587131012197984E-15
2.246907475344886E-15
2.347726502484484E-15
2.425734541977655E-15
2.507012189603724E-15
2.5638742814033883E-15
2.607752168693956E-15
2.6225953462928094E-15
2.613283156010856E-15
2.57343929264206E-15
2.5073510981392174E-15
2.4148685679835114E-15
2.331881947913363E-15
2.2485363012609673E-15
2.2088653327920777E-15
2.1810759398692505E-15
2.193438491826824E-15
2.208343304898314E-15
2.238012183407822E-15
2.2535446456884853E-15
2.2601615188809753E-15
2.241499531826786E-15
2.202207490447375E-15
2.136320075758492E-15
2.0496711045461047E-15
1.9426489837454275E-15
1.8215597580775054E-15
1.6894407630129378E-15
1.5518109553149335E-15
1.4119422797361028E-15
1.273853526194677E-15
1.1560929860556804E-15
1.054076356108716E-15
9.830680374907453E-16
9.35046181370673E-16
9.14029137968144E-16
9.11606607087001E-16
9.220166281804118E-16
9.379320951293407E-16
9.52623466823804E-16
9.614600188893233E-16
9.60605325091016E-16
9.486416954272659E-16
9.249165512410893E-16
8.904007663560804E-16
8.464382634206879E-16
7.951099525787025E-16
7.384563417455892E-16
6.786412906378122E-16
6.17538830212362E-16
5.568398671423385E-16
5.062072876320195E-16
4.62938513310744E-16
4.34983678355719E-16
4.14092975712851E-16
4.0395319111136298E-16
3.96656706596071E-16
3.9322339634465206E-16
3.883347087641363E-16
3.8242793338558803E-16
3.728628260750603E-16
3.603664038828438E-16
3.442489140659694E-16
3.2606829887780814E-16
3.0597974238199557E-16
2.8556106412882063E-16
2.6492906610673085E-16
2.475439900315836E-16
2.3244243707954793E-16
2.2218458636206544E-16
2.142328027307296E-16
2.095897649870405E-16
2.0580308442929411E-16
2.0314336547311735E-16
1.9993016512864664E-16
1.9630186065200295E-16
1.91344965924925E-16
1.8527968467816317E-16
1.777788444063635E-16
1.6915954185257488E-16
1.5944491285395475E-16
1.489882258899699E-16
1.3796665746248709E-16
1.2670255365237013E-16
1.1539792694856184E-16
1.0430093572934201E-16
9.357118423612458E-17
8.336854108625538E-17
7.397335978382633E-17
6.746135959405842E-17
6.325707185596434E-17
6.296613506810973E-17
6.463467738410302E-17
6.879917997454897E-17
7.350168137928384E-17
7.869665474018747E-17
8.30355554457151E-17
8.644950965252236E-17
8.828408211294789E-17
8.865945807233112E-17
8.752250210803261E-17
8.511912751231852E-17
8.165791029657932E-17
7.737380171743591E-17
7.251381930559112E-17
6.732381673474828E-17
6.220221665555483E-17
5.728815115215707E-17
5.284228762450276E-17
4.88093190855203E-17
4.5267804757635597E-17
4.209613591442618E-17
3.93147389435441E-17
3.679803866384169E-17
3.4542947497241744E-17
3.246191215475344E-17
3.053458632405882E-17
2.993768324800788E-17
3.02247438352059E-17
3.2424581414628565E-17
3.609303669779728E-17
4.140192743777787E-17
4.7856890613177454E-17
5.481825061146638E-17
6.17665990724092E-17
6.801058784117576E-17
7.320068424533751E-17
7.695796260449473E-17
7.920508258004909E-17
7.988770819950643E-17
7.913884365122296E-17
7.71129471306577E-17
7.404369132166436E-17
7.016166499090804E-17
6.570052492078186E-17
6.159735363028751E-17
5.776176347371226E-17
5.4970701451227416E-17
5.263365170446254E-17
5.110524054361413E-17
4.976981623287925E-17
4.87184597735831E-17
4.752125580264807E-17
4.624041678938951E-17
4.4650229179466426E-17
4.283979647903362E-17
4.0723295741773216E-17
3.8404743650710696E-17
3.588146796149191E-17
3.3257023072660444E-17
3.05650242841593E-17
2.7910877650853115E-17
2.5324783393708244E-17
2.2897852211348844E-17
2.0632251424124596E-17
1.8600135973112207E-17
1.6775406658816893E-17
1.5195997732441686E-17
1.381623425120344E-17
1.2641760278721442E-17
1.141689891712638E-16
2.7305329066196436E-16
5.856854679849236E-16
9.507306333451328E-16
1.4279617232371753E-15
1.9161720047703553E-15
2.446598235160334E-15
2.9364977972330592E-15
3.4090584463738026E-15
3.804205955799754E-15
4.147067457963701E-15
4.3975351592416666E-15
4.5842661003736185E-15
4.6817742326204985E-15
4.720111463940056E-15
4.6863892962763124E-15
4.608512638548161E-15
4.481985734291226E-15
4.3290802256249306E-15
4.147934350636807E-15
3.954470635444099E-15
3.7470042908086585E-15
3.5364081076661674E-15
3.3209176865690407E-15
3.1076985154258976E-15
2.895286334538589E-15
2.6903870553121693E-15
2.491391164540577E-15
2.3040056448229407E-15
2.12564178100164E-15
1.9602656522209947E-15
1.80484634710994E-15
1.6617051156663002E-15
1.5279350578661845E-15
1.4047702979314585E-15
1.2897721344283907E-15
1.1835911766972697E-15
1.0843705311960376E-15
9.924827938768374E-16
9.066025100611504E-16
8.269644240076671E-16
7.526498048129135E-16
6.838030783039636E-16
6.20968676049939E-16
5.636454474611046E-16
5.12828682110919E-16
4.670086511485353E-16
4.27021130844477E-16
3.9162546807484146E-16
3.6109784100570174E-16
3.3448770460112186E-16
3.1142697989418547E-16
2.911958473011386E-16
2.736285264346447E-16
2.580243515517726E-16
2.4437600277524325E-16
2.3208932862993267E-16
2.2114161307831633E-16
2.110784825851874E-16
2.0176044356987105E-16
1.9286751889753084E-16
1.8424825725949756E-16
1.75711942334671E-16
1.6716511621498839E-16
1.5880156778138745E-16
1.504640407564801E-16
1.4259379441509173E-16
1.3483858953824944E-16
1.367152257859482E-16
1.4327587484935004E-16
1.6858668339272886E-16
1.9942669503637287E-16
2.477706146904336E-16
2.9683885645700905E-16
3.550263692483329E-16
4.0730143940221493E-16
4.59711470612872E-16
5.012763874563535E-16
5.370077698496671E-16
5.601030090424327E-16
5.750886982168343E-16
5.784048143127631E-16
5.741092748412379E-16
5.607258150097424E-16
5.417768689694535E-16
5.168662760857249E-16
4.888104995620928E-16
4.576236775051747E-16
4.25378619819571E-16
3.9218253211324746E-16
3.594454872519702E-16
3.2723326184984584E-16
2.964316554643509E-16
2.670278609928511E-16
2.3952588029087217E-16
2.1384118923206826E-16
1.9021754189940668E-16
1.685208272967685E-16
1.5462353695142873E-16
1.451253893490494E-16
1.4781256814268147E-16
1.5495889413373664E-16
1.7275072812628275E-16
1.9220034347757377E-16
2.1717131150745397E-16
2.4000910435225644E-16
2.6337119719255064E-16
2.8184855594465773E-16
2.976536571406279E-16
3.1062664999644504E-16
3.2120547444703584E-16
3.3124769760517225E-16
3.386621741239651E-16
3.455112427612138E-16
3.490853046866455E-16
3.5113802644187127E-16
3.5171329853004448E-16
3.5112761796193795E-16
3.5142057540784715E-16
3.506327690121709E-16
3.5116015288710183E-16
3.499731876581568E-16
3.490986298043892E-16
3.4572897946332095E-16
3.415391237775418E-16
3.3449694886253344E-16
3.260299362553529E-16
3.1490227843434597E-16
3.023434055636226E-16
2.877320791477664E-16
2.7210081472524416E-16
2.5521585812218405E-16
2.3790193713720605E-16
2.2012285882027599E-16
2.0249499066807472E-16
1.851693967966831E-16
1.6851076072554748E-16
1.5269833903108721E-16
1.3785038554460742E-16
1.2408441270674817E-16
1.113733218660544E-16
9.975773102805981E-17
8.914672675939424E-17
7.953045464514054E-17
7.080346958016951E-17
6.293258674498633E-17
5.582113568327209E-17
4.942896615825157E-17
4.367532419884738E-17
3.8520372739881744E-17
3.395222222604195E-17
2.9904033018947146E-17
2.6389915215274448E-17
2.3302764621675282E-17
2.0655083251657797E-17
1.8333367382394922E-17
1.634200334013764E-17
1.4584283654113895E-17
1.306068507039703E-17
1.1699416342266465E-17
1.0501027536410987E-17
9.416927473449129E-18
8.448842918170883E-18
7.56571509808347E-18
6.769831434995983E-18
6.041753402754862E-18
5.383388907833799E-18
4.820553192382618E-18
4.332802726636634E-18
3.95861900852072E-18
3.6460374734037956E-18
3.4273491513935386E-18
3.2437913526023717E-18
3.117948541523725E-18
3.0004769812062633E-18
2.908047950001812E-18
2.806190629269007E-18
2.734562978889216E-18
2.6581085134439985E-18
2.62022728926777E-18
2.5755739254995616E-18
2.572993443277608E-18
2.5624345544560902E-18
2.5876026497861684E-18
2.5978028532178414E-18
2.627140413119147E-18
2.6331510760319706E-18