
0.0
2.5389206256047337E-95
8.332070108966865E-43
1.2337278894039283E-36
1.137543974962894E-32
8.237401743336071E-33
5.602901025137059E-33
3.520595127431524E-33
2.3236905579965136E-33
1.7188124172913013E-33
1.301418228862506E-33
1.09950420067468E-33
2.4058262040566494E-33
6.960687447766846E-20
3.57320090729185E-19
1.8955014955555905E-5
1.8953244447139E-5
2.9848790194997234E-4
3.910873943969741E-4
8.074446144752603E-4
9.100486821979497E-4
0.0012105193049931305
0.0012134038109848668
0.0013336209047617729
0.0012366441298481208
0.001221734205884046
0.00107607132701467
9.880190960259972E-4
8.408591576164768E-4
7.400736395944478E-4
6.182873407283589E-4
5.386740860661279E-4
4.4800768940067695E-4
3.9032608205593646E-4
3.2465184161118983E-4
2.817908603531907E-4
2.7563624634816236E-4
2.6305690711039327E-4
2.471901199815525E-4
2.2407822534240967E-4
2.0140188080302818E-4
1.8966656459345712E-4
1.6935891190117684E-4
1.4881408455122343E-4
1.292930052561832E-4
1.0684300135148498E-4
9.021311913445545E-5
7.693899378597479E-5
6.547583414162617E-5
5.524233052956091E-5
4.582389186429862E-5
3.8631423760920346E-5
3.2587601640338343E-5
2.7003980511969454E-5
2.2583293698399582E-5
1.9036895081160922E-5
1.6206944054623684E-5
1.36684418593293E-5
1.1520703610744588E-5
9.72215305509792E-6
8.044203053577639E-6
6.838694821975689E-6
5.741662009858324E-6
4.829500707212424E-6
4.021431808860734E-6
3.362180202531784E-6
2.8167501365937636E-6
2.3469244058796897E-6
1.9641842532480923E-6
1.6493323765120644E-6
1.3855702652202838E-6
1.1573302022194239E-6
9.705676304956597E-7
8.155316201302962E-7
6.819707870113949E-7
5.725673268966501E-7
4.810451599129348E-7
4.0440218058217624E-7
3.386796650355742E-7
2.844666131116601E-7
2.3908059848069617E-7
2.0097094144465988E-7
1.6903708192217942E-7
1.4211717371177067E-7
1.1937784157559042E-7
1.0032458568314542E-7
8.425378970466971E-8
7.07927519480311E-8
5.946264180120622E-8
4.995860418078549E-8
4.19649070433728E-8
3.525509967562583E-8
2.9614904936894325E-8
2.4879551176088823E-8
2.0900561841123128E-8
1.756079999342634E-8
1.475427392772049E-8
1.2398203970519318E-8
1.041768056198901E-8
8.7541991124057E-9
7.356016863255747E-9
6.181480135108213E-9
5.195356615353206E-9
4.366624865440087E-9
3.6703816368083395E-9
3.0852591390221166E-9
2.5935638978915665E-9
2.1803072623870444E-9
1.8329716723522108E-9
1.5410191109585384E-9
1.295610371275338E-9
1.0891536128045594E-9
9.155498340897018E-10
7.695926451208533E-10
6.469851802764121E-10
5.43904334933539E-10
4.5724212201612815E-10
5.29068393334874E-10
4.57368003198178E-10
4.2826935260934684E-10
3.708467967040941E-10
3.8620065324228855E-8
3.834971225412974E-8
3.044898092468149E-8
2.7251612333990326E-8
2.339476274106958E-8
2.0849364973151597E-8
1.823069644784359E-8
1.6249304076534618E-8
1.2159601961413498E-8
1.0424803617000377E-8
7.690083049569693E-9
6.1361062527247795E-9
4.584709943525853E-9
3.5307166470884005E-9
2.6348120498080583E-9
1.9971910288078897E-9
1.4928775662949185E-9
1.1333112724285404E-9
9.183148738921924E-10
7.418995001772991E-10
6.318676602291527E-10
5.320681726096493E-10
4.682455862721138E-10
4.0730498480702585E-10
3.648525551600784E-10
3.2636441270545766E-10
2.941360970804377E-10
2.647773180525429E-10
2.379374002427859E-10
2.1313879035413635E-10
1.9023651941094107E-10
1.6912114222935623E-10
1.7761230406301031E-9
1.9852974936301606E-9
2.899499007676919E-9
2.303468930249489E-9
2.401164159045296E-9
2.2281560176180114E-9
1.6870225058871747E-9
1.5333640151804748E-9
2.4709207551537246E-9
2.4274625654981757E-9
2.518061029463172E-9
2.4041015416230903E-9
2.1659815839120254E-9
1.916769113336674E-9
1.7003181618529185E-9
1.1286161207429727E-9
9.758723354971277E-10
8.467002621545374E-10
7.695542890227622E-10
5.309243368385923E-10
4.685796407627877E-10
4.115481860008415E-10
3.7739637827580887E-10
2.938772588583778E-10
2.6444313401009825E-10
2.6203025725777994E-10
1.8397790790356646E-10
1.5037310637689483E-10
1.2938076954289057E-10
1.1431444281226283E-10
1.0207400360352634E-10
8.53401956017363E-11
1.0422877176748346E-10
8.673926170097111E-11
7.721131822006102E-11
6.805466288350713E-11
6.013122492502256E-11
5.14081122263071E-11
4.426032100322753E-11
3.9535001499086754E-11
2.6820624640645894E-11
2.246862893711909E-11
1.618090485207749E-11
9.828632226864345E-12
8.052789244416691E-12
5.239460057908278E-12
4.506618174306864E-12
4.056655116373122E-12
3.705767784971107E-12
3.3315171135755298E-12
2.9921033514966396E-12
2.7200353386065055E-12
2.142564488171597E-12
1.895172432369889E-12
1.7204790038937966E-12
1.5767011902795529E-12
1.1703446259299011E-12
1.0335853068231994E-12
8.622101636328764E-13
7.794145692799613E-13
6.929953189226934E-13
6.338415081032842E-13
5.654753592006246E-13
5.153432267422892E-13
4.1507558673175925E-13
3.454811445819106E-13
2.7313411122951724E-13
2.197502152524428E-13
1.722645132478538E-13
1.353867112562439E-13
1.0465334363456046E-13
8.054838926124993E-14
6.124782636969674E-14
4.654063422203185E-14
3.500541133916901E-14
2.6277344902357086E-14
1.978617880042201E-14
1.4958080539899725E-14
1.2551699215294035E-14
1.0685347662423863E-14
8.849664269427683E-15
7.256791627438522E-15
5.816629404886544E-15
4.610420519241386E-15
3.590531386127079E-15
2.7630759210381913E-15
2.096750087413604E-15
1.5742534727508685E-15
1.1864249178407133E-15
8.778284400799425E-16
2.890592085474405E-13
2.9077983550185926E-13
3.424457421244238E-13
2.9864526775067307E-13
2.993777128473872E-13
2.5035925554855506E-13
1.7074821211325362E-13
1.3515315945561698E-13
5.39003211166196E-13
4.904117651174152E-13
4.766707755673902E-13
4.0952718291667423E-13
7.250410338969706E-13
6.603890311513123E-13
4.782545048484403E-13
4.0183696197265327E-13
3.5601289145613675E-13
2.8734432486666235E-13
2.539792728231698E-13
2.0890481442478183E-13
2.7295918111002505E-11
2.4844698507239423E-11
2.4534634482485583E-11
2.1204372100940028E-11
1.8624825008483428E-11
1.5926205420208763E-11
1.368176516695932E-11
1.1695947334791928E-11
1.0024075234006692E-11
8.588376210231718E-12
7.370918485201805E-12
6.3293483912699425E-12
4.2907595858594375E-12
8.605744961636083E-12
7.007020007289766E-12
6.5001787791615254E-12
5.456051533389947E-12
4.751202177649026E-12
4.033552391741926E-12
2.740062153370398E-12
2.1888846581890656E-12
1.6749307326168112E-12
1.3713617338948318E-12
1.149442215922713E-12
8.561467849211552E-13
6.848248493465519E-13
5.413950697689168E-13
3.636471589220695E-13
2.806360452935282E-13
2.182822406121921E-13
1.380398470265764E-13
1.0689042197354352E-13
8.630999276167468E-14
6.982433860595559E-14
5.685170124038368E-14
1.443252512590507E-13
1.206941338546415E-13
1.6862697659626853E-13
1.4071661734248415E-13
1.1884715886789978E-13
9.931048729159783E-14
8.346091926706396E-14
7.00062909246202E-14
5.885525378296888E-14
4.9512027113276024E-14
4.1697494312216005E-14
3.515483635699417E-14
2.9660371576991306E-14
2.5046384611596475E-14
1.6965374000555083E-14
1.4150800521144083E-14
1.0152359844418136E-14
6.930052506065448E-15
5.2339683362872116E-15
3.834093406868362E-15
3.0217000606114648E-15
2.2505476816018585E-15
1.4876529151437655E-15
1.1236452337306426E-15
7.988768977410552E-16
6.207324217698458E-16
3.143718159148962E-16
2.4437003310306144E-16
1.578201142398732E-16
1.013237943685471E-16
1.109365227890925E-16
8.514192056276646E-17
7.193253957140278E-17
5.279247463567839E-17
4.045810185898698E-17
3.17387470885882E-17
2.1234494206151312E-17
1.6329823304275657E-17
1.2928825289199776E-17
8.287755193612108E-18
6.524181037295929E-18
5.390112548397537E-18
4.413289404254369E-18
2.6202115600033346E-18
2.146612889127195E-18
1.6239574201146643E-18
1.5019690645360503E-18
1.200394613471806E-18
1.0274824231048771E-18
8.513593973604795E-19
5.660392194525557E-19
4.3234913228284505E-19
3.2641129131424764E-19
1.9829319314050436E-19
1.4843872731467078E-19
1.1125002804968103E-19
6.673262271176512E-20
5.136229360075669E-20
3.980400082449457E-20
2.3480494244072242E-20
1.8599855828914273E-20
1.2474151285618403E-20
8.401551973351353E-21
6.543150686086847E-21
5.287540288076252E-21
4.376872413982325E-21
2.8691095198149806E-21
2.348451005784983E-21
1.919179558495112E-21
1.2210268452762275E-21
1.0020777343851293E-21
8.230099709170539E-22
5.140818537025261E-22
4.2315143580108823E-22
3.49263194391906E-22
2.1010849867897515E-22
1.7311098980508372E-22
8.488568886758312E-23
6.918028638874734E-23
5.627509622487094E-23
3.3912837799957155E-23
3.570527161090784E-23
2.949478877170824E-23
2.4686442146765654E-23
4.447559400494364E-21
3.828681393515374E-21
2.8077020165477294E-21
2.364431616045706E-21
1.3770493020805662E-21
1.1474109078585683E-21
8.516032800606767E-22
7.044166829422509E-22
5.183691213203378E-22
3.174555044541416E-22
2.383578842399707E-22
1.6165276956929835E-22
1.4055023448660162E-22
1.0660046230829139E-22
8.913841460190006E-23
7.283639352778998E-23
5.465725526575738E-23
4.483502942908043E-23
3.029067731532663E-23
2.1673815112228008E-23
1.5921716992902966E-23
1.2659585222436563E-23
8.255464908587459E-24
6.680157511208397E-24
5.320755664190161E-24
3.2077197927995047E-24
2.6112305607461226E-24
1.903208839669636E-24
1.5769175197961597E-24
1.2211947509065784E-23
1.502326328982503E-23
1.3348080317135586E-23
1.1591568920029269E-23
7.492473443723334E-24
5.9185322840556326E-24
4.848087308904874E-24
4.043037291784065E-24
3.08508205644328E-24
1.808152653194997E-24
1.3836196084472694E-24
9.261676173066651E-25
7.029650827724982E-25
6.515618620272122E-25
5.0000104130196335E-25
3.9407576861135047E-25
2.9088279120140084E-25
2.265801508800584E-25
1.8186964896308794E-25
1.493213628601947E-25
1.0047698363994988E-25
8.149152628402846E-26
6.844694620036832E-26
5.667846960783433E-26
4.716814210482526E-26
2.9606530523782556E-26
2.4328152801777098E-26
1.8850464274820452E-26
1.1598389884271182E-26
9.375381449230571E-27
7.377472228646429E-27
4.4774533281274756E-27
3.6563235750143785E-27
2.9243039121425338E-27
2.44284672626264E-27
1.4475174326231517E-27
1.3112088014979444E-27
1.0585723204181879E-27
9.054852107296106E-28
7.414008645869072E-28
6.231561243803203E-28
3.690624579159706E-28
2.90991801324488E-28
1.8871854291734927E-28
1.2374692014037537E-28
8.958501598849315E-29
7.410242835956428E-29
5.773684200146854E-29
4.7801880295295843E-29
2.964431307505208E-29
2.4079091909156508E-29
1.7953494806015334E-29
1.0550955399465962E-29
8.317074859957654E-30
1.978263311234187E-29
1.6289538546557736E-29
1.619340489517008E-29
1.0783402814774215E-29
9.383980092499883E-30
7.36101086214475E-30
4.4067785942586426E-30
3.5923807978187274E-30
2.4077322988157115E-30
1.6995871481069368E-30
1.3236811745485362E-30
1.0309323993382515E-30
6.778474279747555E-31
5.554774306969354E-31
4.4197179541041405E-31
2.6217913067900024E-31
2.1596405612376477E-31
1.751880153507245E-31
1.4661173474491558E-31
1.6186728840034691E-31
1.3742076350072116E-31
1.2095688190910958E-31
8.049766572820524E-32
6.669329251109854E-32
3.715244518047642E-32
3.03129960610729E-32
1.7101598695882601E-32
1.3923564519171157E-32
1.1502150674762617E-32
9.467231077796372E-33
1.1261117844679667E-28
9.424480214936487E-29
6.667277160309787E-29
5.499345942284146E-29
4.251164297496668E-29
2.5759174568888406E-29
2.055059211059674E-29
4.0703426694151444E-29
3.3357487149886833E-29
2.4092596287594872E-29
1.976982355729009E-29
1.5684970057664744E-29
1.2902359669084687E-29
7.353078707791556E-30
6.027955660328543E-30
4.1146148338404614E-30
2.4323738577036922E-30
1.8300661387159768E-30
1.423759207753983E-30
1.1152583236783007E-30
9.325253686192952E-31
7.4264571063973285E-31
6.195621062301594E-31
3.967994893845859E-31
3.291938448830424E-31
1.5811615153974072E-31
1.2999144137244058E-31
7.739496992866032E-32
6.370997074524178E-32
3.167515543319926E-32
2.5942090680619973E-32
1.5743595610780165E-32
1.1238237231703624E-32
8.090715437772195E-33
6.213193458851483E-33
4.884590721958606E-33
2.8200900444151565E-33
2.2795055925970495E-33
1.7211411003839604E-33
1.410512431310016E-33
1.1829765780288465E-33
9.749669990793854E-34
7.938916131607011E-34
6.5043632761884975E-34
5.731227046314551E-34
4.1615244850916865E-34
3.289487355641914E-34
2.4610003450096052E-34
1.5875769441362296E-34
1.2164593912303881E-34
9.099125166380036E-35
5.48470386903975E-35
4.239108535952313E-35
3.361039350301725E-35
2.6258196021081303E-35
2.0642082503110045E-35
1.1943778911587861E-35
9.360249946415123E-36
6.620215319725703E-36
3.800793279461886E-36
2.897574801560925E-36
2.118600767997248E-36
1.2042939898157747E-36
9.389567691248199E-37
7.0563804825960825E-37
3.987970438842208E-37
3.472084920707387E-37
2.6699127576385786E-37
2.1350432522808703E-37
1.314551868535943E-37
9.742892628379995E-38
5.3599960954656E-38
4.255896484193475E-38
3.3620369981325607E-38
1.9213082077528337E-38
1.4629304078788E-38
9.920675816357363E-39
6.624994315915217E-39
5.076653600855035E-39
4.032068227859418E-39
3.257447458019205E-39
2.6416860177955934E-39
2.1463337279723643E-39
1.7448053405233584E-39
1.1254026010400069E-39
8.895746853506653E-40
7.144105447441165E-40
4.430787434805778E-40
3.5284581468722178E-40
2.844531900560557E-40
1.7309561407528038E-40
1.3869360088171662E-40
1.1218460062650674E-40
6.571868664788512E-41
5.095530959874668E-41
3.943192744350278E-41
3.1382858867533685E-41
2.339740385284447E-41
1.8046909506131014E-41
1.0488152258932035E-41
7.430489365658447E-42
5.607456149009628E-42
4.416418715758872E-42
3.246745169313634E-42
2.5082091177357198E-42
2.006327791232532E-42
1.6128735670007214E-42
1.3063316777537232E-42
1.0103762689233596E-42
8.093168935548776E-43
6.083402318216082E-43
4.709516934533691E-43
3.5863561489999533E-43
2.7784127040911073E-43
2.1489929273898348E-43
2.4386025362867198E-43
2.078203855347958E-43
1.8029402108357987E-43
1.4522915473621214E-43
1.5769405902829905E-43
1.3428811353067914E-43
1.1577534391503291E-43
9.420413632331946E-44
7.764325793916199E-44
6.265588177146062E-44
6.944951582733296E-44
6.09324133156641E-44
5.964637351649623E-44
5.240740692832656E-44
4.921145758302688E-44
4.3382236423874397E-44
3.9707578349663046E-44
3.5022732328211153E-44
4.511287034702652E-44
4.343820800135083E-44
2.9820159078164413E-44
5.998982716520393E-44
5.141163996652801E-44
4.530186177993553E-44
4.0479022689551254E-44
3.2323517747482966E-44
2.7768445932880037E-44
2.1059818587552795E-44
1.7342101288358251E-44
1.5222982016013401E-44
9.696927430572146E-45
1.0012745871196732E-44
8.634731439191657E-45
7.79817883009068E-45
6.703036904696589E-45
5.961555449684788E-45
4.122635912264484E-45
3.436000507484357E-45
2.889051840655028E-45
1.813238588716843E-45
1.5233669489516257E-45
1.4788712753648152E-44
1.326824482328053E-44
1.3282504966335302E-44
1.2002482740531496E-44
9.848261782396186E-45
8.58524181451789E-45
6.998158471753381E-45
6.026573034287957E-45
4.9772203381311864E-45
4.2825635378743474E-45
3.5647195539352377E-45
3.0779734436220534E-45
2.567057732264453E-45
2.2472142174982736E-45
1.862959730461188E-45
1.5511057536901968E-45
1.2536878074909111E-45
1.0195891709225909E-45
3.1399846666730964E-45
3.0246413997549767E-45
2.4500461567690465E-45
2.1505755727470787E-45
1.5831605605853867E-45
1.634024840302592E-45
1.3182611013589893E-45
1.1270008746569835E-45
8.66177292143358E-46
7.280599928098596E-46
5.9772300053128545E-46
4.165979678459337E-46
3.48852301865432E-46
2.909709902624362E-46
2.4716870151711938E-46
2.0893674125220135E-46
1.7884382299328776E-46
1.5270317260953953E-46
1.3117349744014705E-46
8.414907626237956E-47
7.182815616728015E-47
5.583900379145576E-47
3.51081519464915E-47
2.903651570902819E-47
2.302789922617169E-47
3.884417427473665E-42
3.2981460787202345E-42
3.7812983117128664E-42
3.228835966942102E-42
2.3510714065210284E-42
2.0137082800766685E-42
1.611442147091807E-42
1.1259600476247814E-42
9.309618225409377E-43
1.1745555900084246E-42
9.835322410115333E-43
9.581038626922252E-43
6.346291796901596E-43
5.757580281961739E-43
3.9270963098061254E-43
3.011100049377882E-43
2.2929216976824534E-43
1.8304721721588935E-43
1.1765990238806663E-43
9.42677964023174E-44
6.924840151050852E-44
8.800080458137325E-44
6.985218956700837E-44
6.813763225455969E-44
5.319633427712694E-44
4.624079391779367E-44
3.22283206113762E-44
2.515363823244481E-44
1.9110764113530078E-44
1.19669652134654E-44
9.035551813801414E-45
6.288458602453028E-45
3.8694110407622375E-45
2.833825554373303E-45
2.098387914638246E-45
1.6642960906789805E-45
1.2171684111887606E-45
9.835055169628471E-46
7.774520491482072E-46
6.44559819353008E-46
4.465806361656481E-46
3.6303425937656415E-46
2.5578097992255798E-46
1.9869706954545366E-46
1.4265321383128097E-46
1.0815895814662232E-46
8.048857363059557E-47
6.316016059132548E-47
4.798537011341873E-47
4.142448679339492E-47
4.991354341851038E-47
4.2527997960900717E-47
7.065534966745042E-47
6.328519642249869E-47
5.843593847132446E-47
4.981713904288082E-47
4.1630288375694626E-47
1.2904726684258495E-46
1.1146812543797898E-46
1.1626979202995894E-46
1.0278696819858738E-46
8.968621475804965E-47
7.450997480561247E-47
5.645287767027491E-47
4.556369391325936E-47
3.8436611837878674E-47
3.133426745961553E-47
2.615552022531351E-47
2.152997642531864E-47
1.431876035034395E-47
1.169033671595357E-47
8.783730316677158E-48
5.519360120434719E-48
4.3255723651274167E-48
3.221247151970101E-48
2.6014067180643098E-48
1.798894503985925E-48
1.284561803054742E-48
9.405020302976223E-49
7.268180699268233E-49
4.648449983875877E-49
3.638219610062875E-49
2.0865709437061108E-49
1.6462888486433368E-49
1.1809978674117051E-49
9.375483256059467E-50
5.543441668269088E-50
4.388434189468592E-50
2.613854303766959E-50
1.875139022029974E-50
1.2968639799119786E-50
1.0010266142197295E-50
5.853928666944632E-51
5.371129321024489E-51
3.922000237829387E-51
3.15459413840885E-51
2.414751867863574E-51
1.657239257479471E-51
1.2100911533362578E-51
9.196701666167716E-52
5.881024773355596E-52
4.390506611150625E-52
3.2772628075686473E-52
2.076510555498498E-52
1.5475880839981067E-52
1.1640221669799666E-52
7.238721597011488E-53
5.469334811477227E-53
4.087014253778293E-53
2.4967218616822795E-53
2.0481794089044298E-53
1.5259872379372106E-53
1.1934005849146157E-53
7.652149234037285E-54
5.619392062529801E-54
4.177732272622337E-54
2.645064606417291E-54
1.9420913702335532E-54
1.4522830526994113E-54
9.073832884938226E-55
6.748947721612598E-55
5.1233020410518196E-55
3.928460903553629E-55
3.0406495750230767E-55
2.3654289199150246E-55
1.630625591517542E-55
1.2613580664309701E-55
8.898234937388088E-56
6.6644455568447615E-56
5.095012520354955E-56
3.754987321427344E-56
2.9920802918055696E-56
2.2076022613157234E-56
1.8961557045955709E-56
1.4124207147112044E-56
1.1488726269462833E-56
8.554808319241926E-57
6.671483186997617E-57
5.0286711439578447E-57
3.8381915614569807E-57
2.9132795573762313E-57
2.1987307873010702E-57
1.6555581028651632E-57
1.2363561448426297E-57
2.1706695840239735E-57
1.6542388695176168E-57
3.1748710374731744E-57
2.4416397823202806E-57
3.174994981578841E-57
2.4425683973094182E-57
3.0686334323172313E-57
2.3760428584395624E-57
2.2351388872369349E-57
1.7089349335491718E-57
1.919105299968254E-57
1.4627086707337367E-57
1.9184305714117695E-57
1.4729299828145858E-57
1.5850847922298178E-56
1.2780173771556185E-56
1.3745266015716147E-56
7.227425715568394E-53
5.675790868005881E-53
6.962967707291656E-53
5.511435811050029E-53
5.241476213285822E-53
4.200213226657151E-53
3.7376052219820395E-53
3.0145352637796463E-53
2.5890307226865007E-53
2.094445489127761E-53
1.7649141838335337E-53
1.4298855766619765E-53
9.867243527536868E-54
7.895195946924876E-54
6.081641335607811E-54
4.88654593111226E-54
3.5204361322878844E-54
2.796795172610727E-54
2.0741685611438702E-54
1.6428223788166448E-54
1.3030996372828884E-54
9.26360914234135E-55
7.378488851253093E-55
5.505358251961851E-55
1.0891546544223136E-54
8.364410191310049E-55
6.211659866416591E-55
4.840321437944613E-55
3.731121261446168E-55
2.307772823110798E-55
1.813565137964478E-55
9.723569036704766E-56
7.743524827373526E-56
5.155704796460883E-56
3.4560867527951353E-56
2.5729797527755537E-56
1.9472081978077856E-56
1.4785845818358527E-56
9.75135498537462E-57
7.133923700458741E-57
5.375576548666525E-57
4.1024069107393693E-57
2.650286584245953E-57
1.976539710106462E-57
1.4935088612712598E-57
9.45505980848681E-58
7.181131378242313E-58
5.3682273363119395E-58
3.446052574651405E-58
2.5911864997110418E-58
1.9699007019332448E-58
1.3742699082178577E-57
1.0786473126548069E-57
8.56339334218737E-58
6.805170405619918E-58
5.51989784396638E-58
3.548965471163149E-58
2.7651019670319007E-58
2.05767952075838E-58
1.6441698112538263E-58
1.0034086279873961E-58
7.616538537513353E-59
5.611067929009974E-59
3.4646806508572196E-59
2.5735812304513295E-59
1.9598768603055532E-59
1.529209007499871E-59
9.361017325354783E-60
7.144091958281044E-60
5.466904652740904E-60
3.322727842348649E-60
2.561227544659989E-60
1.9546243953889094E-60
1.1976292768790275E-60
9.197631256699828E-61
7.091269182168676E-61
4.335779340340107E-61
3.363637577358532E-61
2.0533670212016038E-61
1.3307235238176362E-61
9.471466017803072E-62
7.104221720228546E-62
4.284438242606141E-62
3.243397122670971E-62
2.6875368117503333E-62
2.0589868084363413E-62
1.5651164671329245E-62
9.566319937591903E-63
7.234315998485044E-63
5.441219993824221E-63
4.1385680720683897E-63
2.0396887523055813E-62
1.4784825335620288E-62
1.2750597761062648E-62
9.179307026957405E-63
5.483326051695422E-63
4.0205033760347566E-63
1.4697496305345714E-62
1.9940730664686524E-62
1.6406198645476664E-62
9.242919399751969E-63
7.551656991686461E-63
5.783131310750658E-63
4.6223969641610914E-63
3.400692901161144E-63
2.4994371721196397E-63
1.8416509499670396E-63
1.1984508567563215E-63
8.526887782779154E-64
6.253329682003064E-64
3.781293574307062E-64
2.725056697995623E-64
1.9655088409376436E-64
1.1735808942562942E-64
8.408382752706407E-65
6.1080427875323185E-65
3.5960114933578584E-65
2.6103261542528342E-65
1.8764602099592717E-65
1.1032340621427806E-65
7.940556736945796E-66
5.838690885702433E-66
4.2622518040056295E-66
3.0864502752596053E-66
1.8243129633706072E-66
1.3170181473339672E-66
8.488704357739845E-67
1.1248682360728351E-64
1.076293572268669E-64
9.27524866135395E-65
6.962324053315696E-65
5.208143155728423E-65
3.80640104699181E-65
2.7500288281095427E-65
1.970905872651168E-65
1.4044196348972774E-65
9.973657392978982E-66
5.86669006148729E-66
3.903119886541634E-66
2.5633783494501495E-66
1.5549619063829636E-66
1.0181834306476241E-66
7.105038758826384E-67
4.882310659024563E-67
3.412783486995658E-67