
0.047619047619047616
1.796630282767746E-9
6.203806988110807E-13
2.338169191688904E-13
8.813348726428444E-14
3.322048539869964E-14
1.2521921948132248E-14
4.71993492281257E-15
1.7791027418047934E-15
6.706038573367606E-16
2.527732226431133E-16
9.52787571760326E-17
3.591377865913077E-17
1.353711504854368E-17
5.102595457210695E-18
1.923340409427888E-18
7.249719013703487E-19
2.7326637302486146E-19
1.0300331707340753E-19
3.882542594130154E-20
1.4634613159585872E-20
5.516279529154961E-21
2.079271895468069E-21
7.837477401993938E-22
2.9542097000708094E-22
1.1135413225909118E-22
4.197312997407719E-23
1.5821089025431246E-23
5.963502319346014E-24
2.247845256143922E-24
8.472887281651719E-25
3.193717124938024E-25
1.2038197529442437E-25
4.537602864896379E-26
1.710375636315884E-26
6.4469829211677504E-27
2.4300854095043023E-27
9.159811914649924E-28
3.452642198649197E-28
1.3014173503746116E-28
4.905481142872726E-29
1.8490413729425988E-29
6.969660873777729E-30
2.6271003670492844E-30
9.902427770218922E-31
3.7325591733878097E-31
1.4069275036513071E-31
5.303184513840891E-32
1.998949193533716E-32
7.534714034370064E-33
2.8400879703887093E-33
1.0705249917584989E-33
4.035169931101407E-34
1.5209917095086504E-34
5.733130995458548E-35
2.1610105305377747E-35
8.145577899396386E-36
3.070343174062336E-36
1.157315947737699E-36
4.362314330863182E-37
1.6443034729153676E-37
6.197934641969102E-38
2.336210709207638E-38
8.805966492222692E-39
3.3192659188024845E-39
1.2511433298615288E-39
4.71598139513457E-40
1.7776125235622244E-40
6.700421437621374E-41
2.5256149384516534E-41
9.519894945112274E-42
3.588369643255543E-42
1.3525776047774947E-42
5.098321412535364E-43
1.9217293822243263E-43
7.243646583640278E-44
2.730374813414278E-44
1.0291704775600948E-44
3.879290513926613E-45
1.4622362555722416E-45
5.511667746506019E-46
2.0775333188278153E-46
7.83099923189694E-47
2.951791083299452E-47
1.112677128496361E-47
4.1939131511317314E-48
1.5812783005537014E-48
5.960507279930272E-49
2.250079002213413E-49
8.480674375252897E-50
3.229475123634877E-50
1.2548620362147151E-50
4.992074777084553E-51
2.0803746553288187E-51
1.565443236721107E-51
1.1563625914140002E-51
5.743354183502584E-52
6.070815093950863E-52
1.2299282855824642E-51
7.832930508527556E-52
5.74751948632465E-52
7.821210148969078E-52
4.5252668978827314E-52
7.249715094909149E-52
1.9961532948882224E-52
1.687989691856576E-52
1.0529115519804623E-51
1.1691863004604049E-51
1.0477862512769658E-51
1.3225116277507791E-52
3.8687218105148945E-52
6.822253590771238E-53
7.992403490710798E-52
7.77931636658985E-52
1.936807111980514E-52
8.474594897732175E-52
3.7002452166515193E-53
4.085601524056974E-52
5.0235809190411315E-52
6.787563027477271E-52
8.553003549515919E-52
1.1288332402199649E-51
2.5126278819682813E-53
6.175689034937513E-52
1.1736737395138473E-53
1.9827569868865226E-52
3.7197957742879615E-52
1.3278313950222363E-52
4.654505782187893E-52
6.314432464653601E-52
9.331283760360855E-52
3.5532124318163216E-52
3.665591337323227E-52
4.729122953246746E-52
1.1557712846712769E-51
2.6046832849592978E-52
8.490850156726267E-52
5.248139442376548E-52
6.824502210726312E-53
1.396951427914546E-52
9.275633183669765E-52
1.0282509925498157E-51
6.2650271460832856E-52
6.3694991726459145E-52
1.081030535814987E-51
2.8710964454017107E-52
6.891632061639019E-52
7.11567067996082E-52
1.1369921461208226E-51
5.813353752542352E-52
8.180286541613E-52
3.416146370975524E-52
8.531173512467833E-52
9.313019000880542E-52
1.1396410925667863E-51
1.2240680571949831E-51
1.3393890065046676E-51
6.590172799252207E-52
3.999318648432613E-52
9.760959296238209E-52
7.698645245166711E-52
1.652795691228349E-51
8.169851322561592E-52
4.818773448590718E-52
5.702957214209409E-52
7.526961403969655E-52
1.0785707676729432E-51
1.858197644042551E-52
7.521993114442438E-52
1.3226419082022471E-52
7.18820910888079E-52
1.1002851628020953E-51
8.865077910299093E-52
6.875064475502011E-52
5.898646573060346E-52
1.0060131206143175E-51
1.1393078504579167E-51
5.367810234933012E-52
8.089101928053135E-52
1.8421428888753476E-52
4.2640829353020626E-52
8.247300466766122E-52
3.9970707749117374E-52
8.436561297729959E-52
9.709787311730618E-52
5.107144623646549E-52
5.649074064716805E-52
1.1160559691757831E-51
5.718048277148539E-52
4.277507739919839E-52
8.786380396076324E-52
5.1995501613431104E-52
1.2642832203549691E-51
1.0873786964170685E-51
1.0568031483605513E-51
1.0103017749686637E-52
9.099279432209683E-53
4.1200307412894215E-52
6.4165987790520545E-52
8.805777683413448E-52
6.104763004958118E-52
7.752970971857854E-52
3.756689548250495E-52
4.668777725860834E-52
9.976107784976808E-52
7.569466925132797E-52
5.835606358490744E-53
1.3595034931874908E-51
5.0218540514632936E-52
6.4842814207267144E-52
2.3440658250249717E-53
5.008786622894416E-52
9.370934873244641E-52
6.761600957482118E-52
9.834009005256008E-53
1.1129326937859582E-51
4.417351227052857E-52
5.216283873245885E-53
3.865424812322203E-52
2.5362029607250687E-53
2.7860484672703908E-52
1.1257019674559976E-51
6.813876214728356E-52
1.0188678113892905E-52
1.2527388825649157E-52
1.5295469862354533E-52
2.5741934110719097E-52
4.0201910148222656E-53
1.6507175097715354E-52
8.102409288083673E-52
4.851506057939312E-52
9.39492015683389E-52
6.477413162024442E-52
6.329748216717916E-52
4.1608957597185956E-52
1.8789834966818965E-52
4.043259197023524E-52
1.1927064446908334E-51
1.450572644510084E-52
3.866190502265485E-52
5.161666913175443E-52
1.4755704608508907E-51
7.230874074968195E-52
8.732303102142897E-53
5.4684953374756024E-52
1.1616623328680175E-52
3.991411462620944E-52
1.1988475903091739E-51
3.834751473750176E-52
2.0221689121499148E-52
3.0264665631993557E-52
9.330681357560994E-52
6.398071017365324E-52
1.018080562650329E-51
7.021797375314777E-53
3.8262520290990676E-52
1.1668881540611675E-51
7.53083326220028E-52
1.455415309655321E-51
7.151826887776268E-52
9.091624909559146E-52
7.223690579784967E-52
8.040244839808016E-52
1.0121739250149259E-51
5.066654240693655E-52
1.5261466807378475E-51
7.029646758977222E-52
1.1623561171063365E-51
4.7408983658943464E-52
1.166006039736169E-51
1.3683532309675185E-51
4.937221599927616E-52
1.12117718047778E-51
1.417316368271201E-52
6.864533572647966E-52
5.745564910030865E-52
1.438606379465211E-53
2.795577545197113E-52
3.2515212137078814E-52
4.4150984472495296E-52
1.0252867874589359E-51
8.787541190817647E-53
3.6943485529661424E-52
2.114488591006609E-52
5.148327916507728E-52
5.159354002266742E-52
3.2613252160840283E-52
5.189330707956301E-52
6.248953995633102E-52
1.1172318865484975E-51
1.1169490558862631E-51
1.2924629201711493E-52
4.034259062424084E-52
8.011712642648726E-53
4.840188612865353E-52
4.0021297958574155E-52
2.1168884871397495E-52
1.0301181585234421E-51
5.094096282963192E-52
2.3193165836508114E-52
7.41874889850371E-52
1.0694146882654448E-51
5.546300732780392E-52
8.434188030134665E-52
1.1995179678132204E-51
5.102659064420578E-52
2.789371611592253E-52
2.033767566746334E-52
8.262906484179923E-52
7.172930902968279E-52
4.728950010402748E-52
2.9298127484548534E-52
9.891882236914393E-52
3.5718359447689415E-52
6.127590012383135E-52
1.2348914965936794E-51
1.2386195063177736E-51
3.21547823617328E-52
9.779163109123944E-52
1.0729530590790225E-51
1.0239988182350164E-51
7.223675039338826E-52
1.1829089884039769E-51
1.452094010657835E-51
6.548118301904982E-52
2.823993786401841E-52
1.3158237888267033E-51
4.204996875600959E-52
4.061748287270162E-52
4.303514097855733E-52
4.7155530614484235E-52
2.794433076406064E-52
3.923067382787532E-52
7.719099899694504E-52
7.551210266784722E-53
4.872642504413956E-52
3.2140539524701878E-52
4.636048368719346E-52
1.7293097862884703E-52
1.03564994939418E-51
4.860617120063712E-52
1.2521617894527111E-51
4.4619133876105504E-52
6.3912112524522306E-52
7.680467369409914E-52
2.9213113367346004E-52
8.324778308772735E-52
4.5071283223435476E-52
5.940323906557415E-53
9.945130610918268E-52
2.5421952098838825E-52
1.452868455659652E-52
7.722668566961014E-52
8.07094093451073E-52
8.723560655329857E-52
9.727911914154856E-52
2.341876809778063E-52
3.873501261677651E-52
3.607962500043162E-52
3.643688158933614E-52
9.383572358431725E-52
5.785402190392107E-52
2.958262073701757E-52
2.4658106961076668E-52
1.4245686067025205E-51
8.324553390433238E-54
6.952342690575339E-52
1.335937756259209E-52
8.56281760063606E-52
4.52589408699314E-52
1.8643735602990665E-52
8.600265359651433E-52
7.403077731802382E-52
8.145645793428881E-52
1.876232062058096E-52
3.165100782027915E-52
3.0079400086184798E-52
2.5770866214160897E-52
7.664654589054173E-52
8.642159875046246E-52
3.721623790351873E-52
3.470480782835175E-52
7.918235204708456E-52
1.0020930119234633E-51
9.990005206451658E-52
7.25989999043021E-52
1.5993153750730755E-51
8.726126562692283E-52
4.8050156822273106E-52
5.486416188803182E-52
2.3765006082964205E-52
7.459863167629168E-52
1.2089316724872933E-51
6.633211231176188E-52
7.818311217404784E-52
7.225467929058581E-52
1.3441262705636978E-51
8.732242833669618E-52
1.4248033647067386E-52
2.8575975354861025E-52
7.252012324127734E-52
6.663383166192817E-52
6.686618403178821E-52
4.358253562339886E-52
4.441775051727825E-52
4.688718098196308E-52
5.213677925614281E-52
3.0204164997825863E-52
4.891934338478237E-52
8.444466728643911E-52
1.7544239686333076E-52
7.846719384631607E-53
4.38555362396904E-53
8.649283666691954E-52
1.6824600093764075E-51
5.565870524579688E-52
2.0601055738879087E-52
3.9810873700640904E-52
7.6185365184124E-52
2.3440612212280628E-52
8.508128198522874E-54
4.919606040597258E-52
1.0233609868407705E-51
6.174550856811013E-52
1.14745308346318E-51
6.086184532379744E-52
7.78459851958288E-52
5.243805127142745E-52
8.129773951391101E-52
7.505371303411332E-52
1.1033832849533874E-51
1.0595066183030573E-52
8.889696387982174E-52
8.053040229772946E-52
8.294011690773395E-52
1.1107745078470266E-51
1.3340972023828315E-52
1.0047963952037031E-51
1.0856138951085694E-51
1.6001924681647918E-52
5.842613931279701E-52
7.27920622832874E-52
6.678504352297397E-52
9.51622083334494E-53
6.552891158258485E-52
8.01955753533923E-52
7.551323008014238E-52
4.965349362082374E-52
9.247361274069278E-52
7.240681228368146E-52
5.853610626926703E-52
1.0156271574191149E-51
8.900668786024324E-52
2.8620167202447866E-52
7.653665072655091E-52
6.293360902085384E-52
9.996011886341997E-53
6.998662172519668E-52
6.631498126847426E-52
1.1219310380673952E-51
4.679016767966981E-52
3.135547879890682E-52
2.2284765952426423E-52
1.5869052695355634E-52
1.3694515057164708E-51
1.2535264797857617E-51
1.274397382195785E-52
6.1718263567740795E-52
1.0296363106766377E-51
4.2508236908476684E-52
1.521279169045422E-52
4.115622146067782E-52
6.495123214675407E-52
9.466144869678282E-52
4.813980838023702E-52
5.211866305318907E-52
8.138894050059333E-52
1.762048046048843E-52
1.5068825900084093E-53
8.111643659949035E-52
7.030637329185953E-52
8.673885872402375E-52
6.4084368939321164E-52
8.301203336772804E-52
9.726032529607524E-52
8.49395685845228E-52
1.0757625755584241E-51
1.0905152436760226E-51
7.371385187273751E-52
9.168268823499912E-52
1.4193252910854745E-52
6.195174156478837E-52
8.923169150494697E-52
9.117667599754934E-52
3.084734796286626E-52
7.221201720370074E-52
1.000113656702618E-51
1.665873283074534E-51
1.62032847566258E-52
1.2246956444917878E-51
5.732549492474095E-52
7.837335356228332E-52
4.888656714471418E-52
1.839948193101441E-52
9.025388612653998E-52
7.238586757826014E-52
6.937239237768316E-52
9.393367637704002E-52
8.287065106492404E-52
8.209251018714913E-52
1.912407449169564E-52
7.861858577241544E-52
9.80862439874117E-52
8.001529388710711E-52
6.133361600767582E-52
6.0892663777880045E-52
9.200249357417499E-52
8.083032890277332E-52
9.807968964299303E-53
2.2248385796379933E-52
3.963271491810424E-52
2.712414059437221E-52
6.2259581146579745E-52
1.0796438277269206E-51
2.047966215646284E-53
1.1152508339418965E-51
5.104224059844314E-52
4.436275464008793E-52
3.650565715909946E-52
9.184628782988943E-52
2.8195482784055114E-52
3.485650281934891E-52
1.2071545330694672E-52
8.666795371264989E-52
5.229000143651414E-52
1.2286176837381177E-53
1.3995181247694848E-51
7.58986548046397E-52
5.720012695379798E-52
1.0131102119332548E-51
3.817358181105573E-52
1.0756131459918291E-51
3.963892195162956E-52
7.13319945160905E-52
7.444422751299321E-52
1.1363494711716215E-51
9.125309068668416E-52
7.319464818634459E-52
2.2046075014668733E-52
3.8822781062421385E-52
5.576442343127035E-52
1.2146232738575323E-51
2.6444317806071833E-53
6.989758225984889E-52
4.097936254513482E-52
9.619980157188974E-52
9.576069353573959E-52
3.1679664555241655E-52
9.373442531331885E-52
5.6897189338118405E-52
8.639824210098323E-52
1.5263106044384374E-52
8.065487320438414E-52
1.8499489289063234E-52
1.964417531734841E-52
5.674431756462594E-52
2.6119544919229975E-52
8.501431378448837E-52
6.807650530935812E-52
3.9856791221139406E-52
5.42667341230353E-52
7.322663838279053E-52
1.3133480245312171E-51
9.248239547629433E-52
3.734786678897234E-52
9.793308981522713E-52
9.489918801454798E-52
7.874173544352454E-52
6.30262481369741E-52
3.781625321325763E-52
9.805511239006132E-53
5.263629905727017E-52
5.9280970215540624E-52
5.390713172745847E-53
1.0122725811837307E-51
2.217149475923524E-52
9.537776551066227E-52
4.31121790189938E-52
6.934433648510251E-53
9.757513656998812E-52
3.4568857529519176E-52
2.2807894471488797E-52
5.3577469220865514E-52
2.9512031537515327E-52
9.172702018349343E-52
9.916981345262055E-52
4.239472660571454E-53
5.902690405744775E-52
9.2233739178604E-52
6.2376672703136486E-52
1.1795483647633546E-52
4.987662567659997E-52
7.987078523953019E-52
1.3712185169651417E-52
4.351154581039259E-52
6.97767067384473E-52
8.288588550006621E-53
6.266444669827827E-52
8.496139437059541E-52
3.772108993628222E-52
5.9931248047480886E-52
1.1595281898722725E-51
7.994200841773768E-53
6.492029393366004E-52
8.358517841087207E-52
6.793812200396867E-52
3.066102446051706E-52
6.294133044824384E-52
1.2723346792554331E-51
4.682249616694555E-52
7.074553834380234E-52
3.420680099312954E-52
8.64577895642523E-52
2.665496130912896E-52
3.3789960147361195E-52
6.636516849338111E-52
3.605511050708772E-52
9.206554912255387E-52
3.3085972795002363E-52
1.5421407107439193E-52
6.093779190116504E-52
4.57883329188212E-52
1.074900212190323E-51
7.591353103893754E-52
7.854704530935985E-53
2.186955079992564E-52
8.68714110494976E-53
1.0966833067645202E-51
8.292887352232236E-52
8.029367255777375E-52
5.34797021879623E-52
3.5560529944514425E-52
1.0991735488864737E-51
2.1586806691416697E-52
4.993695239201406E-52
6.347633639812295E-52
8.198055090100751E-52
1.0261005592046522E-51
4.015855212603011E-52
8.550273883624281E-52
1.0630713527924404E-51
8.519273531974576E-52
1.0094691461039575E-51
8.598992779291945E-52
1.2698887224462734E-51
1.4047429136293102E-51
4.96322294390918E-52
7.291309774182032E-52
8.233925268415495E-52
3.804203583075667E-52
2.733771724342793E-53
9.871204170083423E-52
1.0687448324430372E-52
1.2339063869970577E-51
5.495403615598656E-52
5.669191562131423E-52
3.2219016431713853E-52
7.768441612399676E-52
7.290837398292722E-52
9.866312896845443E-52
6.245546345045973E-52
1.0241872335220916E-51
5.401839983299948E-52
3.2821161984289337E-52
1.001906464771318E-51
3.3488888695738845E-52
7.627249785727498E-52
8.754464408141989E-52
9.0619631338109E-52
3.2626741099523604E-52
4.645277530544038E-52
1.075218946429439E-51
1.6603844042945942E-52
1.1741089756702057E-53
8.115206185334934E-52
6.184270708514442E-52
1.3302828701338394E-51
5.306995729480136E-52
1.0372193561127839E-51
7.797877357782993E-52
1.308281971791737E-51
1.687060641497295E-51
1.2621705584003145E-51
4.7466393174529675E-52
1.430443955858569E-51
9.66157404476947E-53
2.4971042348877506E-52
1.0339829957108104E-51
7.872616136998629E-52
9.853882331699039E-52
4.9305954279293766E-52
3.917603302873886E-52
5.996877376244303E-52
1.9465883506587074E-52
4.8221435870941426E-52
7.049878375630272E-52
6.839794495498718E-52
7.292347739918048E-52
5.030356796587008E-52
1.4796369066461084E-51
1.3670930030237178E-51
4.060217440864039E-52
1.0935425405049716E-51
1.297906456886863E-52
7.55733127313535E-52
1.007252485820544E-51
6.4525459084596256E-52
9.424241083870216E-53
3.951208651558808E-52
4.5160741233880995E-52
9.71799470529246E-52
1.2819202121857848E-52
7.441459119820763E-52
1.2512585790977188E-52
4.251828059726464E-52
8.456927824281458E-52
1.4453963557604132E-51
1.6233657189619592E-53
4.5615880769071294E-52
5.432159060978522E-52
4.8421995554737665E-52
8.031776327607245E-52
8.008820591013702E-52
2.205007948885671E-52
9.978481761934205E-52
5.145641806221665E-53
8.174827015944158E-53
5.503282472004467E-52
5.395338066025165E-52
5.5463648639022115E-52
8.056960058499017E-52
1.3544566661147618E-51
4.203716541234903E-52
2.1242276647974226E-52
1.9422097031814895E-51
2.300557442030077E-52
1.6520808681071064E-51
3.1367626445994345E-52
7.686273933014526E-52
4.130111918151257E-52
7.931762391052779E-52
2.7116175807061144E-52
5.085331131912911E-52
6.136188441630938E-52
2.285346604110498E-52
1.3553864380649572E-52
1.130131140955813E-51
1.1539336818914757E-51
8.911491522084372E-52
8.760582153138568E-52
7.979893485003182E-52
1.6226939639813862E-51
3.581612961773725E-52
9.660709276972449E-52
2.6092817308231825E-53
9.863627073078884E-52
3.882579796818887E-52
1.2605761404902358E-51
7.02415652843034E-52
2.5866019327897313E-52
6.734906841295507E-52
8.08460930229683E-52
2.0502127171511595E-52
1.838594942462957E-52
1.027053445846056E-51
3.1479300977963024E-52
4.1207164245305826E-52
5.264803915446745E-52
7.151610916999395E-52
1.0436845199992758E-51
9.071375897959462E-53
7.505589851270636E-52
2.6359717587647614E-52
4.4296990078367736E-52
4.032384714395632E-52
9.48508535897458E-54
1.1909629009622062E-51
4.543990815775891E-52
4.6961229608602904E-52
7.606504262100069E-53
3.985011089653045E-52
2.371700693534946E-52
1.4381917939533686E-52
1.4615937328697325E-51
5.6662721143170544E-52
1.2136600907623811E-51
9.917011789090997E-52
3.4839828180131234E-52
6.1665174591958304E-52
6.2383200438637626E-52
1.1898287160621757E-51
6.842063066103734E-52
2.3924424291480767E-52
2.6226705557637675E-52
1.6708030536892468E-51
4.180837905649579E-52
2.0997467966599385E-52
7.176876816382534E-52
1.5412748438446062E-52
3.61056855136862E-52
5.491883011903956E-52
1.5023604517239626E-52
1.7349711909879875E-52
1.0376639913390405E-52
1.3584649369475687E-51
8.051762054773544E-53
9.009323920891295E-52
3.650831902045777E-52
7.496836106548081E-52
4.187170407432242E-52
7.428066762950897E-52
6.947435820699311E-52
5.391956417794474E-52
1.1588098702020617E-52
7.076113648698325E-52
6.246041783100099E-52
4.49731960531864E-52
5.761862768139167E-52
4.441787253025775E-52
7.21776113523025E-52
1.200122804932197E-51
6.91597689988929E-52
1.3506458732101664E-51
1.0239495355605608E-51
9.108690928674027E-52
6.3889933394274894E-52
1.2030216526726144E-51
9.521221835432894E-52
4.6790081464940405E-52
3.177311501000214E-52
1.2175011649137278E-51
1.0397068913959386E-51
6.963356136878052E-52
5.311301861878294E-52
2.6592340982727825E-52
5.366117667938706E-52
4.788033439094745E-52
1.1492216302003181E-51
7.26920309059163E-52
7.170334736861219E-52
9.88674623136533E-53
4.3170083244855095E-52
8.514000085620327E-52
6.69858457003336E-52
8.451472883411518E-52
3.389412463361864E-52
1.34811767411696E-51
6.016734341053546E-52
1.1684369427379486E-51
5.084806534054706E-52
8.789919116751222E-52
1.4638686469971552E-51
7.32992411161293E-53
1.9098133068326412E-51
2.8684197252588972E-52
6.4161539468854155E-52
6.51725644944496E-52
5.127806073079039E-52
1.400918384394071E-51
1.0563351444724157E-51
7.507215091173604E-52
4.335238332379026E-53
4.475341086597681E-52
3.495328619462911E-52
9.681593233636995E-52
4.893414598477139E-53
6.6706921321956756E-52
1.087293595254022E-51
2.400727056669309E-52
1.0478526832789217E-52
7.77384347840502E-52
3.858395402343226E-52
1.6393781497099682E-52
1.3364834229267025E-51
1.3047196653639287E-51
4.0944374443783196E-52
8.851817072119196E-52
8.551552483125514E-52
7.855268721742943E-52
9.064549077683918E-52
5.359781891116855E-52
2.0600267724391446E-53
5.7384143540322096E-52
9.988442728823752E-52
8.04683809173321E-53
1.685568352599726E-52
4.253513552682229E-52
7.542942505710224E-52
1.0736717319412167E-51
7.70410151267168E-52
1.1598387287835095E-51
1.969420976459505E-52
1.9418565437370714E-53
5.720615752183793E-52
7.683667034055257E-53
1.32286655941877E-52
2.3163195819947E-52
4.9596635695780754E-52
1.299486999383089E-53
4.758085630918982E-52
6.4255328542775666E-52
2.5071547633933827E-52
8.204288050033156E-52
1.4337037373864575E-52
1.1037724592426356E-52
5.9863678445573356E-52
6.368833327604487E-52
1.026954957730522E-51
3.0215169100646596E-52
5.8173270466846E-52
7.439188181777443E-52
5.8624300880841874E-52
2.7039826908825807E-52
7.10606642918807E-52
8.426853250208963E-52
7.205578422282596E-52
2.5468804848563998E-52
3.403204624559461E-52
4.851579886054062E-52
1.469011557551408E-51
7.25973746107433E-52
5.2308736480166095E-52
7.61167567918507E-52
1.1333662969661968E-51
4.035886201099924E-52
8.092021630986853E-52
1.901211252987045E-52
2.430688109665428E-52
7.429356815060602E-52
3.384196024516048E-52
6.823893681471711E-52
9.135407518024834E-52
4.6980085187787554E-52
1.012812555119752E-51
1.0518193397583962E-51
7.375988531595668E-53
4.7853970080188085E-52
2.8868932695854665E-52
6.901954422211429E-52
8.502138203852056E-52
4.36797619152064E-52
5.899327722755254E-52
2.88176386964898E-52
3.436144089192704E-52
3.314358462800664E-52
5.140141157011995E-52
5.545524194565849E-52
2.7491979354641055E-52
1.194228964101734E-51
7.806370647014883E-52
1.0414188995518724E-51
1.0112832230951562E-51
1.0068362592286527E-51
7.694231834352622E-52
1.1067814028526424E-52
3.536038174345089E-52
5.5592273146645264E-52
6.801830038986938E-52
1.0273122904374191E-51
1.157270860416729E-51
8.655101963552197E-52
5.730203870669634E-52
7.641230090128582E-52
4.83905099085372E-52
9.507290834295655E-52
4.870195853910819E-52
8.337045425429051E-52
1.0006351341118727E-51
4.498795417275575E-52
1.1216495589099913E-51
7.92194061698046E-52
1.0709380869294938E-51
3.3457371675314635E-52
2.1585180462812984E-52
3.972527445702101E-52
1.2126626753134092E-51
4.497995589416302E-52
3.563185119159463E-52
2.0340801134565722E-52
5.5579692043613385E-52
8.918445850478923E-52
6.100418005466242E-52
2.8452136291993214E-52
4.646450565220116E-52
7.722550870394856E-52
9.189543128413019E-52
8.920903221257395E-52
2.3964038641065416E-52
3.2580911425097717E-52
9.585388512836652E-52