
0.0,0.0,0.0,0.0,0.0,0.0,
0.0,0.0,0.0,0.0,0.0,0.0,
0.0,0.0,0.0,0.0,0.0,0.0,
0.0,0.0,0.0,0.0,0.0,0.0,
0.0,0.0,0.0,0.0,0.0,0.0,
0.0,0.0,0.0,0.0,0.0,0.0,
0.0,0.0,0.0,0.0,0.0,0.0,
0.0,0.0,0.0,0.0,0.0,0.0,
0.0,0.0,0.0,0.0,0.0,0.015227210454137254,
0.0,0.0,0.0,0.0,0.0,0.023706701815563017,
0.0,0.0,0.0,0.0,0.0,0.023706701815563017,
0.0,0.0,0.0,0.0,0.0,0.023706701815563017,
0.0,0.0,0.0,0.0,0.0,0.023706701815563017,
0.0,0.0,0.002133603163400672,0.0213360316340067,0.0,0.10166529254096046,
0.0,0.0,0.002133603163400672,0.0213360316340067,0.0,0.15934304904405305,
0.0,0.0,0.002133603163400672,0.0213360316340067,0.0,0.15934304904405305,
0.0,0.0,0.002133603163400672,0.0213360316340067,0.0,0.15934304904405305,
0.0,0.0,0.002133603163400672,0.0213360316340067,0.0,0.19173208447770707,
0.0,0.0,0.002133603163400672,0.0213360316340067,0.0,0.19173208447770707,
0.0,0.0,0.002133603163400672,0.0213360316340067,0.0,0.19173208447770707,
0.0,0.0,0.002133603163400672,0.0213360316340067,0.0,0.19173208447770707,
0.0,0.0,0.002133603163400672,0.0213360316340067,0.0,0.19173208447770707,
0.0,0.0,0.002133603163400672,0.0213360316340067,0.0,0.19173208447770707,
0.0,0.0,0.002133603163400672,0.0213360316340067,0.0,0.19173208447770707,
0.0,0.0,0.002133603163400672,0.0213360316340067,0.0,0.2549570153507805,
0.0,0.0,0.002133603163400672,0.0213360316340067,0.0,0.2549570153507805,
0.0,0.0,0.002133603163400672,0.0213360316340067,0.0,0.2549570153507805,
0.0,0.0,0.002133603163400672,0.0213360316340067,0.0,0.2549570153507805,
0.0,0.0,0.002133603163400672,0.0213360316340067,0.0,0.2549570153507805,
0.0,0.0,0.002133603163400672,0.0213360316340067,0.0,0.2549570153507805,
0.0,0.0,0.002133603163400672,0.0213360316340067,0.0,0.2549570153507805,
0.0,0.0,0.002133603163400672,0.0213360316340067,0.0,0.2549570153507805,
0.0,0.0,0.002133603163400672,0.0213360316340067,0.0,0.39296865352749655,
0.0,0.0,0.002133603163400672,0.0213360316340067,0.0,0.39296865352749655,
0.0,0.0,0.002133603163400672,0.0213360316340067,0.0,0.39296865352749655,
0.0,0.0,0.002133603163400672,0.0213360316340067,0.0,0.39296865352749655,
0.0,0.0,0.002133603163400672,0.0213360316340067,0.0,0.39296865352749655,
0.0,0.0,0.002133603163400672,0.0213360316340067,0.0,0.6699390155466504,
0.0,0.0,0.002133603163400672,0.0213360316340067,0.0,0.6699390155466504,
0.0,0.0,0.002133603163400672,0.0213360316340067,0.0,0.6699390155466504,
0.0,0.0,0.002133603163400672,0.0213360316340067,0.0,0.6699390155466504,
0.0,0.0,0.002133603163400672,0.0213360316340067,0.0,0.6699390155466504,
0.0,0.0,0.002133603163400672,0.0213360316340067,0.0,0.6699390155466504,
0.0,0.0,0.002133603163400672,0.0213360316340067,0.0,0.6699390155466504,
0.0,0.0,0.002133603163400672,0.0213360316340067,0.0,0.9609766233457607,
0.0,0.0,0.002133603163400672,0.0213360316340067,0.0,0.9609766233457607,
0.0,0.0,0.002133603163400672,0.0213360316340067,0.0,0.9609766233457607,
0.0,0.0,0.002133603163400672,0.0213360316340067,0.0,0.9609766233457607,
0.0,0.0,0.002133603163400672,0.0213360316340067,0.0,0.9609766233457607,
0.0,0.0,0.002133603163400672,0.0213360316340067,0.0,0.9609766233457607,
0.0,0.0,0.002133603163400672,0.0213360316340067,0.0,0.9609766233457607,
0.0,0.0,0.002133603163400672,0.0213360316340067,0.0,0.9609766233457607,
0.0,0.0,0.002133603163400672,0.0213360316340067,0.0,0.9609766233457607,
0.0,0.0,0.002133603163400672,0.0213360316340067,0.0,0.9609766233457607,
0.0,0.0,0.002133603163400672,0.0213360316340067,0.0,0.9609766233457607,
0.0,0.0,0.002133603163400672,0.0213360316340067,0.0,0.9609766233457607,
0.0,0.0,0.002133603163400672,0.0213360316340067,0.0,0.9609766233457607,
0.0,0.0,0.002133603163400672,0.0213360316340067,0.0,0.9609766233457607,
0.0,0.0,0.002133603163400672,0.0213360316340067,0.0,0.9609766233457607,
0.0,0.0,0.002133603163400672,0.0213360316340067,0.0,0.9609766233457607,
0.0,0.0,0.002133603163400672,0.0213360316340067,0.0,0.9609766233457607,
0.0,0.0,0.002133603163400672,0.0213360316340067,0.0,0.9609766233457607,
0.0,0.0,0.002133603163400672,0.0213360316340067,0.0,0.9609766233457607,
0.0,0.0,0.002133603163400672,0.0213360316340067,0.0,0.9609766233457607,
0.0,0.0,0.002133603163400672,0.0213360316340067,0.0,0.9609766233457607,
0.0,0.0,0.002133603163400672,0.0213360316340067,0.0,0.9609766233457607,
0.0,0.0,0.002133603163400672,0.0213360316340067,0.0,0.9609766233457607,
0.0,0.0,0.002133603163400672,0.0213360316340067,0.0,0.9609766233457607,
0.0,0.0,0.002133603163400672,0.0213360316340067,0.0,0.9609766233457607,
0.0,0.0,0.002133603163400672,0.0213360316340067,0.0,1.2181949015934876,
0.0,0.0,0.002133603163400672,0.0213360316340067,0.0,1.2181949015934876,
0.0,0.0,0.002133603163400672,0.0213360316340067,0.0,1.2181949015934876,
0.0,0.0,0.002133603163400672,0.0213360316340067,0.0,1.5741617816568336,
0.0,0.0,0.002133603163400672,0.0213360316340067,0.0,1.5741617816568336,
0.0,0.0,0.002133603163400672,0.0213360316340067,0.0,1.5741617816568336,
0.0,0.0,0.002133603163400672,0.0213360316340067,0.0,1.5741617816568336,
0.0,0.0,0.002133603163400672,0.0213360316340067,0.0,1.5741617816568336,
0.0,0.0,0.002133603163400672,0.0213360316340067,0.0,1.5741617816568336,
0.0,0.0,0.002133603163400672,0.0213360316340067,0.0,1.5741617816568336,
0.0,0.0,0.002133603163400672,0.0213360316340067,0.0,1.5741617816568336,
0.0,0.0,0.002133603163400672,0.0213360316340067,0.0,1.5741617816568336,
0.0,0.0,0.002133603163400672,0.0213360316340067,0.0,1.9607951639823797,
0.0,0.0,0.002133603163400672,0.0213360316340067,0.0,1.9607951639823797,
0.0,0.0,0.002133603163400672,0.0213360316340067,0.0,1.9607951639823797,
0.0,0.0,0.002133603163400672,0.0213360316340067,0.0,1.9607951639823797,
0.0,0.0,0.002133603163400672,0.0213360316340067,0.0,1.9607951639823797,
0.0,0.0,0.002133603163400672,0.0213360316340067,0.0,1.9607951639823797,
0.0,0.0,0.002133603163400672,0.0213360316340067,0.0,1.9607951639823797,
0.0,0.0,0.002133603163400672,0.0213360316340067,0.0,1.9607951639823797,
0.0,0.0,0.002133603163400672,0.0213360316340067,0.0,2.1453342200646843,
0.0,0.0,0.002133603163400672,0.0213360316340067,0.0,2.1453342200646843,
0.0,0.0,0.002133603163400672,0.0213360316340067,0.0,2.1453342200646843,
0.0,0.0,0.002133603163400672,0.0213360316340067,0.0,2.1453342200646843,
0.0,0.0,0.002133603163400672,0.0213360316340067,0.0,2.1453342200646843,
0.0,0.0,0.002133603163400672,0.0213360316340067,0.0,2.4295277860315023,
0.0,0.0,0.002133603163400672,0.0213360316340067,0.0,2.4295277860315023,
0.0,0.0,0.002133603163400672,0.0213360316340067,0.0,2.4295277860315023,
0.0,0.0,0.002133603163400672,0.0213360316340067,0.0,2.4295277860315023,
0.0,0.0,0.002133603163400672,0.0213360316340067,0.0,2.4295277860315023,
0.0,0.0,0.002133603163400672,0.0213360316340067,0.0,2.4295277860315023,
0.0,0.0,0.002133603163400672,0.0213360316340067,0.0,2.6572409520142672,
0.0,0.0,0.002133603163400672,0.0213360316340067,0.0,2.6572409520142672,
0.0,0.0,0.002133603163400672,0.0213360316340067,0.0,2.6572409520142672,
0.0,0.0,0.002133603163400672,0.0213360316340067,0.0,2.6572409520142672,
0.0,0.0,0.002133603163400672,0.0213360316340067,0.0,2.6572409520142672,
0.0,0.0,0.002133603163400672,0.0213360316340067,0.0,2.6572409520142672,
0.0,0.0,0.002133603163400672,0.0213360316340067,0.0,2.6572409520142672,
0.0,0.0,0.002133603163400672,0.0213360316340067,0.0,2.6572409520142672,
0.0,0.0,0.002133603163400672,0.0213360316340067,0.0,2.6572409520142672,
0.0,0.0,0.002133603163400672,0.0213360316340067,0.0,2.7939782987970623,
0.0,0.0,0.002133603163400672,0.0213360316340067,0.0,2.7939782987970623,
0.0,0.0,0.002133603163400672,0.0213360316340067,0.0,2.7939782987970623,
0.0,0.0,0.002133603163400672,0.0213360316340067,0.0,2.7939782987970623,
0.0,0.0,0.002133603163400672,0.0213360316340067,0.0,2.7939782987970623,
0.0,0.0,0.002133603163400672,0.0213360316340067,0.0,2.7939782987970623,
0.0,0.0,0.002133603163400672,0.0213360316340067,0.0,2.872969879709592,
0.0,0.0,0.002133603163400672,0.0213360316340067,0.0,2.872969879709592,
0.0,0.0,0.002133603163400672,0.0213360316340067,0.0,2.872969879709592,
0.0,0.0,0.002133603163400672,0.0213360316340067,0.0,2.872969879709592,
0.0,0.0,0.002133603163400672,0.0213360316340067,0.0,2.872969879709592,
0.0,0.0,0.002133603163400672,0.0213360316340067,0.0,2.872969879709592,
0.0,0.0,0.002133603163400672,0.0213360316340067,0.0,2.872969879709592,
0.0,0.0,0.002133603163400672,0.0213360316340067,0.0,2.872969879709592,
0.0,0.0,0.002133603163400672,0.0213360316340067,0.0,2.872969879709592,
0.0,0.0,0.002133603163400672,0.0213360316340067,0.0,2.979631520111089,
0.0,0.0,0.002133603163400672,0.0213360316340067,0.0,3.0824651650080157,
0.0,0.0,0.002133603163400672,0.0213360316340067,0.0,3.0824651650080157,
0.0,0.0,0.002133603163400672,0.0213360316340067,0.0,3.0824651650080157,
0.0,0.0,0.002133603163400672,0.0213360316340067,0.0,3.0824651650080157,
0.0,0.0,0.002133603163400672,0.0213360316340067,0.0,3.0824651650080157,
0.0,0.0,0.002133603163400672,0.0213360316340067,0.0,3.0824651650080157,
0.0,0.0,0.002133603163400672,0.0213360316340067,0.0,3.0824651650080157,
0.0,0.0,0.002133603163400672,0.0213360316340067,0.0,3.0824651650080157,
0.0,0.0,0.002133603163400672,0.0213360316340067,0.0,3.0824651650080157,
0.0,0.0,0.002133603163400672,0.0213360316340067,0.0,3.0824651650080157,
0.0,0.0,0.002133603163400672,0.0213360316340067,0.0,3.0824651650080157,
0.0,0.0,0.002133603163400672,0.0213360316340067,0.0,3.0824651650080157,
0.0,0.0,0.002133603163400672,0.0213360316340067,0.0,3.0824651650080157,
0.0,0.0,0.002133603163400672,0.0213360316340067,0.0,3.0824651650080157,
0.0,0.0,0.002133603163400672,0.0213360316340067,0.0,3.0824651650080157,
0.0,0.0,0.002133603163400672,0.0213360316340067,0.0,3.0824651650080157,
0.0,0.0,0.002133603163400672,0.0213360316340067,0.0,3.0824651650080157,
0.0,0.0,0.002133603163400672,0.0213360316340067,0.0,3.0824651650080157,
0.0,0.0,0.002133603163400672,0.0213360316340067,0.0,3.0824651650080157,
0.0,0.0,0.002133603163400672,0.0213360316340067,0.0,3.0824651650080157,
0.0,0.0,0.002133603163400672,0.0213360316340067,0.0,3.0824651650080157,
0.0,0.0,0.002133603163400672,0.0213360316340067,0.0,3.0824651650080157,
0.0,0.0,0.002133603163400672,0.0213360316340067,0.0,3.0824651650080157,
0.0,0.0,0.002133603163400672,0.0213360316340067,0.0,3.0824651650080157,
0.0,0.0,0.002133603163400672,0.0213360316340067,0.0,3.0727462462171355,
0.0,0.0,0.002133603163400672,0.0213360316340067,0.0,3.0727462462171355,
0.0,0.0,0.002133603163400672,0.0213360316340067,0.0,3.1359815235307495,
0.0,0.0,0.002133603163400672,0.0213360316340067,0.0,3.1359815235307495,
0.0,0.0,0.002133603163400672,0.0213360316340067,0.0,3.1946943350725294,
0.0,0.0,0.002133603163400672,0.0213360316340067,0.0,3.1946943350725294,
0.0,0.0,0.002133603163400672,0.0213360316340067,0.0,3.2908514266934774,
0.0,0.0,0.002133603163400672,0.0213360316340067,0.0,3.2908514266934774,
0.0,0.0,0.002133603163400672,0.0213360316340067,0.0,3.379269088061413,
0.0,0.0,0.002133603163400672,0.0213360316340067,0.0,3.4597609214024003,
0.0,0.0,0.002133603163400672,0.0213360316340067,0.0,3.4597609214024003,
0.0,0.0,0.002133603163400672,0.0213360316340067,0.0,3.4597609214024003,
0.0,0.0,0.002133603163400672,0.0213360316340067,0.0,3.4597609214024003,
0.0,0.0,0.002133603163400672,0.0213360316340067,0.0,3.4597609214024003,
0.0,0.0,0.002133603163400672,0.0213360316340067,0.0,3.4597609214024003,
0.0,0.0,0.002133603163400672,0.0213360316340067,0.0,3.4597609214024003,
0.0,0.0,0.002133603163400672,0.0213360316340067,0.0,3.4597609214024003,
0.0,0.0,0.002133603163400672,0.0213360316340067,0.0,3.4597609214024003,
0.0,0.0,0.002133603163400672,0.0213360316340067,0.0,3.4597609214024003,
0.0,0.0,0.002133603163400672,0.0213360316340067,0.0,3.4597609214024003,
0.0,0.0,0.002133603163400672,0.0213360316340067,0.0,3.4597609214024003,
0.0,0.0,0.002133603163400672,0.0213360316340067,0.0,3.4597609214024003,
0.0,0.0,0.002133603163400672,0.0213360316340067,0.0,3.4597609214024003,
0.0,0.0,0.002133603163400672,0.0213360316340067,0.0,3.4597609214024003,
0.0,0.0,0.002133603163400672,0.0213360316340067,0.0,3.4597609214024003,
0.0,0.0,0.002133603163400672,0.0213360316340067,0.0,3.4597609214024003,
0.0,0.0,0.002133603163400672,0.0213360316340067,0.0,3.4597609214024003,
0.0,0.0,0.002133603163400672,0.0213360316340067,0.0,3.4597609214024003,
0.0,0.0,0.002133603163400672,0.0213360316340067,0.0,3.4597609214024003,
0.0,0.0,0.002133603163400672,0.0213360316340067,0.0,3.4597609214024003,
0.0,0.0,0.002133603163400672,0.0213360316340067,0.0,3.319677005898158,
0.0,0.0,0.002133603163400672,0.0213360316340067,0.0,3.319677005898158,
0.0,0.0,0.002133603163400672,0.0213360316340067,0.0,3.319677005898158,
0.0,0.0,0.002133603163400672,0.0213360316340067,0.0,3.3121922524040035,
0.0,0.0,0.002133603163400672,0.0213360316340067,0.0,3.3818479644429607,
0.0,0.0,0.002133603163400672,0.0213360316340067,0.0,3.3818479644429607,
0.0,0.0,0.002133603163400672,0.0213360316340067,0.0,3.3818479644429607,
0.0,0.0,0.002133603163400672,0.0213360316340067,0.0,3.3818479644429607,
0.0,0.0,0.002133603163400672,0.0213360316340067,0.0,3.3818479644429607,
0.0,0.0,0.002133603163400672,0.0213360316340067,0.0,3.3818479644429607,
0.0,0.0,0.002133603163400672,0.0213360316340067,0.0,3.3818479644429607,
0.0,0.0,0.002133603163400672,0.0213360316340067,0.0,3.3818479644429607,
0.0,0.0,0.002133603163400672,0.0213360316340067,0.0,3.3818479644429607,
0.0,0.0,0.002133603163400672,0.0213360316340067,0.0,3.3818479644429607,
0.0,0.0,0.002133603163400672,0.0213360316340067,0.0,3.3818479644429607,
0.0,0.0,0.002133603163400672,0.0213360316340067,0.0,3.3818479644429607,
0.0,0.0,0.002133603163400672,0.0213360316340067,0.0,3.3632071197969453,
0.0,0.0,0.002133603163400672,0.0213360316340067,0.0,3.3632071197969453,
0.0,0.0,0.002133603163400672,0.0213360316340067,0.0,3.3632071197969453,
0.0,0.0,0.002133603163400672,0.0213360316340067,0.0,3.3632071197969453,
0.0,0.0,0.002133603163400672,0.0213360316340067,0.0,3.3632071197969453,
0.0,0.0,0.002133603163400672,0.0213360316340067,0.0,3.3632071197969453,
0.0,0.0,0.002133603163400672,0.0213360316340067,0.0,3.3632071197969453,
0.0,0.0,0.002133603163400672,0.0213360316340067,0.0,3.3632071197969453,
0.0,0.0,0.002133603163400672,0.0213360316340067,0.0,3.3632071197969453,
0.0,0.0,0.002133603163400672,0.0213360316340067,0.0,3.3632071197969453,
0.0,0.0,0.002133603163400672,0.0213360316340067,0.0,3.3632071197969453,
0.0,0.0,0.002133603163400672,0.0213360316340067,0.0,3.3632071197969453,
0.0,0.0,0.002133603163400672,0.0213360316340067,0.0,3.3632071197969453,
0.0,0.0,0.002133603163400672,0.0213360316340067,0.0,3.3486918857823484,
0.0,0.0,0.002133603163400672,0.0213360316340067,0.0,3.3571949236832914,
0.0,0.0,0.002133603163400672,0.0213360316340067,0.0,3.3571949236832914,
0.0,0.0,0.002133603163400672,0.0213360316340067,0.0,3.3571949236832914,
0.0,0.0,0.002133603163400672,0.0213360316340067,0.0,3.3571949236832914,
0.0,0.0,0.002133603163400672,0.0213360316340067,0.0,3.3571949236832914,
0.0,0.0,0.002133603163400672,0.0213360316340067,0.0,3.3571949236832914,
0.0,0.0,0.002133603163400672,0.0213360316340067,0.0,3.3571949236832914,
0.0,0.0,0.002133603163400672,0.0213360316340067,0.0,3.3571949236832914,
0.0,0.0,0.002133603163400672,0.0213360316340067,0.0,3.3571949236832914,
0.0,0.0,0.002133603163400672,0.0213360316340067,0.0,3.3571949236832914,
0.0,0.0,0.002133603163400672,0.0213360316340067,0.0,3.3571949236832914,
0.0,0.0,0.002133603163400672,0.0213360316340067,0.0,3.3571949236832914,
0.0,0.0,0.002133603163400672,0.0213360316340067,0.0,3.3571949236832914,
0.0,0.0,0.002133603163400672,0.0213360316340067,0.0,3.3571949236832914,
0.0,0.0,0.002133603163400672,0.0213360316340067,0.0,3.3571949236832914,
0.0,0.0,0.002133603163400672,0.0213360316340067,0.0,3.3571949236832914,
0.0,0.0,0.002133603163400672,0.0213360316340067,0.0,3.3409581947748612,
0.0,0.0,0.002133603163400672,0.0213360316340067,0.0,3.3409581947748612,
0.0,0.0,0.002133603163400672,0.0213360316340067,0.0,3.3409581947748612,
0.0,0.0,0.002133603163400672,0.0213360316340067,0.0,3.3409581947748612,
0.0,0.0,0.002133603163400672,0.0213360316340067,0.0,3.4014790097346532,
0.0,0.0,0.002133603163400672,0.0213360316340067,0.0,3.3314960013224555,
0.0,0.0,0.002133603163400672,0.0213360316340067,0.0,3.3314960013224555,
0.0,0.0,0.002133603163400672,0.0213360316340067,0.0,3.3314960013224555,
0.0,0.0,0.002133603163400672,0.0213360316340067,0.0,3.3314960013224555,
0.0,0.0,0.002133603163400672,0.0213360316340067,0.0,3.3314960013224555,
0.0,0.0,0.002133603163400672,0.0213360316340067,0.0,3.3314960013224555,
0.0,0.0,0.002133603163400672,0.0213360316340067,0.0,3.3924183500912943,
0.0,0.0,0.002133603163400672,0.0213360316340067,0.0,3.3924183500912943,
0.0,0.0,0.002133603163400672,0.0213360316340067,0.0,3.3924183500912943,
0.0,0.0,0.002133603163400672,0.0213360316340067,0.0,3.3924183500912943,
0.0,0.0,0.002133603163400672,0.0213360316340067,0.0,3.3924183500912943,
0.0,0.0,0.002133603163400672,0.0213360316340067,0.0,3.3924183500912943,
0.0,0.0,0.002133603163400672,0.0213360316340067,0.0,3.3924183500912943,
0.0,0.0,0.002133603163400672,0.0213360316340067,0.0,3.4594634332703125,
0.0,0.0,0.002133603163400672,0.0213360316340067,0.0,3.4594634332703125,
0.0,0.0,0.002133603163400672,0.0213360316340067,0.0,3.4594634332703125,
0.0,0.0,0.002133603163400672,0.0213360316340067,0.0,3.4594634332703125,
0.0,0.0,0.002133603163400672,0.0213360316340067,0.0,3.4594634332703125,
0.0,0.0,0.002133603163400672,0.0213360316340067,0.0,3.4594634332703125,
0.0,0.0,0.002133603163400672,0.0213360316340067,0.0,3.4594634332703125,
0.0,0.0,0.002133603163400672,0.0213360316340067,0.0,3.4594634332703125,
0.0,0.0,0.002133603163400672,0.0213360316340067,0.0,3.4573855081360043,
0.0,0.0,0.002133603163400672,0.0213360316340067,0.0,3.4573855081360043,
0.0,0.0,0.002133603163400672,0.0213360316340067,0.0,3.4573855081360043,
0.0,0.0,0.002133603163400672,0.0213360316340067,0.0,3.4573855081360043,
0.0,0.0,0.002133603163400672,0.0213360316340067,0.0,3.4573855081360043,
0.0,0.0,0.002133603163400672,0.0213360316340067,0.0,3.4573855081360043,
0.0,0.0,0.002133603163400672,0.0213360316340067,0.0,3.4573855081360043,
0.0,0.0,0.002133603163400672,0.0213360316340067,0.0,3.4573855081360043,
0.0,0.0,0.002133603163400672,0.0213360316340067,0.0,3.4573855081360043,
0.0,0.0,0.002133603163400672,0.0213360316340067,0.0,3.4573855081360043,
0.0,0.0,0.002133603163400672,0.0213360316340067,0.0,3.4573855081360043,
0.0,0.0,0.002133603163400672,0.0213360316340067,0.0,3.4573855081360043,
0.0,0.0,0.002133603163400672,0.0213360316340067,0.0,3.4573855081360043,
0.0,0.0,0.002133603163400672,0.0213360316340067,0.0,3.4573855081360043,
0.0,0.0,0.002133603163400672,0.0213360316340067,0.0,3.4573855081360043,
0.0,0.0,0.002133603163400672,0.0213360316340067,0.0,3.5055380243606216,
0.0,0.0,0.002133603163400672,0.0213360316340067,0.0,3.5055380243606216,
0.0,0.0,0.002133603163400672,0.0213360316340067,0.0,3.5055380243606216,
0.0,0.0,0.002133603163400672,0.0213360316340067,0.0,3.5055380243606216,
0.0,0.0,0.002133603163400672,0.0213360316340067,0.0,3.5055380243606216,
0.0,0.0,0.002133603163400672,0.0213360316340067,0.0,3.5055380243606216,
0.0,0.0,0.002133603163400672,0.0213360316340067,0.0,3.5055380243606216,
0.0,0.0,0.002133603163400672,0.0213360316340067,0.0,3.5055380243606216,
0.0,0.0,0.002133603163400672,0.0213360316340067,0.0,3.5055380243606216,
0.0,0.0,0.002133603163400672,0.0213360316340067,0.0,3.5055380243606216,
0.0,0.0,0.002133603163400672,0.0213360316340067,0.0,3.5055380243606216,
0.0,0.0,0.002133603163400672,0.0213360316340067,0.0,3.5055380243606216,
0.0,0.0,0.002133603163400672,0.0213360316340067,0.0,3.4758061537417158,
0.0,0.0,0.002133603163400672,0.0213360316340067,0.0,3.4758061537417158,
0.0,0.0,0.002133603163400672,0.0213360316340067,0.0,3.4758061537417158,
0.0,0.0,0.002133603163400672,0.0213360316340067,0.0,3.4758061537417158,
0.0,0.0,0.002133603163400672,0.0213360316340067,0.0,3.4758061537417158,
0.0,0.0,0.002133603163400672,0.0213360316340067,0.0,3.4758061537417158,
0.0,0.0,0.002133603163400672,0.0213360316340067,0.0,3.4758061537417158,
0.0,0.0,0.002133603163400672,0.0213360316340067,0.0,3.3869979014519944,
0.0,0.0,0.002133603163400672,0.0213360316340067,0.0,3.3869979014519944,
0.0,0.0,0.002133603163400672,0.0213360316340067,0.0,3.3869979014519944,
0.0,0.0,0.002133603163400672,0.0213360316340067,0.0,3.3869979014519944,
0.0,0.0,0.002133603163400672,0.0213360316340067,0.0,3.3869979014519944,
0.0,0.0,0.002133603163400672,0.0213360316340067,0.0,3.3869979014519944,
0.0,0.0,0.002133603163400672,0.0213360316340067,0.0,3.3869979014519944,
0.0,0.0,0.002133603163400672,0.0213360316340067,0.0,3.4473228307258688,
0.0,0.0,0.002133603163400672,0.0213360316340067,0.0,3.4473228307258688,
0.0,0.0,0.002133603163400672,0.0213360316340067,0.0,3.4473228307258688,
0.0,0.0,0.002133603163400672,0.0213360316340067,0.0,3.4473228307258688,
0.0,0.0,0.002133603163400672,0.0213360316340067,0.0,3.4473228307258688,
0.0,0.0,0.002133603163400672,0.0213360316340067,0.0,3.4473228307258688,
0.0,0.0,0.002133603163400672,0.0213360316340067,0.0,3.4473228307258688,
0.0,0.0,0.002133603163400672,0.0213360316340067,0.0,3.4473228307258688,
0.0,0.0,0.002133603163400672,0.0213360316340067,0.0,3.4473228307258688,
0.0,0.0,0.002133603163400672,0.0213360316340067,0.0,3.4473228307258688,
0.0,0.0,0.002133603163400672,0.0213360316340067,0.0,3.4473228307258688,
0.0,0.0,0.002133603163400672,0.0213360316340067,0.0,3.4473228307258688,
0.0,0.0,0.002133603163400672,0.0213360316340067,0.0,3.5109656579192525,
0.0,0.0,0.002133603163400672,0.0213360316340067,0.0,3.5109656579192525,
0.0,0.0,0.002133603163400672,0.0213360316340067,0.0,3.5109656579192525,
0.0,0.0,0.002133603163400672,0.0213360316340067,0.0,3.5109656579192525,
0.0,0.0,0.002133603163400672,0.0213360316340067,0.0,3.5109656579192525,
0.0,0.0,0.002133603163400672,0.0213360316340067,0.0,3.5109656579192525,
0.0,0.0,0.002133603163400672,0.0213360316340067,0.0,3.5109656579192525,
0.0,0.0,0.002133603163400672,0.0213360316340067,0.0,3.5109656579192525,
0.0,0.0,0.002133603163400672,0.0213360316340067,0.0,3.5688895852003566,
0.0,0.0,0.002133603163400672,0.0213360316340067,0.0,3.5570119282146684,
0.0,0.0,0.002133603163400672,0.0213360316340067,0.0,3.5570119282146684,
0.0,0.0,0.002133603163400672,0.0213360316340067,0.0,3.5387033050882355,
0.0,0.0,0.002133603163400672,0.0213360316340067,0.0,3.5387033050882355,
0.0,0.0,0.002133603163400672,0.0213360316340067,0.0,3.5387033050882355,
0.0,0.0,0.002133603163400672,0.0213360316340067,0.0,3.5387033050882355,
0.0,0.0,0.002133603163400672,0.0213360316340067,0.0,3.5387033050882355,
0.0,0.0,0.002133603163400672,0.0213360316340067,0.0,3.5387033050882355,
0.0,0.0,0.002133603163400672,0.0213360316340067,0.0,3.5387033050882355,
0.0,0.0,0.002133603163400672,0.0213360316340067,0.0,3.5387033050882355,
0.0,0.0,0.002133603163400672,0.0213360316340067,0.0,3.5387033050882355,
0.0,0.0,0.002133603163400672,0.0213360316340067,0.0,3.5387033050882355,
0.0,0.0,0.002133603163400672,0.0213360316340067,0.0,3.5387033050882355,
0.0,0.0,0.002133603163400672,0.0213360316340067,0.0,3.5387033050882355,
0.0,0.0,0.002133603163400672,0.0213360316340067,0.0,3.5387033050882355,
0.0,0.0,0.002133603163400672,0.0213360316340067,0.0,3.5387033050882355,
0.0,0.0,0.002133603163400672,0.0213360316340067,0.0,3.5387033050882355,
0.0,0.0,0.002133603163400672,0.0213360316340067,0.0,3.5387033050882355,
0.0,0.0,0.002133603163400672,0.0213360316340067,0.0,3.518484167293494,
0.0,0.0,0.002133603163400672,0.0213360316340067,0.0,3.518484167293494,
0.0,0.0,0.002133603163400672,0.0213360316340067,0.0,3.518484167293494,
0.0,0.0,0.002133603163400672,0.0213360316340067,0.0,3.518484167293494,
0.0,0.0,0.002133603163400672,0.0213360316340067,0.0,3.518484167293494,
0.0,0.0,0.002133603163400672,0.0213360316340067,0.0,3.518484167293494,
0.0,0.0,0.002133603163400672,0.0213360316340067,0.0,3.518484167293494,
0.0,0.0,0.002133603163400672,0.0213360316340067,0.0,3.518484167293494,
0.0,0.0,0.002133603163400672,0.0213360316340067,0.0,3.518484167293494,
0.0,0.0,0.002133603163400672,0.0213360316340067,0.0,3.4921363385300777,
0.0,0.0,0.002133603163400672,0.0213360316340067,0.0,3.4921363385300777,
0.0,0.0,0.002133603163400672,0.0213360316340067,0.0,3.4921363385300777,
0.0,0.0,0.002133603163400672,0.0213360316340067,0.0,3.546232433460471,
0.0,0.0,0.002133603163400672,0.0213360316340067,0.0,3.595976432632283,
0.0,0.0,0.002133603163400672,0.0213360316340067,0.0,3.595976432632283,
0.0,0.0,0.002133603163400672,0.0213360316340067,0.0,3.595976432632283,
0.0,0.0,0.002133603163400672,0.0213360316340067,0.0,3.595976432632283,
0.0,0.0,0.002133603163400672,0.0213360316340067,0.0,3.595976432632283,
0.0,0.0,0.002133603163400672,0.0213360316340067,0.0,3.595976432632283,
0.0,0.0,0.002133603163400672,0.0213360316340067,0.0,3.6043065031183072,
0.0,0.0,0.002133603163400672,0.0213360316340067,0.0,3.653422294012231,
0.0,0.0,0.002133603163400672,0.0213360316340067,0.0,3.653422294012231,
0.0,0.0,0.002133603163400672,0.0213360316340067,0.0,3.653422294012231,
0.0,0.0,0.002133603163400672,0.0213360316340067,0.0,3.653422294012231,
0.0,0.0,0.002133603163400672,0.0213360316340067,0.0,3.653422294012231,
0.0,0.0,0.002133603163400672,0.0213360316340067,0.0,3.653422294012231,
0.0,0.0,0.002133603163400672,0.0213360316340067,0.0,3.653422294012231,
0.0,0.0,0.002133603163400672,0.0213360316340067,0.0,3.653422294012231,
0.0,0.0,0.002133603163400672,0.0213360316340067,0.0,3.7003004781652264,
0.0,0.0,0.002133603163400672,0.0213360316340067,0.0,3.7003004781652264,
0.0,0.0,0.002133603163400672,0.0213360316340067,0.0,3.7003004781652264,
0.0,0.0,0.002133603163400672,0.0213360316340067,0.0,3.7003004781652264,
0.0,0.0,0.002133603163400672,0.0213360316340067,0.0,3.7003004781652264,
0.0,0.0,0.002133603163400672,0.0213360316340067,0.0,3.744214052009575,
0.0,0.0,0.002133603163400672,0.0213360316340067,0.0,3.744214052009575,
0.0,0.0,0.002133603163400672,0.0213360316340067,0.0,3.744214052009575,
0.0,0.0,0.002133603163400672,0.0213360316340067,0.0,3.744214052009575,
0.0,0.0,0.002133603163400672,0.0213360316340067,0.0,3.744214052009575,
0.0,0.0,0.002133603163400672,0.0213360316340067,0.0,3.744214052009575,
0.0,0.0,0.002133603163400672,0.0213360316340067,0.0,3.744214052009575,
0.0,0.0,0.002133603163400672,0.0213360316340067,0.0,3.744214052009575,
0.0,0.0,0.002133603163400672,0.0213360316340067,0.0,3.744214052009575,
0.0,0.0,0.002133603163400672,0.0213360316340067,0.0,3.744214052009575,
0.0,0.0,0.002133603163400672,0.0213360316340067,0.0,3.744214052009575,
0.0,0.0,0.002133603163400672,0.0213360316340067,0.0,3.744214052009575,
0.0,0.0,0.002133603163400672,0.0213360316340067,0.0,3.744214052009575,
0.0,0.0,0.002133603163400672,0.0213360316340067,0.0,3.744214052009575,
0.0,0.0,0.002133603163400672,0.0213360316340067,0.0,3.744214052009575,
0.0,0.0,0.002133603163400672,0.0213360316340067,0.0,3.744214052009575,
0.0,0.0,0.002133603163400672,0.0213360316340067,0.0,3.744214052009575,
0.0,0.0,0.002133603163400672,0.0213360316340067,0.0,3.744214052009575,
0.0,0.0,0.002133603163400672,0.0213360316340067,0.0,3.744214052009575,
0.0,0.0,0.002133603163400672,0.0213360316340067,0.0,3.744214052009575,
0.0,0.0,0.002133603163400672,0.0213360316340067,0.0,3.744214052009575,
0.0,0.0,0.002133603163400672,0.0213360316340067,0.0,3.744214052009575,
0.0,0.0,0.002133603163400672,0.0213360316340067,0.0,3.744214052009575,
0.0,0.0,0.002133603163400672,0.0213360316340067,0.0,3.744214052009575,
0.0,0.0,0.002133603163400672,0.0213360316340067,0.0,3.744214052009575,
0.0,0.0,0.002133603163400672,0.0213360316340067,0.0,3.744214052009575,
0.0,0.0,0.002133603163400672,0.0213360316340067,0.0,3.744214052009575,
0.0,0.0,0.002133603163400672,0.0213360316340067,0.0,3.744214052009575,
0.0,0.0,0.002133603163400672,0.0213360316340067,0.0,3.744214052009575,
0.0,0.0,0.002133603163400672,0.0213360316340067,0.0,3.744214052009575,
0.0,0.0,0.002133603163400672,0.0213360316340067,0.0,3.744214052009575,
0.0,0.0,0.002133603163400672,0.0213360316340067,0.0,3.744214052009575,
0.0,0.0,0.002133603163400672,0.0213360316340067,0.0,3.744214052009575,
0.0,0.0,0.002133603163400672,0.0213360316340067,0.0,3.744214052009575,
0.0,0.0,0.002133603163400672,0.0213360316340067,0.0,3.7678754948724555,
0.0,0.0,0.002133603163400672,0.0213360316340067,0.0,3.7678754948724555,
0.0,0.0,0.002133603163400672,0.0213360316340067,0.0,3.7678754948724555,
0.0,0.0,0.002133603163400672,0.0213360316340067,0.0,3.7678754948724555,
0.0,0.0,0.002133603163400672,0.0213360316340067,0.0,3.7678754948724555,
0.0,0.0,0.002133603163400672,0.0213360316340067,0.0,3.7678754948724555,
0.0,0.0,0.002133603163400672,0.0213360316340067,0.0,3.7678754948724555,
0.0,0.0,0.002133603163400672,0.0213360316340067,0.0,3.7678754948724555,
0.0,0.0,0.002133603163400672,0.0213360316340067,0.0,3.7678754948724555,
0.0,0.0,0.002133603163400672,0.0213360316340067,0.0,3.7678754948724555,
0.0,0.0,0.002133603163400672,0.0213360316340067,0.0,3.7678754948724555,
0.0,0.0,0.002133603163400672,0.0213360316340067,0.0,3.7678754948724555,
0.0,0.0,0.002133603163400672,0.0213360316340067,0.0,3.7678754948724555,
0.0,0.0,0.002133603163400672,0.0213360316340067,0.0,3.7678754948724555,
0.0,0.0,0.002133603163400672,0.0213360316340067,0.0,3.7678754948724555,
0.0,0.0,0.002133603163400672,0.0213360316340067,0.0,3.7678754948724555,
0.0,0.0,0.002133603163400672,0.0213360316340067,0.0,3.7678754948724555,
0.0,0.0,0.002133603163400672,0.0213360316340067,0.0,3.7475142264106283,
0.0,0.0,0.002133603163400672,0.0213360316340067,0.0,3.7475142264106283,
0.0,0.0,0.002133603163400672,0.0213360316340067,0.0,3.7493009073313046,
0.0,0.0,0.002133603163400672,0.0213360316340067,0.0,3.7493009073313046,
0.0,0.0,0.002133603163400672,0.0213360316340067,0.0,3.7493009073313046,
0.0,0.0,0.002133603163400672,0.0213360316340067,0.0,3.7493009073313046,
0.0,0.0,0.002133603163400672,0.0213360316340067,0.0,3.7493009073313046,
0.0,0.0,0.002133603163400672,0.0213360316340067,0.0,3.7493009073313046,
0.0,0.0,0.002133603163400672,0.0213360316340067,0.0,3.7493009073313046,
0.0,0.0,0.002133603163400672,0.0213360316340067,0.0,3.7493009073313046,
0.0,0.0,0.002133603163400672,0.0213360316340067,0.0,3.7493009073313046,
0.0,0.0,0.002133603163400672,0.0213360316340067,0.0,3.7493009073313046,
0.0,0.0,0.002133603163400672,0.0213360316340067,0.0,3.7493009073313046,
0.0,0.0,0.002133603163400672,0.0213360316340067,0.0,3.7493009073313046,
0.0,0.0,0.002133603163400672,0.0213360316340067,0.0,3.7770441316631143,
0.0,0.0,0.002133603163400672,0.0213360316340067,0.0,3.7770441316631143,
0.0,0.0,0.002133603163400672,0.0213360316340067,0.0,3.7770441316631143,
0.0,0.0,0.002133603163400672,0.0213360316340067,0.0,3.7770441316631143,
0.0,0.0,0.002133603163400672,0.0213360316340067,0.0,3.80897673387405,
0.0,0.0,0.002133603163400672,0.0213360316340067,0.0,3.80897673387405,
0.0,0.0,0.002133603163400672,0.0213360316340067,0.0,3.80897673387405,
0.0,0.0,0.002133603163400672,0.0213360316340067,0.0,3.80897673387405,
0.0,0.0,0.002133603163400672,0.0213360316340067,0.0,3.7903725394901433,
0.0,0.0,0.002133603163400672,0.0213360316340067,0.0,3.7903725394901433,
0.0,0.0,0.002133603163400672,0.0213360316340067,0.0,3.7903725394901433,
0.0,0.0,0.002133603163400672,0.0213360316340067,0.0,3.7789475764162663,
0.0,0.0,0.002133603163400672,0.0213360316340067,0.0,3.7789475764162663,
0.0,0.0,0.002133603163400672,0.0213360316340067,0.0,3.7789475764162663,
0.0,0.0,0.002133603163400672,0.0213360316340067,0.0,3.812072869317465,
0.0,0.0,0.002133603163400672,0.0213360316340067,0.0,3.812072869317465,
0.0,0.0,0.002133603163400672,0.0213360316340067,0.0,3.812072869317465,
0.0,0.0,0.002133603163400672,0.0213360316340067,0.0,3.812072869317465,
0.0,0.0,0.002133603163400672,0.0213360316340067,0.0,3.812072869317465,
0.0,0.0,0.002133603163400672,0.0213360316340067,0.0,3.812072869317465,
0.0,0.0,0.002133603163400672,0.0213360316340067,0.0,3.7312760281106474,
0.0,0.0,0.002133603163400672,0.0213360316340067,0.0,3.770640159656594,
0.0,0.0,0.002133603163400672,0.0213360316340067,0.0,3.770640159656594,
0.0,0.0,0.002133603163400672,0.0213360316340067,0.0,3.770640159656594,
0.0,0.0,0.002133603163400672,0.0213360316340067,0.0,3.770640159656594,
0.0,0.0,0.002133603163400672,0.0213360316340067,0.0,3.770640159656594,
0.0,0.0,0.002133603163400672,0.0213360316340067,0.0,3.770640159656594,
0.0,0.0,0.002133603163400672,0.0213360316340067,0.0,3.770640159656594,
0.0,0.0,0.002133603163400672,0.0213360316340067,0.0,3.807988345360034,
0.0,0.0,0.002133603163400672,0.0213360316340067,0.0,3.807988345360034,
0.0,0.0,0.002133603163400672,0.0213360316340067,0.0,3.807988345360034,
0.0,0.0,0.002133603163400672,0.0213360316340067,0.0,3.807988345360034,
0.0,0.0,0.002133603163400672,0.0213360316340067,0.0,3.7592878144836974,
0.0,0.0,0.002133603163400672,0.0213360316340067,0.0,3.7592878144836974,
0.0,0.0,0.002133603163400672,0.0213360316340067,0.0,3.7592878144836974,
0.0,0.0,0.002133603163400672,0.0213360316340067,0.0,3.7592878144836974,
0.0,0.0,0.002133603163400672,0.0213360316340067,0.0,3.7592878144836974,
0.0,0.0,0.002133603163400672,0.0213360316340067,0.0,3.7592878144836974,
0.0,0.0,0.002133603163400672,0.0213360316340067,0.0,3.7592878144836974,
0.0,0.0,0.002133603163400672,0.0213360316340067,0.0,3.7592878144836974,
0.0,0.0,0.002133603163400672,0.0213360316340067,0.0,3.7592878144836974,
0.0,0.0,0.002133603163400672,0.0213360316340067,0.0,3.7592878144836974,
0.0,0.0,0.002133603163400672,0.0213360316340067,0.0,3.7592878144836974,
0.0,0.0,0.002133603163400672,0.0213360316340067,0.0,3.7996657932118767,
0.0,0.0,0.002133603163400672,0.0213360316340067,0.0,3.7996657932118767,
0.0,0.0,0.002133603163400672,0.0213360316340067,0.0,3.7996657932118767,
0.0,0.0,0.002133603163400672,0.0213360316340067,0.0,3.7996657932118767,
0.0,0.0,0.002133603163400672,0.0213360316340067,0.0,3.7996657932118767,
0.0,0.0,0.002133603163400672,0.0213360316340067,0.0,3.79027197025769,
0.0,0.0,0.002133603163400672,0.0213360316340067,0.0,3.822595144943359,
0.0,0.0,0.002133603163400672,0.0213360316340067,0.0,3.822595144943359,
0.0,0.0,0.002133603163400672,0.0213360316340067,0.0,3.8098707128448472,
0.0,0.0,0.002133603163400672,0.0213360316340067,0.0,3.7542788339595794,
0.0,0.0,0.002133603163400672,0.0213360316340067,0.0,3.7542788339595794,
0.0,0.0,0.002133603163400672,0.0213360316340067,0.0,3.7542788339595794,
0.0,0.0,0.002133603163400672,0.0213360316340067,0.0,3.7542788339595794,
0.0,0.0,0.002133603163400672,0.0213360316340067,0.0,3.788037767576652,
0.0,0.0,0.002133603163400672,0.0213360316340067,0.0,3.788037767576652,
0.0,0.0,0.002133603163400672,0.0213360316340067,0.0,3.797504853242149,
0.0,0.0,0.002133603163400672,0.0213360316340067,0.0,3.797504853242149,
0.0,0.0,0.002133603163400672,0.0213360316340067,0.0,3.797504853242149,
0.0,0.0,0.002133603163400672,0.0213360316340067,0.0,3.797504853242149,
0.0,0.0,0.002133603163400672,0.0213360316340067,0.0,3.797504853242149,
0.0,0.0,0.002133603163400672,0.0213360316340067,0.0,3.805543193895738,
0.0,0.0,0.002133603163400672,0.0213360316340067,0.0,3.8123441171469676,
0.0,0.0,0.002133603163400672,0.0213360316340067,0.0,3.8123441171469676,
0.0,0.0,0.002133603163400672,0.0213360316340067,0.0,3.8123441171469676,
0.0,0.0,0.002133603163400672,0.0213360316340067,0.0,3.724670861006836,
0.0,0.0,0.002133603163400672,0.0213360316340067,0.0,3.724670861006836,
0.0,0.0,0.002133603163400672,0.0213360316340067,0.0,3.724670861006836,
0.0,0.0,0.002133603163400672,0.0213360316340067,0.0,3.724670861006836,
0.0,0.0,0.002133603163400672,0.0213360316340067,0.0,3.724670861006836,
0.0,0.0,0.002133603163400672,0.0213360316340067,0.0,3.724670861006836,
0.0,0.0,0.002133603163400672,0.0213360316340067,0.0,3.724670861006836,
0.0,0.0,0.002133603163400672,0.0213360316340067,0.0,3.724670861006836,
0.0,0.0,0.002133603163400672,0.0213360316340067,0.0,3.724670861006836,
0.0,0.0,0.002133603163400672,0.0213360316340067,0.0,3.724670861006836,
0.0,0.0,0.002133603163400672,0.0213360316340067,0.0,3.724670861006836,
0.0,0.0,0.002133603163400672,0.0213360316340067,0.0,3.724670861006836,
0.0,0.0,0.002133603163400672,0.0213360316340067,0.0,3.724670861006836,
0.0,0.0,0.002133603163400672,0.0213360316340067,0.0,3.724670861006836,
0.0,0.0,0.002133603163400672,0.0213360316340067,0.0,3.724670861006836,
0.0,0.0,0.002133603163400672,0.0213360316340067,0.0,3.724670861006836,
0.0,0.0,0.002133603163400672,0.0213360316340067,0.0,3.724670861006836,
0.0,0.0,0.002133603163400672,0.0213360316340067,0.0,3.724670861006836,
0.0,0.0,0.002133603163400672,0.0213360316340067,0.0,3.724670861006836,
0.0,0.0,0.002133603163400672,0.0213360316340067,0.0,3.724670861006836,
0.0,0.0,0.002133603163400672,0.0213360316340067,0.0,3.724670861006836,
0.0,0.0,0.002133603163400672,0.0213360316340067,0.0,3.724670861006836,
0.0,0.0,0.002133603163400672,0.0213360316340067,0.0,3.724670861006836,
0.0,0.0,0.002133603163400672,0.0213360316340067,0.0,3.724670861006836,
0.0,0.0,0.002133603163400672,0.0213360316340067,0.0,3.724670861006836,
0.0,0.0,0.002133603163400672,0.0213360316340067,0.0,3.724670861006836,
0.0,0.0,0.002133603163400672,0.0213360316340067,0.0,3.724670861006836,
0.0,0.0,0.002133603163400672,0.0213360316340067,0.0,3.724670861006836,
0.0,0.0,0.002133603163400672,0.0213360316340067,0.0,3.724670861006836,
0.0,0.0,0.002133603163400672,0.0213360316340067,0.0,3.750829917572491,
0.0,0.0,0.002133603163400672,0.0213360316340067,0.0,3.750829917572491,
0.0,0.0,0.002133603163400672,0.0213360316340067,0.0,3.750829917572491,
0.0,0.0,0.002133603163400672,0.0213360316340067,0.0,3.750829917572491,
0.0,0.0,0.002133603163400672,0.0213360316340067,0.0,3.750829917572491,
0.0,0.0,0.002133603163400672,0.0213360316340067,0.0,3.750829917572491,
0.0,0.0,0.002133603163400672,0.0213360316340067,0.0,3.70327242478791,
0.0,0.0,0.002133603163400672,0.0213360316340067,0.0,3.70327242478791,
0.0,0.0,0.002133603163400672,0.0213360316340067,0.0,3.70327242478791,
0.0,0.0,0.002133603163400672,0.0213360316340067,0.0,3.70327242478791,
0.0,0.0,0.002133603163400672,0.0213360316340067,0.0,3.70327242478791,
0.0,0.0,0.002133603163400672,0.0213360316340067,0.0,3.7021087593871416,
0.0,0.0,0.002133603163400672,0.0213360316340067,0.0,3.7021087593871416,
0.0,0.0,0.002133603163400672,0.0213360316340067,0.0,3.702867029480014,
0.0,0.0,0.002133603163400672,0.0213360316340067,0.0,3.7095230796945278,
0.0,0.0,0.002133603163400672,0.0213360316340067,0.0,3.7095230796945278,
0.0,0.0,0.002133603163400672,0.0213360316340067,0.0,3.7095230796945278,
0.0,0.0,0.002133603163400672,0.0213360316340067,0.0,3.7095230796945278,
0.0,0.0,0.002133603163400672,0.0213360316340067,0.0,3.7095230796945278,
0.0,0.0,0.002133603163400672,0.0213360316340067,0.0,3.7095230796945278,
0.0,0.0,0.002133603163400672,0.0213360316340067,0.0,3.7525656754652754,
0.0,0.0,0.002133603163400672,0.0213360316340067,0.0,3.7790715660290313,
0.0,0.0,0.002133603163400672,0.0213360316340067,0.0,3.7723845836885856,
0.0,0.0,0.002133603163400672,0.0213360316340067,0.0,3.7723845836885856,
0.0,0.0,0.002133603163400672,0.0213360316340067,0.0,3.7723845836885856,
0.0,0.0,0.002133603163400672,0.0213360316340067,0.0,3.769335606529052,
0.0,0.0,0.002133603163400672,0.0213360316340067,0.0,3.808958350874531,
0.0,0.0,0.002133603163400672,0.0213360316340067,0.0,3.808958350874531,
0.0,0.0,0.002133603163400672,0.0213360316340067,0.0,3.808958350874531,
0.0,0.0,0.002133603163400672,0.0213360316340067,0.0,3.808958350874531,
0.0,0.0,0.002133603163400672,0.0213360316340067,0.0,3.808958350874531,
0.0,0.0,0.002133603163400672,0.0213360316340067,0.0,3.8044231216074436,
0.0,0.0,0.002133603163400672,0.0213360316340067,0.0,3.8044231216074436,
0.0,0.0,0.002133603163400672,0.0213360316340067,0.0,3.8044231216074436,
0.0,0.0,0.002133603163400672,0.0213360316340067,0.0,3.8044231216074436,
0.0,0.0,0.002133603163400672,0.0213360316340067,0.0,3.8044231216074436,
0.0,0.0,0.002133603163400672,0.0213360316340067,0.0,3.8044231216074436,
0.0,0.0,0.002133603163400672,0.0213360316340067,0.0,3.8044231216074436,
0.0,0.0,0.002133603163400672,0.0213360316340067,0.0,3.7487962245155755,
0.0,0.0,0.002133603163400672,0.0213360316340067,0.0,3.7487962245155755,
0.0,0.0,0.002133603163400672,0.0213360316340067,0.0,3.7487962245155755,
0.0,0.0,0.002133603163400672,0.0213360316340067,0.0,3.7487962245155755,
0.0,0.0,0.002133603163400672,0.0213360316340067,0.0,3.7487962245155755,
0.0,0.0,0.002133603163400672,0.0213360316340067,0.0,3.548334267567133,
0.0,0.0,0.002133603163400672,0.0213360316340067,0.0,3.558007570149113,
0.0,0.0,0.002133603163400672,0.0213360316340067,0.0,3.558007570149113,
0.0,0.0,0.002133603163400672,0.0213360316340067,0.0,3.558007570149113,
0.0,0.0,0.002133603163400672,0.0213360316340067,0.0,3.558007570149113,
0.0,0.0,0.002133603163400672,0.0213360316340067,0.0,3.558007570149113,
0.0,0.0,0.002133603163400672,0.0213360316340067,0.0,3.558007570149113,
0.0,0.0,0.002133603163400672,0.0213360316340067,0.0,3.558007570149113,
0.0,0.0,0.002133603163400672,0.0213360316340067,0.0,3.558007570149113,
0.0,0.0,0.002133603163400672,0.0213360316340067,0.0,3.610756202317978,
0.0,0.0,0.002133603163400672,0.0213360316340067,0.0,3.6529406453268876,
0.0,0.0,0.002133603163400672,0.0213360316340067,0.0,3.6529406453268876,
0.0,0.0,0.002133603163400672,0.0213360316340067,0.0,3.6529406453268876,
0.0,0.0,0.002133603163400672,0.0213360316340067,0.0,3.6529406453268876,
0.0,0.0,0.002133603163400672,0.0213360316340067,0.0,3.6529406453268876,
0.0,0.0,0.002133603163400672,0.0213360316340067,0.0,3.6529406453268876,
0.0,0.0,0.002133603163400672,0.0213360316340067,0.0,3.6529406453268876,
0.0,0.0,0.002133603163400672,0.0213360316340067,0.0,3.6116652744736992,
0.0,0.0,0.002133603163400672,0.0213360316340067,0.0,3.6116652744736992,
0.0,0.0,0.002133603163400672,0.0213360316340067,0.0,3.6116652744736992,
0.0,0.0,0.002133603163400672,0.0213360316340067,0.0,3.6116652744736992,
0.0,0.0,0.002133603163400672,0.0213360316340067,0.0,3.6116652744736992,
0.0,0.0,0.002133603163400672,0.0213360316340067,0.0,3.6116652744736992,
0.0,0.0,0.002133603163400672,0.0213360316340067,0.0,3.6116652744736992,
0.0,0.0,0.002133603163400672,0.0213360316340067,0.0,3.6116652744736992,
0.0,0.0,0.002133603163400672,0.0213360316340067,0.0,3.6116652744736992,
0.0,0.0,0.002133603163400672,0.0213360316340067,0.0,3.6116652744736992,
0.0,0.0,0.002133603163400672,0.0213360316340067,0.0,3.6116652744736992,
0.0,0.0,0.002133603163400672,0.0213360316340067,0.0,3.6116652744736992,
0.0,0.0,0.002133603163400672,0.0213360316340067,0.0,3.6116652744736992,
0.0,0.0,0.002133603163400672,0.0213360316340067,0.0,3.6116652744736992,
0.0,0.0,0.002133603163400672,0.0213360316340067,0.0,3.6116652744736992,
0.0,0.0,0.002133603163400672,0.0213360316340067,0.0,3.6116652744736992,
0.0,0.0,0.002133603163400672,0.0213360316340067,0.0,3.6116652744736992,
0.0,0.0,0.002133603163400672,0.0213360316340067,0.0,3.6116652744736992,
0.0,0.0,0.002133603163400672,0.0213360316340067,0.0,3.6116652744736992,
0.0,0.0,0.002133603163400672,0.0213360316340067,0.0,3.6116652744736992,
0.0,0.0,0.002133603163400672,0.0213360316340067,0.0,3.6116652744736992,
0.0,0.0,0.002133603163400672,0.0213360316340067,0.0,3.6116652744736992,
0.0,0.0,0.002133603163400672,0.0213360316340067,0.0,3.6116652744736992,
0.0,0.0,0.002133603163400672,0.0213360316340067,0.0,3.6116652744736992,
0.0,0.0,0.002133603163400672,0.0213360316340067,0.0,3.65233419050084,
0.0,0.0,0.002133603163400672,0.0213360316340067,0.0,3.65233419050084,
0.0,0.0,0.002133603163400672,0.0213360316340067,0.0,3.65233419050084,
0.0,0.0,0.002133603163400672,0.0213360316340067,0.0,3.65233419050084,
0.0,0.0,0.002133603163400672,0.0213360316340067,0.0,3.65233419050084,
0.0,0.0,0.002133603163400672,0.0213360316340067,0.0,3.65233419050084,
0.0,0.0,0.002133603163400672,0.0213360316340067,0.0,3.65233419050084,
0.0,0.0,0.002133603163400672,0.0213360316340067,0.0,3.65233419050084,
0.0,0.0,0.002133603163400672,0.0213360316340067,0.0,3.65233419050084,
0.0,0.0,0.002133603163400672,0.0213360316340067,0.0,3.65233419050084,
0.0,0.0,0.002133603163400672,0.0213360316340067,0.0,3.65233419050084,
0.0,0.0,0.002133603163400672,0.0213360316340067,0.0,3.65233419050084,
0.0,0.0,0.002133603163400672,0.0213360316340067,0.0,3.65233419050084,
0.0,0.0,0.002133603163400672,0.0213360316340067,0.0,3.65233419050084,
0.0,0.0,0.002133603163400672,0.0213360316340067,0.0,3.65233419050084,
0.0,0.0,0.002133603163400672,0.0213360316340067,0.0,3.65233419050084,
0.0,0.0,0.002133603163400672,0.0213360316340067,0.0,3.65233419050084,
0.0,0.0,0.002133603163400672,0.0213360316340067,0.0,3.65233419050084,
0.0,0.0,0.002133603163400672,0.0213360316340067,0.0,3.65233419050084,
0.0,0.0,0.002133603163400672,0.0213360316340067,0.0,3.65233419050084,
0.0,0.0,0.002133603163400672,0.0213360316340067,0.0,3.65233419050084,
0.0,0.0,0.002133603163400672,0.0213360316340067,0.0,3.65233419050084,
0.0,0.0,0.002133603163400672,0.0213360316340067,0.0,3.65233419050084,
0.0,0.0,0.002133603163400672,0.0213360316340067,0.0,3.65233419050084,
0.0,0.0,0.002133603163400672,0.0213360316340067,0.0,3.65233419050084,
0.0,0.0,0.002133603163400672,0.0213360316340067,0.0,3.65233419050084,
0.0,0.0,0.002133603163400672,0.0213360316340067,0.0,3.65233419050084,
0.0,0.0,0.002133603163400672,0.0213360316340067,0.0,3.65233419050084,
0.0,0.0,0.002133603163400672,0.0213360316340067,0.0,3.65233419050084,
0.0,0.0,0.002133603163400672,0.0213360316340067,0.0,3.63383059033596,
0.0,0.0,0.002133603163400672,0.0213360316340067,0.0,3.63383059033596,
0.0,0.0,0.002133603163400672,0.0213360316340067,0.0,3.6440810782237656,
0.0,0.0,0.002133603163400672,0.0213360316340067,0.0,3.6440810782237656,
0.0,0.0,0.002133603163400672,0.0213360316340067,0.0,3.6440810782237656,
0.0,0.0,0.002133603163400672,0.0213360316340067,0.0,3.6440810782237656,
0.0,0.0,0.002133603163400672,0.0213360316340067,0.0,3.587374538756257,
0.0,0.0,0.002133603163400672,0.0213360316340067,0.0,3.587374538756257,
0.0,0.0,0.002133603163400672,0.0213360316340067,0.0,3.587374538756257,
0.0,0.0,0.002133603163400672,0.0213360316340067,0.0,3.587374538756257,
0.0,0.0,0.002133603163400672,0.0213360316340067,0.0,3.587374538756257,
0.0,0.0,0.002133603163400672,0.0213360316340067,0.0,3.587374538756257,
0.0,0.0,0.002133603163400672,0.0213360316340067,0.0,3.6126982959441807,
0.0,0.0,0.002133603163400672,0.0213360316340067,0.0,3.6305868174112046,
0.0,0.0,0.002133603163400672,0.0213360316340067,0.0,3.6305868174112046,
0.0,0.0,0.002133603163400672,0.0213360316340067,0.0,3.6492028336209237,
0.0,0.0,0.002133603163400672,0.0213360316340067,0.0,3.6492028336209237,
0.0,0.0,0.002133603163400672,0.0213360316340067,0.0,3.6670579073672718,
0.0,0.0,0.002133603163400672,0.0213360316340067,0.0,3.6670579073672718,
0.0,0.0,0.002133603163400672,0.0213360316340067,0.0,3.581944877509322,
0.0,0.0,0.002133603163400672,0.0213360316340067,0.0,3.581944877509322,
0.0,0.0,0.002133603163400672,0.0213360316340067,0.0,3.581944877509322,
0.0,0.0,0.002133603163400672,0.0213360316340067,0.0,3.581944877509322,
0.0,0.0,0.002133603163400672,0.0213360316340067,0.0,3.581944877509322,
0.0,0.0,0.002133603163400672,0.0213360316340067,0.0,3.581944877509322,
0.0,0.0,0.002133603163400672,0.0213360316340067,0.0,3.581944877509322,
0.0,0.0,0.002133603163400672,0.0213360316340067,0.0,3.581944877509322,
0.0,0.0,0.002133603163400672,0.0213360316340067,0.0,3.3706609232604237,
0.0,0.0,0.002133603163400672,0.0213360316340067,0.0,3.3706609232604237,
0.0,0.0,0.002133603163400672,0.0213360316340067,0.0,3.3706609232604237,
0.0,0.0,0.002133603163400672,0.0213360316340067,0.0,3.3706609232604237,
0.0,0.0,0.002133603163400672,0.0213360316340067,0.0,3.3706609232604237,
0.0,0.0,0.002133603163400672,0.0213360316340067,0.0,3.3706609232604237,
0.0,0.0,0.002133603163400672,0.0213360316340067,0.0,3.3706609232604237,
0.0,0.0,0.002133603163400672,0.0213360316340067,0.0,3.3706609232604237,
0.0,0.0,0.002133603163400672,0.0213360316340067,0.0,3.3706609232604237,
0.0,0.0,0.002133603163400672,0.0213360316340067,0.0,3.416961101451308,
0.0,0.0,0.002133603163400672,0.0213360316340067,0.0,3.416961101451308,
0.0,0.0,0.002133603163400672,0.0213360316340067,0.0,3.416961101451308,
0.0,0.0,0.002133603163400672,0.0213360316340067,0.0,3.416961101451308,
0.0,0.0,0.002133603163400672,0.0213360316340067,0.0,3.416961101451308,
0.0,0.0,0.002133603163400672,0.0213360316340067,0.0,3.416961101451308,
0.0,0.0,0.002133603163400672,0.0213360316340067,0.0,3.416961101451308,
0.0,0.0,0.002133603163400672,0.0213360316340067,0.0,3.4629525032933195,
0.0,0.0,0.002133603163400672,0.0213360316340067,0.0,3.4629525032933195,
0.0,0.0,0.002133603163400672,0.0213360316340067,0.0,3.4629525032933195,
0.0,0.0,0.002133603163400672,0.0213360316340067,0.0,3.4629525032933195,
0.0,0.0,0.002133603163400672,0.0213360316340067,0.0,3.4629525032933195,
0.0,0.0,0.002133603163400672,0.0213360316340067,0.0,3.4629525032933195,
0.0,0.0,0.002133603163400672,0.0213360316340067,0.0,3.4629525032933195,
0.0,0.0,0.002133603163400672,0.0213360316340067,0.0,3.4629525032933195,
0.0,0.0,0.002133603163400672,0.0213360316340067,0.0,3.4629525032933195,
0.0,0.0,0.002133603163400672,0.0213360316340067,0.0,3.4629525032933195,
0.0,0.0,0.002133603163400672,0.0213360316340067,0.0,3.4629525032933195,
0.0,0.0,0.002133603163400672,0.0213360316340067,0.0,3.4629525032933195,
0.0,0.0,0.002133603163400672,0.0213360316340067,0.0,3.4629525032933195,
0.0,0.0,0.002133603163400672,0.0213360316340067,0.0,3.4629525032933195,
0.0,0.0,0.002133603163400672,0.0213360316340067,0.0,3.4629525032933195,
0.0,0.0,0.002133603163400672,0.0213360316340067,0.0,3.4652484072285192,
0.0,0.0,0.002133603163400672,0.0213360316340067,0.0,3.4652484072285192,
0.0,0.0,0.002133603163400672,0.0213360316340067,0.0,3.4652484072285192,
0.0,0.0,0.002133603163400672,0.0213360316340067,0.0,3.5030536365955722,
0.0,0.0,0.002133603163400672,0.0213360316340067,0.0,3.5030536365955722,
0.0,0.0,0.002133603163400672,0.0213360316340067,0.0,3.5326091463617653,
0.0,0.0,0.002133603163400672,0.0213360316340067,0.0,3.5326091463617653,
0.0,0.0,0.002133603163400672,0.0213360316340067,0.0,3.5326091463617653,
0.0,0.0,0.002133603163400672,0.0213360316340067,0.0,3.5326091463617653,
0.0,0.0,0.002133603163400672,0.0213360316340067,0.0,3.5326091463617653,
0.0,0.0,0.002133603163400672,0.0213360316340067,0.0,3.5629383327862203,
0.0,0.0,0.002133603163400672,0.0213360316340067,0.0,3.5629383327862203,
0.0,0.0,0.002133603163400672,0.0213360316340067,0.0,3.377121997243933,
0.0,0.0,0.002133603163400672,0.0213360316340067,0.0,3.377121997243933,
0.0,0.0,0.002133603163400672,0.0213360316340067,0.0,3.377121997243933,
0.0,0.0,0.002133603163400672,0.0213360316340067,0.0,3.3483852544127197,
0.0,0.0,0.002133603163400672,0.0213360316340067,0.0,3.3483852544127197,
0.0,0.0,0.002133603163400672,0.0213360316340067,0.0,3.3483852544127197,
0.0,0.0,0.002133603163400672,0.0213360316340067,0.0,3.3483852544127197,
0.0,0.0,0.002133603163400672,0.0213360316340067,0.0,3.3483852544127197,
0.0,0.0,0.002133603163400672,0.0213360316340067,0.0,3.3574681092103265,
0.0,0.0,0.002133603163400672,0.0213360316340067,0.0,3.3574681092103265,
0.0,0.0,0.002133603163400672,0.0213360316340067,0.0,3.3574681092103265,
0.0,0.0,0.002133603163400672,0.0213360316340067,0.0,3.3574681092103265,
0.0,0.0,0.002133603163400672,0.0213360316340067,0.0,3.3574681092103265,
0.0,0.0,0.002133603163400672,0.0213360316340067,0.0,3.3574681092103265,
0.0,0.0,0.002133603163400672,0.0213360316340067,0.0,3.3574681092103265,
0.0,0.0,0.002133603163400672,0.0213360316340067,0.0,3.3975366572076346,
0.0,0.0,0.002133603163400672,0.0213360316340067,0.0,3.3975366572076346,
0.0,0.0,0.002133603163400672,0.0213360316340067,0.0,3.3975366572076346,
0.0,0.0,0.002133603163400672,0.0213360316340067,0.0,3.395154651971226,
0.0,0.0,0.002133603163400672,0.0213360316340067,0.0,3.395154651971226,
0.0,0.0,0.002133603163400672,0.0213360316340067,0.0,3.395154651971226,
0.0,0.0,0.002133603163400672,0.0213360316340067,0.0,3.395154651971226,
0.0,0.0,0.002133603163400672,0.0213360316340067,0.0,3.395154651971226,
0.0,0.0,0.002133603163400672,0.0213360316340067,0.0,3.3531277189993887,
0.0,0.0,0.002133603163400672,0.0213360316340067,0.0,3.3531277189993887,
0.0,0.0,0.002133603163400672,0.0213360316340067,0.0,3.3531277189993887,
0.0,0.0,0.002133603163400672,0.0213360316340067,0.0,3.3531277189993887,
0.0,0.0,0.002133603163400672,0.0213360316340067,0.0,3.3531277189993887,
0.0,0.0,0.002133603163400672,0.0213360316340067,0.0,3.3531277189993887,
0.0,0.0,0.002133603163400672,0.0213360316340067,0.0,3.3531277189993887,
0.0,0.0,0.002133603163400672,0.0213360316340067,0.0,3.3531277189993887,
0.0,0.0,0.002133603163400672,0.0213360316340067,0.0,3.3531277189993887,
0.0,0.0,0.002133603163400672,0.0213360316340067,0.0,3.3531277189993887,
0.0,0.0,0.002133603163400672,0.0213360316340067,0.0,3.3531277189993887,
0.0,0.0,0.002133603163400672,0.0213360316340067,0.0,3.3531277189993887,
0.0,0.0,0.002133603163400672,0.0213360316340067,0.0,3.3531277189993887,
0.0,0.0,0.002133603163400672,0.0213360316340067,0.0,3.3531277189993887,
0.0,0.0,0.002133603163400672,0.0213360316340067,0.0,3.401546835408844,
0.0,0.0,0.002133603163400672,0.0213360316340067,0.0,3.401546835408844,
0.0,0.0,0.002133603163400672,0.0213360316340067,0.0,3.401546835408844,
0.0,0.0,0.002133603163400672,0.0213360316340067,0.0,3.401546835408844,
0.0,0.0,0.002133603163400672,0.0213360316340067,0.0,3.401546835408844,
0.0,0.0,0.002133603163400672,0.0213360316340067,0.0,3.401546835408844,
0.0,0.0,0.002133603163400672,0.0213360316340067,0.0,3.401546835408844,
0.0,0.0,0.002133603163400672,0.0213360316340067,0.0,3.401546835408844,
0.0,0.0,0.002133603163400672,0.0213360316340067,0.0,3.401546835408844,
0.0,0.0,0.002133603163400672,0.0213360316340067,0.0,3.401546835408844,
0.0,0.0,0.002133603163400672,0.0213360316340067,0.0,3.401546835408844,
0.0,0.0,0.002133603163400672,0.0213360316340067,0.0,3.401546835408844,
0.0,0.0,0.002133603163400672,0.0213360316340067,0.0,3.401546835408844,
0.0,0.0,0.002133603163400672,0.0213360316340067,0.0,3.4035963249589605,
0.0,0.0,0.002133603163400672,0.0213360316340067,0.0,3.4035963249589605,
0.0,0.0,0.002133603163400672,0.0213360316340067,0.0,3.4035963249589605,
0.0,0.0,0.002133603163400672,0.0213360316340067,0.0,3.4035963249589605,
0.0,0.0,0.002133603163400672,0.0213360316340067,0.0,3.4035963249589605,
0.0,0.0,0.002133603163400672,0.0213360316340067,0.0,3.4035963249589605,
0.0,0.0,0.002133603163400672,0.0213360316340067,0.0,3.4035963249589605,
0.0,0.0,0.002133603163400672,0.0213360316340067,0.0,3.4035963249589605,
0.0,0.0,0.002133603163400672,0.0213360316340067,0.0,3.4035963249589605,
0.0,0.0,0.002133603163400672,0.0213360316340067,0.0,3.4035963249589605,
0.0,0.0,0.002133603163400672,0.0213360316340067,0.0,3.4035963249589605,
0.0,0.0,0.002133603163400672,0.0213360316340067,0.0,3.4035963249589605,
0.0,0.0,0.002133603163400672,0.0213360316340067,0.0,3.4097100066869173,
0.0,0.0,0.002133603163400672,0.0213360316340067,0.0,3.4097100066869173,
0.0,0.0,0.002133603163400672,0.0213360316340067,0.0,3.4097100066869173,
0.0,0.0,0.002133603163400672,0.0213360316340067,0.0,3.4097100066869173,
0.0,0.0,0.002133603163400672,0.0213360316340067,0.0,3.4097100066869173,
0.0,0.0,0.002133603163400672,0.0213360316340067,0.0,3.4097100066869173,
0.0,0.0,0.002133603163400672,0.0213360316340067,0.0,3.4097100066869173,
0.0,0.0,0.002133603163400672,0.0213360316340067,0.0,3.4097100066869173,
0.0,0.0,0.002133603163400672,0.0213360316340067,0.0,3.4097100066869173,
0.0,0.0,0.002133603163400672,0.0213360316340067,0.0,3.4097100066869173,
0.0,0.0,0.002133603163400672,0.0213360316340067,0.0,3.3940140977741113,
0.0,0.0,0.002133603163400672,0.0213360316340067,0.0,3.3940140977741113,
0.0,0.0,0.002133603163400672,0.0213360316340067,0.0,3.3940140977741113,
0.0,0.0,0.002133603163400672,0.0213360316340067,0.0,3.3940140977741113,
0.0,0.0,0.002133603163400672,0.0213360316340067,0.0,3.3940140977741113,
0.0,0.0,0.002133603163400672,0.0213360316340067,0.0,3.4220137541601345,
0.0,0.0,0.002133603163400672,0.0213360316340067,0.0,3.4220137541601345,
0.0,0.0,0.002133603163400672,0.0213360316340067,0.0,3.4220137541601345,
0.0,0.0,0.002133603163400672,0.0213360316340067,0.0,3.4220137541601345,
0.0,0.0,0.002133603163400672,0.0213360316340067,0.0,3.4909065410229743,
0.0,0.0,0.002133603163400672,0.0213360316340067,0.0,3.4909065410229743,
0.0,0.0,0.002133603163400672,0.0213360316340067,0.0,3.4909065410229743,
0.0,0.0,0.002133603163400672,0.0213360316340067,0.0,3.4909065410229743,
0.0,0.0,0.002133603163400672,0.0213360316340067,0.0,3.565457499318889,
0.0,0.0,0.002133603163400672,0.0213360316340067,0.0,3.565457499318889,
0.0,0.0,0.002133603163400672,0.0213360316340067,0.0,3.565457499318889,
0.0,0.0,0.002133603163400672,0.0213360316340067,0.0,3.565457499318889,
0.0,0.0,0.002133603163400672,0.0213360316340067,0.0,3.5502040396328054,
0.0,0.0,0.002133603163400672,0.0213360316340067,0.0,3.5502040396328054,
0.0,0.0,0.002133603163400672,0.0213360316340067,0.0,3.5502040396328054,
0.0,0.0,0.002133603163400672,0.0213360316340067,0.0,3.5502040396328054,
0.0,0.0,0.002133603163400672,0.0213360316340067,0.0,3.5502040396328054,
0.0,0.0,0.002133603163400672,0.0213360316340067,0.0,3.5502040396328054,
0.0,0.0,0.002133603163400672,0.0213360316340067,0.0,3.5502040396328054,
0.0,0.0,0.002133603163400672,0.0213360316340067,0.0,3.5502040396328054,
0.0,0.0,0.002133603163400672,0.0213360316340067,0.0,3.605271378261871,
0.0,0.0,0.002133603163400672,0.0213360316340067,0.0,3.605271378261871,
0.0,0.0,0.002133603163400672,0.0213360316340067,0.0,3.605271378261871,
0.0,0.0,0.002133603163400672,0.0213360316340067,0.0,3.605271378261871,
0.0,0.0,0.002133603163400672,0.0213360316340067,0.0,3.605271378261871,
0.0,0.0,0.002133603163400672,0.0213360316340067,0.0,3.605271378261871,
0.0,0.0,0.002133603163400672,0.0213360316340067,0.0,3.605271378261871,
0.0,0.0,0.002133603163400672,0.0213360316340067,0.0,3.605271378261871,
0.0,0.0,0.002133603163400672,0.0213360316340067,0.0,3.605271378261871,
0.0,0.0,0.002133603163400672,0.0213360316340067,0.0,3.6520116237218097,
0.0,0.0,0.002133603163400672,0.0213360316340067,0.0,3.6520116237218097,
0.0,0.0,0.002133603163400672,0.0213360316340067,0.0,3.693627575599343,
0.0,0.0,0.002133603163400672,0.0213360316340067,0.0,3.693627575599343,
0.0,0.0,0.002133603163400672,0.0213360316340067,0.0,3.693627575599343,
0.0,0.0,0.002133603163400672,0.0213360316340067,0.0,3.693627575599343,
0.0,0.0,0.002133603163400672,0.0213360316340067,0.0,3.693627575599343,
0.0,0.0,0.002133603163400672,0.0213360316340067,0.0,3.693627575599343,
0.0,0.0,0.002133603163400672,0.0213360316340067,0.0,3.7217754120126436,
0.0,0.0,0.002133603163400672,0.0213360316340067,0.0,3.7217754120126436,
0.0,0.0,0.002133603163400672,0.0213360316340067,0.0,3.7217754120126436,
0.0,0.0,0.002133603163400672,0.0213360316340067,0.0,3.7217754120126436,
0.0,0.0,0.002133603163400672,0.0213360316340067,0.0,3.7217754120126436,
0.0,0.0,0.002133603163400672,0.0213360316340067,0.0,3.7217754120126436,
0.0,0.0,0.002133603163400672,0.0213360316340067,0.0,3.7217754120126436,
0.0,0.0,0.002133603163400672,0.0213360316340067,0.0,3.7217754120126436,
0.0,0.0,0.002133603163400672,0.0213360316340067,0.0,3.7217754120126436,
0.0,0.0,0.002133603163400672,0.0213360316340067,0.0,3.7217754120126436,
0.0,0.0,0.002133603163400672,0.0213360316340067,0.0,3.7217754120126436,
0.0,0.0,0.002133603163400672,0.0213360316340067,0.0,3.7217754120126436,
0.0,0.0,0.002133603163400672,0.0213360316340067,0.0,3.5161552420908833,
0.0,0.0,0.002133603163400672,0.0213360316340067,0.0,3.5161552420908833,
0.0,0.0,0.002133603163400672,0.0213360316340067,0.0,3.5161552420908833,
0.0,0.0,0.002133603163400672,0.0213360316340067,0.0,3.5161552420908833,
0.0,0.0,0.002133603163400672,0.0213360316340067,0.0,3.500821180241759,
0.0,0.0,0.002133603163400672,0.0213360316340067,0.0,3.500821180241759,
0.0,0.0,0.002133603163400672,0.0213360316340067,0.0,3.5149570090073614,
0.0,0.0,0.002133603163400672,0.0213360316340067,0.0,3.526884137974557,
0.0,0.0,0.002133603163400672,0.0213360316340067,0.0,3.5805189268486357,
0.0,0.0,0.002133603163400672,0.0213360316340067,0.0,3.5902869019080397,
0.0,0.0,0.002133603163400672,0.0213360316340067,0.0,3.5902869019080397,
0.0,0.0,0.002133603163400672,0.0213360316340067,0.0,3.5902869019080397,
0.0,0.0,0.002133603163400672,0.0213360316340067,0.0,3.5902869019080397,
0.0,0.0,0.002133603163400672,0.0213360316340067,0.0,3.5902869019080397,
0.0,0.0,0.002133603163400672,0.0213360316340067,0.0,3.5902869019080397,
0.0,0.0,0.002133603163400672,0.0213360316340067,0.0,3.5902869019080397,
0.0,0.0,0.002133603163400672,0.0213360316340067,0.0,3.5902869019080397,
0.0,0.0,0.002133603163400672,0.0213360316340067,0.0,3.5902869019080397,
0.0,0.0,0.002133603163400672,0.0213360316340067,0.0,3.5902869019080397,
0.0,0.0,0.002133603163400672,0.0213360316340067,0.0,3.5902869019080397,
0.0,0.0,0.002133603163400672,0.0213360316340067,0.0,3.5902869019080397,
0.0,0.0,0.002133603163400672,0.0213360316340067,0.0,3.5902869019080397,
0.0,0.0,0.002133603163400672,0.0213360316340067,0.0,3.5902869019080397,
0.0,0.0,0.002133603163400672,0.0213360316340067,0.0,3.5902869019080397,
0.0,0.0,0.002133603163400672,0.0213360316340067,0.0,3.5902869019080397,
0.0,0.0,0.002133603163400672,0.0213360316340067,0.0,3.5902869019080397,
0.0,0.0,0.002133603163400672,0.0213360316340067,0.0,3.5902869019080397,
0.0,0.0,0.002133603163400672,0.0213360316340067,0.0,3.5902869019080397,
0.0,0.0,0.002133603163400672,0.0213360316340067,0.0,3.5902869019080397,
0.0,0.0,0.002133603163400672,0.0213360316340067,0.0,3.5902869019080397,
0.0,0.0,0.002133603163400672,0.0213360316340067,0.0,3.5902869019080397,
0.0,0.0,0.002133603163400672,0.0213360316340067,0.0,3.649161005778656,
0.0,0.0,0.002133603163400672,0.0213360316340067,0.0,3.649161005778656,
0.0,0.0,0.002133603163400672,0.0213360316340067,0.0,3.649161005778656,
0.0,0.0,0.002133603163400672,0.0213360316340067,0.0,3.649161005778656,
0.0,0.0,0.002133603163400672,0.0213360316340067,0.0,3.649161005778656,
0.0,0.0,0.002133603163400672,0.0213360316340067,0.0,3.649161005778656,
0.0,0.0,0.002133603163400672,0.0213360316340067,0.0,3.649161005778656,
0.0,0.0,0.002133603163400672,0.0213360316340067,0.0,3.649161005778656,
0.0,0.0,0.002133603163400672,0.0213360316340067,0.0,3.649161005778656,
0.0,0.0,0.002133603163400672,0.0213360316340067,0.0,3.649161005778656,
0.0,0.0,0.002133603163400672,0.0213360316340067,0.0,3.649161005778656,
0.0,0.0,0.002133603163400672,0.0213360316340067,0.0,3.649161005778656,
0.0,0.0,0.002133603163400672,0.0213360316340067,0.0,3.649161005778656,
0.0,0.0,0.002133603163400672,0.0213360316340067,0.0,3.649161005778656,
0.0,0.0,0.002133603163400672,0.0213360316340067,0.0,3.649161005778656,
0.0,0.0,0.002133603163400672,0.0213360316340067,0.0,3.649161005778656,
0.0,0.0,0.002133603163400672,0.0213360316340067,0.0,3.649161005778656,
0.0,0.0,0.002133603163400672,0.0213360316340067,0.0,3.649161005778656,
0.0,0.0,0.002133603163400672,0.0213360316340067,0.0,3.5364076067361405,
0.0,0.0,0.002133603163400672,0.0213360316340067,0.0,3.5364076067361405,
0.0,0.0,0.002133603163400672,0.0213360316340067,0.0,3.5364076067361405,
0.0,0.0,0.002133603163400672,0.0213360316340067,0.0,3.5364076067361405,
0.0,0.0,0.002133603163400672,0.0213360316340067,0.0,3.5364076067361405,
0.0,0.0,0.002133603163400672,0.0213360316340067,0.0,3.5364076067361405,
0.0,0.0,0.002133603163400672,0.0213360316340067,0.0,3.5364076067361405,
0.0,0.0,0.002133603163400672,0.0213360316340067,0.0,3.5364076067361405,
0.0,0.0,0.002133603163400672,0.0213360316340067,0.0,3.5604358971495222,
0.0,0.0,0.002133603163400672,0.0213360316340067,0.0,3.604126904471535,
0.0,0.0,0.002133603163400672,0.0213360316340067,0.0,3.604126904471535,
0.0,0.0,0.002133603163400672,0.0213360316340067,0.0,3.6408386097025858,
0.0,0.0,0.002133603163400672,0.0213360316340067,0.0,3.6408386097025858,
0.0,0.0,0.002133603163400672,0.0213360316340067,0.0,3.6408386097025858,
0.0,0.0,0.002133603163400672,0.0213360316340067,0.0,3.6408386097025858,
0.0,0.0,0.002133603163400672,0.0213360316340067,0.0,3.6386165516572953,
0.0,0.0,0.002133603163400672,0.0213360316340067,0.0,3.6386165516572953,
0.0,0.0,0.002133603163400672,0.0213360316340067,0.0,3.6371856409816012,
0.0,0.0,0.002133603163400672,0.0213360316340067,0.0,3.6371856409816012,
0.0,0.0,0.002133603163400672,0.0213360316340067,0.0,3.6371856409816012,
0.0,0.0,0.002133603163400672,0.0213360316340067,0.0,3.6371856409816012,
0.0,0.0,0.002133603163400672,0.0213360316340067,0.0,3.6371856409816012,
0.0,0.0,0.002133603163400672,0.0213360316340067,0.0,3.6371856409816012,
0.0,0.0,0.002133603163400672,0.0213360316340067,0.0,3.6371856409816012,
0.0,0.0,0.002133603163400672,0.0213360316340067,0.0,3.6371856409816012,
0.0,0.0,0.002133603163400672,0.0213360316340067,0.0,3.6371856409816012,
0.0,0.0,0.002133603163400672,0.0213360316340067,0.0,3.6371856409816012,
0.0,0.0,0.002133603163400672,0.0213360316340067,0.0,3.6371856409816012,
0.0,0.0,0.002133603163400672,0.0213360316340067,0.0,3.6371856409816012,
0.0,0.0,0.002133603163400672,0.0213360316340067,0.0,3.6371856409816012,
0.0,0.0,0.002133603163400672,0.0213360316340067,0.0,3.6371856409816012,
0.0,0.0,0.002133603163400672,0.0213360316340067,0.0,3.6371856409816012,
0.0,0.0,0.002133603163400672,0.0213360316340067,0.0,3.6371856409816012,
0.0,0.0,0.002133603163400672,0.0213360316340067,0.0,3.6371856409816012,
0.0,0.0,0.002133603163400672,0.0213360316340067,0.0,3.6371856409816012,
0.0,0.0,0.002133603163400672,0.0213360316340067,0.0,3.6371856409816012,
0.0,0.0,0.002133603163400672,0.0213360316340067,0.0,3.6371856409816012,
0.0,0.0,0.002133603163400672,0.0213360316340067,0.0,3.6371856409816012,
0.0,0.0,0.002133603163400672,0.0213360316340067,0.0,3.6371856409816012,
0.0,0.0,0.002133603163400672,0.0213360316340067,0.0,3.6371856409816012,
0.0,0.0,0.002133603163400672,0.0213360316340067,0.0,3.6371856409816012,
0.0,0.0,0.002133603163400672,0.0213360316340067,0.0,3.6371856409816012,
0.0,0.0,0.002133603163400672,0.0213360316340067,0.0,3.66119953429236,
0.0,0.0,0.002133603163400672,0.0213360316340067,0.0,3.66119953429236,
0.0,0.0,0.002133603163400672,0.0213360316340067,0.0,3.66119953429236,
0.0,0.0,0.002133603163400672,0.0213360316340067,0.0,3.66119953429236,
0.0,0.0,0.002133603163400672,0.0213360316340067,0.0,3.66119953429236,
0.0,0.0,0.002133603163400672,0.0213360316340067,0.0,3.66119953429236,
0.0,0.0,0.002133603163400672,0.0213360316340067,0.0,3.66119953429236,
0.0,0.0,0.002133603163400672,0.0213360316340067,0.0,3.66119953429236,
0.0,0.0,0.002133603163400672,0.0213360316340067,0.0,3.6059049617593373,
0.0,0.0,0.002133603163400672,0.0213360316340067,0.0,3.4793845739122635,
0.0,0.0,0.002133603163400672,0.0213360316340067,0.0,3.4793845739122635,
0.0,0.0,0.002133603163400672,0.0213360316340067,0.0,3.4793845739122635,
0.0,0.0,0.002133603163400672,0.0213360316340067,0.0,3.4793845739122635,
0.0,0.0,0.002133603163400672,0.0213360316340067,0.0,3.4793845739122635,
0.0,0.0,0.002133603163400672,0.0213360316340067,0.0,3.485762406720108,
0.0,0.0,0.002133603163400672,0.0213360316340067,0.0,3.485762406720108,
0.0,0.0,0.002133603163400672,0.0213360316340067,0.0,3.485762406720108,
0.0,0.0,0.002133603163400672,0.0213360316340067,0.0,3.485762406720108,
0.0,0.0,0.002133603163400672,0.0213360316340067,0.0,3.485762406720108,
0.0,0.0,0.002133603163400672,0.0213360316340067,0.0,3.499567191763678,
0.0,0.0,0.002133603163400672,0.0213360316340067,0.0,3.499567191763678,
0.0,0.0,0.002133603163400672,0.0213360316340067,0.0,3.499567191763678,
0.0,0.0,0.002133603163400672,0.0213360316340067,0.0,3.499567191763678,
0.0,0.0,0.002133603163400672,0.0213360316340067,0.0,3.499567191763678,
0.0,0.0,0.002133603163400672,0.0213360316340067,0.0,3.5554626046676696,
0.0,0.0,0.002133603163400672,0.0213360316340067,0.0,3.5554626046676696,
0.0,0.0,0.002133603163400672,0.0213360316340067,0.0,3.5554626046676696,
0.0,0.0,0.002133603163400672,0.0213360316340067,0.0,3.5554626046676696,
0.0,0.0,0.002133603163400672,0.0213360316340067,0.0,3.5554626046676696,
0.0,0.0,0.002133603163400672,0.0213360316340067,0.0,3.5554626046676696,
0.0,0.0,0.002133603163400672,0.0213360316340067,0.0,3.5554626046676696,
0.0,0.0,0.002133603163400672,0.0213360316340067,0.0,3.5554626046676696,
0.0,0.0,0.002133603163400672,0.0213360316340067,0.0,3.5554626046676696,
0.0,0.0,0.002133603163400672,0.0213360316340067,0.0,3.5600396270555863,
0.0,0.0,0.002133603163400672,0.0213360316340067,0.0,3.5600396270555863,
0.0,0.0,0.002133603163400672,0.0213360316340067,0.0,3.5600396270555863,
0.0,0.0,0.002133603163400672,0.0213360316340067,0.0,3.399528149322897,
0.0,0.0,0.002133603163400672,0.0213360316340067,0.0,3.399528149322897,
0.0,0.0,0.002133603163400672,0.0213360316340067,0.0,3.399528149322897,
0.0,0.0,0.002133603163400672,0.0213360316340067,0.0,3.399528149322897,
0.0,0.0,0.002133603163400672,0.0213360316340067,0.0,3.399528149322897,
0.0,0.0,0.002133603163400672,0.0213360316340067,0.0,3.399528149322897,
0.0,0.0,0.002133603163400672,0.0213360316340067,0.0,3.3519490714738143,
0.0,0.0,0.002133603163400672,0.0213360316340067,0.0,3.426126615242542,
0.0,0.0,0.002133603163400672,0.0213360316340067,0.0,3.426126615242542,
0.0,0.0,0.002133603163400672,0.0213360316340067,0.0,3.426126615242542,
0.0,0.0,0.002133603163400672,0.0213360316340067,0.0,3.426126615242542,
0.0,0.0,0.002133603163400672,0.0213360316340067,0.0,3.426126615242542,
0.0,0.0,0.002133603163400672,0.0213360316340067,0.0,3.426126615242542,
0.0,0.0,0.002133603163400672,0.0213360316340067,0.0,3.426126615242542,
0.0,0.0,0.002133603163400672,0.0213360316340067,0.0,3.426126615242542,
0.0,0.0,0.002133603163400672,0.0213360316340067,0.0,3.426126615242542,
0.0,0.0,0.002133603163400672,0.0213360316340067,0.0,3.426126615242542,
0.0,0.0,0.002133603163400672,0.0213360316340067,0.0,3.426126615242542,
0.0,0.0,0.002133603163400672,0.0213360316340067,0.0,3.426126615242542,
0.0,0.0,0.002133603163400672,0.0213360316340067,0.0,3.426126615242542,
0.0,0.0,0.002133603163400672,0.0213360316340067,0.0,3.426126615242542,
0.0,0.0,0.002133603163400672,0.0213360316340067,0.0,3.426126615242542,
0.0,0.0,0.002133603163400672,0.0213360316340067,0.0,3.3710080088174155,
0.0,0.0,0.002133603163400672,0.0213360316340067,0.0,3.3710080088174155,
0.0,0.0,0.002133603163400672,0.0213360316340067,0.0,3.3872088800215114,
0.0,0.0,0.002133603163400672,0.0213360316340067,0.0,3.3872088800215114,
0.0,0.0,0.002133603163400672,0.0213360316340067,0.0,3.3872088800215114,
0.0,0.0,0.002133603163400672,0.0213360316340067,0.0,3.3724760203336723,
0.0,0.0,0.002133603163400672,0.0213360316340067,0.0,3.3724760203336723,
0.0,0.0,0.002133603163400672,0.0213360316340067,0.0,3.3724760203336723,
0.0,0.0,0.002133603163400672,0.0213360316340067,0.0,3.2501511343107152,
0.0,0.0,0.002133603163400672,0.0213360316340067,0.0,3.2907372007932087,
0.0,0.0,0.002133603163400672,0.0213360316340067,0.0,3.2907372007932087,
0.0,0.0,0.002133603163400672,0.0213360316340067,0.0,3.2907372007932087,
0.0,0.0,0.002133603163400672,0.0213360316340067,0.0,3.2907372007932087,
0.0,0.0,0.002133603163400672,0.0213360316340067,0.0,3.2907372007932087,
0.0,0.0,0.002133603163400672,0.0213360316340067,0.0,3.2907372007932087,
0.0,0.0,0.002133603163400672,0.0213360316340067,0.0,3.2907372007932087,
0.0,0.0,0.002133603163400672,0.0213360316340067,0.0,3.2907372007932087,