
0.0
2.699356925469853E-4
5.715858336804876E-4
6.798948172730902E-4
8.645773118095276E-4
0.0013476070550111562
0.002073735156324777
0.002411802050741344
0.0033587274581755185
0.004517791061719225
0.005712466850321304
0.0051962054443785224
0.005138916090607556
0.004942193359675773
0.004721642420156054
0.0044449535720563664
0.004194537328468063
0.005353118200145099
0.004747841507307459
0.005740464595158719
0.006716130683406151
0.007655215163155902
0.006230241686914975
0.00543791520325756
0.00466055225348486
0.003993544605697222
0.005604880393823368
0.006606102722247098
0.005605369873407265
0.005947657468702995
0.005580233502767039
0.005156685638517483
0.004664870080075349
0.004237388516122089
0.003771855494985688
0.003332370254154333
0.0029043760618797402
0.0025051931644172643
0.002138025698962011
0.0018075372846756291
0.0015184298710470903
0.001286204741372647
0.001088846377186807
9.26143786353347E-4
7.88905751462378E-4
6.73807580424732E-4
5.764301444569401E-4
4.939790796938785E-4
4.23874405395453E-4
3.641525627963166E-4
3.131489019161801E-4
2.695150654208339E-4
2.3212349798920764E-4
2.000383491083836E-4
1.7247410637008105E-4
1.4876920592865278E-4
1.2836738307688857E-4
1.1079760185421312E-4
9.565657824489514E-5
8.260189238809546E-5
7.134096527939319E-5
6.162430394756956E-5
5.323799590174744E-5
4.5997774864440095E-5
3.97456650860942E-5
3.434581337547182E-5
2.9681432223089282E-5
2.565188238657353E-5
2.2170347489862134E-5
1.9162039581507357E-5
1.6562442810997107E-5
1.4315890791647559E-5
1.237433641100106E-5
1.0696298875721674E-5
9.2459589549231E-6
7.99238080864845E-6
6.908842040084958E-6
5.972257378560815E-6
5.1626809707118015E-6
4.462878468156534E-6
3.857957077259611E-6
3.3350465741617325E-6
2.883024152999523E-6
2.4922767265623497E-6
2.1544956308594343E-6
1.8624994663232048E-6
1.6100809761988732E-6
1.3918747707355068E-6
1.2032430892074298E-6
1.0401770161747514E-6
8.992112127440054E-7
7.773501413467227E-7
6.720043665531176E-7
5.809354818239336E-7
5.022084946037219E-7
4.341507080063783E-7
3.7531614330311634E-7
3.24454811323326E-7
2.8048614082686506E-7
2.4247601776158573E-7
2.0961692575629463E-7
1.8121079300968753E-7
1.5665415332426408E-7
1.3542532728047474E-7
1.1707333565687978E-7
1.0120831455359616E-7
8.749323719360497E-8
7.563675187441039E-8
6.538698860526329E-8
5.6526211545245925E-8
4.886619289593151E-8
4.224420919889905E-8
3.651959142389767E-8
3.157073556644221E-8
2.7292514104101357E-8
2.359404743769876E-8
2.0396769448801145E-8
1.7632762334188402E-8
1.5243314361777073E-8
1.3177839088517215E-8
1.1392152444996672E-8
9.848370295970599E-9
8.51380919586268E-9
7.3600878786196296E-9
6.362712966359443E-9
5.5004930896598664E-9
4.7551143092791726E-9
4.110743504273099E-9
3.5536924044705616E-9
3.0721283005469274E-9
2.655821716389537E-9
2.2959297177328613E-9
1.984807400284752E-9
1.7158478168525761E-9
1.4833363044431504E-9
1.2823339194961944E-9
1.1085706518539072E-9
9.583553575306775E-10
8.284953568785069E-10
7.16232803179609E-10
6.191826434578156E-10
5.352831788082837E-10
4.627522206800332E-10
4.000495752567481E-10
3.458434665355521E-10
2.9898279394427267E-10
2.584712772320225E-10
2.234492118444774E-10
1.9317229667354572E-10
1.6699789049003666E-10
1.443701128305228E-10
1.2480821843658637E-10
1.0789703838693072E-10
9.331730350659805E-11
8.254727904123543E-11
7.498960358377776E-11
7.129387957148535E-11
7.386342449632336E-11
7.763028273906114E-11
7.949433166652761E-11
7.998250497088395E-11
9.152704868707014E-11
1.1090099313791901E-10
1.3337881630054018E-10
1.4966199387555365E-10
1.576831469662989E-10
1.5942955476380707E-10
1.5753171685647243E-10
1.5255741652852808E-10
1.4479305488361932E-10
1.3607491898012753E-10
1.2822435442894261E-10
1.2013600491671403E-10
1.4519429996152842E-10
1.7483033563929121E-10
1.882023579637128E-10
2.3576091333721907E-10
2.808425057248301E-10
3.150932422921265E-10
3.293966960917849E-10
3.2457214429331653E-10
3.099236776283243E-10
2.8902464350960377E-10
2.661623789940923E-10
2.4106327430692625E-10
2.175174724383153E-10
2.4104647087361786E-10
2.6530741953268154E-10
2.8438582861796656E-10
3.018609141721132E-10
3.023056938862285E-10
2.896641206631407E-10
2.710444571201616E-10
2.502217793764318E-10
2.2867008073728406E-10
2.0619467587488255E-10
1.8434709164850368E-10
1.648190908848448E-10
1.8059358651804697E-10
1.9721954855166445E-10
1.9894841303892748E-10
2.3782176440208673E-10
2.657405136883593E-10
2.681615813154351E-10
2.637994471173701E-10
2.5288878902186656E-10
2.3728152985509065E-10
2.1931275217646666E-10
2.014444909122947E-10
1.8373242350312465E-10
1.665867444804545E-10
1.5091450432461332E-10
1.3681848891697805E-10
1.222664026151754E-10
1.1013895829028579E-10
1.4917080414438917E-10
2.027987057872596E-10
2.3931546344378274E-10
2.716920897205561E-10
3.011002573994654E-10
3.285430477728684E-10
3.560048219859278E-10
3.827498013756081E-10
4.040587097876559E-10
4.182996042210718E-10
4.299720788410564E-10
4.461931948871789E-10
4.686311095811264E-10
4.769972179521486E-10
4.701979261397571E-10
4.418831759476212E-10
4.058257869443241E-10
3.6466215178013644E-10
3.2404517239969084E-10
2.8841948455775694E-10
2.5617474041437517E-10
2.271738597027731E-10
2.0120459674424371E-10
1.7784573907546779E-10
1.5701977086916153E-10
1.3836789280924367E-10
1.2181101950016884E-10
1.0712343252997619E-10
9.421258765818554E-11
8.302539238957381E-11
7.302422055536913E-11
6.436022803151141E-11
5.670908161936389E-11
4.989469363180608E-11
4.3993126553386334E-11
3.8617407059305955E-11
3.3937449487907245E-11
2.9906842747899334E-11
2.6306877524148525E-11
2.310089026843071E-11
2.034017240180427E-11
1.7887074629375517E-11
1.5812286441926942E-11
1.3959189453681293E-11
1.2278380134322868E-11
1.0814653882356991E-11
9.581935149737475E-12
8.5611653437229E-12
7.665786047486959E-12
6.842933879877255E-12
6.095032749795467E-12
5.40608850785968E-12
4.838774830058954E-12
4.3544488863366275E-12
3.921795345987077E-12
3.5456359865485524E-12
3.1865725742663773E-12
2.8585193229907604E-12
2.5854725840706164E-12
2.342834999871758E-12
2.1224970624842264E-12
1.934545017317297E-12
1.7785569635523041E-12
1.6375182571569489E-12
1.4969925080037928E-12
1.3909352826064631E-12
1.2765108594061376E-12
1.1909244837713684E-12
1.1119800009389387E-12
1.0244507504104764E-12
9.50662857175762E-13
8.673259254678082E-13
7.933582959273827E-13
7.395146504897579E-13
6.946440811215224E-13
6.459583264905622E-13
6.01424638299693E-13
5.672921344546571E-13
5.220139011697467E-13
4.878473651157504E-13
4.607750747373624E-13
4.454877728250458E-13
4.587869797627206E-13
5.113642563011476E-13
6.811068609857503E-13
9.583468237925767E-13
1.1316391292345677E-12
1.1315124605683807E-12
1.0830225535875411E-12
1.0190863322669486E-12
9.561632456996583E-13
8.846132952405796E-13
8.103619269684225E-13
7.512596189947503E-13
6.972732256724307E-13
6.66524164128594E-13
6.46002042399009E-13
6.225620970200331E-13
6.232849040014845E-13
6.689664612258574E-13
7.554745951964952E-13
8.290896543957721E-13
8.958828581895233E-13
9.825184095241394E-13
1.188521923024535E-12
1.5575378123076656E-12
2.1597706067682678E-12
2.9646184240397122E-12
3.9373762428917904E-12
5.224089363595585E-12
6.399543937182033E-12
7.0650913699647324E-12
7.348907063634494E-12
7.62915203609159E-12
7.856195862546401E-12
7.857779625236389E-12
7.612625761284329E-12
7.2276749828331315E-12
6.780485278453445E-12
6.297812057909625E-12
5.8370554886334075E-12
5.470523964898869E-12
5.178794536638081E-12
4.857245800356069E-12
4.504832935610041E-12
4.087930342382942E-12
3.674179351435551E-12
3.3213339174468856E-12
3.0080795448235417E-12
2.7227292000263676E-12
2.4704468686838218E-12
2.2511914020129164E-12
2.044169107406601E-12
1.8615812344475874E-12
1.7125011681896836E-12
1.6062124883590076E-12
1.5653634368990307E-12
2.8133681956578874E-12
6.425537659084923E-12
1.2026331496563904E-11
2.223138458794426E-11
3.670883092311829E-11
5.945488442521795E-11
8.690228444296956E-11
1.0775893662690745E-10
1.3056097374439813E-10
1.508348144093669E-10
1.6041089480421506E-10
3.2203965932754315E-10
5.865753099302105E-10
7.676255518904833E-10
8.613630470913939E-10
9.118824706121262E-10
9.230147752081395E-10
9.336936895460714E-10
9.187183847595558E-10
8.849307510176739E-10
8.605904707942672E-10
8.521612658520345E-10
8.599310585581984E-10
8.971184683346278E-10
9.671123052563065E-10
1.6819653008457207E-9
2.5411693413033167E-9
3.0817024849561243E-9
3.3211302696738554E-9
3.383743387363649E-9
3.455332274327932E-9
3.4324375810029037E-9
3.315516142561201E-9
3.1546447994767616E-9
3.0590305441185615E-9
3.056250083988336E-9
3.1363146412199507E-9
3.3772486589662446E-9
3.5260440618720903E-9
4.096487977388379E-9
4.632525591368256E-9
4.933676655448376E-9
5.154132758848467E-9
5.3139123663266095E-9
5.1830341696589996E-9
5.131277003929197E-9
4.806061339537814E-9
4.667906303553299E-9
4.720007122114624E-9
4.7636645786745835E-9
4.9048537351452635E-9
5.115999873904374E-9
5.44259072119292E-9
5.967094957825098E-9
7.54983510597843E-9
8.628573267773022E-9
9.853823525081754E-9
1.086724460293162E-8
1.2826407813737324E-8
1.5695869862462177E-8
1.659020130483998E-8
1.6623864740020188E-8
1.7210421961817345E-8
1.7615209058825273E-8
1.799827451380384E-8
1.9860706693258537E-8
1.9458383590595815E-8
1.8378176740714554E-8
1.7638857145901667E-8
1.676249672581451E-8
1.5756468882535667E-8
1.481772334645585E-8
1.4065739324957359E-8
1.3373976940452977E-8
1.281236619331796E-8
1.176400456914214E-8
1.1182496637634642E-8
1.1225150010593005E-8
1.1470006136559805E-8
1.1192112464808903E-8
1.0848435703095697E-8
1.0522158443080791E-8
9.568784781305762E-9
8.409592365139484E-9
7.472798339685226E-9
6.656704066761075E-9
5.9303846734760676E-9
5.272220528897207E-9
4.6436565783478045E-9
4.081711557610903E-9
3.600529596590246E-9
3.18847403895134E-9
2.818977619351174E-9
2.492104005516688E-9
2.199560820741707E-9
1.9382882240949484E-9
1.7030231884850453E-9
1.5050624057733339E-9
1.3315574120411372E-9
1.176862823127542E-9
1.03904573585709E-9
9.155789875889784E-10
8.048555614490758E-10
7.043421689311854E-10
6.357674440626884E-10
5.871904930113259E-10
5.311855230544615E-10
4.694698414060013E-10
4.13684891485579E-10
3.697441078648566E-10
3.3368969871643465E-10
2.997283805782135E-10
2.6611290493477576E-10
2.707667143842659E-10
3.19159564925178E-10
4.3332959124205065E-10
6.329302831290893E-10
6.930346235875504E-10
6.267758320700346E-10
6.080770209415583E-10
5.910955867298499E-10
5.525426809079746E-10
5.263921045245725E-10
4.800907427372948E-10
4.487257416958085E-10
4.302998857973499E-10
3.928012209111203E-10
3.477366250591367E-10
3.121135824235145E-10
2.805845501186986E-10
2.513665412085619E-10
2.2501784635604232E-10
1.990367934812645E-10
1.7773553262521878E-10
1.574648905115589E-10
1.4177808989484148E-10
1.2929108351276914E-10
1.172735661967664E-10
1.0486984936209021E-10
9.749086119243207E-11
9.357070176009807E-11
8.541121554805331E-11
1.2119485408779224E-10
2.5777015019986356E-10
4.053349320885348E-10
5.657476958365647E-10
6.674457944043922E-10
7.335491865723549E-10
7.013182083536153E-10
6.314435936712495E-10
5.769665060756099E-10
5.421097908900743E-10
4.955605038898429E-10
4.6352449520980106E-10
4.481634346886136E-10
4.3521343622416825E-10
4.1593908435979144E-10
3.770629526411846E-10
3.364556529685117E-10
3.1069276960559964E-10
2.916229972419054E-10
2.721977601270913E-10
2.552595940151459E-10
2.3991658466272995E-10
2.2911564559130734E-10
2.343056936382274E-10
2.428282056054297E-10
2.692804267068744E-10
3.1493047858143414E-10
3.7314833675392004E-10
4.4735446545969585E-10
5.482339859046019E-10
6.956535363020918E-10
8.356238226913368E-10
1.0168235313241913E-9
1.2251689664940316E-9
1.350465914383912E-9
1.3799116113457641E-9
1.3512858427481772E-9
1.2885662038292034E-9
1.2133721938198367E-9
1.1291506640767307E-9
1.0435110486621739E-9
9.628563277821395E-10
8.848954197907149E-10
8.148474187293978E-10
7.500156366916721E-10
6.868426515005012E-10
6.235812540983137E-10
5.680756085143575E-10
5.162637831921407E-10
4.6399957286002717E-10
4.310039054936134E-10
4.5098255308907696E-10
4.6537221329689965E-10
4.5788658472926083E-10
4.4082339030924534E-10
4.122742217206085E-10
3.789491233328304E-10
3.455057791128485E-10
3.1176462899129627E-10
2.805673131437029E-10
2.5210730908230094E-10
2.2830983515529455E-10
2.1143852208141691E-10
1.9778640869213613E-10
1.83979239234993E-10
1.6977075343118037E-10
1.5511930188650886E-10
1.4236527019349434E-10
1.3144656469973842E-10
1.2112295435242832E-10
1.1104377940765694E-10
1.0204639197262133E-10
9.366362906431638E-11
8.552016496838684E-11
7.788841582350795E-11
7.050849009151268E-11
6.322453277116816E-11
5.6572604410309297E-11
5.0733844057471195E-11
4.5550049652644117E-11
4.062130363111314E-11
3.630238025639559E-11
3.587916510859109E-11
3.834009047376032E-11
4.2658807005901146E-11
4.418740972673615E-11
5.172500351591066E-11
5.8144589036150253E-11
6.821945334014958E-11
7.470327992060081E-11
8.016881917963044E-11
8.447915823165976E-11
8.755418207297612E-11
9.009471941500051E-11
8.851947033012717E-11
8.49719224761037E-11
8.047673719704969E-11
7.523370593566226E-11
6.985978908822703E-11
7.07274354701294E-11
7.11596214539422E-11
7.083325275688941E-11
7.109015296675573E-11
7.118267928718404E-11
7.201046815116835E-11
7.228628084294913E-11
7.135241770488003E-11
6.974645582150263E-11
6.769877039911056E-11
6.530422623125375E-11
6.273000798241134E-11
5.671203558757949E-11
5.000258597667053E-11
4.422117741535449E-11
3.893023422600871E-11
3.428927999024669E-11
3.017171448358563E-11
2.6553126791713208E-11
2.338859127235869E-11
2.063013473289456E-11
1.8233720954368408E-11
1.6176761128820136E-11
1.4449955309663685E-11
1.2993248194500688E-11
1.1731440059595816E-11
1.0582894816599269E-11
9.614457094701004E-12
8.973528582684655E-12
8.647646546889676E-12
8.516771702271098E-12
8.499917378487023E-12
8.596831396987022E-12
8.84716685903696E-12
8.984547219928851E-12
9.322489110718542E-12
9.775336899424145E-12
1.0138096969238783E-11
1.0132634550933071E-11
9.967592725368416E-12
1.003478021378382E-11
9.78718498814891E-12
9.855819673739257E-12
9.515772143293902E-12
9.317140644246956E-12
9.361960165030358E-12
9.707841463600524E-12
1.0051581811178993E-11
1.0492113401823653E-11
1.0467266731735795E-11
1.0197974013106274E-11
1.00863840083958E-11
1.007285976834678E-11
9.759767705200554E-12
9.57661166408842E-12
9.392095277288277E-12
8.966222119093892E-12
8.568545451102029E-12
8.105329600303354E-12
7.696676767578012E-12
7.103004990531633E-12
6.441617309549707E-12
5.829926920089438E-12
5.375392437710468E-12
5.539547277550005E-12
8.579125746583977E-12
1.1482045819856135E-11
1.8095283423711503E-11
2.3862972842533006E-11
2.6561509620517203E-11
2.7895292856270947E-11
2.8316518659922853E-11
2.830715525645211E-11
2.7947696518593572E-11
2.7227283984407744E-11
2.6270467148895184E-11
2.5138042117911973E-11
2.389670506246701E-11
2.2554885826501272E-11
2.1194897861157805E-11
1.981506732978192E-11
1.8425077158541662E-11
1.7055593511694773E-11
1.573514144359998E-11
1.456601251025416E-11
1.3621204139487597E-11
1.2840738403631282E-11
1.2159198669124819E-11
1.1121587305981015E-11
9.983505494294208E-12
8.976088070177208E-12
8.027556495235679E-12
7.161929163048694E-12
6.3735179221321645E-12
5.677459560766324E-12
5.052289131250905E-12
4.487518425291016E-12
4.006307201277297E-12
3.6062991339213864E-12
3.2967489532295064E-12
3.0437369366721642E-12
2.827418157741989E-12
2.6974553192393545E-12
2.63550402320451E-12
2.7563566821367745E-12
3.459746201389319E-12
4.309742687082475E-12
6.467242147657523E-12
1.2575208918962822E-11
3.0380204683211434E-11
4.4485688180743066E-11
6.464737736109151E-11
9.295727673449038E-11
3.0297174207542525E-10
6.221827332202773E-10
8.777051912818855E-10
1.0838548497658072E-9
1.1326336374814012E-9
1.6124398529794698E-9
2.2341948302629867E-9
2.411185763065374E-9
2.4570076442351873E-9
2.7777132209191447E-9
2.8229747484091262E-9
2.7692738643035454E-9
2.6946398848570002E-9
3.2500066105378734E-9
3.810732793174957E-9
4.6182449436838936E-9
4.933955601027886E-9
5.55223371512624E-9
6.281911681031953E-9
7.480340910319307E-9
8.641669527998056E-9
8.93059180268679E-9
8.508149144075436E-9
8.441606033951179E-9
8.495606322875906E-9
8.055988047743206E-9
7.235232544099051E-9
6.56184918150338E-9
6.0018142937922E-9
5.453581679695124E-9
5.0442812786009805E-9
4.558564388582597E-9
4.052902094900355E-9
3.609684239795777E-9
3.263673562805268E-9
2.913669825266266E-9
2.578489252261337E-9
2.291551386931812E-9
2.0490423239520797E-9
1.8234945295189579E-9
1.6147599968604791E-9
1.4434436080563974E-9
1.2816225158830326E-9
1.1289478021591943E-9
9.950847897686881E-10
8.759561858553026E-10
7.73934552944722E-10
6.883425044082297E-10
6.066464443054687E-10
5.363857693213197E-10
4.877332859072737E-10
4.393838176246196E-10
3.91060871908702E-10
3.47564862448445E-10
3.078989854005957E-10
2.724149329294657E-10
2.451819879757222E-10
2.179107456462309E-10
1.9691664648719916E-10
1.7563908937918214E-10
1.550100023070293E-10
1.370901056087758E-10
1.244981191311793E-10
1.1360624532588726E-10
1.0371026982627812E-10
9.29202215394488E-11
8.216620574838888E-11
7.281973149574941E-11
6.453459938288646E-11
5.74492004131477E-11
5.1543074935712694E-11
4.905059648984471E-11
5.843486517615466E-11
6.09068055180964E-11
5.731779409445808E-11
5.631874151973131E-11
5.478525509941328E-11
5.271969381581478E-11
6.117841306775081E-11
6.32483036992633E-11
1.1243859310347343E-10
1.3059372256962146E-10
1.3165502636171657E-10
1.36214957636572E-10
1.3549448435260116E-10
1.3267672517877058E-10
1.4691027222491805E-10
1.7800713784205558E-10
1.7312076827868588E-10
3.0578892469195107E-10
4.2438299116728426E-10
4.767194424045146E-10
4.950782725360374E-10
4.756820254571958E-10
4.5151791752226826E-10
4.21647253366093E-10
3.9116691230845005E-10
3.617054865083765E-10
3.394989151929275E-10
3.1814691411667057E-10
2.953298149543225E-10
2.7596012156810124E-10
2.589194493355173E-10
2.693878635775887E-10
2.78839685802272E-10
2.602247218338758E-10
2.3889059728045997E-10
2.2289782220445219E-10
2.0614123778620362E-10
1.8993539127005495E-10
1.7940202131850304E-10
1.650734686281498E-10
1.5282426724392526E-10
4.574779733818523E-10
5.166501786364321E-10
9.577401951281867E-10
1.0380127152643688E-9
1.6238364712622944E-9
3.1676768296029935E-9
4.775637054585614E-9
5.096118334181554E-9
5.323796515965925E-9
5.200030864488345E-9
5.826121709957823E-9
5.790944917291639E-9
6.001061843982556E-9
5.85527011417899E-9
5.2724475321756636E-9
4.901605799983082E-9
4.99593394726676E-9
4.717238866412245E-9
4.289786779818772E-9
3.954400070451291E-9
3.6468632703853357E-9
3.341261578184996E-9
3.547242789414926E-9
4.139597788043621E-9
4.9021855207359756E-9
4.692503730845597E-9
4.107354408635203E-9
3.6619620897098197E-9
3.5864035607883524E-9
3.569329043927827E-9
3.535789811132373E-9
3.4703080023354605E-9
3.3954485372205565E-9
5.8412471598497294E-9
9.962416306003196E-9
1.2356160485670414E-8
1.2893472524539041E-8
1.2635343375190662E-8
1.1421335710420368E-8
1.0065046994652361E-8
8.92501922127052E-9
7.901340538698422E-9
7.058816724986598E-9
6.308125805850424E-9
5.652545204960163E-9
5.051927309878846E-9
4.535968900978961E-9
4.432082673982995E-9
4.104378003118242E-9
3.648209554946135E-9
3.519697771675354E-9
3.2468886489743346E-9
2.8999879706388546E-9
2.5979396749601768E-9
2.331702997395345E-9
2.105812646259229E-9
1.911767199779264E-9
1.715356738490173E-9
1.5438724060413102E-9
1.5931268319374932E-9
1.5074943259638793E-9
1.3561718796619124E-9
1.2417507081589743E-9
1.21600020464634E-9
1.140782405968904E-9
1.0212683282630255E-9
9.206995904851382E-10
8.279813504668425E-10
7.506631852804371E-10
6.755495043118874E-10
6.105790474386378E-10
5.514892537466683E-10
4.974569904627941E-10
4.4938901980639033E-10
4.0712379879267846E-10
3.9782969710049157E-10
3.691223085178439E-10
3.5721782804215586E-10
3.304180643515679E-10
2.9024984774013456E-10
2.579548744689387E-10
2.3152030822129552E-10
2.0839287247756977E-10
2.0257117948059669E-10
1.8973899593233065E-10
1.7090512019555564E-10
1.5545040936907862E-10
1.432280759047064E-10
1.3397870620117524E-10
1.245374561908909E-10
1.4738936851667766E-10
1.4876569628594162E-10
1.366971743566214E-10
1.3241510130835083E-10
1.2101442063411748E-10
1.0879897703395862E-10
9.809775001972999E-11
8.78727643859825E-11
8.699587860958413E-11
8.137764440366988E-11
7.274627070516226E-11
7.237370885742801E-11
6.69784706746173E-11
6.247474053081102E-11
5.700831579166003E-11
5.025125951530787E-11
4.4844375091468426E-11
3.985990945602229E-11
3.542312253915762E-11
3.141388852032744E-11
2.7943344672862848E-11
2.4873131445821132E-11
2.2132539725933025E-11
1.9614499855239467E-11
1.7426341018439894E-11
1.637242554264009E-11
1.478603205001842E-11
1.2952964042763599E-11
1.1458894217112922E-11
1.0102828696200466E-11
8.938023903976417E-12
7.909411243974362E-12
6.9850936719249655E-12
6.158545975227807E-12
5.4228480778354275E-12
4.775294145708195E-12
4.327699540857454E-12
3.847015521613111E-12
3.3776144957044458E-12
2.9676405215474495E-12
2.6051592467577014E-12
2.2950212001345747E-12
2.0167668933124317E-12
1.772615911212535E-12
1.5576512787292946E-12
1.3655753021248513E-12
1.2445475939665618E-12
1.1076762493234117E-12
9.645384363951278E-13
8.47309012509529E-13
7.447303429561139E-13
6.52671875834434E-13
5.722017974659361E-13
5.030358939725425E-13
4.450064468674791E-13
3.913228771855798E-13
3.4362891820046046E-13
3.022550833272113E-13
2.787435220797683E-13
2.5043743906301737E-13
2.1876182356180447E-13
1.9243902146096665E-13
1.6923350861013989E-13
1.4905767767725396E-13
1.312044634333947E-13
1.15644819292877E-13
1.0162761534050816E-13
8.93762116520372E-14
7.86251253359574E-14
6.909770019050882E-14
6.403259377298613E-14
5.729318323610703E-14
5.1916063723805386E-14
4.8430241040934437E-14
4.509582091978783E-14
4.0298849707281506E-14
3.526224068326619E-14
3.250370680273145E-14
3.0050530835121603E-14
2.6610740617169752E-14
2.4097019208687078E-14
2.1448351653358655E-14
2.8175726258500804E-14
8.264654116636229E-14
1.9106981892847362E-13
3.773660080519999E-12
8.671506735945347E-12
9.992203973931287E-12
9.846386910882568E-12
1.0070736419569281E-11
1.0305177012951156E-11