
0.0
0.0
0.0
0.0
0.0
0.0
0.0
2.2376614456846334E-279
1.5351641012996646E-106
3.2590863700223077E-45
1.2540672591794412E-23
1.6882973527058277E-14
3.2817566205511795E-12
1.960122875277364E-11
6.641768297281653E-11
5.847751868243928E-10
2.1743968821198542E-9
6.709924460979254E-9
1.6383422071161674E-8
3.486255224153752E-8
6.581913602266003E-8
1.1388060089193558E-7
1.8323715962736454E-7
2.7829736463679833E-7
4.027191721919438E-7
5.598261009812291E-7
7.520750011406283E-7
9.81334555103437E-7
1.2486579787905401E-6
1.5544860459341875E-6
1.8985880532368042E-6
2.2807650942426542E-6
2.699243625135887E-6
3.153752573190305E-6
3.6411011250848493E-6
4.1600748678858006E-6
4.707394945348642E-6
5.281206395968576E-6
5.878280151180278E-6
6.4964628090192984E-6
7.132966130380711E-6
7.785292597723742E-6
8.458744027197633E-6
9.148615703216943E-6
9.87029464312267E-6
1.061836382845886E-5
1.1397497045700989E-5
1.2205533863712943E-5
1.3042204385340486E-5
1.3905996262116727E-5
1.479464706182941E-5
1.5707717173829367E-5
1.6642302748434853E-5
1.759795433862927E-5
1.8572660383839102E-5
1.9565796445791676E-5
2.0578512670228913E-5
2.1613374539798296E-5
2.2671492008352354E-5
2.3762684950751578E-5
2.4988073338517946E-5
2.6290770444152185E-5
2.762887966960363E-5
2.9053130972384513E-5
3.051982628532624E-5
3.200677161857046E-5
3.351462998531652E-5
3.50463827574582E-5
3.6591460664518524E-5
3.8186712690271365E-5
3.9806992065807045E-5
4.145834203791819E-5
4.3122883591803415E-5
4.479392920194107E-5
4.64604726571584E-5
4.811389972844255E-5
4.9746797636406687E-5
5.134765392735766E-5
5.292913550038931E-5
5.44691830515872E-5
5.5987941829223705E-5
5.746498743117588E-5
5.8904245989165205E-5
6.029905401929754E-5
6.165120023717673E-5
6.296272128637265E-5
6.423695451297453E-5
6.547402162515181E-5
6.668307878568125E-5
6.786323696152E-5
6.90275215436746E-5
7.017586196752752E-5
7.131389123313055E-5
7.244209965714183E-5
7.35600838306301E-5
7.466696598669637E-5
7.576360931895215E-5
7.684445468092241E-5
7.791318975541193E-5
7.896280613535788E-5
7.999628228672663E-5
8.100675738411384E-5
8.199554815673039E-5
8.295860032976912E-5
8.389707221864716E-5
8.480939642758658E-5
8.569662170836315E-5
8.655809478657676E-5
8.739443978900477E-5
8.820550219283957E-5
8.899167162768743E-5
8.975307242580188E-5
9.04900303603994E-5
9.120281307175182E-5
9.189176150968462E-5
9.255722446112441E-5
9.319958651525253E-5
9.381925415709528E-5
9.441666289846179E-5
9.499226843395241E-5
9.554655411074672E-5
9.608002080641096E-5
9.659319690947384E-5
9.708661992058422E-5
9.756084722582291E-5
9.801644084564917E-5
9.845397667046565E-5
9.887403067569319E-5
9.927718489471754E-5
9.966401700785709E-5
1.0003510086940257E-4
1.0039100029035137E-4
1.0073226742793185E-4
1.0105943965924866E-4
1.0137304240926835E-4
1.016735811872569E-4
1.0196156439573538E-4
1.0223747887732692E-4
1.025018286554643E-4
1.0275509913699516E-4
1.0299779486520071E-4
1.0323040637695867E-4
1.0345343900904869E-4
1.0366738804723594E-4
1.0387275536073065E-4
1.0407003295591088E-4
1.0425979023818739E-4
1.0444255363525118E-4
1.0461892897047888E-4
1.047895828081521E-4
1.0495520609784441E-4
1.051167332776429E-4
1.052749220615686E-4
1.0543090169688587E-4
1.0558527409560502E-4
1.0573901274442032E-4
1.058925585712869E-4
1.0604654607504748E-4
1.0620126758122906E-4
1.0635702524434048E-4
1.0651395271889153E-4
1.066721063339262E-4
1.068314702318875E-4
1.0699194475556646E-4
1.0715340568407518E-4
1.0731567291609725E-4
1.0747856247952894E-4
1.0764186656694999E-4
1.0780538123405919E-4
1.0796890188204206E-4
1.0813222766655806E-4
1.082951762707562E-4
1.0845756188018093E-4
1.0861922920681657E-4
1.0878001242373535E-4
1.0893977505390014E-4
1.090983642833251E-4
1.0925565355151314E-4
1.0941148171169495E-4
1.0956572025375876E-4
1.0971818684165862E-4
1.0986876245588517E-4
1.100172820092076E-4
1.1016364654759162E-4
1.1030774770371146E-4
1.1044946963633335E-4
1.1058871502682482E-4
1.1072532348532382E-4
1.1085914993765962E-4
1.1099001008803999E-4
1.1111772495281112E-4
1.1124212531875138E-4
1.1136304368027839E-4
1.1148034885994147E-4
1.1159394060001029E-4
1.1170375113052323E-4
1.1180982242554356E-4
1.1191216917760443E-4
1.1201112509760157E-4
1.1210677020872643E-4
1.122009958900306E-4
1.1229225022736646E-4
1.1238396469773546E-4
1.1247330478937785E-4
1.1262404024261013E-4
1.1279909346192368E-4
1.1306920724059297E-4
1.1345571828069347E-4
1.1403871553111223E-4
1.1480085809804807E-4
1.1573187691781459E-4
1.1674148216725785E-4
1.1779827772055138E-4
1.1887179209950359E-4
1.199446991023745E-4
1.210056538295103E-4
1.2206097412670151E-4
1.2310037254743882E-4
1.241365019608466E-4
1.2515353013228808E-4
1.2614453741657347E-4
1.2711358543068913E-4
1.2802660450084592E-4
1.288943593550655E-4
1.2968960677149484E-4
1.3044804522021768E-4
1.3114233263783814E-4
1.3184716065582985E-4
1.3251962833034343E-4
1.332561660064991E-4
1.3400929176832598E-4
1.3481633531491562E-4
1.3565484331458459E-4
1.3656083419402186E-4
1.3740787991068352E-4
1.380260244825923E-4
1.3873437000406374E-4
1.3932898055478752E-4
1.399629955092718E-4
1.40567480316622E-4
1.4120555619261696E-4
1.4184676550185748E-4
1.4252692321879769E-4
1.4319513203672223E-4
1.4393404851610462E-4
1.4462789321994973E-4
1.4540786841436878E-4
1.4614382913964607E-4
1.468963924782523E-4
1.475929722824326E-4
1.4823888456607327E-4
1.4882103787914168E-4
1.4933891160253608E-4
1.4982483346603572E-4
1.5026904293275373E-4
1.507304755892108E-4
1.5115640363727234E-4
1.5158610182250347E-4
1.5194525218762775E-4
1.5226224848973255E-4
1.524908173612292E-4
1.526519493368771E-4
1.527287182134991E-4
1.5273795268166745E-4
1.5267834675651709E-4
1.525628643802593E-4
1.523957637977343E-4
1.521867184322235E-4
1.5194117706069177E-4
1.5166647735339516E-4
1.5136761888576546E-4
1.510501207417473E-4
1.507180819388636E-4
1.50375565161615E-4
1.5002573978624767E-4
1.4967154736517997E-4
1.4931534910618929E-4
1.4895925167156152E-4
1.4860495419664763E-4
1.4825391303818707E-4
1.4790728587929603E-4
1.4756598294343048E-4
1.4723071694719208E-4
1.4690195838712526E-4
1.4658012611346808E-4
1.4626542327246864E-4
1.4595814437145656E-4
1.456584088876038E-4
1.4536645598063543E-4
1.4508239756180413E-4
1.448064200475299E-4
1.445386038145877E-4
1.4427904430519494E-4
1.440277232276459E-4
1.4378459684240757E-4
1.435495076693449E-4
1.4332226615255223E-4
1.4310258830912184E-4
1.4289021397067991E-4
1.426847990808315E-4
1.424860632627641E-4
1.4229366625342546E-4
1.4210729661749E-4
1.4192656256776688E-4
1.41751141497525E-4
1.4158057186870832E-4
1.414144765197005E-4
1.4125240326094254E-4
1.4109387893103658E-4
1.4093846130671102E-4
1.4078561341907122E-4
1.406348752863855E-4
1.4048570876319934E-4
1.4033766329029347E-4
1.401902584425462E-4
1.400430844004545E-4
1.3989573720869753E-4
1.3974786504791496E-4
1.3959913434383056E-4
1.3944924915153622E-4
1.3929793934733823E-4
1.3914495679260823E-4
1.3899008939796188E-4
1.3883313446619823E-4
1.3867393139169152E-4
1.3851236783691732E-4
1.383483331552231E-4
1.3818188213771425E-4
1.3801299783846254E-4
1.3784190900724432E-4
1.3766878135652448E-4
1.3749397072245804E-4
1.3731799958717247E-4
1.3714138692071787E-4
1.3696504589765312E-4
1.3678983145652048E-4
1.366169400999083E-4
1.3644764529266294E-4
1.362833230759342E-4
1.3612554226387607E-4
1.3597570735006178E-4
1.358353778206622E-4
1.3570423330638653E-4
1.355829471803499E-4
1.3546922028352052E-4
1.353638486042308E-4
1.3526447136013548E-4
1.3517305582002974E-4
1.350880023923738E-4
1.3501088193662968E-4
1.3494134706386768E-4
1.348806714984235E-4
1.3482899467112433E-4
1.347871907517527E-4
1.347551047500037E-4
1.3473301246067447E-4
1.3472030422142104E-4
1.347165898971007E-4
1.347209564947888E-4
1.3473254974440057E-4
1.3475029867365365E-4
1.3477317321833738E-4
1.3480007150140093E-4
1.3482996347713146E-4
1.3486181433433681E-4
1.3489468436120205E-4
1.3492765907509267E-4
1.3495991832572225E-4
1.3499068813548954E-4
1.3501928926219412E-4
1.3504509531477043E-4
1.350675538059806E-4
1.3508616330488622E-4
1.3510049083382032E-4
1.351101545535827E-4
1.35114832261107E-4
1.3511424659518506E-4
1.3510816622246108E-4
1.3509640304360226E-4
1.3507880735684626E-4
1.3505526804165888E-4
1.3502570237101426E-4
1.3499005895268554E-4
1.3494830787116343E-4
1.3490044278522542E-4
1.3484647407745615E-4
1.347864280555841E-4
1.3472034360283416E-4
1.3464826797564364E-4
1.3457025658272458E-4
1.3448636936802397E-4
1.343966718193997E-4
1.3430121014775464E-4
1.3420004891134615E-4
1.3409341957149143E-4
1.3398146460041365E-4
1.3386461606303688E-4
1.33743144391944E-4
1.3361741732898015E-4
1.3348770897765285E-4
1.333543295153742E-4
1.3321753785828277E-4
1.330776081618261E-4
1.3293477883761514E-4
1.3278929783729174E-4
1.3264137019244977E-4
1.324912007577941E-4
1.3233893419858242E-4
1.3218468522476054E-4
1.320285201806731E-4
1.318705042331767E-4
1.3171069551864628E-4
1.3154903792580522E-4
1.3138546126226607E-4
1.3121980901781494E-4
1.3105199902124106E-4
1.308818586289251E-4
1.3070929853350584E-4
1.3053415038350466E-4
1.303563008636811E-4
1.3017559144934716E-4
1.2999189866353227E-4
1.2980508426967358E-4
1.296150334136977E-4
1.2942162635372028E-4
1.2922475653170717E-4
1.2902432171250572E-4
1.2882023239900968E-4
1.2861240384895496E-4
1.2840076331669246E-4
1.281852557006701E-4
1.2796584779281686E-4
1.2774252086083517E-4
1.2751526624312152E-4
1.272840718711318E-4
1.2704893428965323E-4
1.2680989761932723E-4
1.265670458154146E-4
1.263204471555417E-4
1.260701351566533E-4
1.2581611890557343E-4
1.255584240786685E-4
1.2529708380675832E-4
1.250321626618867E-4
1.2476367473788504E-4
1.244916252053043E-4
1.2421599482014301E-4
1.2393680923466599E-4
1.2365408250008647E-4
1.233678550833647E-4
1.2307814805543357E-4
1.2278497737147013E-4
1.2248834221435226E-4
1.2218823761681318E-4
1.2188465338696248E-4
1.2157757514811356E-4
1.2126698813786061E-4
1.2095287504014859E-4
1.2063521912274401E-4
1.2031400147718486E-4
1.1998919836037609E-4
1.1966079071934498E-4
1.1932879016020838E-4
1.1899313079217514E-4
1.186538723235134E-4
1.1831087905163278E-4
1.179641862769862E-4
1.1761366507957697E-4
1.1725933910078758E-4
1.16901088866675E-4
1.1653892195993018E-4
1.161726328289622E-4
1.158021241830712E-4
1.154271044634979E-4
1.1504738035042432E-4
1.1466271276027523E-4
1.1427294070813027E-4
1.1387794347339225E-4
1.1347766091660841E-4
1.1307204463165257E-4
1.1266110388695314E-4
1.1224485402057743E-4
1.1182337245429937E-4
1.1139674958100977E-4
1.1096512089676862E-4
1.1052865607418343E-4
1.1008750786416907E-4
1.0964189180429002E-4
1.0919197167381066E-4
1.0873796749848626E-4
1.0828008220151832E-4
1.0781853590505486E-4
1.0735149213763557E-4
1.068807461665247E-4
1.0640228382377484E-4
1.0591923031904575E-4
1.0542910514285553E-4
1.0493430027710922E-4
1.0443442729139713E-4
1.0393112584156925E-4
1.034251010579135E-4
1.0291741016036396E-4
1.0240898705595073E-4
1.0190043552734594E-4
1.0139250272816907E-4
1.0088560174106788E-4
1.0038027492802465E-4
9.987700527809414E-5
9.937627119398145E-5
9.887878705103998E-5
9.838511887046969E-5
9.789610109409283E-5
9.74123723050636E-5
9.693469815001739E-5
9.6463654490296E-5
9.599982856607673E-5
9.554365409824882E-5
9.509551075956024E-5
9.465567508511438E-5
9.422433116544749E-5
9.380163827167831E-5
9.338762244384632E-5
9.298237740206202E-5
9.258583652155268E-5
9.219802084324567E-5
9.181881196404574E-5
9.144815446597232E-5
9.1085895267713E-5
9.073191519423185E-5
9.038603574982385E-5
9.004808797688305E-5
8.971787310118377E-5
8.939518164785265E-5
8.907978663520624E-5
8.87714501796659E-5
8.846990037577183E-5
8.81748768942682E-5
8.788606890036801E-5
8.760319310387249E-5
8.732592441702208E-5
8.705398042015464E-5
8.678704287366692E-5
8.652486295057249E-5
8.626714595954165E-5
8.60136851992819E-5
8.576422686461253E-5
8.551860698972201E-5
8.527663036231884E-5
8.503818854938771E-5
8.480315485346376E-5
8.45714723773809E-5
8.43430683639359E-5
8.411791848776132E-5
8.389597124190698E-5
8.367721459941756E-5
8.346158413730827E-5
8.324905645809805E-5
8.303954967347185E-5
8.283334431533155E-5
8.263138586283677E-5
8.24343089754886E-5
8.224445569590784E-5
8.206233397326312E-5
8.188873686230154E-5
8.172217239968341E-5
8.155924099309933E-5
8.13941638106652E-5
8.122406755238542E-5
8.105343988268122E-5
8.087755627991004E-5
8.070637939983456E-5
8.053129282797846E-5
8.034801999019042E-5
8.01497725515184E-5
7.99352015501381E-5
7.970219347384577E-5
7.945314390609522E-5
7.918909799927902E-5
7.891307952595931E-5
7.862703497177808E-5
7.833297150362304E-5
7.803247509847699E-5
7.772700874318486E-5
7.741784089259894E-5
7.710627430596407E-5
7.679320295291109E-5
7.64797154277162E-5
7.61664172849561E-5
7.585407547274593E-5
7.554309623027371E-5
7.523477333886745E-5
7.492927382030627E-5
7.462703340171876E-5
7.432782274972694E-5
7.402990511411593E-5
7.373256235279223E-5
7.343413566476618E-5
7.313414052706224E-5
7.283170697633261E-5
7.25266072111016E-5
7.221853516704023E-5
7.190741489823965E-5
7.159323248811606E-5
7.127620813163533E-5
7.095660489712904E-5
7.063490396946337E-5
7.031155625134749E-5
6.998720933673191E-5
6.966240046094962E-5
6.933781431984074E-5
6.901399575406248E-5
6.869154325639452E-5
6.837096704467976E-5
6.80527632381579E-5
6.77373803165498E-5
6.742525659226459E-5
6.711677237677754E-5
6.681228919052757E-5
6.651211351397614E-5
6.621657376658526E-5
6.592592014265372E-5
6.564053256409977E-5
6.53606731903644E-5
6.508673875813977E-5
6.481899192208542E-5
6.455775869822442E-5
6.430325047612806E-5
6.405566889849357E-5
6.381513113496829E-5
6.358169682965671E-5
6.335535892024038E-5
6.313603847780749E-5
6.292359899109806E-5
6.27178397553827E-5
6.251851417587347E-5
6.232532949169007E-5
6.213795854097495E-5
6.19560506109598E-5
6.177923414349893E-5
6.160713758609517E-5
6.143939276364583E-5
6.127564497037402E-5
6.111554881507857E-5
6.095879062965859E-5
6.080506134174252E-5
6.065410058642214E-5
6.0505679224627745E-5
6.035959369041092E-5
6.0215705017929736E-5
6.007383006669047E-5
5.993388163104924E-5
5.979566969627738E-5
5.965911375515707E-5
5.952403726985782E-5
5.9390361079130624E-5
5.925797540103673E-5
5.9126829518537386E-5
5.899692706074543E-5
5.8868311735927924E-5
5.8741098970510985E-5
5.861550289614944E-5
5.8491739940095117E-5
5.837005970907344E-5
5.8250727303281944E-5
5.8133831065793915E-5
5.8019562823121565E-5
5.790786046340815E-5
5.779869393291035E-5
5.76918606700817E-5
5.75870573622839E-5
5.748395562018378E-5
5.738212177030392E-5
5.7281222756152895E-5
5.718086404689719E-5
5.708079718993449E-5
5.698074695328436E-5
5.688056406478765E-5
5.6780097778566E-5
5.667942612035614E-5
5.657855370856278E-5
5.647799869351556E-5
5.6377986406603404E-5
5.62794331870319E-5
5.6182668620655056E-5
5.608883614845929E-5
5.599831616185183E-5
5.591223690841575E-5
5.583094941005575E-5
5.575533105443983E-5
5.5685436568646095E-5
5.5621913274574396E-5
5.5564724795521254E-5
5.551452993250719E-5
5.547150466796167E-5
5.5436479691820834E-5
5.540987207485421E-5
5.539250809758356E-5
5.538488991627423E-5
5.538748975287743E-5
5.5400667892858855E-5
5.542445438501766E-5
5.54589978726893E-5
5.550411178309124E-5
5.55597333689117E-5
5.562551132233074E-5
5.570115191637493E-5
5.5786081089535156E-5
5.587978889473274E-5
5.5981504244548593E-5
5.609057713477E-5
5.620613967824348E-5
5.632748206671963E-5
5.64537590890407E-5
5.658426688271317E-5
5.671825953040124E-5
5.6855092770439826E-5
5.699412422462608E-5
5.713478898702046E-5
5.727657123547592E-5
5.741900704171675E-5
5.756172565842667E-5
5.7704381899569804E-5
5.784670115722146E-5
5.7988422180960175E-5
5.812933438566268E-5
5.826924607659111E-5
5.8408026492639565E-5
5.8545546449409854E-5
5.868170330475105E-5
5.881637304526599E-5
5.8949457925876845E-5
5.908086941700691E-5
5.921055330932553E-5
5.93384692042454E-5
5.946458664032982E-5
5.958887142492481E-5
5.971128802183965E-5
5.983178501020154E-5
5.9950322536674554E-5
6.006685685560485E-5
6.0181362537599135E-5
6.029380725569296E-5
6.040416534055714E-5
6.0512407775795273E-5
6.061850578307315E-5
6.072242904892089E-5
6.082413981738499E-5
6.092360023415783E-5
6.1020766077718536E-5
6.111559626687523E-5
6.120804861395213E-5
6.129808772748566E-5
6.138568078126873E-5
6.14708013355187E-5
6.155342790970735E-5
6.163354391086476E-5
6.171113944593706E-5
6.178619937835681E-5
6.185872279724364E-5
6.192869045628341E-5
6.19961081418254E-5
6.206096107630556E-5
6.212326930116613E-5
6.218301896349481E-5
6.22402071847844E-5
6.229480969322788E-5
6.234682688239317E-5
6.239625035136498E-5
6.244309110489679E-5
6.248735809566355E-5
6.25290786171999E-5
6.256828163613816E-5
6.260501110179781E-5
6.263931316434628E-5
6.26712447481205E-5
6.270086469449193E-5
6.27282370846239E-5
6.27534244582628E-5
6.277649074803736E-5
6.27974929498531E-5
6.28164878229954E-5
6.283351994386337E-5
6.284862039516405E-5
6.286183646511396E-5
6.287317367956866E-5
6.288269979027427E-5
6.289042498195779E-5
6.289643405499216E-5
6.290076782722496E-5
6.290352416662752E-5
6.290477535278516E-5
6.290462462501423E-5
6.290316091745868E-5
6.290047832473485E-5
6.289666253175761E-5
6.289178967478339E-5
6.288591902410304E-5
6.287909779956194E-5
6.287135183434078E-5
6.286268742189612E-5
6.285309630230339E-5
6.28425605806823E-5
6.283112220309031E-5
6.281875411792968E-5
6.280557101802681E-5
6.279150995776394E-5
6.277663653732152E-5
6.276074649915686E-5
6.274380838459244E-5
6.272539299168559E-5
6.270533015256672E-5
6.268300721830196E-5
6.265811051531974E-5
6.262996184541164E-5
6.259817697355731E-5
6.256210955730465E-5
6.252138788990255E-5
6.247544218406519E-5
6.242396642525153E-5
6.236651250568659E-5
6.230286256549298E-5
6.223274075061373E-5
6.215601968861092E-5
6.207260841747662E-5
6.198245201073034E-5
6.188558249763026E-5
6.178200843931805E-5
6.16725099013317E-5
6.155725911739575E-5
6.14378551905123E-5
6.13148192269983E-5
6.119058366695039E-5
6.106608147776189E-5
6.094423263962234E-5
6.0825618527075615E-5
6.0711724912750265E-5
6.060207240249783E-5
6.049666317275536E-5
6.039492058572868E-5
6.029636814703451E-5
6.020068973003177E-5
6.010724709376353E-5
6.0015909805939876E-5
5.9926030752728565E-5
5.983760256095864E-5
5.9763543811832185E-5
5.9700693599792246E-5
5.96683377927822E-5
5.9673364553705626E-5
5.9714811320228E-5
5.981459617354972E-5
5.994824814442805E-5
6.0133551049525226E-5
6.0341156706735476E-5
6.058387139268848E-5
6.0853105320559364E-5
6.116182368616953E-5
6.15099376916058E-5
6.194276856229621E-5
6.242054960782907E-5
6.29334535073765E-5
6.346727139533824E-5
6.402242150139736E-5
6.458994220748592E-5
6.515652550962574E-5
6.636575791563634E-5
6.761606176510833E-5
6.875259211083048E-5
7.113150884925446E-5
7.309365324599983E-5
7.498470956834123E-5
7.668403564923057E-5
7.822465292238469E-5
7.967593648516396E-5
8.102813329163802E-5
8.235004547619578E-5
8.361001049602092E-5
8.482591906070383E-5
8.606776187401115E-5
8.727481051788007E-5
8.836236975045805E-5
8.936347207499364E-5
9.016671238726364E-5
9.08708291199608E-5
9.142866261657708E-5
9.19273382811982E-5
9.234921785221818E-5
9.275657135134855E-5
9.313698316577157E-5
9.346810185151071E-5
9.378178965883316E-5
9.400708298751239E-5
9.418875617610527E-5
9.43062525303999E-5
9.439210973527852E-5
9.443449901781552E-5
9.447163229930834E-5
9.449252167755347E-5
9.452503981046454E-5
9.456231921344289E-5
9.461321309452488E-5
9.46760184894897E-5
9.474823915513796E-5
9.483027963894251E-5
9.491858452989403E-5
9.501620877870603E-5
9.511862333157362E-5
9.523187495831638E-5
9.535174159306897E-5
9.548250419524101E-5
9.56225815230092E-5
9.57734673718542E-5
9.593500612986494E-5
9.610698745882396E-5
9.62892818051418E-5
9.648074014925766E-5
9.66807196214702E-5
9.688770531223694E-5
9.710060291279559E-5
9.731790124449553E-5
9.753837146802037E-5
9.776068810730616E-5
9.798370993461339E-5
9.820634702822132E-5
9.842764470059174E-5
9.864675571001069E-5
9.886293875909494E-5
9.90755547017328E-5
9.928405653148832E-5
9.948798701541146E-5
9.968696602855094E-5
9.988068169933062E-5
1.0006888489032648E-4
1.0025137985755574E-4
1.0042802149813585E-4
1.0059870444834261E-4
1.0076335367973464E-4
1.0092192543203463E-4
1.0107438498999015E-4
1.0122072608393973E-4
1.0136093571724375E-4
1.0149502109556729E-4
1.0162298876125642E-4
1.0174485967573902E-4
1.0186067917643169E-4
1.0197057015810744E-4
1.0207462144174084E-4
1.0217317017686381E-4
1.0226634549336867E-4
1.023546901048795E-4
1.0243839333274535E-4
1.0251810888364035E-4
1.0259315222373267E-4
1.0266391926559491E-4
1.0272870783411157E-4
1.0278739154835662E-4
1.0283857718290483E-4
1.0288207589302615E-4
1.0291725762307122E-4
1.0294377144760879E-4
1.0296149462655291E-4
1.0296994543064734E-4
1.0296921457279428E-4
1.0295900894547532E-4
1.0293954846107381E-4
1.0291081981320895E-4
1.0287315125057764E-4
1.0282674768734969E-4
1.0277201071432129E-4
1.0270926426399668E-4
1.026389440698083E-4
1.0256141410836291E-4
1.0247710702605383E-4
1.0238638911218916E-4
1.0228966692129436E-4
1.0218729641301644E-4
1.0207967686535075E-4
1.0196715593950562E-4
1.018502111632631E-4
1.0172922778764294E-4
1.0160479954286563E-4
1.0147740050161866E-4
1.0134768505401806E-4
1.0121625966869745E-4
1.0108380018478743E-4
1.009523542321326E-4
1.0082290292698339E-4
1.0069898938818037E-4
1.0058230444941855E-4
1.0047510423986289E-4
1.0037897715541456E-4
1.0029420653102786E-4
1.0022150639320409E-4
1.0016043087065287E-4
1.001111296438687E-4
1.00073035775916E-4
1.0004634569597614E-4
1.000308331668702E-4
1.000268252702008E-4
1.0003460620159903E-4