
0.0,0.0,0.0,0.0,0.0,0.0,
0.0,0.0,0.0,0.0,0.0,0.0,
0.0,0.0,0.0,0.0,0.0,0.0,
0.0,0.0,0.0,0.0,0.0,0.0,
0.0,0.0,0.0,0.0,0.0,0.0,
0.0,0.0,0.0,0.0,0.0,0.0,
0.0,0.0,0.0,0.0,0.0,0.0,
0.0,0.0,0.0,0.0,0.0,0.0,
0.0,0.0,0.0,0.0,0.0,0.0,
0.0,0.0,0.0,0.0,0.0,0.0,
0.0,0.0,0.0,0.0,0.0,0.0,
0.0,0.0,0.0,0.0,0.0,0.0,
0.0,0.0,0.0,0.0,0.0,0.0,
0.0,0.0,0.0,2.863707713396515E-14,0.0,0.0,
0.0,0.0,0.0,2.863707713396515E-14,0.0,0.0,
0.0,0.0,0.0,2.863707713396515E-14,0.0,0.0,
0.0,2.4851351704665174E-14,0.0,7.431373252118619E-13,0.0,0.0,
0.0,2.4851351704665174E-14,0.0,7.431373252118619E-13,0.0,0.0,
0.0,2.4851351704665174E-14,0.0,7.431373252118619E-13,0.0,0.0,
0.0,2.4851351704665174E-14,0.0,9.029956135577769E-12,0.0,0.0,
0.0,2.4851351704665174E-14,0.0,9.029956135577769E-12,0.0,0.0,
0.0,2.4851351704665174E-14,0.0,9.029956135577769E-12,0.0,0.0,
0.0,2.4851351704665174E-14,0.0,9.029956135577769E-12,0.0,0.0,
0.0,2.4851351704665174E-14,0.0,9.029956135577769E-12,0.0,0.0,
0.0,2.4851351704665174E-14,0.0,9.029956135577769E-12,0.0,0.0,
0.0,2.4851351704665174E-14,0.0,6.183938524304481E-11,0.0,0.0,
0.0,2.4851351704665174E-14,0.0,2.764260199977961E-10,0.0,0.0,
0.0,2.4851351704665174E-14,0.0,2.764260199977961E-10,0.0,0.0,
0.0,2.4851351704665174E-14,0.0,1.1313842239847793E-9,0.0,0.0,
0.0,2.4851351704665174E-14,0.0,3.855902905853943E-9,0.0,0.0,
0.0,2.4851351704665174E-14,0.0,3.855902905853943E-9,0.0,0.0,
0.0,2.4851351704665174E-14,0.0,3.855902905853943E-9,0.0,0.0,
0.0,2.4851351704665174E-14,0.0,4.713007991321524E-8,0.0,0.0,
0.0,2.4851351704665174E-14,0.0,4.713007991321524E-8,0.0,0.0,
0.0,2.4851351704665174E-14,0.0,4.713007991321524E-8,0.0,0.0,
0.0,2.4851351704665174E-14,0.0,4.713007991321524E-8,0.0,0.0,
0.0,2.4851351704665174E-14,0.0,2.1005068861357872E-7,0.0,0.0,
0.0,2.4851351704665174E-14,0.0,2.1005068861357872E-7,0.0,0.0,
0.0,2.4851351704665174E-14,0.0,2.1005068861357872E-7,0.0,0.0,
0.0,2.4851351704665174E-14,0.0,2.9789849148268593E-7,0.0,0.0,
0.0,2.489477420463819E-7,0.0,2.9789849148268593E-7,0.0,0.0,
0.0,2.489477420463819E-7,0.0,2.5427975986911255E-7,0.0,0.0,
0.0,2.489477420463819E-7,0.0,2.5427975986911255E-7,0.0,0.0,
0.0,2.489477420463819E-7,0.0,2.5427975986911255E-7,0.0,0.0,
0.0,2.489477420463819E-7,0.0,2.3978378734654523E-7,0.0,0.0,
0.0,2.489477420463819E-7,0.0,1.0542755291791429E-6,0.0,0.0,
0.0,2.489477420463819E-7,0.0,1.0542755291791429E-6,0.0,0.0,
0.0,2.489477420463819E-7,0.0,1.0542755291791429E-6,0.0,0.0,
0.0,2.489477420463819E-7,0.0,1.0542755291791429E-6,0.0,0.0,
0.0,2.305617123091159E-7,0.0,6.676700316713164E-6,0.0,0.0,
0.0,2.305617123091159E-7,0.0,6.676700316713164E-6,0.0,0.0,
0.0,2.305617123091159E-7,0.0,6.676700316713164E-6,0.0,0.0,
0.0,2.305617123091159E-7,0.0,2.0771190935661004E-5,0.0,0.0,
0.0,2.305617123091159E-7,0.0,2.0771190935661004E-5,0.0,0.0,
0.0,2.305617123091159E-7,0.0,2.0771190935661004E-5,0.0,0.0,
0.0,2.305617123091159E-7,0.0,2.0771190935661004E-5,0.0,0.0,
0.0,2.305617123091159E-7,0.0,2.0771190935661004E-5,0.0,0.0,
0.0,2.305617123091159E-7,0.0,1.8788606511660136E-5,0.0,0.0,
0.0,2.305617123091159E-7,0.0,1.8788606511660136E-5,0.0,0.0,
0.0,2.107509198096725E-5,0.0,1.8788606511660136E-5,0.0,0.0,
0.0,2.107509198096725E-5,0.0,1.8788606511660136E-5,0.0,0.0,
0.0,2.107509198096725E-5,0.0,2.2480761741652674E-5,0.0,0.0,
0.0,2.107509198096725E-5,0.0,2.2480761741652674E-5,0.0,3.2953922176776476E-10,
0.0,2.107509198096725E-5,0.0,2.2480761741652674E-5,0.0,3.2953922176776476E-10,
0.0,2.107509198096725E-5,0.0,2.2480761741652674E-5,0.0,3.2953922176776476E-10,
0.0,2.107509198096725E-5,0.0,2.2480761741652674E-5,0.0,3.2953922176776476E-10,
0.0,2.107509198096725E-5,0.0,2.2480761741652674E-5,0.0,6.590784435355296E-10,
0.0,2.107509198096725E-5,0.0,2.2480761741652674E-5,0.0,6.590784435355296E-10,
0.0,2.803101593612316E-5,0.0,5.9276475896775654E-5,0.0,6.590784435355296E-10,
0.0,2.803101593612316E-5,0.0,6.523446846756829E-5,0.0,6.590784435355296E-10,
0.0,2.803101593612316E-5,0.0,6.523446846756829E-5,0.0,6.590784435355296E-10,
0.0,2.803101593612316E-5,0.0,6.523446846756829E-5,0.0,6.590784435355296E-10,
0.0,2.803101593612316E-5,0.0,6.523446846756829E-5,0.0,6.590784435355296E-10,
0.0,2.803101593612316E-5,0.0,6.523446846756829E-5,0.0,6.590784435355296E-10,
0.0,2.803101593612316E-5,0.0,9.667981556959332E-5,0.0,6.590784435355296E-10,
0.0,2.803101593612316E-5,0.0,1.3212902461130004E-4,0.0,6.590784435355296E-10,
0.0,2.803101593612316E-5,0.0,1.3212902461130004E-4,0.0,6.590784435355296E-10,
0.0,2.803101593612316E-5,0.0,1.6403331274883609E-4,0.0,6.590784435355296E-10,
0.0,2.803101593612316E-5,0.0,1.6403331274883609E-4,0.0,6.590784435355296E-10,
0.0,2.803101593612316E-5,0.0,2.499270127049345E-4,0.0,6.590784435355296E-10,
0.0,2.803101593612316E-5,0.0,2.499270127049345E-4,0.0,6.590784435355296E-10,
0.0,2.803101593612316E-5,0.0,2.499270127049345E-4,0.0,6.590784435355296E-10,
0.0,2.803101593612316E-5,0.0,2.499270127049345E-4,0.0,6.590784435355296E-10,
0.0,2.803101593612316E-5,0.0,2.987677931502057E-4,0.0,6.590784435355296E-10,
0.0,2.803101593612316E-5,0.0,2.987677931502057E-4,0.0,6.590784435355296E-10,
0.0,2.803101593612316E-5,0.0,2.987677931502057E-4,0.0,6.590784435355296E-10,
0.0,2.803101593612316E-5,0.0,2.987677931502057E-4,0.0,6.590784435355296E-10,
0.0,3.635159612024011E-5,0.0,2.987677931502057E-4,0.0,6.590784435355296E-10,
0.0,3.635159612024011E-5,0.0,2.987677931502057E-4,0.0,6.590784435355296E-10,
0.0,3.635159612024011E-5,0.0,2.987677931502057E-4,0.0,6.590784435355296E-10,
0.0,3.635159612024011E-5,0.0,4.2063595465464563E-4,6.121187257820622E-4,6.590784435355296E-10,
0.0,3.635159612024011E-5,0.0,4.2063595465464563E-4,6.121187257820622E-4,6.590784435355296E-10,
0.0,3.635159612024011E-5,0.0,4.2063595465464563E-4,6.121187257820622E-4,6.590784435355296E-10,
0.0,3.635159612024011E-5,0.0,4.2063595465464563E-4,6.121187257820622E-4,6.590784435355296E-10,
0.0,3.635159612024011E-5,0.0,3.93406961662882E-4,6.121187257820622E-4,6.590784435355296E-10,
0.0,3.635159612024011E-5,0.0,3.93406961662882E-4,6.121187257820622E-4,6.590784435355296E-10,
0.0,3.635159612024011E-5,0.0,3.6998553693619334E-4,6.121187257820622E-4,6.590784435355296E-10,
0.0,3.635159612024011E-5,0.0,3.6998553693619334E-4,6.121187257820622E-4,6.590784435355296E-10,
0.0,3.635159612024011E-5,0.0,3.6998553693619334E-4,0.0012095642560360131,6.590784435355296E-10,
0.0,3.635159612024011E-5,0.0,3.6998553693619334E-4,0.0012095642560360131,6.590784435355296E-10,
0.0,6.42931918934355E-5,0.0,0.001113108693242277,0.0012095642560360131,6.590784435355296E-10,
0.0,6.42931918934355E-5,0.0,0.001113108693242277,0.0012095642560360131,6.590784435355296E-10,
0.0,6.42931918934355E-5,0.0,0.001113108693242277,0.0012095642560360131,6.590784435355296E-10,
0.0,9.01436587542366E-5,0.0,0.0013433545465380665,0.0012095642560360131,6.590784435355296E-10,
0.0,9.01436587542366E-5,0.0,0.001250599761547836,0.0012095642560360131,6.590784435355296E-10,
0.0,1.2881844195698763E-4,0.0,0.001250599761547836,0.0012095642560360131,6.590784435355296E-10,
0.0,1.2881844195698763E-4,0.0,0.001250599761547836,0.0012095642560360131,6.590784435355296E-10,
0.0,1.2881844195698763E-4,0.0,0.0016976366655528834,0.0012095642560360131,6.590784435355296E-10,
0.0,1.2881844195698763E-4,0.0,0.0016976366655528834,0.0012095642560360131,6.590784435355296E-10,
0.0,2.1608001996219938E-4,0.0,0.0019995249199975225,0.0012095642560360131,6.590784435355296E-10,
0.0,2.1608001996219938E-4,0.0,0.0019995249199975225,0.0012095642560360131,6.590784435355296E-10,
0.0,2.1608001996219938E-4,0.0,0.0019995249199975225,0.0012095642560360131,6.590784435355296E-10,
0.0,2.1608001996219938E-4,0.0,0.0019106185691913434,0.0012095642560360131,6.590784435355296E-10,
0.0,2.1608001996219938E-4,0.0,0.0024567980379498543,0.0012095642560360131,6.590784435355296E-10,
0.0,2.1608001996219938E-4,0.0,0.0031077230034273753,0.0012095642560360131,4.082353158075954E-6,
0.0,2.1608001996219938E-4,0.0,0.0031077230034273753,0.00392214484498707,4.082353158075954E-6,
0.0,2.1608001996219938E-4,0.0,0.0038627022189168204,0.00392214484498707,4.082353158075954E-6,
0.0,2.1608001996219938E-4,0.0,0.0038627022189168204,0.00392214484498707,4.082353158075954E-6,
0.0,2.1608001996219938E-4,0.0,0.0038627022189168204,0.00392214484498707,4.082353158075954E-6,
0.0,2.1608001996219938E-4,0.0,0.0047425728745198875,0.00392214484498707,4.082353158075954E-6,
0.0,2.1608001996219938E-4,0.0,0.0047425728745198875,0.00392214484498707,4.082353158075954E-6,
0.0,2.1608001996219938E-4,0.0,0.0047425728745198875,0.009605110847101488,4.082353158075954E-6,
0.0,2.1608001996219938E-4,0.0,0.0047425728745198875,0.009605110847101488,4.082353158075954E-6,
0.0,2.1608001996219938E-4,0.0,0.007012603098068937,0.009605110847101488,4.082353158075954E-6,
0.0,2.1608001996219938E-4,0.0,0.007834490742584374,0.009605110847101488,4.082353158075954E-6,
0.0,2.1608001996219938E-4,0.0,0.008734955136978152,0.009605110847101488,4.082353158075954E-6,
0.0,5.057453018778109E-4,0.0,0.008336979830611334,0.009605110847101488,4.082353158075954E-6,
0.0,5.057453018778109E-4,0.0,0.008336979830611334,0.009605110847101488,4.082353158075954E-6,
0.0,5.057453018778109E-4,0.0,0.008336979830611334,0.009605110847101488,4.082353158075954E-6,
0.0,5.057453018778109E-4,0.0,0.008336979830611334,0.009605110847101488,4.082353158075954E-6,
0.0,5.057453018778109E-4,0.0,0.008336979830611334,0.009605110847101488,4.082353158075954E-6,
0.0,5.057453018778109E-4,0.0,0.008996838369350231,0.009605110847101488,4.082353158075954E-6,
0.0,5.057453018778109E-4,0.0,0.008393428695354688,0.009605110847101488,4.082353158075954E-6,
0.0,5.057453018778109E-4,0.0,0.007843885514010641,0.009605110847101488,4.082353158075954E-6,
0.0,5.057453018778109E-4,0.0,0.009387766794577939,0.009605110847101488,4.082353158075954E-6,
0.0,5.057453018778109E-4,0.0,0.011024019823309424,0.009605110847101488,4.082353158075954E-6,
0.0,5.057453018778109E-4,0.0,0.011024019823309424,0.010190379026406918,4.082353158075954E-6,
0.0,5.057453018778109E-4,0.0,0.011024019823309424,0.010190379026406918,4.082353158075954E-6,
0.0,7.711960182572985E-4,0.0,0.011024019823309424,0.010190379026406918,4.082353158075954E-6,
0.0,7.711960182572985E-4,0.0,0.011024019823309424,0.010190379026406918,4.082353158075954E-6,
0.0,7.711960182572985E-4,0.0,0.012980692446013603,0.010190379026406918,4.082353158075954E-6,
0.0,7.711960182572985E-4,0.0,0.012980692446013603,0.010190379026406918,4.082353158075954E-6,
0.0,7.711960182572985E-4,0.0,0.012980692446013603,0.010190379026406918,4.082353158075954E-6,
0.0,7.711960182572985E-4,0.0,0.012980692446013603,0.010190379026406918,4.082353158075954E-6,
0.0,7.711960182572985E-4,0.0,0.012980692446013603,0.010190379026406918,4.082353158075954E-6,
0.0,7.711960182572985E-4,0.0,0.012980692446013603,0.010190379026406918,4.082353158075954E-6,
0.0,7.711960182572985E-4,0.0,0.012980692446013603,0.010190379026406918,4.082353158075954E-6,
0.0,7.711960182572985E-4,0.0,0.012980692446013603,0.010190379026406918,4.082353158075954E-6,
0.0,7.711960182572985E-4,0.0,0.012980692446013603,0.010190379026406918,4.082353158075954E-6,
0.0,7.711960182572985E-4,0.0,0.012980692446013603,0.010190379026406918,4.082353158075954E-6,
0.0,7.711960182572985E-4,0.0,0.015456791279832093,0.010190379026406918,4.082353158075954E-6,
0.0,7.711960182572985E-4,0.0,0.015456791279832093,0.010190379026406918,4.082353158075954E-6,
0.0,7.711960182572985E-4,0.0,0.015456791279832093,0.010190379026406918,4.082353158075954E-6,
0.0,7.711960182572985E-4,0.0,0.015456791279832093,0.010190379026406918,4.082353158075954E-6,
0.0,7.711960182572985E-4,0.0,0.015456791279832093,0.010190379026406918,4.082353158075954E-6,
0.0,7.711960182572985E-4,0.0,0.015456791279832093,0.010190379026406918,4.082353158075954E-6,
0.0,7.711960182572985E-4,0.0,0.015456791279832093,0.010190379026406918,4.082353158075954E-6,
0.0,7.711960182572985E-4,0.0,0.015456791279832093,0.010190379026406918,4.082353158075954E-6,
0.0,7.711960182572985E-4,0.0,0.015456791279832093,0.010190379026406918,4.082353158075954E-6,
0.0,7.711960182572985E-4,0.0,0.015456791279832093,0.010190379026406918,4.082353158075954E-6,
0.0,7.711960182572985E-4,0.0,0.015456791279832093,0.010190379026406918,4.082353158075954E-6,
0.0,7.711960182572985E-4,0.0,0.015456791279832093,0.010190379026406918,4.082353158075954E-6,
0.0,7.711960182572985E-4,0.0,0.015456791279832093,0.010190379026406918,4.082353158075954E-6,
0.0,7.711960182572985E-4,0.0,0.015456791279832093,0.010190379026406918,4.082353158075954E-6,
0.0,7.711960182572985E-4,0.0,0.015456791279832093,0.010190379026406918,4.082353158075954E-6,
0.0,7.711960182572985E-4,0.0,0.015456791279832093,0.010190379026406918,4.082353158075954E-6,
0.0,7.711960182572985E-4,0.0,0.015456791279832093,0.010190379026406918,4.082353158075954E-6,
0.0,7.711960182572985E-4,0.0,0.015456791279832093,0.018684283528709936,4.082353158075954E-6,
0.0,7.711960182572985E-4,0.0,0.015456791279832093,0.018684283528709936,4.082353158075954E-6,
0.0,7.711960182572985E-4,0.0,0.015456791279832093,0.018684283528709936,4.082353158075954E-6,
0.0,7.711960182572985E-4,0.0,0.015456791279832093,0.018684283528709936,4.082353158075954E-6,
0.0,7.711960182572985E-4,0.0,0.015456791279832093,0.018684283528709936,4.082353158075954E-6,
0.0,7.711960182572985E-4,0.0,0.015456791279832093,0.018684283528709936,4.082353158075954E-6,
0.0,7.711960182572985E-4,0.0,0.0176156671541316,0.018684283528709936,4.082353158075954E-6,
0.0,7.711960182572985E-4,0.0,0.0176156671541316,0.018684283528709936,4.082353158075954E-6,
0.0,7.711960182572985E-4,0.0,0.0176156671541316,0.018684283528709936,4.082353158075954E-6,
0.0,7.711960182572985E-4,0.0,0.0176156671541316,0.025081056104860812,4.082353158075954E-6,
0.0,7.711960182572985E-4,0.0,0.0176156671541316,0.025081056104860812,4.082353158075954E-6,
0.0,7.711960182572985E-4,0.0,0.0176156671541316,0.025081056104860812,4.082353158075954E-6,
0.0,7.711960182572985E-4,0.0,0.0176156671541316,0.025081056104860812,4.082353158075954E-6,
0.0,7.711960182572985E-4,0.0,0.0176156671541316,0.025081056104860812,4.082353158075954E-6,
0.0,7.711960182572985E-4,0.0,0.0176156671541316,0.025081056104860812,4.082353158075954E-6,
0.0,7.711960182572985E-4,0.0,0.0176156671541316,0.033676371726073566,4.082353158075954E-6,
0.0,7.711960182572985E-4,0.0,0.0176156671541316,0.033676371726073566,4.082353158075954E-6,
0.0,7.711960182572985E-4,0.0,0.0176156671541316,0.033676371726073566,4.082353158075954E-6,
0.0,7.711960182572985E-4,0.0,0.0176156671541316,0.0388488952241583,4.082353158075954E-6,
0.0,7.711960182572985E-4,0.0,0.0176156671541316,0.043887743057120225,4.082353158075954E-6,
0.0,7.711960182572985E-4,0.0,0.0176156671541316,0.043887743057120225,4.082353158075954E-6,
0.0,7.711960182572985E-4,0.0,0.0176156671541316,0.043887743057120225,4.082353158075954E-6,
0.0,7.711960182572985E-4,0.0,0.0176156671541316,0.043887743057120225,4.082353158075954E-6,
0.0,7.711960182572985E-4,0.0,0.0176156671541316,0.047503274639720476,4.082353158075954E-6,
0.0,7.711960182572985E-4,0.0,0.0176156671541316,0.047503274639720476,4.082353158075954E-6,
0.0,7.711960182572985E-4,0.0,0.0176156671541316,0.047503274639720476,4.082353158075954E-6,
0.0,7.711960182572985E-4,0.0,0.0176156671541316,0.047503274639720476,4.082353158075954E-6,
0.0,7.711960182572985E-4,0.0,0.0176156671541316,0.05222521638717232,4.082353158075954E-6,
0.0,7.711960182572985E-4,0.0,0.0176156671541316,0.05222521638717232,4.082353158075954E-6,
0.0,7.711960182572985E-4,0.0,0.0176156671541316,0.05699127151158308,4.082353158075954E-6,
0.0,7.711960182572985E-4,0.0,0.0176156671541316,0.05699127151158308,4.082353158075954E-6,
0.0,7.711960182572985E-4,0.0,0.0176156671541316,0.05699127151158308,4.082353158075954E-6,
0.0,7.711960182572985E-4,0.0,0.0176156671541316,0.05699127151158308,4.082353158075954E-6,
0.0,7.711960182572985E-4,0.0,0.0176156671541316,0.06618431618095523,4.082353158075954E-6,
0.0,7.711960182572985E-4,0.0,0.0176156671541316,0.06618431618095523,4.082353158075954E-6,
0.0,7.711960182572985E-4,0.0,0.0176156671541316,0.06618431618095523,4.082353158075954E-6,
0.0,7.711960182572985E-4,0.0,0.0176156671541316,0.06618431618095523,4.082353158075954E-6,
0.0,7.711960182572985E-4,0.0,0.0176156671541316,0.06618431618095523,4.082353158075954E-6,
0.0,7.711960182572985E-4,0.0,0.0176156671541316,0.06618431618095523,4.082353158075954E-6,
0.0,7.711960182572985E-4,0.0,0.0176156671541316,0.06618431618095523,4.082353158075954E-6,
0.0,7.711960182572985E-4,0.0,0.0176156671541316,0.06618431618095523,4.082353158075954E-6,
0.0,7.711960182572985E-4,0.0,0.0176156671541316,0.06618431618095523,4.082353158075954E-6,
0.0,7.711960182572985E-4,0.0,0.0176156671541316,0.06618431618095523,4.082353158075954E-6,
0.0,7.711960182572985E-4,0.0,0.0176156671541316,0.06618431618095523,4.082353158075954E-6,
0.0,7.711960182572985E-4,0.0,0.0176156671541316,0.06618431618095523,4.082353158075954E-6,
0.0,7.711960182572985E-4,0.0,0.0176156671541316,0.06618431618095523,4.082353158075954E-6,
0.0,7.711960182572985E-4,0.0,0.0176156671541316,0.06618431618095523,4.082353158075954E-6,
0.0,7.711960182572985E-4,0.0,0.0176156671541316,0.06618431618095523,4.082353158075954E-6,
0.0,7.711960182572985E-4,0.0,0.0176156671541316,0.07393518010897655,4.082353158075954E-6,
0.0,7.711960182572985E-4,0.0,0.0176156671541316,0.07393518010897655,4.082353158075954E-6,
0.0,7.711960182572985E-4,0.0,0.0176156671541316,0.07878738597870459,4.082353158075954E-6,
0.0,7.711960182572985E-4,0.0,0.0176156671541316,0.07878738597870459,4.082353158075954E-6,
0.0,7.711960182572985E-4,0.0,0.0176156671541316,0.07878738597870459,4.082353158075954E-6,
0.0,7.711960182572985E-4,0.0,0.0176156671541316,0.07878738597870459,4.082353158075954E-6,
0.0,7.711960182572985E-4,0.0,0.0176156671541316,0.07878738597870459,4.082353158075954E-6,
0.0,7.711960182572985E-4,0.0,0.0176156671541316,0.07878738597870459,4.082353158075954E-6,
0.0,7.711960182572985E-4,0.0,0.0176156671541316,0.07878738597870459,4.082353158075954E-6,
0.0,7.711960182572985E-4,0.0,0.0176156671541316,0.07878738597870459,4.082353158075954E-6,
0.0,7.711960182572985E-4,0.0,0.0176156671541316,0.07878738597870459,4.082353158075954E-6,
0.0,7.711960182572985E-4,0.0,0.0176156671541316,0.07878738597870459,4.082353158075954E-6,
0.0,7.711960182572985E-4,0.0,0.0176156671541316,0.07878738597870459,4.082353158075954E-6,
0.0,7.711960182572985E-4,0.0,0.0176156671541316,0.07878738597870459,4.082353158075954E-6,
0.0,7.711960182572985E-4,0.0,0.0176156671541316,0.0837790447645855,4.082353158075954E-6,
0.0,7.711960182572985E-4,0.0,0.0176156671541316,0.0837790447645855,4.082353158075954E-6,
0.0,7.711960182572985E-4,0.0,0.0176156671541316,0.0837790447645855,4.082353158075954E-6,
0.0,7.711960182572985E-4,0.0,0.0176156671541316,0.0837790447645855,4.082353158075954E-6,
0.0,7.711960182572985E-4,0.0,0.0176156671541316,0.08796899203973048,4.082353158075954E-6,
0.0,7.711960182572985E-4,0.0,0.0176156671541316,0.09500559112395832,4.082353158075954E-6,
0.0,7.711960182572985E-4,0.0,0.0176156671541316,0.0993448726774268,4.082353158075954E-6,
0.0,7.711960182572985E-4,0.0,0.0176156671541316,0.0993448726774268,4.082353158075954E-6,
0.0,7.711960182572985E-4,0.0,0.0176156671541316,0.0993448726774268,4.082353158075954E-6,
0.0,7.711960182572985E-4,0.0,0.0176156671541316,0.10416793337927083,4.082353158075954E-6,
0.0,7.711960182572985E-4,0.0,0.0176156671541316,0.10416793337927083,4.082353158075954E-6,
0.0,7.711960182572985E-4,0.0,0.0176156671541316,0.10894643059636047,4.082353158075954E-6,
0.0,7.711960182572985E-4,0.0,0.0176156671541316,0.11344839505145135,4.082353158075954E-6,
0.0,7.711960182572985E-4,0.0,0.0176156671541316,0.1179019389125256,4.082353158075954E-6,
0.0,7.711960182572985E-4,0.0,0.0176156671541316,0.1179019389125256,4.082353158075954E-6,
0.0,7.711960182572985E-4,0.0,0.0176156671541316,0.1179019389125256,4.082353158075954E-6,
0.0,7.711960182572985E-4,0.0,0.0176156671541316,0.1179019389125256,4.082353158075954E-6,
0.0,7.711960182572985E-4,0.0,0.0176156671541316,0.11935704697710289,4.082353158075954E-6,
0.0,7.711960182572985E-4,0.0,0.0176156671541316,0.12216364004188078,4.082353158075954E-6,
0.0,7.711960182572985E-4,0.0,0.0176156671541316,0.12216364004188078,4.082353158075954E-6,
0.0,7.711960182572985E-4,0.0,0.0176156671541316,0.12706386197832495,4.082353158075954E-6,
0.0,7.711960182572985E-4,0.0,0.0176156671541316,0.12706386197832495,4.082353158075954E-6,
0.0,7.711960182572985E-4,0.0,0.0176156671541316,0.12216342195604547,4.082353158075954E-6,
0.0,7.711960182572985E-4,0.0,0.0176156671541316,0.12216342195604547,4.082353158075954E-6,
0.0,7.711960182572985E-4,0.0,0.0176156671541316,0.12216342195604547,4.082353158075954E-6,
0.0,7.711960182572985E-4,0.0,0.0176156671541316,0.12216342195604547,4.082353158075954E-6,
0.0,7.711960182572985E-4,0.0,0.0176156671541316,0.12216342195604547,4.082353158075954E-6,
0.0,7.711960182572985E-4,0.0,0.0176156671541316,0.12647731651977417,4.082353158075954E-6,
0.0,7.711960182572985E-4,0.0,0.0176156671541316,0.1329620839739159,4.082353158075954E-6,
0.0,7.711960182572985E-4,0.0,0.0176156671541316,0.13197366766152507,4.082353158075954E-6,
0.0,7.711960182572985E-4,0.0,0.0176156671541316,0.13197366766152507,4.082353158075954E-6,
0.0,7.711960182572985E-4,0.0,0.0176156671541316,0.13197366766152507,4.082353158075954E-6,
0.0,7.711960182572985E-4,0.0,0.0176156671541316,0.13197366766152507,4.082353158075954E-6,
0.0,7.711960182572985E-4,0.0,0.0176156671541316,0.13197366766152507,4.082353158075954E-6,
0.0,7.711960182572985E-4,0.0,0.0176156671541316,0.13197366766152507,4.082353158075954E-6,
0.0,7.711960182572985E-4,0.0,0.0176156671541316,0.13197366766152507,4.082353158075954E-6,
0.0,7.711960182572985E-4,0.0,0.0176156671541316,0.13197366766152507,4.082353158075954E-6,
0.0,7.711960182572985E-4,0.0,0.0176156671541316,0.1369357248581463,4.082353158075954E-6,
0.0,7.711960182572985E-4,0.0,0.0176156671541316,0.1369357248581463,4.082353158075954E-6,
0.0,7.711960182572985E-4,0.0,0.0176156671541316,0.1369357248581463,4.082353158075954E-6,
0.0,7.711960182572985E-4,0.0,0.0176156671541316,0.14133494723164614,4.082353158075954E-6,
0.0,7.711960182572985E-4,0.0,0.0176156671541316,0.1502571595313964,4.082353158075954E-6,
0.0,7.711960182572985E-4,0.0,0.0176156671541316,0.1502571595313964,4.082353158075954E-6,
0.0,7.711960182572985E-4,0.0,0.0176156671541316,0.1502571595313964,4.082353158075954E-6,
0.0,7.711960182572985E-4,0.0,0.0176156671541316,0.15012628045587753,4.082353158075954E-6,
0.0,7.711960182572985E-4,0.0,0.0176156671541316,0.15012628045587753,4.082353158075954E-6,
0.0,7.711960182572985E-4,0.0,0.0176156671541316,0.15012628045587753,4.082353158075954E-6,
0.0,7.711960182572985E-4,0.0,0.0176156671541316,0.15012628045587753,4.082353158075954E-6,
0.0,7.711960182572985E-4,0.0,0.0176156671541316,0.15012628045587753,4.082353158075954E-6,
0.0,7.711960182572985E-4,0.0,0.0176156671541316,0.15012628045587753,4.082353158075954E-6,
0.0,7.711960182572985E-4,0.0,0.0176156671541316,0.15012628045587753,4.082353158075954E-6,
0.0,7.711960182572985E-4,0.0,0.0176156671541316,0.15012628045587753,4.082353158075954E-6,
0.0,7.711960182572985E-4,0.0,0.0176156671541316,0.15742764606251675,4.082353158075954E-6,
0.0,7.711960182572985E-4,0.0,0.0176156671541316,0.15742764606251675,4.082353158075954E-6,
0.0,7.711960182572985E-4,0.0,0.0176156671541316,0.15710829901415382,4.082353158075954E-6,
0.0,7.711960182572985E-4,0.0,0.0176156671541316,0.15710829901415382,4.082353158075954E-6,
0.0,7.711960182572985E-4,0.0,0.0176156671541316,0.15710829901415382,4.082353158075954E-6,
0.0,7.711960182572985E-4,0.0,0.0176156671541316,0.15710829901415382,4.082353158075954E-6,
0.0,7.711960182572985E-4,0.0,0.0176156671541316,0.15710829901415382,4.082353158075954E-6,
0.0,7.711960182572985E-4,0.0,0.0176156671541316,0.15710829901415382,4.082353158075954E-6,
0.0,7.711960182572985E-4,0.0,0.0176156671541316,0.15710829901415382,4.082353158075954E-6,
0.0,7.711960182572985E-4,0.0,0.0176156671541316,0.16418156742925932,4.082353158075954E-6,
0.0,7.711960182572985E-4,0.0,0.0176156671541316,0.16418156742925932,4.082353158075954E-6,
0.0,7.711960182572985E-4,0.0,0.0176156671541316,0.16950751341181994,4.082353158075954E-6,
0.0,7.711960182572985E-4,0.0,0.0176156671541316,0.16950751341181994,4.082353158075954E-6,
0.0,7.711960182572985E-4,0.0,0.0176156671541316,0.16950751341181994,4.082353158075954E-6,
0.0,7.711960182572985E-4,0.0,0.0176156671541316,0.17350114601807684,4.082353158075954E-6,
0.0,7.711960182572985E-4,0.0,0.0176156671541316,0.17350114601807684,4.082353158075954E-6,
0.0,7.711960182572985E-4,0.0,0.0176156671541316,0.17350114601807684,4.082353158075954E-6,
0.0,7.711960182572985E-4,0.0,0.0176156671541316,0.17350114601807684,4.082353158075954E-6,
0.0,7.711960182572985E-4,0.0,0.0176156671541316,0.17350114601807684,4.082353158075954E-6,
0.0,7.711960182572985E-4,0.0,0.0176156671541316,0.17350114601807684,4.082353158075954E-6,
0.0,7.711960182572985E-4,0.0,0.0176156671541316,0.17350114601807684,4.082353158075954E-6,
0.0,7.711960182572985E-4,0.0,0.0176156671541316,0.17350114601807684,4.082353158075954E-6,
0.0,7.711960182572985E-4,0.0,0.0176156671541316,0.17817203878954038,4.082353158075954E-6,
0.0,7.711960182572985E-4,0.0,0.0176156671541316,0.17817203878954038,4.082353158075954E-6,
0.0,7.711960182572985E-4,0.0,0.0176156671541316,0.17817203878954038,4.082353158075954E-6,
0.0,7.711960182572985E-4,0.0,0.0176156671541316,0.17817203878954038,4.082353158075954E-6,
0.0,7.711960182572985E-4,0.0,0.0176156671541316,0.17817203878954038,4.082353158075954E-6,
0.0,7.711960182572985E-4,0.0,0.0176156671541316,0.17817203878954038,4.082353158075954E-6,
0.0,7.711960182572985E-4,0.0,0.0176156671541316,0.17817203878954038,4.082353158075954E-6,
0.0,7.711960182572985E-4,0.0,0.0176156671541316,0.17817203878954038,4.082353158075954E-6,
0.0,7.711960182572985E-4,0.0,0.0176156671541316,0.17817203878954038,4.082353158075954E-6,
0.0,7.711960182572985E-4,0.0,0.0176156671541316,0.17817203878954038,4.082353158075954E-6,
0.0,7.711960182572985E-4,0.0,0.0176156671541316,0.17817203878954038,4.082353158075954E-6,
0.0,7.711960182572985E-4,0.0,0.0176156671541316,0.17817203878954038,4.082353158075954E-6,
0.0,7.711960182572985E-4,0.0,0.0176156671541316,0.17817203878954038,4.082353158075954E-6,
0.0,7.711960182572985E-4,0.0,0.0176156671541316,0.17817203878954038,4.082353158075954E-6,
0.0,7.711960182572985E-4,0.0,0.0176156671541316,0.17817203878954038,4.082353158075954E-6,
0.0,7.711960182572985E-4,0.0,0.0176156671541316,0.18300754479902107,4.082353158075954E-6,
0.0,7.711960182572985E-4,0.0,0.0176156671541316,0.1759214703315738,4.082353158075954E-6,
0.0,7.711960182572985E-4,0.0,0.0176156671541316,0.17935165593933777,4.082353158075954E-6,
0.0,7.711960182572985E-4,0.0,0.0176156671541316,0.1851195566995339,4.082353158075954E-6,
0.0,7.711960182572985E-4,0.0,0.0176156671541316,0.19054461694586047,4.082353158075954E-6,
0.0,7.711960182572985E-4,0.0,0.0176156671541316,0.18674212827504932,4.082353158075954E-6,
0.0,7.711960182572985E-4,0.0,0.0176156671541316,0.1877881497562335,4.082353158075954E-6,
0.0,7.711960182572985E-4,0.0,0.0176156671541316,0.1877881497562335,4.082353158075954E-6,
0.0,7.711960182572985E-4,0.0,0.0176156671541316,0.1877881497562335,4.082353158075954E-6,
0.0,7.711960182572985E-4,0.0,0.0176156671541316,0.19320121527564954,4.082353158075954E-6,
0.0,7.711960182572985E-4,0.0,0.0176156671541316,0.1925970185391343,4.082353158075954E-6,
0.0,7.711960182572985E-4,0.0,0.0176156671541316,0.1925970185391343,4.082353158075954E-6,
0.0,7.711960182572985E-4,0.0,0.0176156671541316,0.1925970185391343,4.082353158075954E-6,
0.0,7.711960182572985E-4,0.0,0.0176156671541316,0.1925970185391343,4.082353158075954E-6,
0.0,7.711960182572985E-4,0.0,0.0176156671541316,0.1925970185391343,4.082353158075954E-6,
0.0,7.711960182572985E-4,0.0,0.0176156671541316,0.1925970185391343,4.082353158075954E-6,
0.0,7.711960182572985E-4,0.0,0.0176156671541316,0.1925970185391343,4.082353158075954E-6,
0.0,7.711960182572985E-4,0.0,0.0176156671541316,0.1925970185391343,4.082353158075954E-6,
0.0,7.711960182572985E-4,0.0,0.0176156671541316,0.1925970185391343,4.082353158075954E-6,
0.0,7.711960182572985E-4,0.0,0.0176156671541316,0.1925970185391343,4.082353158075954E-6,
0.0,7.711960182572985E-4,0.0,0.0176156671541316,0.1925970185391343,4.082353158075954E-6,
0.0,7.711960182572985E-4,0.0,0.0176156671541316,0.1925970185391343,4.082353158075954E-6,
0.0,7.711960182572985E-4,0.0,0.0176156671541316,0.1973973154237218,4.082353158075954E-6,
0.0,7.711960182572985E-4,0.0,0.0176156671541316,0.1973973154237218,4.082353158075954E-6,
0.0,7.711960182572985E-4,0.0,0.0176156671541316,0.1973973154237218,4.082353158075954E-6,
0.0,7.711960182572985E-4,0.0,0.0176156671541316,0.1991799300474582,4.082353158075954E-6,
0.0,7.711960182572985E-4,0.0,0.0176156671541316,0.1989082373363303,4.082353158075954E-6,
0.0,7.711960182572985E-4,0.0,0.0176156671541316,0.1989082373363303,4.082353158075954E-6,
0.0,7.711960182572985E-4,0.0,0.0176156671541316,0.1989082373363303,4.082353158075954E-6,
0.0,7.711960182572985E-4,0.0,0.0176156671541316,0.19819913085217786,4.082353158075954E-6,
0.0,7.711960182572985E-4,0.0,0.0176156671541316,0.20237516940759281,4.082353158075954E-6,
0.0,7.711960182572985E-4,0.0,0.0176156671541316,0.20405569912010202,4.082353158075954E-6,
0.0,7.711960182572985E-4,0.0,0.0176156671541316,0.20827531775791397,4.082353158075954E-6,
0.0,7.711960182572985E-4,0.0,0.0176156671541316,0.20827531775791397,4.082353158075954E-6,
0.0,7.711960182572985E-4,0.0,0.0176156671541316,0.20827531775791397,4.082353158075954E-6,
0.0,7.711960182572985E-4,0.0,0.0176156671541316,0.20827531775791397,4.082353158075954E-6,
0.0,7.711960182572985E-4,0.0,0.0176156671541316,0.20827531775791397,4.082353158075954E-6,
0.0,7.711960182572985E-4,0.0,0.0176156671541316,0.20827531775791397,4.082353158075954E-6,
0.0,7.711960182572985E-4,0.0,0.0176156671541316,0.20827531775791397,4.082353158075954E-6,
0.0,7.711960182572985E-4,0.0,0.0176156671541316,0.20827531775791397,4.082353158075954E-6,
0.0,7.711960182572985E-4,0.0,0.0176156671541316,0.20943130911890626,4.082353158075954E-6,
0.0,7.711960182572985E-4,0.0,0.0176156671541316,0.20943130911890626,4.082353158075954E-6,
0.0,7.711960182572985E-4,0.0,0.0176156671541316,0.20943130911890626,4.082353158075954E-6,
0.0,7.711960182572985E-4,0.0,0.0176156671541316,0.21298007958266885,4.082353158075954E-6,
0.0,7.711960182572985E-4,0.0,0.0176156671541316,0.21298007958266885,4.082353158075954E-6,
0.0,7.711960182572985E-4,0.0,0.0176156671541316,0.21298007958266885,4.082353158075954E-6,
0.0,7.711960182572985E-4,0.0,0.0176156671541316,0.21298007958266885,4.082353158075954E-6,
0.0,7.711960182572985E-4,0.0,0.0176156671541316,0.21652721059451885,4.082353158075954E-6,
0.0,7.711960182572985E-4,0.0,0.0176156671541316,0.21990409809660505,4.082353158075954E-6,
0.0,7.711960182572985E-4,0.0,0.0176156671541316,0.21990409809660505,4.082353158075954E-6,
0.0,7.711960182572985E-4,0.0,0.0176156671541316,0.21990409809660505,4.082353158075954E-6,
0.0,7.711960182572985E-4,0.0,0.0176156671541316,0.21990409809660505,4.082353158075954E-6,
0.0,7.711960182572985E-4,0.0,0.0176156671541316,0.21990409809660505,4.082353158075954E-6,
0.0,7.711960182572985E-4,0.0,0.0176156671541316,0.21990409809660505,4.082353158075954E-6,
0.0,7.711960182572985E-4,0.0,0.0176156671541316,0.22340341158530516,4.082353158075954E-6,
0.0,7.711960182572985E-4,0.0,0.0176156671541316,0.22340341158530516,4.082353158075954E-6,
0.0,7.711960182572985E-4,0.0,0.0176156671541316,0.22340341158530516,4.082353158075954E-6,
0.0,7.711960182572985E-4,0.0,0.0176156671541316,0.22340341158530516,4.082353158075954E-6,
0.0,7.711960182572985E-4,0.0,0.0176156671541316,0.22713322759823984,4.082353158075954E-6,
0.0,7.711960182572985E-4,0.0,0.0176156671541316,0.23072446092307122,4.082353158075954E-6,
0.0,7.711960182572985E-4,0.0,0.0176156671541316,0.23072446092307122,4.082353158075954E-6,
0.0,7.711960182572985E-4,0.0,0.0176156671541316,0.23072446092307122,4.082353158075954E-6,
0.0,7.711960182572985E-4,0.0,0.0176156671541316,0.23072446092307122,4.082353158075954E-6,
0.0,7.711960182572985E-4,0.0,0.0176156671541316,0.23072446092307122,4.082353158075954E-6,
0.0,7.711960182572985E-4,0.0,0.0176156671541316,0.23072446092307122,4.082353158075954E-6,
0.0,7.711960182572985E-4,0.0,0.0176156671541316,0.23072446092307122,4.082353158075954E-6,
0.0,7.711960182572985E-4,0.0,0.0176156671541316,0.23203321632161744,4.082353158075954E-6,
0.0,7.711960182572985E-4,0.0,0.0176156671541316,0.23203321632161744,4.082353158075954E-6,
0.0,7.711960182572985E-4,0.0,0.0176156671541316,0.23203321632161744,4.082353158075954E-6,
0.0,7.711960182572985E-4,0.0,0.0176156671541316,0.23203321632161744,4.082353158075954E-6,
0.0,7.711960182572985E-4,0.0,0.0176156671541316,0.23203321632161744,4.082353158075954E-6,
0.0,7.711960182572985E-4,0.0,0.0176156671541316,0.23203321632161744,4.082353158075954E-6,
0.0,7.711960182572985E-4,0.0,0.0176156671541316,0.23203321632161744,4.082353158075954E-6,
0.0,7.711960182572985E-4,0.0,0.0176156671541316,0.23203321632161744,4.082353158075954E-6,
0.0,7.711960182572985E-4,0.0,0.0176156671541316,0.23203321632161744,4.082353158075954E-6,
0.0,7.711960182572985E-4,0.0,0.0176156671541316,0.23203321632161744,4.082353158075954E-6,
0.0,7.711960182572985E-4,0.0,0.0176156671541316,0.23203321632161744,4.082353158075954E-6,
0.0,7.711960182572985E-4,0.0,0.0176156671541316,0.23203321632161744,4.082353158075954E-6,
0.0,7.711960182572985E-4,0.0,0.0176156671541316,0.23203321632161744,4.082353158075954E-6,
0.0,7.711960182572985E-4,0.0,0.0176156671541316,0.23203321632161744,4.082353158075954E-6,
0.0,7.711960182572985E-4,0.0,0.0176156671541316,0.23180539785828025,4.082353158075954E-6,
0.0,7.711960182572985E-4,0.0,0.0176156671541316,0.23180539785828025,4.082353158075954E-6,
0.0,7.711960182572985E-4,0.0,0.0176156671541316,0.23180539785828025,4.082353158075954E-6,
0.0,7.711960182572985E-4,0.0,0.0176156671541316,0.23180539785828025,4.082353158075954E-6,
0.0,7.711960182572985E-4,0.0,0.0176156671541316,0.23180539785828025,4.082353158075954E-6,
0.0,7.711960182572985E-4,0.0,0.0176156671541316,0.23180539785828025,4.082353158075954E-6,
0.0,7.711960182572985E-4,0.0,0.0176156671541316,0.23180539785828025,4.082353158075954E-6,
0.0,7.711960182572985E-4,0.0,0.0176156671541316,0.23180539785828025,4.082353158075954E-6,
0.0,7.711960182572985E-4,0.0,0.0176156671541316,0.23180539785828025,4.082353158075954E-6,
0.0,7.711960182572985E-4,0.0,0.0176156671541316,0.23180539785828025,4.082353158075954E-6,
0.0,7.711960182572985E-4,0.0,0.0176156671541316,0.23180539785828025,4.082353158075954E-6,
0.0,7.711960182572985E-4,0.0,0.0176156671541316,0.23180539785828025,4.082353158075954E-6,
0.0,7.711960182572985E-4,0.0,0.0176156671541316,0.23180539785828025,4.082353158075954E-6,
0.0,7.711960182572985E-4,0.0,0.0176156671541316,0.23180539785828025,4.082353158075954E-6,
0.0,7.711960182572985E-4,0.0,0.0176156671541316,0.23180539785828025,4.082353158075954E-6,
0.0,7.711960182572985E-4,0.0,0.0176156671541316,0.23180539785828025,4.082353158075954E-6,
0.0,7.711960182572985E-4,0.0,0.0176156671541316,0.23180539785828025,4.082353158075954E-6,
0.0,7.711960182572985E-4,0.0,0.0176156671541316,0.23180539785828025,4.082353158075954E-6,
0.0,7.711960182572985E-4,0.0,0.0176156671541316,0.23180539785828025,4.082353158075954E-6,
0.0,7.711960182572985E-4,0.0,0.0176156671541316,0.23180539785828025,4.082353158075954E-6,
0.0,7.711960182572985E-4,0.0,0.0176156671541316,0.23180539785828025,4.082353158075954E-6,
0.0,7.711960182572985E-4,0.0,0.0176156671541316,0.23180539785828025,4.082353158075954E-6,
0.0,7.711960182572985E-4,0.0,0.0176156671541316,0.23180539785828025,4.082353158075954E-6,
0.0,7.711960182572985E-4,0.0,0.0176156671541316,0.23180539785828025,4.082353158075954E-6,
0.0,7.711960182572985E-4,0.0,0.0176156671541316,0.23205126026413556,4.082353158075954E-6,
0.0,7.711960182572985E-4,0.0,0.0176156671541316,0.23205126026413556,4.082353158075954E-6,
0.0,7.711960182572985E-4,0.0,0.0176156671541316,0.23210665109998163,4.082353158075954E-6,
0.0,7.711960182572985E-4,0.0,0.0176156671541316,0.23210665109998163,4.082353158075954E-6,
0.0,7.711960182572985E-4,0.0,0.0176156671541316,0.23210665109998163,4.082353158075954E-6,
0.0,7.711960182572985E-4,0.0,0.0176156671541316,0.23210665109998163,4.082353158075954E-6,
0.0,7.711960182572985E-4,0.0,0.0176156671541316,0.23690830963187945,4.082353158075954E-6,
0.0,7.711960182572985E-4,0.0,0.0176156671541316,0.23690830963187945,4.082353158075954E-6,
0.0,7.711960182572985E-4,0.0,0.0176156671541316,0.24080684016279838,4.082353158075954E-6,
0.0,7.711960182572985E-4,0.0,0.0176156671541316,0.24080684016279838,4.082353158075954E-6,
0.0,7.711960182572985E-4,0.0,0.0176156671541316,0.24080684016279838,4.082353158075954E-6,
0.0,7.711960182572985E-4,0.0,0.0176156671541316,0.24080684016279838,4.082353158075954E-6,
0.0,7.711960182572985E-4,0.0,0.0176156671541316,0.24080684016279838,4.082353158075954E-6,
0.0,7.711960182572985E-4,0.0,0.0176156671541316,0.24080684016279838,4.082353158075954E-6,
0.0,7.711960182572985E-4,0.0,0.0176156671541316,0.2268958845715414,4.082353158075954E-6,
0.0,7.711960182572985E-4,0.0,0.0176156671541316,0.2268958845715414,4.082353158075954E-6,
0.0,7.711960182572985E-4,0.0,0.0176156671541316,0.2268958845715414,4.082353158075954E-6,
0.0,7.711960182572985E-4,0.0,0.0176156671541316,0.23079720473789056,4.082353158075954E-6,
0.0,7.711960182572985E-4,0.0,0.0176156671541316,0.23079720473789056,4.082353158075954E-6,
0.0,7.711960182572985E-4,0.0,0.0176156671541316,0.23079720473789056,4.082353158075954E-6,
0.0,7.711960182572985E-4,0.0,0.0176156671541316,0.23079720473789056,4.082353158075954E-6,
0.0,7.711960182572985E-4,0.0,0.0176156671541316,0.234551484452428,4.082353158075954E-6,
0.0,7.711960182572985E-4,0.0,0.0176156671541316,0.234551484452428,4.082353158075954E-6,
0.0,7.711960182572985E-4,0.0,0.0176156671541316,0.234551484452428,4.082353158075954E-6,
0.0,7.711960182572985E-4,0.0,0.0176156671541316,0.234551484452428,4.082353158075954E-6,
0.0,7.711960182572985E-4,0.0,0.0176156671541316,0.234551484452428,4.082353158075954E-6,
0.0,7.711960182572985E-4,0.0,0.0176156671541316,0.234551484452428,4.082353158075954E-6,
0.0,7.711960182572985E-4,0.0,0.0176156671541316,0.234551484452428,4.082353158075954E-6,
0.0,7.711960182572985E-4,0.0,0.0176156671541316,0.21534218920487444,4.082353158075954E-6,
0.0,7.711960182572985E-4,0.0,0.0176156671541316,0.21534218920487444,4.082353158075954E-6,
0.0,7.711960182572985E-4,0.0,0.0176156671541316,0.21534218920487444,4.082353158075954E-6,
0.0,7.711960182572985E-4,0.0,0.0176156671541316,0.21534218920487444,4.082353158075954E-6,
0.0,7.711960182572985E-4,0.0,0.0176156671541316,0.22166799148561742,4.082353158075954E-6,
0.0,7.711960182572985E-4,0.0,0.0176156671541316,0.22166799148561742,4.082353158075954E-6,
0.0,7.711960182572985E-4,0.0,0.0176156671541316,0.22166799148561742,4.082353158075954E-6,
0.0,7.711960182572985E-4,0.0,0.0176156671541316,0.22166799148561742,4.082353158075954E-6,
0.0,7.711960182572985E-4,0.0,0.0176156671541316,0.20715508396184446,4.082353158075954E-6,
0.0,7.711960182572985E-4,0.0,0.0176156671541316,0.21037291205606068,4.082353158075954E-6,
0.0,7.711960182572985E-4,0.0,0.0176156671541316,0.21037291205606068,4.082353158075954E-6,
0.0,7.711960182572985E-4,0.0,0.0176156671541316,0.21037291205606068,4.082353158075954E-6,
0.0,7.711960182572985E-4,0.0,0.0176156671541316,0.21037291205606068,4.082353158075954E-6,
0.0,7.711960182572985E-4,0.0,0.0176156671541316,0.21037291205606068,4.082353158075954E-6,
0.0,7.711960182572985E-4,0.0,0.0176156671541316,0.21037291205606068,4.082353158075954E-6,
0.0,7.711960182572985E-4,0.0,0.0176156671541316,0.21037291205606068,4.082353158075954E-6,
0.0,7.711960182572985E-4,0.0,0.0176156671541316,0.21037291205606068,4.082353158075954E-6,
0.0,7.711960182572985E-4,0.0,0.0176156671541316,0.21037291205606068,4.082353158075954E-6,
0.0,7.711960182572985E-4,0.0,0.0176156671541316,0.21037291205606068,4.082353158075954E-6,
0.0,7.711960182572985E-4,0.0,0.0176156671541316,0.21167944626232804,4.082353158075954E-6,
0.0,7.711960182572985E-4,0.0,0.0176156671541316,0.21167944626232804,4.082353158075954E-6,
0.0,7.711960182572985E-4,0.0,0.0176156671541316,0.19435200609113745,4.082353158075954E-6,
0.0,7.711960182572985E-4,0.0,0.0176156671541316,0.19435200609113745,4.082353158075954E-6,
0.0,7.711960182572985E-4,0.0,0.0176156671541316,0.19435200609113745,4.082353158075954E-6,
0.0,7.711960182572985E-4,0.0,0.0176156671541316,0.19435200609113745,4.082353158075954E-6,
0.0,7.711960182572985E-4,0.0,0.0176156671541316,0.19435200609113745,4.082353158075954E-6,
0.0,7.711960182572985E-4,0.0,0.0176156671541316,0.20062082203768722,4.082353158075954E-6,
0.0,7.711960182572985E-4,0.0,0.0176156671541316,0.20771263713635918,4.082353158075954E-6,
0.0,7.711960182572985E-4,0.0,0.0176156671541316,0.2098731519451931,4.082353158075954E-6,
0.0,7.711960182572985E-4,0.0,0.0176156671541316,0.2098731519451931,4.082353158075954E-6,
0.0,7.711960182572985E-4,0.0,0.0176156671541316,0.21455965466930224,4.082353158075954E-6,
0.0,7.711960182572985E-4,0.0,0.0176156671541316,0.21522533478885947,4.082353158075954E-6,
0.0,7.711960182572985E-4,0.0,0.0176156671541316,0.21522533478885947,4.082353158075954E-6,
0.0,7.711960182572985E-4,0.0,0.0176156671541316,0.2168245553115133,4.082353158075954E-6,
0.0,7.711960182572985E-4,0.0,0.0176156671541316,0.2168245553115133,4.082353158075954E-6,
0.0,7.711960182572985E-4,0.0,0.0176156671541316,0.2168245553115133,4.082353158075954E-6,
0.0,7.711960182572985E-4,0.0,0.0176156671541316,0.218589577782456,4.082353158075954E-6,
0.0,7.711960182572985E-4,0.0,0.0176156671541316,0.218589577782456,4.082353158075954E-6,
0.0,7.711960182572985E-4,0.0,0.0176156671541316,0.218589577782456,4.082353158075954E-6,
0.0,7.711960182572985E-4,0.0,0.0176156671541316,0.2235400213341978,4.082353158075954E-6,
0.0,7.711960182572985E-4,0.0,0.0176156671541316,0.22794553879620782,4.082353158075954E-6,
0.0,7.711960182572985E-4,0.0,0.0176156671541316,0.2269944554138405,4.082353158075954E-6,
0.0,7.711960182572985E-4,0.0,0.0176156671541316,0.226210400209503,4.082353158075954E-6,
0.0,7.711960182572985E-4,0.0,0.0176156671541316,0.23076559250779302,4.082353158075954E-6,
0.0,7.711960182572985E-4,0.0,0.0176156671541316,0.23076559250779302,4.082353158075954E-6,
0.0,7.711960182572985E-4,0.0,0.0176156671541316,0.23076559250779302,4.082353158075954E-6,
0.0,7.711960182572985E-4,0.0,0.0176156671541316,0.23004396148907255,4.082353158075954E-6,
0.0,7.711960182572985E-4,0.0,0.0176156671541316,0.23004396148907255,4.082353158075954E-6,
0.0,7.711960182572985E-4,0.0,0.0176156671541316,0.23004396148907255,4.082353158075954E-6,
0.0,7.711960182572985E-4,0.0,0.0176156671541316,0.23004396148907255,4.082353158075954E-6,
0.0,7.711960182572985E-4,0.0,0.0176156671541316,0.23004396148907255,4.082353158075954E-6,
0.0,7.711960182572985E-4,0.0,0.0176156671541316,0.23004396148907255,4.082353158075954E-6,
0.0,7.711960182572985E-4,0.0,0.0176156671541316,0.23331260034093004,4.082353158075954E-6,
0.0,7.711960182572985E-4,0.0,0.0176156671541316,0.2298477963693816,4.082353158075954E-6,
0.0,7.711960182572985E-4,0.0,0.0176156671541316,0.2298477963693816,4.082353158075954E-6,
0.0,7.711960182572985E-4,0.0,0.0176156671541316,0.2298477963693816,4.082353158075954E-6,
0.0,7.711960182572985E-4,0.0,0.0176156671541316,0.2298477963693816,4.082353158075954E-6,
0.0,7.711960182572985E-4,0.0,0.0176156671541316,0.2298477963693816,4.082353158075954E-6,
0.0,7.711960182572985E-4,0.0,0.0176156671541316,0.2336214263158841,4.082353158075954E-6,
0.0,7.711960182572985E-4,0.0,0.0176156671541316,0.2336214263158841,4.082353158075954E-6,
0.0,7.711960182572985E-4,0.0,0.0176156671541316,0.2336214263158841,4.082353158075954E-6,
0.0,7.711960182572985E-4,0.0,0.0176156671541316,0.2336214263158841,4.082353158075954E-6,
0.0,7.711960182572985E-4,0.0,0.0176156671541316,0.2336214263158841,4.082353158075954E-6,
0.0,7.711960182572985E-4,0.0,0.0176156671541316,0.2336214263158841,4.082353158075954E-6,
0.0,7.711960182572985E-4,0.0,0.0176156671541316,0.23337760179468175,4.082353158075954E-6,
0.0,7.711960182572985E-4,0.0,0.0176156671541316,0.2281556881212851,4.082353158075954E-6,
0.0,7.711960182572985E-4,0.0,0.0176156671541316,0.23116822092369052,4.082353158075954E-6,
0.0,7.711960182572985E-4,0.0,0.0176156671541316,0.2336196413722043,4.082353158075954E-6,
0.0,7.711960182572985E-4,0.0,0.0176156671541316,0.2336196413722043,4.082353158075954E-6,
0.0,7.711960182572985E-4,0.0,0.0176156671541316,0.2336196413722043,4.082353158075954E-6,
0.0,7.711960182572985E-4,0.0,0.0176156671541316,0.2336196413722043,4.082353158075954E-6,
0.0,7.711960182572985E-4,0.0,0.0176156671541316,0.2336196413722043,4.082353158075954E-6,
0.0,7.711960182572985E-4,0.0,0.0176156671541316,0.2336196413722043,4.082353158075954E-6,
0.0,7.711960182572985E-4,0.0,0.0176156671541316,0.22640983046615382,4.082353158075954E-6,
0.0,7.711960182572985E-4,0.0,0.0176156671541316,0.22640983046615382,4.082353158075954E-6,
0.0,7.711960182572985E-4,0.0,0.0176156671541316,0.22640983046615382,4.082353158075954E-6,
0.0,7.711960182572985E-4,0.0,0.0176156671541316,0.22916384360520056,4.082353158075954E-6,
0.0,7.711960182572985E-4,0.0,0.0176156671541316,0.22916384360520056,4.082353158075954E-6,
0.0,7.711960182572985E-4,0.0,0.0176156671541316,0.22916384360520056,4.082353158075954E-6,
0.0,7.711960182572985E-4,0.0,0.0176156671541316,0.22916384360520056,4.082353158075954E-6,
0.0,7.711960182572985E-4,0.0,0.0176156671541316,0.2269936702466219,4.082353158075954E-6,
0.0,7.711960182572985E-4,0.0,0.0176156671541316,0.2269936702466219,4.082353158075954E-6,
0.0,7.711960182572985E-4,0.0,0.0176156671541316,0.22749503870753204,4.082353158075954E-6,
0.0,7.711960182572985E-4,0.0,0.0176156671541316,0.22749503870753204,4.082353158075954E-6,
0.0,7.711960182572985E-4,0.0,0.0176156671541316,0.22749503870753204,4.082353158075954E-6,
0.0,7.711960182572985E-4,0.0,0.0176156671541316,0.2307728284203538,4.082353158075954E-6,
0.0,7.711960182572985E-4,0.0,0.0176156671541316,0.2307728284203538,4.082353158075954E-6,
0.0,7.711960182572985E-4,0.0,0.0176156671541316,0.2307728284203538,4.082353158075954E-6,
0.0,7.711960182572985E-4,0.0,0.0176156671541316,0.2339948161253776,4.082353158075954E-6,
0.0,7.711960182572985E-4,0.0,0.0176156671541316,0.2339948161253776,4.082353158075954E-6,
0.0,7.711960182572985E-4,0.0,0.0176156671541316,0.22829428502119548,4.082353158075954E-6,
0.0,7.711960182572985E-4,0.0,0.0176156671541316,0.23140695854502463,4.082353158075954E-6,
0.0,7.711960182572985E-4,0.0,0.0176156671541316,0.22306179249982347,4.082353158075954E-6,
0.0,7.711960182572985E-4,0.0,0.0176156671541316,0.22306179249982347,4.082353158075954E-6,
0.0,7.711960182572985E-4,0.0,0.0176156671541316,0.22306179249982347,4.082353158075954E-6,
0.0,7.711960182572985E-4,0.0,0.0176156671541316,0.22306179249982347,4.082353158075954E-6,
0.0,7.711960182572985E-4,0.0,0.0176156671541316,0.22306179249982347,4.082353158075954E-6,
0.0,7.711960182572985E-4,0.0,0.0176156671541316,0.22306179249982347,4.082353158075954E-6,
0.0,7.711960182572985E-4,0.0,0.0176156671541316,0.22306179249982347,4.082353158075954E-6,
0.0,7.711960182572985E-4,0.0,0.0176156671541316,0.22306179249982347,4.082353158075954E-6,
0.0,7.711960182572985E-4,0.0,0.0176156671541316,0.2267846128479465,4.082353158075954E-6,
0.0,7.711960182572985E-4,0.0,0.0176156671541316,0.2267846128479465,4.082353158075954E-6,
0.0,7.711960182572985E-4,0.0,0.0176156671541316,0.2267846128479465,4.082353158075954E-6,
0.0,7.711960182572985E-4,0.0,0.0176156671541316,0.2267846128479465,4.082353158075954E-6,
0.0,7.711960182572985E-4,0.0,0.0176156671541316,0.2267846128479465,4.082353158075954E-6,
0.0,7.711960182572985E-4,0.0,0.0176156671541316,0.22617183405989089,4.082353158075954E-6,
0.0,7.711960182572985E-4,0.0,0.0176156671541316,0.22617183405989089,4.082353158075954E-6,
0.0,7.711960182572985E-4,0.0,0.0176156671541316,0.22617183405989089,4.082353158075954E-6,
0.0,7.711960182572985E-4,0.0,0.0176156671541316,0.22617183405989089,4.082353158075954E-6,
0.0,7.711960182572985E-4,0.0,0.0176156671541316,0.22617183405989089,4.082353158075954E-6,
0.0,7.711960182572985E-4,0.0,0.0176156671541316,0.22617183405989089,4.082353158075954E-6,
0.0,7.711960182572985E-4,0.0,0.0176156671541316,0.22617183405989089,4.082353158075954E-6,
0.0,7.711960182572985E-4,0.0,0.0176156671541316,0.22617183405989089,4.082353158075954E-6,
0.0,7.711960182572985E-4,0.0,0.0176156671541316,0.22617183405989089,4.082353158075954E-6,
0.0,7.711960182572985E-4,0.0,0.0176156671541316,0.22617183405989089,4.082353158075954E-6,
0.0,7.711960182572985E-4,0.0,0.0176156671541316,0.22617183405989089,4.082353158075954E-6,
0.0,7.711960182572985E-4,0.0,0.0176156671541316,0.22617183405989089,4.082353158075954E-6,
0.0,7.711960182572985E-4,0.0,0.0176156671541316,0.22948561476947812,4.082353158075954E-6,
0.0,7.711960182572985E-4,0.0,0.0176156671541316,0.23256406814078956,4.082353158075954E-6,
0.0,7.711960182572985E-4,0.0,0.0176156671541316,0.22651780553488288,4.082353158075954E-6,
0.0,7.711960182572985E-4,0.0,0.0176156671541316,0.20652880345251232,4.082353158075954E-6,
0.0,7.711960182572985E-4,0.0,0.0176156671541316,0.20652880345251232,4.082353158075954E-6,
0.0,7.711960182572985E-4,0.0,0.0176156671541316,0.16707089713268738,4.082353158075954E-6,
0.0,7.711960182572985E-4,0.0,0.0176156671541316,0.16707089713268738,4.082353158075954E-6,
0.0,7.711960182572985E-4,0.0,0.0176156671541316,0.16707089713268738,4.082353158075954E-6,
0.0,7.711960182572985E-4,0.0,0.0176156671541316,0.16707089713268738,4.082353158075954E-6,
0.0,7.711960182572985E-4,0.0,0.0176156671541316,0.16707089713268738,4.082353158075954E-6,
0.0,7.711960182572985E-4,0.0,0.0176156671541316,0.16707089713268738,4.082353158075954E-6,
0.0,7.711960182572985E-4,0.0,0.0176156671541316,0.16707089713268738,4.082353158075954E-6,
0.0,7.711960182572985E-4,0.0,0.0176156671541316,0.16707089713268738,4.082353158075954E-6,
0.0,7.711960182572985E-4,0.0,0.0176156671541316,0.16707089713268738,4.082353158075954E-6,
0.0,7.711960182572985E-4,0.0,0.0176156671541316,0.17573814747029826,4.082353158075954E-6,
0.0,7.711960182572985E-4,0.0,0.0176156671541316,0.1837334718283054,4.082353158075954E-6,
0.0,7.711960182572985E-4,0.0,0.0176156671541316,0.1933641080268676,4.082353158075954E-6,
0.0,7.711960182572985E-4,0.0,0.0176156671541316,0.1933641080268676,4.082353158075954E-6,
0.0,7.711960182572985E-4,0.0,0.0176156671541316,0.1933641080268676,4.082353158075954E-6,
0.0,7.711960182572985E-4,0.0,0.0176156671541316,0.1933641080268676,4.082353158075954E-6,
0.0,7.711960182572985E-4,0.0,0.0176156671541316,0.20013636536591126,4.082353158075954E-6,
0.0,7.711960182572985E-4,0.0,0.0176156671541316,0.20013636536591126,4.082353158075954E-6,
0.0,7.711960182572985E-4,0.0,0.0176156671541316,0.20013636536591126,4.082353158075954E-6,
0.0,7.711960182572985E-4,0.0,0.0176156671541316,0.20013636536591126,4.082353158075954E-6,
0.0,7.711960182572985E-4,0.0,0.0176156671541316,0.20665936784325353,4.082353158075954E-6,
0.0,7.711960182572985E-4,0.0,0.0176156671541316,0.20665936784325353,4.082353158075954E-6,
0.0,7.711960182572985E-4,0.0,0.0176156671541316,0.21267294981109636,4.082353158075954E-6,
0.0,7.711960182572985E-4,0.0,0.0176156671541316,0.21267294981109636,4.082353158075954E-6,
0.0,7.711960182572985E-4,0.0,0.0176156671541316,0.20780390096568363,4.082353158075954E-6,
0.0,7.711960182572985E-4,0.0,0.0176156671541316,0.2140632071559645,4.082353158075954E-6,
0.0,7.711960182572985E-4,0.0,0.0176156671541316,0.2192123409804585,4.082353158075954E-6,
0.0,7.711960182572985E-4,0.0,0.0176156671541316,0.2196738314709755,4.082353158075954E-6,
0.0,7.711960182572985E-4,0.0,0.0176156671541316,0.224057262484625,4.082353158075954E-6,
0.0,7.711960182572985E-4,0.0,0.0176156671541316,0.224057262484625,4.082353158075954E-6,
0.0,7.711960182572985E-4,0.0,0.0176156671541316,0.224057262484625,4.082353158075954E-6,
0.0,7.711960182572985E-4,0.0,0.0176156671541316,0.224057262484625,4.082353158075954E-6,
0.0,7.711960182572985E-4,0.0,0.0176156671541316,0.21196318927961144,4.082353158075954E-6,
0.0,7.711960182572985E-4,0.0,0.0176156671541316,0.21196318927961144,4.082353158075954E-6,
0.0,7.711960182572985E-4,0.0,0.0176156671541316,0.21196318927961144,4.082353158075954E-6,
0.0,7.711960182572985E-4,0.0,0.0176156671541316,0.21196318927961144,4.082353158075954E-6,
0.0,7.711960182572985E-4,0.0,0.0176156671541316,0.21196318927961144,4.082353158075954E-6,
0.0,7.711960182572985E-4,0.0,0.0176156671541316,0.21196318927961144,4.082353158075954E-6,
0.0,7.711960182572985E-4,0.0,0.0176156671541316,0.21196318927961144,4.082353158075954E-6,
0.0,7.711960182572985E-4,0.0,0.0176156671541316,0.21287037283591578,4.082353158075954E-6,
0.0,7.711960182572985E-4,0.0,0.0176156671541316,0.21287037283591578,4.082353158075954E-6,
0.0,7.711960182572985E-4,0.0,0.0176156671541316,0.21287037283591578,4.082353158075954E-6,
0.0,7.711960182572985E-4,0.0,0.0176156671541316,0.21287037283591578,4.082353158075954E-6,
0.0,7.711960182572985E-4,0.0,0.0176156671541316,0.21287037283591578,4.082353158075954E-6,
0.0,7.711960182572985E-4,0.0,0.0176156671541316,0.21287037283591578,4.082353158075954E-6,
0.0,7.711960182572985E-4,0.0,0.0176156671541316,0.21287037283591578,4.082353158075954E-6,
0.0,7.711960182572985E-4,0.0,0.0176156671541316,0.21734543302342887,4.082353158075954E-6,
0.0,7.711960182572985E-4,0.0,0.0176156671541316,0.21734543302342887,4.082353158075954E-6,
0.0,7.711960182572985E-4,0.0,0.0176156671541316,0.22333896332691194,4.082353158075954E-6,
0.0,7.711960182572985E-4,0.0,0.0176156671541316,0.22333896332691194,4.082353158075954E-6,
0.0,7.711960182572985E-4,0.0,0.0176156671541316,0.22893125744866025,4.082353158075954E-6,
0.0,7.711960182572985E-4,0.0,0.0176156671541316,0.22893125744866025,4.082353158075954E-6,
0.0,7.711960182572985E-4,0.0,0.0176156671541316,0.22893125744866025,4.082353158075954E-6,
0.0,7.711960182572985E-4,0.0,0.0176156671541316,0.22893125744866025,4.082353158075954E-6,
0.0,7.711960182572985E-4,0.0,0.0176156671541316,0.23387197909166582,4.082353158075954E-6,
0.0,7.711960182572985E-4,0.0,0.0176156671541316,0.23387197909166582,4.082353158075954E-6,
0.0,7.711960182572985E-4,0.0,0.0176156671541316,0.23387197909166582,4.082353158075954E-6,
0.0,7.711960182572985E-4,0.0,0.0176156671541316,0.23387197909166582,4.082353158075954E-6,
0.0,7.711960182572985E-4,0.0,0.0176156671541316,0.23387197909166582,4.082353158075954E-6,
0.0,7.711960182572985E-4,0.0,0.0176156671541316,0.23387197909166582,4.082353158075954E-6,
0.0,7.711960182572985E-4,0.0,0.0176156671541316,0.23287773267448675,4.082353158075954E-6,
0.0,7.711960182572985E-4,0.0,0.0176156671541316,0.23287773267448675,4.082353158075954E-6,
0.0,7.711960182572985E-4,0.0,0.0176156671541316,0.23287773267448675,4.082353158075954E-6,
0.0,7.711960182572985E-4,0.0,0.0176156671541316,0.23287773267448675,4.082353158075954E-6,
0.0,7.711960182572985E-4,0.0,0.0176156671541316,0.23661512293166942,4.082353158075954E-6,
0.0,7.711960182572985E-4,0.0,0.0176156671541316,0.23661512293166942,4.082353158075954E-6,
0.0,7.711960182572985E-4,0.0,0.0176156671541316,0.23661512293166942,4.082353158075954E-6,
0.0,7.711960182572985E-4,0.0,0.0176156671541316,0.23661512293166942,4.082353158075954E-6,
0.0,7.711960182572985E-4,0.0,0.0176156671541316,0.23661512293166942,4.082353158075954E-6,
0.0,7.711960182572985E-4,0.0,0.0176156671541316,0.23661512293166942,4.082353158075954E-6,
0.0,7.711960182572985E-4,0.0,0.0176156671541316,0.24064975751084608,4.082353158075954E-6,
0.0,7.711960182572985E-4,0.0,0.0176156671541316,0.24301477977995642,4.082353158075954E-6,
0.0,7.711960182572985E-4,0.0,0.0176156671541316,0.24301477977995642,4.082353158075954E-6,
0.0,7.711960182572985E-4,0.0,0.0176156671541316,0.24301477977995642,4.082353158075954E-6,
0.0,7.711960182572985E-4,0.0,0.0176156671541316,0.24546304198524158,4.082353158075954E-6,
0.0,7.711960182572985E-4,0.0,0.0176156671541316,0.24546304198524158,4.082353158075954E-6,
0.0,7.711960182572985E-4,0.0,0.0176156671541316,0.2371786938846921,4.082353158075954E-6,
0.0,7.711960182572985E-4,0.0,0.0176156671541316,0.2371786938846921,4.082353158075954E-6,
0.0,7.711960182572985E-4,0.0,0.0176156671541316,0.2371786938846921,4.082353158075954E-6,
0.0,7.711960182572985E-4,0.0,0.0176156671541316,0.2371786938846921,4.082353158075954E-6,
0.0,7.711960182572985E-4,0.0,0.0176156671541316,0.2371786938846921,4.082353158075954E-6,
0.0,7.711960182572985E-4,0.0,0.0176156671541316,0.2371786938846921,4.082353158075954E-6,
0.0,7.711960182572985E-4,0.0,0.0176156671541316,0.2371786938846921,4.082353158075954E-6,
0.0,7.711960182572985E-4,0.0,0.0176156671541316,0.2371786938846921,4.082353158075954E-6,
0.0,7.711960182572985E-4,0.0,0.0176156671541316,0.24037690022303565,4.082353158075954E-6,
0.0,7.711960182572985E-4,0.0,0.0176156671541316,0.24037690022303565,4.082353158075954E-6,
0.0,7.711960182572985E-4,0.0,0.0176156671541316,0.24037690022303565,4.082353158075954E-6,
0.0,7.711960182572985E-4,0.0,0.0176156671541316,0.24252443412304547,4.082353158075954E-6,
0.0,7.711960182572985E-4,0.0,0.0176156671541316,0.24252443412304547,4.082353158075954E-6,
0.0,7.711960182572985E-4,0.0,0.0176156671541316,0.24252443412304547,4.082353158075954E-6,
0.0,7.711960182572985E-4,0.0,0.0176156671541316,0.24475022462551024,4.082353158075954E-6,
0.0,7.711960182572985E-4,0.0,0.0176156671541316,0.24475022462551024,4.082353158075954E-6,
0.0,7.711960182572985E-4,0.0,0.0176156671541316,0.24475022462551024,4.082353158075954E-6,
0.0,7.711960182572985E-4,0.0,0.0176156671541316,0.24475022462551024,4.082353158075954E-6,
0.0,7.711960182572985E-4,0.0,0.0176156671541316,0.24475022462551024,4.082353158075954E-6,
0.0,7.711960182572985E-4,0.0,0.0176156671541316,0.24475022462551024,4.082353158075954E-6,
0.0,7.711960182572985E-4,0.0,0.0176156671541316,0.24448830931087487,4.082353158075954E-6,
0.0,7.711960182572985E-4,0.0,0.0176156671541316,0.24448830931087487,4.082353158075954E-6,
0.0,7.711960182572985E-4,0.0,0.0176156671541316,0.24448830931087487,4.082353158075954E-6,
0.0,7.711960182572985E-4,0.0,0.0176156671541316,0.23292391624477574,4.082353158075954E-6,
0.0,7.711960182572985E-4,0.0,0.0176156671541316,0.23463589860868897,4.082353158075954E-6,
0.0,7.711960182572985E-4,0.0,0.0176156671541316,0.23463589860868897,4.082353158075954E-6,
0.0,7.711960182572985E-4,0.0,0.0176156671541316,0.23463589860868897,4.082353158075954E-6,
0.0,7.711960182572985E-4,0.0,0.0176156671541316,0.23813632556313818,4.082353158075954E-6,
0.0,7.711960182572985E-4,0.0,0.0176156671541316,0.2364577377732862,4.082353158075954E-6,
0.0,7.711960182572985E-4,0.0,0.0176156671541316,0.2378882614530834,4.082353158075954E-6,
0.0,7.711960182572985E-4,0.0,0.0176156671541316,0.2378882614530834,4.082353158075954E-6,
0.0,7.711960182572985E-4,0.0,0.0176156671541316,0.2378882614530834,4.082353158075954E-6,
0.0,7.711960182572985E-4,0.0,0.0176156671541316,0.23895372845843188,4.082353158075954E-6,
0.0,7.711960182572985E-4,0.0,0.0176156671541316,0.23895372845843188,4.082353158075954E-6,
0.0,7.711960182572985E-4,0.0,0.0176156671541316,0.23895372845843188,4.082353158075954E-6,
0.0,7.711960182572985E-4,0.0,0.0176156671541316,0.23895372845843188,4.082353158075954E-6,
0.0,7.711960182572985E-4,0.0,0.0176156671541316,0.24248751518901407,4.082353158075954E-6,
0.0,7.711960182572985E-4,0.0,0.0176156671541316,0.24248751518901407,4.082353158075954E-6,
0.0,7.711960182572985E-4,0.0,0.0176156671541316,0.24248751518901407,4.082353158075954E-6,
0.0,7.711960182572985E-4,0.0,0.0176156671541316,0.24599748831719925,4.082353158075954E-6,
0.0,7.711960182572985E-4,0.0,0.0176156671541316,0.24946109631646118,4.082353158075954E-6,
0.0,7.711960182572985E-4,0.0,0.0176156671541316,0.24946109631646118,4.082353158075954E-6,
0.0,7.711960182572985E-4,0.0,0.0176156671541316,0.24946109631646118,4.082353158075954E-6,
0.0,7.711960182572985E-4,0.0,0.0176156671541316,0.24946109631646118,4.082353158075954E-6,
0.0,7.711960182572985E-4,0.0,0.0176156671541316,0.24946109631646118,4.082353158075954E-6,
0.0,7.711960182572985E-4,0.0,0.0176156671541316,0.24946109631646118,4.082353158075954E-6,
0.0,7.711960182572985E-4,0.0,0.0176156671541316,0.24946109631646118,4.082353158075954E-6,
0.0,7.711960182572985E-4,0.0,0.0176156671541316,0.24946109631646118,4.082353158075954E-6,
0.0,7.711960182572985E-4,0.0,0.0176156671541316,0.24946109631646118,4.082353158075954E-6,
0.0,7.711960182572985E-4,0.0,0.0176156671541316,0.24946109631646118,4.082353158075954E-6,
0.0,7.711960182572985E-4,0.0,0.0176156671541316,0.24946109631646118,4.082353158075954E-6,
0.0,7.711960182572985E-4,0.0,0.0176156671541316,0.24946109631646118,4.082353158075954E-6,
0.0,7.711960182572985E-4,0.0,0.0176156671541316,0.22333978416568281,4.082353158075954E-6,
0.0,7.711960182572985E-4,0.0,0.0176156671541316,0.22333978416568281,4.082353158075954E-6,
0.0,7.711960182572985E-4,0.0,0.0176156671541316,0.22333978416568281,4.082353158075954E-6,
0.0,7.711960182572985E-4,0.0,0.0176156671541316,0.22333978416568281,4.082353158075954E-6,
0.0,7.711960182572985E-4,0.0,0.0176156671541316,0.22333978416568281,4.082353158075954E-6,
0.0,7.711960182572985E-4,0.0,0.0176156671541316,0.2300675913077953,4.082353158075954E-6,
0.0,7.711960182572985E-4,0.0,0.0176156671541316,0.23562413656563866,4.082353158075954E-6,
0.0,7.711960182572985E-4,0.0,0.0176156671541316,0.23393879231726206,4.082353158075954E-6,
0.0,7.711960182572985E-4,0.0,0.0176156671541316,0.23393879231726206,4.082353158075954E-6,
0.0,7.711960182572985E-4,0.0,0.0176156671541316,0.23393879231726206,4.082353158075954E-6,
0.0,7.711960182572985E-4,0.0,0.0176156671541316,0.23393879231726206,4.082353158075954E-6,
0.0,7.711960182572985E-4,0.0,0.0176156671541316,0.23393879231726206,4.082353158075954E-6,
0.0,7.711960182572985E-4,0.0,0.0176156671541316,0.23393879231726206,4.082353158075954E-6,
0.0,7.711960182572985E-4,0.0,0.0176156671541316,0.23393879231726206,4.082353158075954E-6,
0.0,7.711960182572985E-4,0.0,0.0176156671541316,0.23206716136423677,4.082353158075954E-6,
0.0,7.711960182572985E-4,0.0,0.0176156671541316,0.23206716136423677,4.082353158075954E-6,
0.0,7.711960182572985E-4,0.0,0.0176156671541316,0.2380688917215193,4.082353158075954E-6,
0.0,7.711960182572985E-4,0.0,0.0176156671541316,0.2380688917215193,4.082353158075954E-6,
0.0,7.711960182572985E-4,0.0,0.0176156671541316,0.2380688917215193,4.082353158075954E-6,
0.0,7.711960182572985E-4,0.0,0.0176156671541316,0.24296286719015325,4.082353158075954E-6,
0.0,7.711960182572985E-4,0.0,0.0176156671541316,0.23847756536924936,4.082353158075954E-6,
0.0,7.711960182572985E-4,0.0,0.0176156671541316,0.24391497683839963,4.082353158075954E-6,
0.0,7.711960182572985E-4,0.0,0.0176156671541316,0.24391497683839963,4.082353158075954E-6,
0.0,7.711960182572985E-4,0.0,0.0176156671541316,0.24391497683839963,4.082353158075954E-6,
0.0,7.711960182572985E-4,0.0,0.0176156671541316,0.24391497683839963,4.082353158075954E-6,
0.0,7.711960182572985E-4,0.0,0.0176156671541316,0.24391497683839963,4.082353158075954E-6,
0.0,7.711960182572985E-4,0.0,0.0176156671541316,0.24391497683839963,4.082353158075954E-6,
0.0,7.711960182572985E-4,0.0,0.0176156671541316,0.24391497683839963,4.082353158075954E-6,
0.0,7.711960182572985E-4,0.0,0.0176156671541316,0.24391497683839963,4.082353158075954E-6,
0.0,7.711960182572985E-4,0.0,0.0176156671541316,0.24391497683839963,4.082353158075954E-6,
0.0,7.711960182572985E-4,0.0,0.0176156671541316,0.2482876705145404,4.082353158075954E-6,
0.0,7.711960182572985E-4,0.0,0.0176156671541316,0.2482876705145404,4.082353158075954E-6,
0.0,7.711960182572985E-4,0.0,0.0176156671541316,0.2482876705145404,4.082353158075954E-6,
0.0,7.711960182572985E-4,0.0,0.0176156671541316,0.2482876705145404,4.082353158075954E-6,
0.0,7.711960182572985E-4,0.0,0.0176156671541316,0.2482876705145404,4.082353158075954E-6,
0.0,7.711960182572985E-4,0.0,0.0176156671541316,0.2482876705145404,4.082353158075954E-6,
0.0,7.711960182572985E-4,0.0,0.0176156671541316,0.2482876705145404,4.082353158075954E-6,
0.0,7.711960182572985E-4,0.0,0.0176156671541316,0.2482876705145404,4.082353158075954E-6,
0.0,7.711960182572985E-4,0.0,0.0176156671541316,0.2482876705145404,4.082353158075954E-6,
0.0,7.711960182572985E-4,0.0,0.0176156671541316,0.2529444861056987,4.082353158075954E-6,
0.0,7.711960182572985E-4,0.0,0.0176156671541316,0.2529444861056987,4.082353158075954E-6,
0.0,7.711960182572985E-4,0.0,0.0176156671541316,0.2529444861056987,4.082353158075954E-6,
0.0,7.711960182572985E-4,0.0,0.0176156671541316,0.2529444861056987,4.082353158075954E-6,
0.0,7.711960182572985E-4,0.0,0.0176156671541316,0.2529444861056987,4.082353158075954E-6,
0.0,7.711960182572985E-4,0.0,0.0176156671541316,0.2529444861056987,4.082353158075954E-6,
0.0,7.711960182572985E-4,0.0,0.0176156671541316,0.25789501009441745,4.082353158075954E-6,
0.0,7.711960182572985E-4,0.0,0.0176156671541316,0.25789501009441745,4.082353158075954E-6,
0.0,7.711960182572985E-4,0.0,0.0176156671541316,0.25789501009441745,4.082353158075954E-6,
0.0,7.711960182572985E-4,0.0,0.0176156671541316,0.26252377595549403,4.082353158075954E-6,
0.0,7.711960182572985E-4,0.0,0.0176156671541316,0.26252377595549403,4.082353158075954E-6,
0.0,7.711960182572985E-4,0.0,0.0176156671541316,0.26252377595549403,4.082353158075954E-6,
0.0,7.711960182572985E-4,0.0,0.0176156671541316,0.2668362613929724,4.082353158075954E-6,
0.0,7.711960182572985E-4,0.0,0.0176156671541316,0.2668362613929724,4.082353158075954E-6,
0.0,7.711960182572985E-4,0.0,0.0176156671541316,0.2668362613929724,4.082353158075954E-6,
0.0,7.711960182572985E-4,0.0,0.0176156671541316,0.2668362613929724,4.082353158075954E-6,
0.0,7.711960182572985E-4,0.0,0.0176156671541316,0.2668362613929724,4.082353158075954E-6,
0.0,7.711960182572985E-4,0.0,0.0176156671541316,0.2668362613929724,4.082353158075954E-6,
0.0,7.711960182572985E-4,0.0,0.0176156671541316,0.2668362613929724,4.082353158075954E-6,
0.0,7.711960182572985E-4,0.0,0.0176156671541316,0.24058308101690773,4.082353158075954E-6,
0.0,7.711960182572985E-4,0.0,0.0176156671541316,0.24058308101690773,4.082353158075954E-6,
0.0,7.711960182572985E-4,0.0,0.0176156671541316,0.24058308101690773,4.082353158075954E-6,
0.0,7.711960182572985E-4,0.0,0.0176156671541316,0.24058308101690773,4.082353158075954E-6,
0.0,7.711960182572985E-4,0.0,0.0176156671541316,0.23638872745809272,4.082353158075954E-6,
0.0,7.711960182572985E-4,0.0,0.0176156671541316,0.23638872745809272,4.082353158075954E-6,
0.0,7.711960182572985E-4,0.0,0.0176156671541316,0.23638872745809272,4.082353158075954E-6,
0.0,7.711960182572985E-4,0.0,0.0176156671541316,0.23638872745809272,4.082353158075954E-6,
0.0,7.711960182572985E-4,0.0,0.0176156671541316,0.23638872745809272,4.082353158075954E-6,
0.0,7.711960182572985E-4,0.0,0.0176156671541316,0.24327458886963,4.082353158075954E-6,
0.0,7.711960182572985E-4,0.0,0.0176156671541316,0.24960511587734086,4.082353158075954E-6,
0.0,7.711960182572985E-4,0.0,0.0176156671541316,0.24960511587734086,4.082353158075954E-6,
0.0,7.711960182572985E-4,0.0,0.0176156671541316,0.24960511587734086,4.082353158075954E-6,
0.0,7.711960182572985E-4,0.0,0.0176156671541316,0.24960511587734086,4.082353158075954E-6,
0.0,7.711960182572985E-4,0.0,0.0176156671541316,0.2551621919829107,4.082353158075954E-6,
0.0,7.711960182572985E-4,0.0,0.0176156671541316,0.25900213731025945,4.082353158075954E-6,
0.0,7.711960182572985E-4,0.0,0.0176156671541316,0.25900213731025945,4.082353158075954E-6,
0.0,7.711960182572985E-4,0.0,0.0176156671541316,0.25900213731025945,4.082353158075954E-6,
0.0,7.711960182572985E-4,0.0,0.0176156671541316,0.25900213731025945,4.082353158075954E-6,
0.0,7.711960182572985E-4,0.0,0.0176156671541316,0.26301833103326994,4.082353158075954E-6,
0.0,7.711960182572985E-4,0.0,0.0176156671541316,0.26301833103326994,4.082353158075954E-6,
0.0,7.711960182572985E-4,0.0,0.0176156671541316,0.25999422886147705,4.082353158075954E-6,
0.0,7.711960182572985E-4,0.0,0.0176156671541316,0.25999422886147705,4.082353158075954E-6,
0.0,7.711960182572985E-4,0.0,0.0176156671541316,0.25999422886147705,4.082353158075954E-6,
0.0,7.711960182572985E-4,0.0,0.0176156671541316,0.25999422886147705,4.082353158075954E-6,
0.0,7.711960182572985E-4,0.0,0.0176156671541316,0.25999422886147705,4.082353158075954E-6,
0.0,7.711960182572985E-4,0.0,0.0176156671541316,0.2621295406462483,4.082353158075954E-6,
0.0,7.711960182572985E-4,0.0,0.0176156671541316,0.2621295406462483,4.082353158075954E-6,
0.0,7.711960182572985E-4,0.0,0.0176156671541316,0.2621295406462483,4.082353158075954E-6,
0.0,7.711960182572985E-4,0.0,0.0176156671541316,0.2621295406462483,4.082353158075954E-6,
0.0,7.711960182572985E-4,0.0,0.0176156671541316,0.2621295406462483,4.082353158075954E-6,
0.0,7.711960182572985E-4,0.0,0.0176156671541316,0.2621295406462483,4.082353158075954E-6,
0.0,7.711960182572985E-4,0.0,0.0176156671541316,0.2621295406462483,4.082353158075954E-6,
0.0,7.711960182572985E-4,0.0,0.0176156671541316,0.2621295406462483,4.082353158075954E-6,
0.0,7.711960182572985E-4,0.0,0.0176156671541316,0.2621295406462483,4.082353158075954E-6,
0.0,7.711960182572985E-4,0.0,0.0176156671541316,0.2621295406462483,4.082353158075954E-6,
0.0,7.711960182572985E-4,0.0,0.0176156671541316,0.26418164902281677,4.082353158075954E-6,
0.0,7.711960182572985E-4,0.0,0.0176156671541316,0.2662960939530663,4.082353158075954E-6,
0.0,7.711960182572985E-4,0.0,0.0176156671541316,0.2662960939530663,4.082353158075954E-6,
0.0,7.711960182572985E-4,0.0,0.0176156671541316,0.2662960939530663,4.082353158075954E-6,
0.0,7.711960182572985E-4,0.0,0.0176156671541316,0.2662960939530663,4.082353158075954E-6,
0.0,7.711960182572985E-4,0.0,0.0176156671541316,0.2555269870374342,4.082353158075954E-6,
0.0,7.711960182572985E-4,0.0,0.0176156671541316,0.2555269870374342,4.082353158075954E-6,
0.0,7.711960182572985E-4,0.0,0.0176156671541316,0.2555269870374342,4.082353158075954E-6,
0.0,7.711960182572985E-4,0.0,0.0176156671541316,0.2555269870374342,4.082353158075954E-6,
0.0,7.711960182572985E-4,0.0,0.0176156671541316,0.2555269870374342,4.082353158075954E-6,
0.0,7.711960182572985E-4,0.0,0.0176156671541316,0.2555269870374342,4.082353158075954E-6,
0.0,7.711960182572985E-4,0.0,0.0176156671541316,0.2555269870374342,4.082353158075954E-6,
0.0,7.711960182572985E-4,0.0,0.0176156671541316,0.2555269870374342,4.082353158075954E-6,
0.0,7.711960182572985E-4,0.0,0.0176156671541316,0.2555269870374342,4.082353158075954E-6,
0.0,7.711960182572985E-4,0.0,0.0176156671541316,0.2555269870374342,4.082353158075954E-6,
0.0,7.711960182572985E-4,0.0,0.0176156671541316,0.2555269870374342,4.082353158075954E-6,
0.0,7.711960182572985E-4,0.0,0.0176156671541316,0.2555269870374342,4.082353158075954E-6,
0.0,7.711960182572985E-4,0.0,0.0176156671541316,0.2555269870374342,4.082353158075954E-6,
0.0,7.711960182572985E-4,0.0,0.0176156671541316,0.2555269870374342,4.082353158075954E-6,
0.0,7.711960182572985E-4,0.0,0.0176156671541316,0.2555269870374342,4.082353158075954E-6,
0.0,7.711960182572985E-4,0.0,0.0176156671541316,0.2555269870374342,4.082353158075954E-6,
0.0,7.711960182572985E-4,0.0,0.0176156671541316,0.2555269870374342,4.082353158075954E-6,
0.0,7.711960182572985E-4,0.0,0.0176156671541316,0.2555269870374342,4.082353158075954E-6,
0.0,7.711960182572985E-4,0.0,0.0176156671541316,0.25703211086796074,4.082353158075954E-6,
0.0,7.711960182572985E-4,0.0,0.0176156671541316,0.25703211086796074,4.082353158075954E-6,
0.0,7.711960182572985E-4,0.0,0.0176156671541316,0.25703211086796074,4.082353158075954E-6,
0.0,7.711960182572985E-4,0.0,0.0176156671541316,0.24765071683439913,4.082353158075954E-6,
0.0,7.711960182572985E-4,0.0,0.0176156671541316,0.24765071683439913,4.082353158075954E-6,
0.0,7.711960182572985E-4,0.0,0.0176156671541316,0.24765071683439913,4.082353158075954E-6,
0.0,7.711960182572985E-4,0.0,0.0176156671541316,0.24765071683439913,4.082353158075954E-6,
0.0,7.711960182572985E-4,0.0,0.0176156671541316,0.24915124843898506,4.082353158075954E-6,
0.0,7.711960182572985E-4,0.0,0.0176156671541316,0.24915124843898506,4.082353158075954E-6,
0.0,7.711960182572985E-4,0.0,0.0176156671541316,0.24519054494161963,4.082353158075954E-6,
0.0,7.711960182572985E-4,0.0,0.0176156671541316,0.24519054494161963,4.082353158075954E-6,
0.0,7.711960182572985E-4,0.0,0.0176156671541316,0.24519054494161963,4.082353158075954E-6,
0.0,7.711960182572985E-4,0.0,0.0176156671541316,0.24519054494161963,4.082353158075954E-6,
0.0,7.711960182572985E-4,0.0,0.0176156671541316,0.24519054494161963,4.082353158075954E-6,
0.0,7.711960182572985E-4,0.0,0.0176156671541316,0.24519054494161963,4.082353158075954E-6,
0.0,7.711960182572985E-4,0.0,0.0176156671541316,0.24519054494161963,4.082353158075954E-6,
0.0,7.711960182572985E-4,0.0,0.0176156671541316,0.24519054494161963,4.082353158075954E-6,
0.0,7.711960182572985E-4,0.0,0.0176156671541316,0.24857071607294634,4.082353158075954E-6,
0.0,7.711960182572985E-4,0.0,0.0176156671541316,0.24857071607294634,4.082353158075954E-6,
0.0,7.711960182572985E-4,0.0,0.0176156671541316,0.24857071607294634,4.082353158075954E-6,
0.0,7.711960182572985E-4,0.0,0.0176156671541316,0.2404854557346665,4.082353158075954E-6,
0.0,7.711960182572985E-4,0.0,0.0176156671541316,0.2428890266212882,4.082353158075954E-6,
0.0,7.711960182572985E-4,0.0,0.0176156671541316,0.2428890266212882,4.082353158075954E-6,
0.0,7.711960182572985E-4,0.0,0.0176156671541316,0.2428890266212882,4.082353158075954E-6,
0.0,7.711960182572985E-4,0.0,0.0176156671541316,0.2428890266212882,4.082353158075954E-6,
0.0,7.711960182572985E-4,0.0,0.0176156671541316,0.2428890266212882,4.082353158075954E-6,
0.0,7.711960182572985E-4,0.0,0.0176156671541316,0.24658194575188755,4.082353158075954E-6,
0.0,7.711960182572985E-4,0.0,0.0176156671541316,0.24658194575188755,4.082353158075954E-6,
0.0,7.711960182572985E-4,0.0,0.0176156671541316,0.24658194575188755,4.082353158075954E-6,
0.0,7.711960182572985E-4,0.0,0.0176156671541316,0.24658194575188755,4.082353158075954E-6,
0.0,7.711960182572985E-4,0.0,0.0176156671541316,0.24658194575188755,4.082353158075954E-6,
0.0,7.711960182572985E-4,0.0,0.0176156671541316,0.24658194575188755,4.082353158075954E-6,
0.0,7.711960182572985E-4,0.0,0.0176156671541316,0.24658194575188755,4.082353158075954E-6,
0.0,7.711960182572985E-4,0.0,0.0176156671541316,0.2456928072445015,4.082353158075954E-6,
0.0,7.711960182572985E-4,0.0,0.0176156671541316,0.2484646110588939,4.082353158075954E-6,
0.0,7.711960182572985E-4,0.0,0.0176156671541316,0.2484646110588939,4.082353158075954E-6,
0.0,7.711960182572985E-4,0.0,0.0176156671541316,0.2484646110588939,4.082353158075954E-6,
0.0,7.711960182572985E-4,0.0,0.0176156671541316,0.2484646110588939,4.082353158075954E-6,
0.0,7.711960182572985E-4,0.0,0.0176156671541316,0.2507010046699884,4.082353158075954E-6,
0.0,7.711960182572985E-4,0.0,0.0176156671541316,0.2507010046699884,4.082353158075954E-6,
0.0,7.711960182572985E-4,0.0,0.0176156671541316,0.25287990911168456,4.082353158075954E-6,
0.0,7.711960182572985E-4,0.0,0.0176156671541316,0.25287990911168456,4.082353158075954E-6,
0.0,7.711960182572985E-4,0.0,0.0176156671541316,0.25287990911168456,4.082353158075954E-6,
0.0,7.711960182572985E-4,0.0,0.0176156671541316,0.25287990911168456,4.082353158075954E-6,
0.0,7.711960182572985E-4,0.0,0.0176156671541316,0.25287990911168456,4.082353158075954E-6,
0.0,7.711960182572985E-4,0.0,0.0176156671541316,0.25499062166667064,4.082353158075954E-6,
0.0,7.711960182572985E-4,0.0,0.0176156671541316,0.25702892127647425,4.082353158075954E-6,
0.0,7.711960182572985E-4,0.0,0.0176156671541316,0.25899737023933583,4.082353158075954E-6,
0.0,7.711960182572985E-4,0.0,0.0176156671541316,0.2519401659228015,4.082353158075954E-6,
0.0,7.711960182572985E-4,0.0,0.0176156671541316,0.2539098609678966,4.082353158075954E-6,
0.0,7.711960182572985E-4,0.0,0.0176156671541316,0.2539098609678966,4.082353158075954E-6,
0.0,7.711960182572985E-4,0.0,0.0176156671541316,0.2539098609678966,4.082353158075954E-6,
0.0,7.711960182572985E-4,0.0,0.0176156671541316,0.2556848396518933,4.082353158075954E-6,
0.0,7.711960182572985E-4,0.0,0.0176156671541316,0.17880686141406296,4.082353158075954E-6,
0.0,7.711960182572985E-4,0.0,0.0176156671541316,0.17880686141406296,4.082353158075954E-6,
0.0,7.711960182572985E-4,0.0,0.0176156671541316,0.17880686141406296,4.082353158075954E-6,
0.0,7.711960182572985E-4,0.0,0.0176156671541316,0.17880686141406296,4.082353158075954E-6,
0.0,7.711960182572985E-4,0.0,0.0176156671541316,0.17880686141406296,4.082353158075954E-6,
0.0,7.711960182572985E-4,0.0,0.0176156671541316,0.18733038352274153,4.082353158075954E-6,
0.0,7.711960182572985E-4,0.0,0.0176156671541316,0.1951100430870398,4.082353158075954E-6,
0.0,7.711960182572985E-4,0.0,0.0176156671541316,0.1951100430870398,4.082353158075954E-6,
0.0,7.711960182572985E-4,0.0,0.0176156671541316,0.1951100430870398,4.082353158075954E-6,
0.0,7.711960182572985E-4,0.0,0.0176156671541316,0.1951100430870398,4.082353158075954E-6,
0.0,7.711960182572985E-4,0.0,0.0176156671541316,0.1951100430870398,4.082353158075954E-6,
0.0,7.711960182572985E-4,0.0,0.0176156671541316,0.1951100430870398,4.082353158075954E-6,
0.0,7.711960182572985E-4,0.0,0.0176156671541316,0.2022681154171887,4.082353158075954E-6,
0.0,7.711960182572985E-4,0.0,0.0176156671541316,0.2022681154171887,4.082353158075954E-6,
0.0,7.711960182572985E-4,0.0,0.0176156671541316,0.2022681154171887,4.082353158075954E-6,
0.0,7.711960182572985E-4,0.0,0.0176156671541316,0.2022681154171887,4.082353158075954E-6,
0.0,7.711960182572985E-4,0.0,0.0176156671541316,0.2022681154171887,4.082353158075954E-6,
0.0,7.711960182572985E-4,0.0,0.0176156671541316,0.2022681154171887,4.082353158075954E-6,
0.0,7.711960182572985E-4,0.0,0.0176156671541316,0.2098027269018208,4.082353158075954E-6,
0.0,7.711960182572985E-4,0.0,0.0176156671541316,0.2098027269018208,4.082353158075954E-6,
0.0,7.711960182572985E-4,0.0,0.0176156671541316,0.2098027269018208,4.082353158075954E-6,
0.0,7.711960182572985E-4,0.0,0.0176156671541316,0.2098027269018208,4.082353158075954E-6,
0.0,7.711960182572985E-4,0.0,0.0176156671541316,0.21579584750808325,4.082353158075954E-6,
0.0,7.711960182572985E-4,0.0,0.0176156671541316,0.22061838557553076,4.082353158075954E-6,
0.0,7.711960182572985E-4,0.0,0.0176156671541316,0.22045126293173123,4.082353158075954E-6,
0.0,7.711960182572985E-4,0.0,0.0176156671541316,0.22045126293173123,4.082353158075954E-6,
0.0,7.711960182572985E-4,0.0,0.0176156671541316,0.2200385546566175,4.082353158075954E-6,
0.0,7.711960182572985E-4,0.0,0.0176156671541316,0.2200385546566175,4.082353158075954E-6,
0.0,7.711960182572985E-4,0.0,0.0176156671541316,0.2200385546566175,4.082353158075954E-6,
0.0,7.711960182572985E-4,0.0,0.0176156671541316,0.2200385546566175,4.082353158075954E-6,
0.0,7.711960182572985E-4,0.0,0.0176156671541316,0.2200385546566175,4.082353158075954E-6,
0.0,7.711960182572985E-4,0.0,0.0176156671541316,0.2200385546566175,4.082353158075954E-6,
0.0,7.711960182572985E-4,0.0,0.0176156671541316,0.2200385546566175,4.082353158075954E-6,
0.0,7.711960182572985E-4,0.0,0.0176156671541316,0.2200385546566175,4.082353158075954E-6,
0.0,7.711960182572985E-4,0.0,0.0176156671541316,0.22446588545061133,4.082353158075954E-6,
0.0,7.711960182572985E-4,0.0,0.0176156671541316,0.22446588545061133,4.082353158075954E-6,
0.0,7.711960182572985E-4,0.0,0.0176156671541316,0.22761474004208535,4.082353158075954E-6,
0.0,7.711960182572985E-4,0.0,0.0176156671541316,0.23040632637106143,4.082353158075954E-6,
0.0,7.711960182572985E-4,0.0,0.0176156671541316,0.2331238594512037,4.082353158075954E-6,
0.0,7.711960182572985E-4,0.0,0.0176156671541316,0.2331238594512037,4.082353158075954E-6,
0.0,7.711960182572985E-4,0.0,0.0176156671541316,0.2331238594512037,4.082353158075954E-6,
0.0,7.711960182572985E-4,0.0,0.0176156671541316,0.23370936521989094,4.082353158075954E-6,
0.0,7.711960182572985E-4,0.0,0.0176156671541316,0.23357324473447064,4.082353158075954E-6,
0.0,7.711960182572985E-4,0.0,0.0176156671541316,0.23357324473447064,4.082353158075954E-6,
0.0,7.711960182572985E-4,0.0,0.0176156671541316,0.23639790701161936,4.082353158075954E-6,
0.0,7.711960182572985E-4,0.0,0.0176156671541316,0.23639790701161936,4.082353158075954E-6,
0.0,7.711960182572985E-4,0.0,0.0176156671541316,0.2301320655690227,4.082353158075954E-6,
0.0,7.711960182572985E-4,0.0,0.0176156671541316,0.2301320655690227,4.082353158075954E-6,
0.0,7.711960182572985E-4,0.0,0.0176156671541316,0.2301320655690227,4.082353158075954E-6,
0.0,7.711960182572985E-4,0.0,0.0176156671541316,0.23341565298037276,4.082353158075954E-6,
0.0,7.711960182572985E-4,0.0,0.0176156671541316,0.23341565298037276,4.082353158075954E-6,
0.0,7.711960182572985E-4,0.0,0.0176156671541316,0.23270191541935473,4.082353158075954E-6,
0.0,7.711960182572985E-4,0.0,0.0176156671541316,0.23270191541935473,4.082353158075954E-6,
0.0,7.711960182572985E-4,0.0,0.0176156671541316,0.23482732167658324,4.082353158075954E-6,
0.0,7.711960182572985E-4,0.0,0.0176156671541316,0.23482732167658324,4.082353158075954E-6,
0.0,7.711960182572985E-4,0.0,0.0176156671541316,0.23482732167658324,4.082353158075954E-6,
0.0,7.711960182572985E-4,0.0,0.0176156671541316,0.23482732167658324,4.082353158075954E-6,
0.0,7.711960182572985E-4,0.0,0.0176156671541316,0.23482732167658324,4.082353158075954E-6,
0.0,7.711960182572985E-4,0.0,0.0176156671541316,0.22831806133815172,4.082353158075954E-6,
0.0,7.711960182572985E-4,0.0,0.0176156671541316,0.22831806133815172,4.082353158075954E-6,
0.0,7.711960182572985E-4,0.0,0.0176156671541316,0.22831806133815172,4.082353158075954E-6,
0.0,7.711960182572985E-4,0.0,0.0176156671541316,0.22831806133815172,4.082353158075954E-6,
0.0,7.711960182572985E-4,0.0,0.0176156671541316,0.22831806133815172,4.082353158075954E-6,
0.0,7.711960182572985E-4,0.0,0.0176156671541316,0.22831806133815172,4.082353158075954E-6,
0.0,7.711960182572985E-4,0.0,0.0176156671541316,0.22831806133815172,4.082353158075954E-6,
0.0,7.711960182572985E-4,0.0,0.0176156671541316,0.22831806133815172,4.082353158075954E-6,
0.0,7.711960182572985E-4,0.0,0.0176156671541316,0.22831806133815172,4.082353158075954E-6,
0.0,7.711960182572985E-4,0.0,0.0176156671541316,0.22831806133815172,4.082353158075954E-6,
0.0,7.711960182572985E-4,0.0,0.0176156671541316,0.22831806133815172,4.082353158075954E-6,
0.0,7.711960182572985E-4,0.0,0.0176156671541316,0.22831806133815172,4.082353158075954E-6,
0.0,7.711960182572985E-4,0.0,0.0176156671541316,0.22831806133815172,4.082353158075954E-6,
0.0,7.711960182572985E-4,0.0,0.0176156671541316,0.22831806133815172,4.082353158075954E-6,
0.0,7.711960182572985E-4,0.0,0.0176156671541316,0.22831806133815172,4.082353158075954E-6,
0.0,7.711960182572985E-4,0.0,0.0176156671541316,0.2203263607372937,4.082353158075954E-6,
0.0,7.711960182572985E-4,0.0,0.0176156671541316,0.2203263607372937,4.082353158075954E-6,
0.0,7.711960182572985E-4,0.0,0.0176156671541316,0.2216812855141153,4.082353158075954E-6,
0.0,7.711960182572985E-4,0.0,0.0176156671541316,0.22042710158703446,4.082353158075954E-6,
0.0,7.711960182572985E-4,0.0,0.0176156671541316,0.22042710158703446,4.082353158075954E-6,
0.0,7.711960182572985E-4,0.0,0.0176156671541316,0.22042710158703446,4.082353158075954E-6,
0.0,7.711960182572985E-4,0.0,0.0176156671541316,0.22042710158703446,4.082353158075954E-6,
0.0,7.711960182572985E-4,0.0,0.0176156671541316,0.22042710158703446,4.082353158075954E-6,
0.0,7.711960182572985E-4,0.0,0.0176156671541316,0.22042710158703446,4.082353158075954E-6,
0.0,7.711960182572985E-4,0.0,0.0176156671541316,0.22373945631698652,4.082353158075954E-6,
0.0,7.711960182572985E-4,0.0,0.0176156671541316,0.22684840186287392,4.082353158075954E-6,
0.0,7.711960182572985E-4,0.0,0.0176156671541316,0.22978307152202307,4.082353158075954E-6,
0.0,7.711960182572985E-4,0.0,0.0176156671541316,0.22978307152202307,4.082353158075954E-6,
0.0,7.711960182572985E-4,0.0,0.0176156671541316,0.22978307152202307,4.082353158075954E-6,
0.0,7.711960182572985E-4,0.0,0.0176156671541316,0.22978307152202307,4.082353158075954E-6,
0.0,7.711960182572985E-4,0.0,0.0176156671541316,0.2277020338641568,4.082353158075954E-6,
0.0,7.711960182572985E-4,0.0,0.0176156671541316,0.2277020338641568,4.082353158075954E-6,
0.0,7.711960182572985E-4,0.0,0.0176156671541316,0.2277020338641568,4.082353158075954E-6,
0.0,7.711960182572985E-4,0.0,0.0176156671541316,0.2277020338641568,4.082353158075954E-6,
0.0,7.711960182572985E-4,0.0,0.0176156671541316,0.2277020338641568,4.082353158075954E-6,
0.0,7.711960182572985E-4,0.0,0.0176156671541316,0.2277020338641568,4.082353158075954E-6,
0.0,7.711960182572985E-4,0.0,0.0176156671541316,0.2277020338641568,4.082353158075954E-6,
0.0,7.711960182572985E-4,0.0,0.0176156671541316,0.22762237540381855,4.082353158075954E-6,
0.0,7.711960182572985E-4,0.0,0.0176156671541316,0.2300530608167165,4.082353158075954E-6,
0.0,7.711960182572985E-4,0.0,0.0176156671541316,0.22376662479766288,4.082353158075954E-6,
0.0,7.711960182572985E-4,0.0,0.0176156671541316,0.22376662479766288,4.082353158075954E-6,
0.0,7.711960182572985E-4,0.0,0.0176156671541316,0.22376662479766288,4.082353158075954E-6,
0.0,7.711960182572985E-4,0.0,0.0176156671541316,0.22376662479766288,4.082353158075954E-6,
0.0,7.711960182572985E-4,0.0,0.0176156671541316,0.21991658212778195,4.082353158075954E-6,
0.0,7.711960182572985E-4,0.0,0.0176156671541316,0.21860776036300053,4.082353158075954E-6,
0.0,7.711960182572985E-4,0.0,0.0176156671541316,0.21860776036300053,4.082353158075954E-6,
0.0,7.711960182572985E-4,0.0,0.0176156671541316,0.21860776036300053,4.082353158075954E-6,
0.0,7.711960182572985E-4,0.0,0.0176156671541316,0.21860776036300053,4.082353158075954E-6,
0.0,7.711960182572985E-4,0.0,0.0176156671541316,0.22241533800327684,4.082353158075954E-6,
0.0,7.711960182572985E-4,0.0,0.0176156671541316,0.22241533800327684,4.082353158075954E-6,
0.0,7.711960182572985E-4,0.0,0.0176156671541316,0.22241533800327684,4.082353158075954E-6,
0.0,7.711960182572985E-4,0.0,0.0176156671541316,0.22566611207615167,4.082353158075954E-6,
0.0,7.711960182572985E-4,0.0,0.0176156671541316,0.22566611207615167,4.082353158075954E-6,
0.0,7.711960182572985E-4,0.0,0.0176156671541316,0.2288283266865383,4.082353158075954E-6,
0.0,7.711960182572985E-4,0.0,0.0176156671541316,0.2288283266865383,4.082353158075954E-6,
0.0,7.711960182572985E-4,0.0,0.0176156671541316,0.23190936917324562,4.082353158075954E-6,
0.0,7.711960182572985E-4,0.0,0.0176156671541316,0.2349340934648083,4.082353158075954E-6,
0.0,7.711960182572985E-4,0.0,0.0176156671541316,0.2349340934648083,4.082353158075954E-6,
0.0,7.711960182572985E-4,0.0,0.0176156671541316,0.2349340934648083,4.082353158075954E-6,
0.0,7.711960182572985E-4,0.0,0.0176156671541316,0.2349340934648083,4.082353158075954E-6,
0.0,7.711960182572985E-4,0.0,0.0176156671541316,0.2349340934648083,4.082353158075954E-6,
0.0,7.711960182572985E-4,0.0,0.0176156671541316,0.2349340934648083,4.082353158075954E-6,
0.0,7.711960182572985E-4,0.0,0.0176156671541316,0.2349340934648083,4.082353158075954E-6,
0.0,7.711960182572985E-4,0.0,0.0176156671541316,0.2349340934648083,4.082353158075954E-6,
0.0,7.711960182572985E-4,0.0,0.0176156671541316,0.2349340934648083,4.082353158075954E-6,
0.0,7.711960182572985E-4,0.0,0.0176156671541316,0.2349340934648083,4.082353158075954E-6,
0.0,7.711960182572985E-4,0.0,0.0176156671541316,0.23273854811762879,4.082353158075954E-6,
0.0,7.711960182572985E-4,0.0,0.0176156671541316,0.23273854811762879,4.082353158075954E-6,
0.0,7.711960182572985E-4,0.0,0.0176156671541316,0.23273854811762879,4.082353158075954E-6,
0.0,7.711960182572985E-4,0.0,0.0176156671541316,0.23273854811762879,4.082353158075954E-6,
0.0,7.711960182572985E-4,0.0,0.0176156671541316,0.23273854811762879,4.082353158075954E-6,
0.0,7.711960182572985E-4,0.0,0.0176156671541316,0.23273854811762879,4.082353158075954E-6,
0.0,7.711960182572985E-4,0.0,0.0176156671541316,0.23273854811762879,4.082353158075954E-6,