
0.0
4.992845005336807E-284
6.61141179763236E-31
1.2008458033622119E-30
5.3375465271182224E-30
2.1513542179372266E-28
2.5294069447360755E-27
6.289969759151626E-27
1.2076379330725802E-26
1.9144005164517582E-26
4.257749512942437E-25
9.90407096673607E-25
8.652944138527451E-13
1.4740351428283694E-12
2.1885888997135344E-12
0.08016545543503685
0.08040377023425616
0.11114228787101267
0.08871960515159931
0.08689984025858889
0.06460073927268681
0.05734139591299176
0.04321885868292007
0.03861463899177878
0.030968192214317933
0.027779410815523948
0.02306592967861624
0.019139222339705192
0.015182993120977602
0.012048915694854313
0.009476072400527346
0.009444396098825171
0.008307650450200392
0.007973718526765105
0.006743059034998257
0.00617840643087167
0.005127092766667596
0.004707454566827079
0.0040463775693440765
0.0035333010761394393
0.002898635967288098
0.002751737269721047
0.0035352822203298696
0.00393175375867278
0.0031485627822358444
0.003764287016619595
0.003069169977466588
0.0026453308368210695
0.002168008136169876
0.0016028699229394005
0.0012762917364688448
9.830623378001366E-4
7.815775421118392E-4
6.131518987701666E-4
4.8826240947328335E-4
3.867483144395506E-4
3.0857709780106676E-4
2.4575179010879236E-4
1.964499073531931E-4
1.5698712773383496E-4
1.2571963841510737E-4
1.0071621666090967E-4
8.080349836334464E-5
6.364343315952748E-5
5.095529928915845E-5
4.055958900916234E-5
3.254374830881797E-5
2.6084072337647275E-5
2.0994691693744717E-5
1.691106275332876E-5
1.326588096154887E-5
1.0674328384938799E-5
8.587191621879672E-6
6.960875353643653E-6
5.654540524346134E-6
4.6155884317579306E-6
3.779375797213697E-6
3.107877898767848E-6
2.5655809533186524E-6
2.1274015082397558E-6
1.7721000436217364E-6
1.4834999687662922E-6
1.1267803072573536E-6
9.321538658939734E-7
8.837158904127776E-7
7.745149010235173E-7
6.627486372533898E-7
5.791747298054155E-7
5.042588556415778E-7
4.016852185009363E-7
3.4775120302506545E-7
2.9054324889738226E-7
2.5569243376769367E-7
2.2264399337460328E-7
1.9902504733302176E-7
1.789412259893402E-7
1.6328362019235E-7
1.4911760949488303E-7
1.3692180703308654E-7
1.2610827647575332E-7
1.1711176906168207E-7
1.088754075724492E-7
9.885311908792232E-8
1.134317760737723E-7
1.3582940888624717E-7
1.2095371798947183E-7
1.1107001502201446E-7
1.0314327972246135E-7
9.643661359717902E-8
8.110104140354875E-8
7.365770804802589E-8
6.309370557206192E-8
5.758731179110676E-8
5.280555125209844E-8
4.931586225415198E-8
4.619451138053237E-8
4.3470336808150045E-8
4.0940903446095065E-8
3.8617733665208543E-8
3.400146026627115E-8
3.140304811673713E-8
2.914202916709691E-8
2.7382059246296467E-8
2.5657286106331673E-8
2.4231716934419146E-8
2.2954424953208237E-8
2.1708100065675772E-8
2.0542431954962426E-8
1.8044426460873035E-8
1.6680165278512616E-8
1.4796648224721142E-8
1.3699280461199759E-8
1.2796949928063797E-8
1.208061540155864E-8
1.1456221450681867E-8
1.0907663686890805E-8
1.0413560307954247E-8
9.967516704528908E-9
9.561912586024378E-9
9.192638226207675E-9
8.855210948358636E-9
8.546294075163262E-9
8.262665076349022E-9
8.00168570626313E-9
7.760976485030569E-9
7.53852855977156E-9
7.332573713852693E-9
7.141590143493917E-9
6.96423971233093E-9
6.799350991358489E-9
6.645885355927919E-9
6.5029200274316506E-9
6.369628321014468E-9
5.843393439178019E-9
5.616869340621038E-9
7.579102582435507E-8
8.670749217107102E-8
1.4727065814454834E-7
1.507504562298863E-7
1.598329757382333E-7
1.6151047807241177E-7
1.6342997785459838E-7
1.637678062672215E-7
1.644677924838194E-7
1.6454601601701194E-7
1.647310997605424E-7
1.6463674849400736E-7
1.6454071968406855E-7
1.643059190254679E-7
1.640465813405922E-7
1.2294428411617744E-7
1.1706730615077676E-7
1.091236574644083E-7
1.0704347361578484E-7
1.0255202128168048E-7
1.0099158872210986E-7
9.890039503644491E-8
9.769002623872546E-8
9.650855081341924E-8
9.564970339507027E-8
9.492291750446376E-8
9.432028472306292E-8
9.378335019271916E-8
9.327916001190479E-8
9.283427481241835E-8
9.243331833457842E-8
9.208440084935256E-8
9.177615359396289E-8
9.150576960604366E-8
9.126487528925922E-8
9.104906911038352E-8
6.823655129666346E-8
6.496894238017911E-8
6.154166185552818E-8
6.067242712747988E-8
5.865060053385721E-8
5.797111090596756E-8
5.6555614086837913E-8
5.608115762289991E-8
5.444417639753048E-8
5.3427220300781476E-8
5.274420466501668E-8
5.159622144316765E-8
5.107081545062447E-8
5.0626224554197615E-8
5.036900608256901E-8
3.790270409228663E-8
3.609570999943608E-8
3.4787090217846995E-8
3.443171963463237E-8
3.392432943315622E-8
3.3736781280953516E-8
3.355876826974105E-8
3.345403419818537E-8
3.335873355594088E-8
3.3158156510016333E-8
3.307673180874551E-8
3.2768174089197164E-8
3.264275254669704E-8
3.252742327795361E-8
3.2456793572041174E-8
3.2394996118821866E-8
2.460259323037592E-8
2.3498385951606215E-8
2.2892038203304087E-8
2.272978287864462E-8
2.2545569643948083E-8
2.2473360982135938E-8
2.240651208520141E-8
2.234495926110594E-8
2.2299760177675415E-8
2.226273209532594E-8
2.222938317099003E-8
2.2192484716344217E-8
2.2158069434819256E-8
1.6969930090833947E-8
1.6231635490650858E-8
1.5921995284125073E-8
1.583380782552857E-8
1.5763186099516915E-8
1.5730799016819172E-8
1.569815968319789E-8
1.5674152188199125E-8
1.5726194559277647E-8
1.576570563099295E-8
1.5795636407726583E-8
1.5812517195111765E-8
1.581897183220736E-8
1.5818615621950737E-8
1.5813592959815865E-8
1.5805721475801554E-8
1.5795919859741792E-8
1.5780253571845903E-8
1.5767617373080164E-8
1.5754380283718118E-8
1.5741054939283126E-8
1.5701679003800307E-8
1.2201455359745559E-8
1.1686581890896382E-8
1.144846072624173E-8
1.13795176548896E-8
1.1233648627680805E-8
1.1177146803678095E-8
1.1124546118176774E-8
1.1089273730102433E-8
1.1057017725378977E-8
1.1031526550926187E-8
1.2457129284802899E-8
1.2215720029460304E-8
1.1892499506244997E-8
1.1735041761279445E-8
1.2967538869246167E-8
1.3209346082203231E-8
1.3434603275137204E-8
1.3099155093458687E-8
1.3125584319384813E-8
1.3083609439630304E-8
1.0239082401686616E-8
9.821524958625057E-9
9.724591349537792E-9
9.69459568761026E-9
9.498721445987659E-9
9.4415857272495E-9
9.389868117821654E-9
6.870103094169591E-8
7.381546121868985E-8
6.220885481824911E-8
6.165355557005334E-8
5.9521147663670595E-8
5.911607287301438E-8
5.8350436635860794E-8
5.7996130892321794E-8
5.772662519114345E-8
5.759558377236494E-8
5.748876499074268E-8
5.7414991079621986E-8
5.7347821669512964E-8
4.2435812700036073E-8
4.095838568292781E-8
3.9504991786091325E-8
3.920092983789098E-8
3.865257494233964E-8
3.84474130163689E-8
3.824703596359999E-8
3.813100209031158E-8
3.801832841610818E-8
3.793489841700633E-8
3.785979939184655E-8
3.779778460617698E-8
3.774181098226621E-8
3.768900160656895E-8
3.7642468093814E-8
3.733084979782294E-8
3.72056987282899E-8
3.710007721851554E-8
3.7037214243616964E-8
3.6980258500046027E-8
3.6935019648545065E-8
3.6893062066523815E-8
3.6854500904551415E-8
3.681711750995224E-8
3.678088099653416E-8
3.674520677052879E-8
3.6710038438716475E-8
3.667518176973473E-8
3.664058948376728E-8
3.6606182494632336E-8
3.657192786992137E-8
3.653778830052545E-8
3.650374354646075E-8
3.64697749508869E-8
3.6435870985191314E-8
3.6402022115191734E-8
3.63682220297722E-8
3.63344658018835E-8
3.630075003735723E-8
3.626707216450176E-8
3.6712849390737914E-8
3.6424984950245293E-8
3.545099386089957E-8
3.445015379044758E-8
3.39048884648909E-8
3.353955498946759E-8
3.332470977723662E-8
3.318220281487882E-8
3.099142208675107E-8
3.03651177961366E-8
2.982221130706083E-8
2.9604727785636418E-8
2.9453190071603126E-8
2.9370765718020555E-8
2.9305660661185305E-8
2.9256996735529766E-8
2.921359580906702E-8
2.917550780587443E-8
2.913992933138075E-8
2.910679257031615E-8
2.9075155302603358E-8
2.1719002674042004E-8
2.0987809797911036E-8
1.884851533051307E-8
1.854384770286944E-8
1.7784852965907287E-8
1.7635635697774793E-8
1.7365503086204934E-8
1.7283777587944666E-8
1.716761666559013E-8
1.7114553596376722E-8
1.705438199589943E-8
1.7017405692961565E-8
1.698074126275989E-8
1.6953332278524656E-8
1.6927431536800465E-8
1.6905477439108502E-8
1.688473574346027E-8
1.6865771839079215E-8
1.6847574085491326E-8
1.6830216166549827E-8
1.6813303023086482E-8
1.6796804120984616E-8
1.6408081575244324E-8
1.632502429771853E-8
1.618902563562813E-8
1.614861927465547E-8
1.609754886913773E-8
1.2203491093228365E-8
1.180851917133961E-8
1.0984252087416432E-8
1.0872866160404652E-8
1.0692618911505218E-8
1.0656429993686024E-8
1.2093899509645518E-8
1.1846903504941563E-8
9.190650024062396E-9
8.957079333116125E-9
8.336820736318211E-9
8.223143749266717E-9
8.066952998350238E-9
8.014844171904122E-9
7.958800233040434E-9
7.92910796798792E-9
7.901449748105063E-9
7.882323368142642E-9
7.865404079864589E-9
7.851908146780356E-9
7.839891037927814E-9
7.781963568407537E-9
7.761247694211619E-9
7.739180608981344E-9
7.727253317036666E-9
7.716242294559275E-9
7.70753021858409E-9
7.699157967335712E-9
7.661477284558892E-9
7.648357863273477E-9
7.63323715145383E-9
7.624199848778393E-9
7.615286778243811E-9
7.607636315134253E-9
7.600050251467207E-9
7.592764263487531E-9
7.585522308766995E-9
7.513466861752809E-9
7.502013846525332E-9
7.480116709187497E-9
7.471429395537118E-9
7.461434610404285E-9
7.453930148168406E-9
7.446193821145395E-9
7.439011301217995E-9
7.431815777019574E-9
7.424776233568352E-9
7.417759320596157E-9
7.410801165796805E-9
7.403865362009781E-9
5.962096362986545E-9
5.859374036351892E-9
6.620641337441609E-9
6.8177133583405885E-9
7.144141787699182E-9
7.2500149999641916E-9
7.360151984592619E-9
7.400987543048288E-9
7.435723631273318E-9
7.44857688346092E-9
7.457405883548156E-9
7.458959677149411E-9
7.45844560527726E-9
7.455317276007361E-9
7.451175221409351E-9
7.446013420697977E-9
7.440361692529716E-9
7.434284986852295E-9
7.427974175542733E-9
7.421478792780773E-9
7.414873416094335E-9
7.408186853174949E-9
7.401450290141238E-9
7.3946789699105405E-9
7.387886626351995E-9
7.133789640737303E-9
7.001590004895589E-9
6.680244270990975E-9
6.582953035571722E-9
6.439769815564202E-9
6.388076973390631E-9
6.326909165293615E-9
6.2995374062060035E-9
6.2710488961944566E-9
6.255081585397435E-9
6.239654890716813E-9
6.229008778241668E-9
6.218992997190773E-9
6.2108775644759056E-9
6.20319756901921E-9
6.010250135342716E-9
5.990716975566967E-9
5.964467413570711E-9
5.83080540566458E-9
5.810946227273289E-9
5.709665227319308E-9
5.693851818017977E-9
5.655297914499882E-9
5.6467897739911925E-9
5.641604397633504E-9
5.63863380789012E-9
5.6338203249974874E-9
5.629237183069987E-9
5.623729795150261E-9
5.618397852768062E-9
5.565205912627963E-9
5.546632387209089E-9
5.5337258824908095E-9
5.524973407780984E-9
5.5137089888403505E-9
5.503984399960788E-9
5.494211940124147E-9
5.485723372873039E-9
5.4778819051301815E-9
5.470884657232486E-9
5.464398554505726E-9
5.458370655579587E-9
5.452632557094212E-9
5.447120671532417E-9
5.441755416353142E-9
5.436498165385024E-9
5.431312767916932E-9
5.426179395498487E-9
5.421081855184141E-9
5.416010588041962E-9
5.410958337997543E-9
5.405920611331874E-9
5.400894136998073E-9
4.9293963253815114E-9
4.8675076144473715E-9
4.632721704099421E-9
4.58048135427459E-9
4.435005550271872E-9
4.143514724005955E-9
4.055700785013132E-9
3.851822231996369E-9
3.792533453629795E-9
3.713522948297906E-9
3.6840471933760314E-9
3.5096557927344677E-9
3.482304077976583E-9
3.374374193338996E-9
3.3514418001662173E-9
3.315987391795443E-9
3.3046527416342078E-9
3.2896529175429492E-9
3.2827700650625225E-9
3.2753191676510164E-9
2.7414255855653264E-9
2.7017028497112515E-9
2.612554561167527E-9
2.601228965214169E-9
2.5602294953550655E-9
2.551489955163889E-9
2.538973076355164E-9
2.533999269339885E-9
2.5281641502658424E-9
2.4866477090734814E-9
2.4802126799335646E-9
2.4551658296469462E-9
2.4490579060859247E-9
2.4419413871536423E-9
2.4384850430393008E-9
2.434809077017264E-9
2.432081261666041E-9
2.429394200524201E-9
2.4018938653976464E-9
2.3976551696438073E-9
2.3811511009481675E-9
2.3596434441007644E-9
2.3537042908260177E-9
2.3414713935240313E-9
2.3372854263119913E-9
2.3333520559101263E-9
2.330671424246123E-9
2.3280550489521975E-9
2.3257145100803133E-9
2.323419710287216E-9
2.321192012049343E-9
2.318985424586018E-9
2.316801272755269E-9
2.314628736736034E-9
2.3124664051340008E-9
2.310310906909324E-9
2.308161087920174E-9
2.306015625281123E-9
2.3038738499288048E-9
2.3017351819170175E-9
2.2995992781956605E-9
2.2974658759650342E-9
2.0190260855616213E-9
1.998442964115985E-9
1.976957416613472E-9
1.9728653978557227E-9
1.965849589869137E-9
1.9630989968328525E-9
1.9602069008037454E-9
1.9579530454101518E-9
1.9375064572841144E-9
1.943106283173044E-9
1.932777119436924E-9
1.9342365429782018E-9
1.9322012746351732E-9
1.9307611380931247E-9
1.9289078983634065E-9
1.9271503801942116E-9
1.925340452687551E-9
1.9235468081953534E-9
1.921749206965075E-9
1.919959050881349E-9
1.9181716559038055E-9
1.9049174444241977E-9
1.900680892263872E-9
1.8977498978213857E-9
1.895539968296314E-9
1.892609381877498E-9
1.8899792028092066E-9
1.887317227176583E-9
1.8849301778014205E-9
1.8826755192701623E-9
1.8805916897027372E-9
1.7010273629178584E-9
1.6872683242740332E-9
1.678049550296318E-9
1.6750693647846397E-9
1.6720030211806111E-9
1.6699004063035128E-9
1.6679517864155432E-9
1.6650374204584654E-9
1.6630537629124127E-9
1.6607770225758198E-9
1.6589665231053054E-9
1.53724317353529E-9
1.5276310765180838E-9
1.522590877892583E-9
1.5206213853450505E-9
1.5187565967992684E-9
1.51721666091665E-9
1.5156705064652924E-9
1.5141812278389813E-9
1.5126994910478496E-9
1.5112438326073932E-9
1.5098014701328233E-9
1.508374021958909E-9
1.5069558991994609E-9
1.5055457911500535E-9
1.5041411058793E-9
1.5027407617037859E-9
1.5013436101518458E-9
1.4999490709930535E-9
1.4985566543565254E-9
1.4971660881677086E-9
1.7290863995105882E-9
1.6969692029807554E-9
1.584207673877702E-9
1.5714605950594564E-9
1.55868543880045E-9
1.5541807259695584E-9
1.5502150139910184E-9
1.547705760759365E-9
1.5454747457192956E-9
1.5435947810727354E-9
1.4880562685928387E-9
1.4808412052646305E-9
1.463548154423861E-9
1.449670417316155E-9
1.4416352137768783E-9
1.4489942922786192E-9
1.4487251774401197E-9
1.4505935829882974E-9
1.4155513447441008E-9
1.4136861395539584E-9
1.4105291332697347E-9
1.4092820214420463E-9
1.4049406448810556E-9
1.4028006309748589E-9
1.4004066723391733E-9
1.3986011211515789E-9
1.3968425510932769E-9
1.3952845455622711E-9
1.393788555026984E-9
1.3923694879896935E-9
1.3909873845988989E-9
1.389638032926971E-9
1.3883079905494993E-9
1.3869929860810177E-9
1.3856878641518465E-9
1.384390165243172E-9
1.3830977319279805E-9
1.3818093254563318E-9
1.3805239979341323E-9
1.379241155701727E-9
1.3779603719232382E-9
1.3766413970016185E-9
1.3753612959347984E-9
1.3721397057512192E-9
1.3702424794481993E-9
1.368271307353389E-9
1.3442321513475886E-9
1.3414860601880563E-9
1.338413412136098E-9
1.336690854475161E-9
1.335001801099863E-9
1.3335788262782791E-9
1.3322027139951714E-9
1.3308926774237854E-9
1.3296063132893454E-9
1.3283422715425561E-9
1.3270896420668523E-9
1.3258461200699359E-9
1.3246082059242434E-9
1.3233745921746503E-9
1.3221440011736837E-9
1.3209158195403788E-9
1.3196895534731675E-9
1.3184649354798596E-9
1.3172417702226999E-9
1.3160199447986787E-9
1.314799380919721E-9
1.3135800314523582E-9
1.3123506313921355E-9
1.3111329914959198E-9
1.3015720220475923E-9
1.2985388997213334E-9
1.2955887269323988E-9
1.2935214844143789E-9
1.2916000558663756E-9
1.2900037056803544E-9
1.2885094839731754E-9
1.2871357835214214E-9
1.2858152798015286E-9
1.2845434049226236E-9
1.2732588367294453E-9
1.2715744225426461E-9
1.2697327948596056E-9
1.2684224914658757E-9
1.2660750898216841E-9
1.2643963374322733E-9
1.2627784676743708E-9
1.2613686591426488E-9
1.2600300343032338E-9
1.2587619087515125E-9
1.2575293009994497E-9
1.2563231898897397E-9
1.2551326109801472E-9
1.2539528029729383E-9
1.2527799000387256E-9
1.2516118519468235E-9
1.2504472081840432E-9
1.249285130123221E-9
1.2481250560232002E-9
1.2469640340362108E-9
1.2458065577052294E-9
1.2440348862049633E-9
1.24265623441564E-9
1.2413013750480297E-9
1.240053603556059E-9
1.2388379152350714E-9
1.237653909013247E-9
1.2364844847907E-9
1.2353256446016307E-9
1.2341727686580176E-9
1.2330240535608262E-9
1.2318781096789587E-9
1.2307342714229938E-9
1.229592091193034E-9
1.2284513326786207E-9
1.2273118445342274E-9
1.2261735422611732E-9
1.2250363725108988E-9
1.223900304240944E-9
1.2227653177518184E-9
1.2216314010726205E-9
1.2204985463951556E-9
1.2193667486658864E-9
1.2182360043767161E-9
1.2171063110241293E-9
1.215977666685714E-9
1.214848516630035E-9
1.213721731249639E-9
1.212230166570119E-9
1.2109888708467289E-9
1.2097581824100173E-9
1.2085893466453044E-9
1.2072020496884544E-9
1.2059996375637017E-9
1.2048094668913432E-9
1.2036616111142196E-9
1.2025258527540835E-9
1.2014011928344495E-9
1.2002815893104494E-9
1.1991656678630497E-9
1.1980520199322168E-9
1.1916169556449672E-9
1.1902591669158312E-9
1.1888214797395115E-9
1.1876555765480942E-9
1.1865048069222157E-9
1.1853883787196065E-9
1.1805807489083163E-9
1.1793057277859534E-9
1.177979142975196E-9
1.176840869868814E-9
1.1756515301111126E-9
1.1745327628731215E-9
1.173419518622561E-9
1.172321212323037E-9
1.1711773651158777E-9
1.1700754237804228E-9
1.1688637207797526E-9
1.1677499148085546E-9
1.1666388951020496E-9
1.1655464923435615E-9
1.1644591684532551E-9
1.1633764124438769E-9
1.1622959752893624E-9
1.1612173531960433E-9
1.1601400873217518E-9
1.1590640270160319E-9
1.111812771332737E-9
1.105259007059643E-9
1.1006148865752378E-9
1.0686315178699175E-9
1.0641389120115168E-9
1.0612403735663736E-9
1.059649356915847E-9
1.0582156005705128E-9
1.0569695915703895E-9
1.0557774133100611E-9
1.0546636859907907E-9
1.053587965918539E-9
1.032932239432895E-9
1.030310910285928E-9
1.02857129151699E-9
1.0274507687888239E-9
1.0263348465087093E-9
1.0252959352363916E-9
1.0242608291894727E-9
1.0232598163908322E-9
1.0222708048539844E-9
1.021298381794329E-9
1.0203341235096335E-9
1.0193774974803275E-9
1.0184252626361536E-9
1.0174766329677048E-9
1.1236641798552703E-9
1.1101195123903865E-9
1.089923078483672E-9
1.087099404256645E-9
1.0847840879306612E-9
1.083515460369456E-9
1.0823306567558855E-9
1.081253837972813E-9
1.0801953730391769E-9
1.040422700444155E-9
1.037480837379294E-9
1.0348670337865179E-9
1.0320515568867371E-9
1.0308963510702622E-9
1.0298317424365604E-9
1.0288287162781198E-9
1.0278487445291984E-9
1.0268769295996055E-9
1.0259138373575864E-9
1.024954865090685E-9
1.023999876699537E-9
1.0230472792673754E-9
1.0220967774749377E-9
1.0211477980099427E-9
1.0202001637830354E-9
1.0192536664756845E-9
1.018308223120967E-9
1.0173637573990882E-9
1.0164202338430245E-9
1.0154776240328376E-9
1.0145359132335066E-9
1.0135950904846312E-9
1.012655149526706E-9
1.0117160857992907E-9
1.0107778963927028E-9
1.0098405791064367E-9
1.008904132330532E-9
1.0079685547397595E-9
1.007033845223491E-9
1.006100002783106E-9
1.0051670264991222E-9
1.0031133519423347E-9
1.002145931081885E-9
1.0011768220301398E-9
1.000245000106143E-9
9.993156454184814E-10
9.983886723619381E-10
9.974626889015192E-10
9.965376668878838E-10
9.956135143607462E-10
9.939118699701954E-10
9.929643512064884E-10
9.920160586250352E-10
9.910937735209803E-10
9.901734605800246E-10
9.892550511748523E-10
9.883375847393318E-10
9.874210405954054E-10
9.865053549073182E-10
9.85590532551255E-10
9.846765625129664E-10
9.837634453344087E-10
9.577913199215288E-10
9.506124684353981E-10
9.478288222801785E-10
9.46378992794375E-10
9.452995130340244E-10
9.443458787916448E-10
9.434290648727316E-10
9.419973174146486E-10
9.410911840130312E-10
9.400911958175684E-10
9.392069616845672E-10
9.383065422049104E-10
9.374323221716357E-10
9.365558412432607E-10
9.356859450414845E-10
9.348163970586628E-10
9.33949023668733E-10
9.330824326861976E-10
9.322169872105405E-10
9.313523680651215E-10
9.304886416821435E-10
9.296257318138609E-10
9.287636480630138E-10
9.279023709050542E-10
9.270419003183186E-10
9.261822305988765E-10
9.253233606100296E-10
9.244652882077891E-10
9.236080123657042E-10
9.227515319198493E-10
9.218958459964081E-10
9.21040953721225E-10
9.201868543013658E-10
9.193335469550267E-10
9.184810309253564E-10
9.176293054625108E-10
9.167783698252138E-10
9.012700591541757E-10
8.977060185847593E-10
8.962333890410982E-10
8.952527586407627E-10
8.943708685202269E-10
8.935205681028048E-10
8.926772871559073E-10
8.918406013467593E-10
8.910070568894395E-10
8.898562859162327E-10
8.890176913895206E-10
8.881415570943655E-10
8.873143807699681E-10
8.864831825673155E-10
8.85660243716118E-10
8.848374506215579E-10
8.840166567163063E-10
8.831965764272887E-10
8.822138717629863E-10
8.813710201393116E-10
8.808985307943297E-10
8.800927919071676E-10
8.794066864922385E-10
8.786021303998816E-10
8.777456046888492E-10
8.769281053908929E-10
8.760328448747658E-10
8.752082010368845E-10
8.744054430368426E-10
8.735903783932699E-10
8.72792009770171E-10
8.719796371400729E-10
8.711719087194002E-10
8.703580204360706E-10
8.695453409828368E-10
8.687296749903907E-10
8.679141232841776E-10
8.670969395648816E-10
8.662795130657018E-10
8.654610618969316E-10
8.646422083066849E-10
8.638225842994865E-10
8.629868206703958E-10
8.621642388563733E-10
8.613319483674281E-10
8.605083161542742E-10
8.596812695346405E-10
8.588579410679482E-10
8.580332886344357E-10
8.482588402405815E-10
8.461887431601069E-10
8.451423805695805E-10
9.316212023010722E-10
9.208627143553522E-10
9.10716592317228E-10
9.086179672874613E-10
9.07129304220373E-10
9.061589835457634E-10
9.057391314039759E-10
9.048617433092263E-10
9.041376050555361E-10
9.032665263542582E-10
9.024434698392884E-10
9.015743290040754E-10
9.007213399637955E-10
8.998537439571116E-10
8.989922761540467E-10
8.981261782911829E-10
8.972628300212617E-10
8.96398220695991E-10
8.955351587404714E-10