
0.0
3.5074504557969965E-31
8.785936042568225E-14
3.013157748758946E-9
2.91371603759336E-9
1.2298393718099585E-9
4.5605131532865975E-10
2.3208833902689247E-10
5.857861398940644E-10
4.636983533074923E-10
3.356560966012286E-10
2.7377216865196886E-10
7.379965356346895E-10
2.814010963048039E-9
3.981453071947618E-9
5.039781425095883E-9
5.148213189417512E-9
5.017926422822498E-9
4.561788049116597E-9
3.990665132921102E-9
3.360576070970142E-9
2.7471108915753718E-9
2.187888067315106E-9
1.7054266696860397E-9
1.3080251874861857E-9
9.876705933741151E-10
7.376199413257159E-10
5.454780595185656E-10
3.9929197158947926E-10
2.899783532145302E-10
2.0879601286104375E-10
1.493406300794857E-10
1.0816442502764822E-10
8.01028684925504E-11
5.604553462353692E-11
3.920288716202427E-11
2.6867390807127417E-11
1.8535428409819166E-11
1.2712434064108307E-11
8.747323264528102E-12
6.461819946594584E-12
4.912856663733521E-12
3.4689569382281783E-12
2.4293352448518095E-12
1.6431409162720695E-12
1.1870866322905732E-12
8.307794820037603E-13
5.719743415409743E-13
3.9384961502853766E-13
2.7299308158860065E-13
1.87548191456675E-13
1.2918408718369447E-13
8.820072748203221E-14
7.415219696076152E-14
5.724136492214566E-14
4.2165085042157964E-14
2.989484815941317E-14
1.984926975852955E-14
1.379866879327868E-14
9.251895952856907E-15
6.422834473146388E-15
4.412934741437238E-15
3.102440948267076E-15
2.2034728843654018E-15
1.6055960896842129E-15
1.6392647999670063E-15
1.2985739829555068E-15
1.1872209764203707E-15
9.07621966755415E-16
6.799578319522538E-16
5.168300129753145E-16
3.7852349872788985E-16
2.9963850689528684E-16
2.3079999931042185E-16
1.7238944231021784E-16
1.3121231559608679E-16
1.0107478487655554E-16
7.916355625013219E-17
6.337847048144037E-17
4.951353155898135E-17
4.220632805817357E-17
5.947448685316461E-17
8.072954893838842E-17
1.0147654295632769E-16
1.112582453661607E-16
1.3248624294860463E-16
1.161456775115434E-16
9.562274296310179E-17
7.35755580002466E-17
5.616054786254489E-17
4.178653020540986E-17
3.021750531006008E-17
2.280675996358896E-17
1.8546968421878595E-17
1.7068935510593866E-17
2.8276172886195336E-17
4.343370284349716E-17
5.553900552454709E-17
6.274678818997625E-17
6.819107796119336E-17
6.897112471424767E-17
6.773869650269894E-17
6.363285438679213E-17
5.861554239449091E-17
5.292887600070643E-17
4.7651629292708124E-17
4.080295799589317E-17
3.544601292785251E-17
3.2710064258788617E-17
3.0705236467432997E-17
2.984888308698495E-17
2.825331048926489E-17
2.3711537903363515E-17
2.657512648120015E-17
2.2231104331187372E-17
2.100225545429474E-17
1.7719312828332123E-17
1.636633033527186E-17
2.2251271087143848E-17
1.1224585964024273E-16
1.501253357123547E-16
2.1159726423589905E-16
2.262775275937171E-16
2.5227751245096444E-16
3.00289634125895E-16
2.879095683172643E-16
2.603764005888144E-16
2.6895873714271505E-16
2.4241948565949343E-16
2.202988465551096E-16
1.8785662476810093E-16
1.6381456515931705E-16
1.2834528037509832E-16
1.1127968345455738E-16
8.51419551587236E-17
6.610245684244797E-17
5.07083059914438E-17
3.8509135907490416E-17
2.937870720669102E-17
2.2509391647256383E-17
1.743563108023023E-17
1.3677708811214807E-17
1.0884809311465635E-17
8.808009539919837E-18
1.0217685250473175E-17
9.047857452424516E-18
7.63780230926358E-18
6.661237901006433E-18
5.5547674568571505E-18
4.7310082329587824E-18
3.960293992400167E-18
3.314337852983802E-18
6.265560236608476E-18
4.266595038425528E-17
8.299597650887462E-17
1.33015465958705E-16
1.7885489545754556E-16
2.1443441730629312E-16
2.3880498564781563E-16
2.57014013716054E-16
2.67793563874958E-16
2.755822407896941E-16
2.844257916579988E-16
2.87891602490207E-16
2.82788316334544E-16
2.7187720426822975E-16
3.083470779776803E-16
3.038523775543263E-16
3.056545577838605E-16
2.9336004756155545E-16
2.717276638576495E-16
2.5525454335288715E-16
2.272756601769326E-16
2.0345336031630738E-16
1.8776592482998318E-16
1.7375830886975118E-16
1.6161873545930372E-16
1.567457187700112E-16
1.4835796599214206E-16
1.3989067911944547E-16
3.7903432567421287E-16
3.379006442704232E-15
5.851499630694567E-15
7.962284705120856E-15
9.013735537143554E-15
9.407619797287892E-15
1.009128960650341E-14
9.420728651879743E-15
8.53886189398385E-15
8.638974199797156E-15
9.391081069177181E-15
9.152537746725754E-15
8.499405232925263E-15
7.637291240119318E-15
6.610327280972701E-15
5.594850191744315E-15
4.6362147206364455E-15
3.79620830578747E-15
3.075947613676719E-15
2.4756255768807666E-15
1.9808374897525057E-15
1.5768601981699495E-15
1.2489152912407976E-15
9.840034346803573E-16
7.852578883415671E-16
6.14423434812509E-16
4.811864785076636E-16
4.812615571532211E-16
1.7090776177705957E-15
2.563490612599534E-15
3.2808741336340266E-15
3.4543432607417638E-15
3.394159161229859E-15
3.0909078577382754E-15
2.715730344628464E-15
2.29563156510235E-15
1.8980837971664365E-15
1.5333355526566974E-15
1.2199693611554303E-15
9.557105418096872E-16
7.40437644970701E-16
5.756590482320551E-16
4.387996483117824E-16
3.3350622497609077E-16
3.304212193988657E-16
1.2244226691011287E-15
1.828898783460529E-15
2.331275220109423E-15
2.4403603975841044E-15
2.3860323987657894E-15
2.206275601785817E-15
2.492929261529683E-15
2.583629706890617E-15
2.624191641668604E-15
2.488067639388385E-15
2.5721115090753375E-15
2.5034873399490144E-15
2.4966462784277844E-15
2.2794936524890853E-15
2.0726645142084207E-15
1.7985798035072663E-15
2.0105459456153705E-15
2.7610060725992888E-14
1.595361149383851E-13
2.4626294340827185E-13
3.5568433939455863E-13
4.0544628169567186E-13
4.436982993728674E-13
4.504351540282142E-13
4.5427575671188286E-13
4.442582299414526E-13
4.355985865717179E-13
4.213794886049381E-13
4.076377985849566E-13
3.8387996944316913E-13
3.5847146829030985E-13
3.2584523713026384E-13
2.9302165737956116E-13
2.579837712100762E-13
2.2465812456607897E-13
1.923045861020307E-13
1.9368107854063544E-13
1.6676279121517533E-13
1.3439568281631765E-13
1.0788800321698632E-13
8.570273274458213E-14
6.792780058584953E-14
5.3615443714967865E-14
4.321114189530605E-14
4.003653199997344E-14
3.7154131555606826E-14
3.7114145988347014E-14
3.528469750811167E-14
3.432444186528708E-14
3.868587910383654E-14
7.149141115506613E-14
9.026409979895403E-14
1.1929143759145726E-13
1.2923539432051714E-13
1.391122150853663E-13
1.3581947771130907E-13
1.3066468344063874E-13
1.2149735773232891E-13
1.1599499762147575E-13
1.2837771013097916E-13
1.336536020167767E-13
1.5301688380847115E-13
1.5598072138448192E-13
1.6606550434244676E-13
1.67313835035296E-13
1.688076024803686E-13
1.6198290962608422E-13
1.541914186840138E-13
1.4196264757152442E-13
1.4416573838466577E-13
1.756250044064417E-13
1.9791820615597218E-13
2.327649562529201E-13
2.494072727904956E-13
2.6537891963824214E-13
2.83141817623155E-13
2.905668413210472E-13
2.9630906904381607E-13
2.975006912820382E-13
2.896871999649316E-13
2.742587747151123E-13
2.5369584744100494E-13
2.304499819683045E-13
2.0967060588733987E-13
2.0487754384786884E-13
1.9527569239919966E-13
1.9170863360105383E-13
1.8210796440628438E-13
1.7286928644182253E-13
1.5955876700954987E-13
1.4575966749097177E-13
1.3028224320570073E-13
1.368797167513279E-13
1.189849996630423E-13
9.885714272159076E-14
8.164051321248661E-14
6.654598803387653E-14
5.399736444477329E-14
4.3486094390888633E-14
3.498230523381919E-14
2.8710904409689464E-14
2.3443408833954698E-14
1.946544920698678E-14
1.5982951316602134E-14
1.3210507160758564E-14
1.0773405702222433E-14
8.781452313820881E-15
9.153679660394922E-15
7.18769003321087E-15
5.510587054683845E-15
4.2040545749932956E-15
3.1525305820014236E-15
2.3818218156895774E-15
1.7870556722674816E-15
1.5111807699724783E-15
1.784641902386069E-15
1.919281811043125E-15
2.287557524762939E-15
2.917652266709981E-15
6.302083558684239E-15
2.1253658967125565E-14
3.0707481831526184E-14
4.4670409148838227E-14
5.0097914561132526E-14
5.4885510033328806E-14
5.375198322837706E-14
5.1865815390338947E-14
4.907546943321218E-14
6.18220979445211E-14
6.133796695626473E-14
6.265063530397603E-14
5.958541778029823E-14
5.651955860120789E-14
5.930392250529545E-14
5.236080640351959E-14
4.685416077481166E-14
4.1209741694997664E-14
3.5803600054016245E-14
3.0309758449413513E-14
2.460866006247439E-14
2.6181157079847326E-14
4.2877286658759017E-14
5.5422723904866304E-14
7.668326617732975E-14
8.797958302615638E-14
9.765771118824931E-14
9.981424992062387E-14
9.940583188774404E-14
9.750918905438348E-14
9.280522684114529E-14
8.733027109726833E-14
9.412399944778719E-14
8.391190365266334E-14
7.250881082075114E-14
6.222749517548214E-14
5.252506146798372E-14
4.3796003783601084E-14
3.608157365918723E-14
3.691247151948429E-14
3.557321554494887E-14
3.332014927542206E-14
3.338240655044472E-14
3.577579146266266E-14
3.342727262150184E-14
2.980341822143757E-14
3.0453767922687935E-14
3.134061378195553E-14
3.0181176132816024E-14
2.9360234529430134E-14
2.7627472534202193E-14
3.056472638315687E-14
2.9043052086869604E-14
2.7802091552684856E-14
2.6439214337412096E-14
2.474348535202042E-14
2.3017320669523134E-14
2.0912393350780672E-14
1.8905810524831472E-14
1.716774207527185E-14
1.542598067532462E-14
1.3841451063261635E-14
1.2214809768724355E-14
1.0686816746099791E-14
9.290831563769467E-15
7.956318231650838E-15
6.710836604612182E-15
5.564457932181926E-15
4.834738689496023E-15
5.241998584850687E-15
1.109373943618E-14
1.422498467333038E-14
1.8439928279903164E-14
1.97764171139404E-14
2.0709476978332626E-14
1.9806538575296276E-14
1.8504933573314904E-14
1.6556396472171092E-14
1.5113121157478044E-14
1.349884532541946E-14
1.2794469910730643E-14
1.4342846958205418E-14
1.4952542151564094E-14
1.630476302528297E-14
1.6199864929808522E-14
1.599335564873763E-14
1.4822934761780562E-14
1.6465590990899423E-14
1.4983906126579368E-14
1.2761263236600947E-14
1.0431691518147265E-14
8.357572025458134E-15
6.623159622862666E-15
5.300085047917778E-15
4.225456182027734E-15
3.818706437116951E-15
3.4164583324908423E-15
3.4416874841224725E-15
3.706374652964655E-15
5.7391183780985284E-15
6.854100883460796E-15
8.718127626948215E-15
9.307450339110979E-15
9.872472082705848E-15
9.554010662612622E-15
9.079441610354409E-15
8.18856078800138E-15
7.255681825003002E-15
6.22194865172388E-15
5.25476614298562E-15
4.3360387738672024E-15
3.5345378300556936E-15
2.834405458731058E-15
2.248604256629412E-15
1.7620099519217293E-15
1.3682674324362343E-15
1.05237093958635E-15
8.033360258117153E-16
6.085991724032517E-16
4.582181645422012E-16
3.4292542878489257E-16
2.5662007332304605E-16
1.912132993983924E-16
1.4191952462210916E-16
1.1067995056926953E-16
1.5827488325151124E-16
4.677817374742182E-16
1.87211672848947E-15
2.8218773228203088E-15
4.037655462925273E-15
4.5599065369884346E-15
4.927952192300135E-15
4.815254606203055E-15
4.599644579951412E-15
4.336295789529213E-15
4.718871528382571E-15
4.757956558836138E-15
5.010364571142059E-15
4.886362930933018E-15
4.8358160651867554E-15
4.942560672617301E-15
5.8132350136556184E-15
5.6809356119473706E-15
5.201623248168858E-15
4.700287773739402E-15
4.098081777578182E-15
3.6475911469741784E-15
3.1884432202690114E-15
2.8063347060427585E-15
2.664183066077786E-15
2.555428471571987E-15
4.541714863548714E-15
1.5805719000139046E-14
2.5029823030321262E-14
3.721293378714882E-14
4.488315059112197E-14
5.546348332121309E-14
5.926419443810469E-14
6.11997414456403E-14
6.060711053921722E-14
5.78857111489021E-14
5.3862558789814433E-14
4.882330944419312E-14
4.3924094916203596E-14
4.418426228709546E-14
3.889128380956519E-14
3.281023677029108E-14
2.738696826225373E-14
2.383059451872574E-14
2.6776357889069584E-14
3.17874840602398E-14
3.576147113186079E-14
3.5848686235397227E-14
3.452957460682406E-14
3.152856186476174E-14
2.822023326053158E-14
2.4452050353064915E-14
2.0881634492352338E-14
1.748039940372526E-14
1.4497114560947482E-14
1.471337688438539E-14
1.2147274172716645E-14
9.644497849449498E-15
7.634456189701145E-15
7.05141119824381E-15
5.54195919264364E-15
4.242076580566602E-15
3.263953389932658E-15
2.473266261627845E-15
1.8856845702708635E-15
1.4317803323062975E-15
1.0903944806928208E-15
8.352082907806865E-16
6.414094720576526E-16
5.057134853046652E-16
4.0330663893560936E-16
3.230566234163173E-16
2.528469745105546E-16
2.1919456932149478E-16
1.4409957491038975E-15
7.655093680787959E-15
1.178709946468035E-14
1.6692283902010606E-14
1.8406944026920814E-14
1.9380421702233185E-14
1.868062674844803E-14
1.7369552542338024E-14
1.5396142055648788E-14
1.3256817418711524E-14
1.1115496404873347E-14
9.896140707180466E-15
1.1881360228759356E-14
1.2732716779173425E-14
1.4904250017151338E-14
1.791109372877538E-14
1.789593623809171E-14
1.6685654535213785E-14
1.7305234138147307E-14
1.4953856555554244E-14
1.2702508980473182E-14
1.0488754218186492E-14
8.536765154191845E-15
6.859561577673877E-15
5.47551020235849E-15
4.327231909390939E-15
4.088856129200673E-15
3.1455108275399333E-15
2.7248788229908336E-15
3.900825537847462E-15
4.848700090485521E-15
6.12350327650185E-15
6.679338205967087E-15
6.984418601512265E-15
6.7484449112070924E-15
6.314457439664755E-15
5.6674759776796645E-15
4.9758978491080135E-15
4.260437696189167E-15
3.587708527948585E-15
2.9684662141369757E-15
2.423037457923129E-15
1.950989333798058E-15
1.5532347389489219E-15
1.2281786285759954E-15
9.643057761792933E-16
7.506697106122213E-16
5.759577728806798E-16
4.4372157198593426E-16
6.432696493255148E-16
2.1305225062427905E-15
3.078876587175824E-15
4.335790286768756E-15
4.811067024614016E-15
5.134399152825297E-15
5.9241468107229946E-15
5.365864654256047E-15
4.703674612658854E-15
3.983769992619769E-15
3.2782552932906873E-15
2.657409328921096E-15
2.113726733912518E-15
1.6639688142092676E-15
1.2944701246887858E-15
9.99376579596977E-16
7.695137892364115E-16
5.900037413492602E-16
4.507435436704655E-16
3.4132845619714213E-16
3.5592708148863815E-16
4.924907805272865E-16
1.5384513111527235E-15
2.31783329805224E-15
3.2107921840981086E-15
3.581800373421762E-15
3.772658497874947E-15
3.6100550824204984E-15
3.3357969197780323E-15
2.935702637574856E-15
2.5607636731937037E-15
2.1879281631558167E-15
1.8607765010486897E-15
1.953315900172977E-15
1.6231891643612455E-15
1.3378616603765295E-15
1.0644837088535534E-15
8.404196394725362E-16
6.5886123262217335E-16
5.125760559980633E-16
3.970707184487868E-16
3.0606585677393496E-16
2.3504441908066344E-16
1.8010064989670137E-16
1.377490422303064E-16
1.061741330335129E-16
8.197903807393071E-17
6.462054731072714E-17
5.096482016646278E-17
4.096951939002051E-17
3.243638075148453E-17
2.868531561994669E-17
1.6980934187863563E-16
8.054568181390823E-16
6.824467350256548E-16
9.434794909950463E-16
7.036532338334929E-16
7.005623921431392E-16
5.01608683970869E-16
4.276210152854024E-16
3.03310692806135E-16
2.5627144875158246E-16
1.9189053255778073E-16
1.6714209125884723E-16
1.5687725676229445E-16
1.3088091772668362E-16
1.3423373017789223E-16
1.0333909238029945E-16
9.474988670786375E-17
6.925514544654624E-17
5.757791364851244E-17
4.0879323303729303E-17
3.180697858617218E-17
2.217865385233585E-17
1.647788074263771E-17
1.1347777136340423E-17
8.181054973010345E-18
5.588758394310268E-18
3.944561977763614E-18
1.653993564567074E-17
1.8151010128956556E-16
3.057503754083019E-16
4.295588836977448E-16
5.47293785482952E-16
5.821438185860523E-16
5.832144615165843E-16
6.105239471278884E-16
5.613528586284491E-16
4.957169619704127E-16
4.2664059280804713E-16
3.594619012600175E-16
2.9908846734943374E-16
2.457504104201109E-16
2.005806175845839E-16
1.626602913287675E-16
1.3137290180970448E-16
1.056102533339004E-16
1.0723407552046897E-16
8.432735572538168E-17
6.527100921222072E-17
4.9916350519833844E-17
3.773987321452843E-17
3.526539566821611E-17
2.6348906839581038E-17
2.2720979420357122E-17
1.6874212189806223E-17
1.2266629503846471E-17
9.088809037233297E-18
6.550375739396079E-18
4.811762532846423E-18
3.498335716194234E-18
2.6304282587440944E-18
1.9593128180945554E-18
1.4851819682072274E-18
9.484985484628646E-18
1.0951790604248427E-16
1.8502295538954948E-16
2.6907582385222556E-16
3.113560924100916E-16
3.421807210057073E-16
3.546098890839247E-16
3.6040251336089795E-16
4.042297361837343E-16
4.372099095089024E-16
4.683777052328722E-16
4.719538676420763E-16
4.574330352743579E-16
4.495048797073337E-16
5.150308256994834E-16
5.542428444875301E-16
6.059710949326964E-16
6.207112231016559E-16
6.239376715925282E-16
6.024778649420491E-16
5.720591150180225E-16
5.296017870563949E-16
4.837129042366008E-16
4.339356005785474E-16
3.8484836730576404E-16
3.4463934942396083E-16
3.0254998845319735E-16
2.6358927660779126E-16
2.2466186873714457E-16
2.1331201776396624E-16
2.088933759473082E-16
2.4140856527026086E-16
2.787159505649525E-16
3.061282878946255E-16
3.130652513424677E-16
3.2378077598129984E-16
3.2227612802688423E-16
3.334971935027676E-16
3.201602221638353E-16
3.0631639433490834E-16
3.046115384742311E-16
2.815017372865114E-16
2.5282313311487247E-16
2.2847992798534784E-16
2.052013043434184E-16
1.8528116077220506E-16
1.6676192992473823E-16
1.4921314426946632E-16
1.3272116315862429E-16
1.168863584682943E-16
1.0228276234537461E-16
8.855833024486263E-17
7.709062649049131E-17
6.621915834094895E-17
5.631344029956616E-17
4.809817402631652E-17
5.242755493564082E-17
5.927703660105713E-17
8.182496154028955E-17
9.225593942225527E-17
1.0587170639360258E-16
1.0650940992151358E-16
1.0621189787288451E-16
1.056683584652743E-16
1.2314200950379626E-16
1.286330816248728E-16
1.38332265985658E-16
1.4101627874616205E-16
1.3601127644684923E-16
1.2363559682633922E-16
1.0757191710567871E-16
9.197793083057858E-17
7.64568570857359E-17
7.024048542152656E-17
5.735694397982451E-17
4.6237263650561735E-17
3.818363848578368E-17
3.135265866805486E-17
2.6531503022165236E-17
2.2359426557823657E-17
1.947296048385204E-17
1.674652046030674E-17
1.4555764582555064E-17
1.4202525511865183E-17
3.1395567309048384E-17
4.787149251427211E-17
7.613886974470585E-17
9.457253491853113E-17
1.1095786257071799E-16
1.178034307803247E-16
1.2252990301918327E-16
1.212289860559912E-16
1.3372484964680626E-16
1.2618434457976681E-16
1.1894917113903835E-16
1.213749744383353E-16
1.1029944220742339E-16
9.753777236548543E-17
8.51139353695594E-17
7.27074873950779E-17
6.158353921579253E-17
5.14113340313306E-17
4.2847379004695656E-17
3.5387972654607593E-17
2.92417415501783E-17
2.4134999474008385E-17
1.987877994820524E-17
1.631993562203965E-17
1.3777436885697736E-17
1.6728533495656618E-17
1.8969881686016337E-17
2.2251746533611847E-17
2.2900877532354396E-17
2.3220854650881614E-17
2.1726433603836837E-17
1.9991760877349026E-17
1.753587348914886E-17
1.514641101623985E-17
1.2680916091479568E-17
1.0818088606242298E-17
1.2888942312161758E-17
1.4337374294981152E-17
1.6602736660511732E-17
1.8558109468750872E-17
2.2834444139135958E-17
2.396395313166944E-17
2.44900967716172E-17
2.4940857895265226E-17
2.4479824028240054E-17
2.3089218705701487E-17
2.074719309556183E-17
1.844302702023712E-17
1.6097716884134732E-17
1.4048948333329586E-17
1.2417819418997876E-17
1.1364510939702935E-17
1.0405683426081406E-17
9.69494719211341E-18
1.0638369563286704E-17
9.822112017765456E-18
8.763686365511442E-18
7.674800739812029E-18
6.56789909577048E-18
5.573015753870079E-18
4.654161722662885E-18
4.704935376614667E-18
3.868485856447171E-18
3.635851421101515E-18
3.075489585847183E-18
2.793032653338458E-18
2.6135533225394956E-18
2.4784945728179128E-18
2.3202067739446213E-18
2.2766418392302024E-18
1.4920478997199063E-17
8.325036196814561E-17
1.4545425737800093E-16
2.2131531789258836E-16
2.712476971988037E-16
3.1818545827005557E-16
3.415029953060411E-16
3.584187024642035E-16
3.5912443164132717E-16
3.481961988249196E-16
3.30637852781621E-16
3.073450124343342E-16
2.8066809047495957E-16
2.811736993541476E-16
2.710134874657118E-16
2.4669667388555328E-16
2.2111260521392037E-16
1.961130717923472E-16
1.7336775028381421E-16
1.5364215274586073E-16
1.3662820102786283E-16
1.2805646112158091E-16
1.3062036776789223E-16
2.6895811540037514E-16
5.105965082115419E-16
1.3156361311598964E-15
1.9343000175543946E-15
2.9058654136388024E-15
3.528732277979472E-15
4.3129845105181815E-15
4.7727093874884565E-15
5.5299929748934004E-15
5.815820693315675E-15
5.914843372011697E-15
5.7989697020797344E-15
5.582782911996877E-15
5.5349928155524195E-15
5.179577921729375E-15
4.874223432795605E-15
4.3874996535769025E-15
3.811074277492311E-15
3.290583789887254E-15
2.8026697498883307E-15
2.372447612745481E-15
1.9942297282919916E-15
1.6691255707921895E-15
1.4416689124997052E-15
1.2153818833464853E-15
1.1129845789325292E-15
9.369647227342995E-16
8.75063065703923E-16
9.132011566142665E-16
1.3838857388858752E-15
1.7043215107615318E-15
2.3898410964323687E-15
2.7307209100492764E-15
3.0236896583951805E-15
3.035616698789188E-15
3.009060328524102E-15
3.026718102742234E-15
2.8529507561277483E-15
2.6447762581858718E-15
2.391923679859551E-15
2.0843129279750414E-15
1.810053028188802E-15
1.5455594736082E-15
1.331869243116075E-15
1.1331396700344367E-15
9.654694216046908E-16
9.129096842854809E-16
8.325527483144561E-16
8.302121392706815E-16
1.0069229360113795E-15
1.1162808832925452E-15
1.2957762775864943E-15
1.3545144356670195E-15
1.51222931695989E-15
1.5290619924023916E-15
1.5262339744816084E-15
1.4225366009837246E-15
1.2958266831163479E-15
1.1555992359247728E-15
1.0186090249729117E-15
8.831020711625341E-16
7.61038084756657E-16
6.604897648476315E-16
5.665650757756662E-16
4.825920534642929E-16
4.149212379358863E-16
4.3355986754362594E-16
5.164539522620835E-16
9.048649420451079E-16
1.1660395857119093E-15
1.5304215704784901E-15
1.707520395990092E-15
1.859815571038984E-15
1.865695689315615E-15
1.8296291166111363E-15
1.9322160785435864E-15
1.800019147886268E-15
1.602387863382717E-15
1.3897451049053454E-15
1.285753854584441E-15
1.1376651430092743E-15
9.962013957929106E-16
8.641335972812721E-16
7.458224323586617E-16
6.775919998940123E-16
7.88264715328066E-16
8.579806459476026E-16
9.949981247224471E-16
1.0405836941904526E-15
1.1036648892743057E-15
1.129634588281512E-15
1.1971895277025561E-15
1.4718126794361201E-15
1.802487502257834E-15
2.5705736159479343E-15
3.1108340016264925E-15
3.651158666854496E-15
3.9361935884553495E-15
4.088751578647648E-15
4.08804552178137E-15
3.973991487836802E-15
3.785814162952203E-15
3.5339867816375966E-15
3.290829029981168E-15
3.0428102203784436E-15
2.928014465867239E-15
2.7481285246840547E-15
2.6404712827416946E-15
2.4481724978057787E-15
2.286534705629579E-15
2.064286324945625E-15
1.8609803228442416E-15
1.6345922702126122E-15
1.675039807664879E-15
1.564131154749648E-15
1.5733753047594033E-15
1.5062138163621683E-15