
0.0,0.0,0.0,0.0,0.0,0.0,0.0,0.0,
0.0,0.0,0.0,0.0,0.0,0.0,0.0,0.0,
0.0,0.0,0.0,0.0,0.0,0.0,0.0,0.0,
0.0,0.0,0.0,0.0,0.0,0.0,0.0,0.0,
0.0,0.0,0.0,0.0,0.0,0.0,0.0,0.0,
0.0,0.0,0.0,0.0,0.0,0.0,0.0,0.0,
0.0,0.0,0.0,0.0,0.0,0.0,0.0,0.0,
0.0,0.0,0.0,0.0,0.0,0.0,0.0,0.0,
0.0,0.0,0.0,0.0,0.0,0.0,0.0,0.0,
0.0,0.0,0.0,0.0,0.0,0.0,0.0,0.0,
0.0,0.0,0.0,0.0,0.0,0.0,0.0,0.0,
0.0,0.0,0.0,0.0,0.0,0.0,0.0,0.0,
0.0,0.0,0.0,0.0,0.0,0.0,0.0,0.0,
0.0,1.8814281042883855E-9,0.0,0.0,0.0,0.0,0.0,0.0,
0.0,1.7237644291490189E-9,2.3462128747828725E-9,0.0,0.0,0.0,0.0,0.0,
0.0,2.1885651439785852E-8,2.3462128747828725E-9,0.0,0.0,0.0,0.0,0.0,
0.0,1.616398306099556E-8,2.3462128747828725E-9,0.0,0.0,0.0,0.0,0.0,
0.0,1.616398306099556E-8,2.3462128747828725E-9,0.0,0.0,0.0,0.0,0.0,
0.0,1.616398306099556E-8,2.3462128747828725E-9,0.0,0.0,0.0,0.0,0.0,
0.0,5.9257936584763E-8,2.1115915873045852E-9,0.0,0.0,0.0,0.0,0.0,
0.0,5.253704200980791E-8,2.1115915873045852E-9,0.0,0.0,0.0,0.0,0.0,
0.0,2.3178195136915558E-7,1.080717279490939E-7,0.0,0.0,0.0,0.0,0.0,
0.0,3.1477505175275983E-7,1.080717279490939E-7,0.0,0.0,0.0,0.0,0.0,
0.0,3.1477505175275983E-7,1.080717279490939E-7,0.0,0.0,0.0,0.0,0.0,
0.0,8.329301896021512E-7,1.080717279490939E-7,0.0,0.0,0.0,0.0,0.0,
0.0,8.315069667994227E-7,1.080717279490939E-7,0.0,0.0,0.0,0.0,0.0,
0.0,1.1628189302868705E-6,4.1638480110232166E-7,0.0,0.0,0.0,0.0,0.0,
0.0,1.6967319188887332E-6,9.658675975676982E-7,0.0,0.0,0.0,0.0,0.0,
0.0,1.6967319188887332E-6,9.658675975676982E-7,0.0,0.0,0.0,0.0,0.0,
0.0,1.6967319188887332E-6,9.658675975676982E-7,0.0,0.0,0.0,0.0,0.0,
0.0,1.5210212824816812E-6,9.658675975676982E-7,0.0,0.0,0.0,0.0,0.0,
0.0,1.5210212824816812E-6,9.658675975676982E-7,0.0,0.0,0.0,0.0,0.0,
0.0,1.3134978312121465E-6,9.658675975676982E-7,0.0,0.0,0.0,0.0,0.0,
0.0,1.3134978312121465E-6,9.658675975676982E-7,0.0,0.0,0.0,0.0,0.0,
0.0,9.948146865557933E-7,9.658675975676982E-7,0.0,0.0,0.0,0.0,0.0,
0.0,1.790605126856706E-6,9.658675975676982E-7,0.0,0.0,0.0,0.0,0.0,
0.0,1.790605126856706E-6,9.658675975676982E-7,0.0,0.0,0.0,0.0,0.0,
0.0,1.4590304445495235E-6,9.658675975676982E-7,0.0,0.0,0.0,0.0,0.0,
0.0,1.3784413871590966E-6,9.658675975676982E-7,0.0,0.0,0.0,0.0,0.0,
0.0,2.6284837144826782E-6,9.070577494159896E-7,0.0,0.0,0.0,0.0,0.0,
0.0,2.6938281843551657E-6,1.5235189366531284E-6,0.0,0.0,0.0,0.0,0.0,
0.0,4.5165729589148265E-6,3.925186253715205E-6,0.0,0.0,0.0,0.0,0.0,
0.0,3.7301916633877025E-6,7.94801588651154E-6,0.0,0.0,0.0,0.0,0.0,
0.0,3.7301916633877025E-6,7.94801588651154E-6,0.0,0.0,0.0,0.0,0.0,
0.0,4.072493926834971E-6,1.2362540793467737E-5,0.0,0.0,0.0,0.0,0.0,
0.0,1.906942700154723E-5,2.5214993139473898E-5,0.0,0.0,0.0,0.0,0.0,
0.0,1.906942700154723E-5,2.5214993139473898E-5,0.0,0.0,0.0,0.0,0.0,
0.0,1.906942700154723E-5,2.5214993139473898E-5,0.0,0.0,0.0,0.0,0.0,
0.0,1.8264520940824556E-5,2.5214993139473898E-5,0.0,0.0,0.0,0.0,0.0,
0.0,1.8264520940824556E-5,2.5214993139473898E-5,0.0,0.0,0.0,0.0,0.0,
0.0,1.8707418229294752E-5,4.9637536629165176E-5,0.0,0.0,0.0,0.0,0.0,
0.0,1.8707418229294752E-5,7.359555968143512E-5,0.0,0.0,0.0,0.0,0.0,
0.0,1.367311291274686E-4,7.359555968143512E-5,0.0,0.0,0.0,0.0,0.0,
0.0,1.4363420501774707E-4,7.359555968143512E-5,0.0,0.0,0.0,0.0,0.0,
0.0,8.998610814652222E-5,7.359555968143512E-5,0.0,0.0,0.0,0.0,0.0,
0.0,1.1416733807354565E-4,1.2696316526975736E-4,0.0,0.0,0.0,0.0,0.0,
0.0,1.0076252419655672E-4,1.4204595697054026E-4,0.0,0.0,0.0,0.0,0.0,
0.0,1.874365929755237E-4,1.4204595697054026E-4,0.0,0.0,0.0,0.0,0.0,
0.0,1.874365929755237E-4,1.4204595697054026E-4,0.0,0.0,0.0,0.0,0.0,
0.0,2.3150323256712404E-4,2.4608865226592144E-4,0.0,0.0,0.0,0.0,0.0,
0.0,2.3150323256712404E-4,2.4608865226592144E-4,0.0,0.0,0.0,0.0,2.900221630135417E-6,
0.0,2.123584878268676E-4,2.3576229868449186E-4,0.0,0.0,0.0,0.0,2.900221630135417E-6,
0.0,3.9154053888107573E-4,2.3576229868449186E-4,0.0,0.0,0.0,0.0,2.900221630135417E-6,
0.0,4.94094589873398E-4,2.3576229868449186E-4,0.0,0.0,0.0,0.0,2.900221630135417E-6,
0.0,4.89153643974664E-4,4.686739889518865E-4,0.0,0.0,0.0,0.0,2.900221630135417E-6,
0.0,0.001581840869803029,6.782945101925417E-4,0.0,0.0,0.0,0.0,2.900221630135417E-6,
0.0,0.0014034244933975176,6.782945101925417E-4,0.0,0.0,0.0,0.0,2.900221630135417E-6,
0.0,0.001259998452062426,6.782945101925417E-4,0.0,0.0,0.0,0.0,2.900221630135417E-6,
0.0,0.001350872602599615,9.782947531556752E-4,0.0,0.0,0.0,0.0,2.900221630135417E-6,
0.0,0.001350872602599615,9.782947531556752E-4,0.0,0.0,0.0,0.0,2.900221630135417E-6,
0.0,0.0016311359321649526,0.0014344939026730641,0.0,0.0,0.0,0.0,2.900221630135417E-6,
0.0,0.0017924470590224345,0.0014344939026730641,0.0,0.0,0.0,0.0,2.900221630135417E-6,
0.0,0.0013387996277543057,0.0017816034279921852,0.0,0.0,0.0,0.0,2.900221630135417E-6,
0.0,0.0020806022175809858,0.0017816034279921852,0.0,0.0,0.0,0.0,2.900221630135417E-6,
0.0,0.0019111226911571048,0.0017816034279921852,0.0,0.0,0.0,0.0,2.900221630135417E-6,
0.0,0.0019111226911571048,0.0017816034279921852,0.0,0.0,0.0,0.0,2.900221630135417E-6,
0.0,0.0021662866914943396,0.0017816034279921852,3.8468156518319456E-5,0.0,0.0,0.0,2.900221630135417E-6,
0.0,0.0018085510146032809,0.0017816034279921852,3.8468156518319456E-5,0.0,0.0,0.0,2.900221630135417E-6,
0.0,0.002200065386490751,0.0017816034279921852,3.8468156518319456E-5,0.0,0.0,0.0,2.900221630135417E-6,
0.0,0.0021133740320021235,0.001734213370160433,3.8468156518319456E-5,0.0,0.0,0.0,2.900221630135417E-6,
0.0,0.002021492842284104,0.001734213370160433,3.8468156518319456E-5,0.0,0.0,0.0,2.900221630135417E-6,
0.0,0.0016004243369244536,0.001734213370160433,3.8468156518319456E-5,0.0,0.0,0.0,2.900221630135417E-6,
0.0,0.0016004243369244536,0.0020910030992661453,3.8468156518319456E-5,0.0,0.0,0.0,2.900221630135417E-6,
0.0,0.0016004243369244536,0.0020910030992661453,3.8468156518319456E-5,0.0,0.0,0.0,2.900221630135417E-6,
0.0,0.0016004243369244536,0.0019280412952880472,3.8468156518319456E-5,0.0,0.0,0.0,2.900221630135417E-6,
0.0,0.002271677496347789,0.0019280412952880472,3.8468156518319456E-5,0.0,0.0,0.0,2.900221630135417E-6,
0.0,0.0020410815329864784,0.0019280412952880472,3.8468156518319456E-5,0.0,0.0,0.0,2.900221630135417E-6,
0.0,0.0020716524776352176,0.002518434116297999,3.8468156518319456E-5,0.0,0.0,0.0,2.900221630135417E-6,
0.0,0.0024564380185240413,0.002984818503940245,3.8468156518319456E-5,0.0,0.0,0.0,2.900221630135417E-6,
0.0,0.002518740548615052,0.002984818503940245,3.7831793331291743E-4,0.0,0.0,0.0,2.900221630135417E-6,
0.0,0.002518740548615052,0.0034829254787318792,3.7831793331291743E-4,0.0,0.0,0.0,2.900221630135417E-6,
0.0,0.002518740548615052,0.0034829254787318792,3.7831793331291743E-4,0.0,0.0,0.0,2.900221630135417E-6,
0.0,0.004251651728946432,0.0034829254787318792,3.7831793331291743E-4,0.0,0.0,0.0,2.900221630135417E-6,
0.0,0.004018778613166902,0.0033651898535343224,3.7831793331291743E-4,0.0,0.0,0.0,2.900221630135417E-6,
0.0,0.0035420367032218897,0.003995015854394998,3.7831793331291743E-4,0.0,0.0,0.0,2.900221630135417E-6,
0.0,0.003597095205599986,0.004497584384968794,3.7831793331291743E-4,0.0,0.0,0.0,2.900221630135417E-6,
0.0,0.004086924252671566,0.004833965363407175,3.7831793331291743E-4,0.0,0.0,0.0,2.900221630135417E-6,
0.0,0.004086924252671566,0.004833965363407175,3.7831793331291743E-4,0.0,0.0,0.0,2.900221630135417E-6,
0.0,0.004921460583239388,0.005615903773667495,3.7831793331291743E-4,0.0,0.0,0.0,2.900221630135417E-6,
0.0,0.005712427856870545,0.006327878948246358,3.7831793331291743E-4,0.0,0.0,0.0,2.900221630135417E-6,
0.0,0.005859759603295891,0.008098496710055041,3.7831793331291743E-4,0.0,0.0,0.0,2.900221630135417E-6,
0.0,0.006829263719363453,0.008446559704181782,3.7831793331291743E-4,0.0,0.0,0.0,2.900221630135417E-6,
0.0,0.006564511413300963,0.008446559704181782,3.7831793331291743E-4,0.0,0.0,0.0,2.900221630135417E-6,
0.0,0.007220498900868873,0.008446559704181782,3.7831793331291743E-4,0.0,0.0,0.0,2.900221630135417E-6,
0.0,0.006940110114102853,0.008446559704181782,3.7831793331291743E-4,0.0,0.0,0.0,2.900221630135417E-6,
0.0,0.0071194561850309165,0.009119234942746232,3.7831793331291743E-4,0.0,0.0,0.0,2.900221630135417E-6,
0.0,0.00866338828558897,0.008555947913049452,3.7831793331291743E-4,0.0,0.0,0.0,2.900221630135417E-6,
0.0,0.007248793730921012,0.008555947913049452,3.7831793331291743E-4,0.0,0.0,0.0,2.900221630135417E-6,
0.0,0.007293949670003361,0.009517458237212333,3.7831793331291743E-4,0.0,0.0,0.0,2.900221630135417E-6,
0.0,0.008938065100464111,0.010683485486446268,3.7831793331291743E-4,0.0,0.0,0.0,2.900221630135417E-6,
0.0,0.010433443548051702,0.010683485486446268,3.7831793331291743E-4,0.0,0.0,0.0,2.900221630135417E-6,
0.0,0.012216783795704449,0.010683485486446268,3.7831793331291743E-4,0.0,0.0,0.0,2.900221630135417E-6,
0.0,0.012781513428489356,0.010683485486446268,3.7831793331291743E-4,0.0,0.0,0.0,2.900221630135417E-6,
0.0,0.012401889698149792,0.012055380709337263,3.7831793331291743E-4,0.0,0.0,0.0,2.900221630135417E-6,
0.0,0.01095949295593239,0.012055380709337263,3.7831793331291743E-4,0.0,0.0,0.0,2.900221630135417E-6,
0.0,0.010840583674380686,0.012055380709337263,3.7831793331291743E-4,0.0,0.0,0.0,2.900221630135417E-6,
0.0,0.011115511357232974,0.015051973074627977,3.7831793331291743E-4,0.0,0.0,0.0,2.900221630135417E-6,
0.0,0.011115511357232974,0.015051973074627977,3.7831793331291743E-4,0.0,0.0,0.0,0.00445870382450206,
0.0,0.011358637798226195,0.015118749963571924,3.7831793331291743E-4,0.0,0.0,0.0,0.00445870382450206,
0.0,0.011358637798226195,0.015118749963571924,3.7831793331291743E-4,0.0,0.0,0.0,0.00445870382450206,
0.0,0.013296199596981209,0.015118749963571924,0.0026390342840294473,0.0,0.0,0.0,0.00445870382450206,
0.0,0.01315892573157086,0.015555557605983419,0.0026390342840294473,0.0,0.0,0.0,0.00445870382450206,
0.0,0.014089177038202864,0.015897007131443014,0.005917064574881597,0.0,0.0,0.0,0.00445870382450206,
0.0,0.014697491060599957,0.015897007131443014,0.005917064574881597,0.0,0.0,0.0,0.00445870382450206,
0.0,0.015545300931683895,0.015897007131443014,0.005917064574881597,0.0,0.0,0.0,0.00445870382450206,
0.0,0.015545300931683895,0.015897007131443014,0.005917064574881597,0.0,0.0,0.0,0.00445870382450206,
0.0,0.015411791990401626,0.015897007131443014,0.005917064574881597,0.0,0.0,0.0,0.00445870382450206,
0.0,0.015913142023029004,0.015897007131443014,0.005917064574881597,0.0,0.0,0.0,0.00445870382450206,
0.0,0.015913142023029004,0.015897007131443014,0.005917064574881597,0.0,0.0,0.0,0.00445870382450206,
0.0,0.01663325208947369,0.015897007131443014,0.005917064574881597,0.0,0.0,0.0,0.00445870382450206,
0.0,0.01663325208947369,0.015897007131443014,0.005917064574881597,0.0,0.0,0.0,0.00445870382450206,
0.0,0.01663325208947369,0.017378539016130668,0.005917064574881597,0.0,0.0,0.0,0.00445870382450206,
0.0,0.017610728613427155,0.017378539016130668,0.005917064574881597,0.0,0.0,0.0,0.00445870382450206,
0.0,0.018260349085558923,0.019292324918574348,0.008004935309748475,0.0,0.0,0.0,0.00445870382450206,
0.0,0.01890067701054541,0.019292324918574348,0.008004935309748475,0.0,0.0,0.0,0.00445870382450206,
0.0,0.01962250981558171,0.019292324918574348,0.008004935309748475,0.0,0.0,0.0,0.00445870382450206,
0.0,0.01962250981558171,0.019835952302074293,0.008004935309748475,0.0,0.0,0.0,0.00445870382450206,
0.0,0.01962250981558171,0.019835952302074293,0.008004935309748475,0.0,0.0,0.0,0.00445870382450206,
0.0,0.02059341976180138,0.020724386984452316,0.008004935309748475,0.0,0.0,0.0,0.00445870382450206,
0.0,0.02059341976180138,0.020724386984452316,0.008004935309748475,0.0,0.0,0.0,0.00445870382450206,
0.0,0.020534541084271173,0.020724386984452316,0.008004935309748475,0.0,0.0,0.0,0.00445870382450206,
0.0,0.020534541084271173,0.020724386984452316,0.008004935309748475,0.0,0.0,0.0,0.00445870382450206,
0.0,0.021930586387838437,0.020724386984452316,0.008004935309748475,0.0,0.0,0.0,0.00445870382450206,
0.0,0.021930586387838437,0.020724386984452316,0.008004935309748475,0.0,0.0,0.0,0.00445870382450206,
0.0,0.02465571974947849,0.020724386984452316,0.009343792912686638,0.0,0.0,0.0,0.00445870382450206,
0.0,0.023265271561772348,0.02225171507360914,0.009343792912686638,0.0,0.0,0.0,0.00445870382450206,
0.0,0.024110211335234853,0.023441547984122662,0.009343792912686638,0.0,0.0,0.0,0.00445870382450206,
0.0,0.024627707549589824,0.023441547984122662,0.009343792912686638,0.0,0.0,0.0,0.00445870382450206,
0.0,0.024493638766230764,0.023441547984122662,0.009343792912686638,0.0,0.0,0.0,0.00445870382450206,
0.0,0.024654588691207766,0.023441547984122662,0.009343792912686638,0.0,0.0,0.0,0.00445870382450206,
0.0,0.026019940225276976,0.023441547984122662,0.009343792912686638,0.0,0.0,0.0,0.00445870382450206,
0.0,0.029039118029952446,0.023441547984122662,0.009343792912686638,0.0,0.0,0.0,0.00445870382450206,
0.0,0.031426460690273064,0.024006991786719264,0.009343792912686638,0.0,0.0,0.0,0.00445870382450206,
0.0,0.028655115331431346,0.023528068939508456,0.009343792912686638,0.0,0.0,0.0,0.00445870382450206,
0.0,0.02841474564821347,0.023528068939508456,0.009343792912686638,0.0,0.0,0.0,0.00445870382450206,
0.0,0.029202596410179815,0.025300239528190032,0.009343792912686638,0.0,0.0,0.0,0.00445870382450206,
0.0,0.02752559053400614,0.025300239528190032,0.009343792912686638,0.0,0.0,0.0,0.00445870382450206,
0.0,0.030550727709072276,0.02994764708498098,0.009343792912686638,0.0,0.0,0.0,0.00445870382450206,
0.0,0.029757833139587683,0.02994764708498098,0.009343792912686638,0.0,0.0,0.0,0.00445870382450206,
0.0,0.031812983135613655,0.02994764708498098,0.009343792912686638,0.0,0.0,0.0,0.00445870382450206,
0.0,0.03115255490351899,0.02994764708498098,0.009343792912686638,0.0,0.0,0.0,0.00445870382450206,
0.0,0.03128828855795468,0.02994764708498098,0.009343792912686638,0.0,0.0,0.0,0.00445870382450206,
0.0,0.03474592245642869,0.02994764708498098,0.009343792912686638,0.0,0.0,0.0,0.00445870382450206,
0.0,0.03901269960964116,0.02994764708498098,0.009343792912686638,0.0,0.0,0.0,0.00445870382450206,
0.0,0.039758970054994985,0.02994764708498098,0.009343792912686638,0.0,0.0,0.0,0.00445870382450206,
0.0,0.039758970054994985,0.02994764708498098,0.009343792912686638,0.0,0.0,0.0,0.00445870382450206,
0.0,0.03909546756049977,0.02994764708498098,0.009343792912686638,0.0,0.0,0.0,0.00445870382450206,
0.0,0.040235353354679565,0.02994764708498098,0.009343792912686638,0.0,0.0,0.0,0.00445870382450206,
0.0,0.04059529334891188,0.02994764708498098,0.009343792912686638,0.0,0.0,0.0,0.00445870382450206,
0.0,0.034332191519361246,0.02994764708498098,0.009343792912686638,0.0,0.0,0.0,0.00445870382450206,
0.0,0.03891129671350482,0.02994764708498098,0.009343792912686638,0.0,0.0,0.0,0.00445870382450206,
0.0,0.03891129671350482,0.02994764708498098,0.009343792912686638,0.0,0.0,0.0,0.00445870382450206,
0.0,0.041340928064357546,0.02994764708498098,0.009343792912686638,0.0,0.0,0.0,0.00445870382450206,
0.0,0.04261967397106659,0.02994764708498098,0.009343792912686638,0.0,0.0,0.0,0.00445870382450206,
0.0,0.04749272522522976,0.02994764708498098,0.009343792912686638,0.0,0.0,0.0,0.00445870382450206,
0.0,0.0426268549178817,0.02994764708498098,0.01617312842441481,0.0,0.0,0.0,0.00445870382450206,
0.0,0.040875617233114406,0.02994764708498098,0.01617312842441481,0.0,0.0,0.0,0.00445870382450206,
0.0,0.03923012957053715,0.02994764708498098,0.023620922323084617,0.0,0.0,0.0,0.00445870382450206,
0.0,0.03923012957053715,0.02994764708498098,0.023620922323084617,0.0,0.0,0.0,0.00445870382450206,
0.0,0.04570999944000137,0.02994764708498098,0.02919588819727286,0.0,0.0,0.0,0.00445870382450206,
0.0,0.04126285286674822,0.02994764708498098,0.02919588819727286,0.0,0.0,0.0,0.00445870382450206,
0.0,0.03985027442421654,0.02994764708498098,0.02919588819727286,0.0,0.0,0.0,0.00445870382450206,
0.0,0.04333369608662513,0.02994764708498098,0.02919588819727286,0.0,0.0,0.0,0.00445870382450206,
0.0,0.04544660148286757,0.02994764708498098,0.02919588819727286,0.0,0.0,0.0,0.00445870382450206,
0.0,0.04544660148286757,0.02994764708498098,0.02919588819727286,0.0,0.0,0.0,0.00445870382450206,
0.0,0.043774640023039796,0.02994764708498098,0.02919588819727286,0.0,0.0,0.0,0.00445870382450206,
0.0,0.0462474294448045,0.02994764708498098,0.02919588819727286,0.0,0.0,0.0,0.00445870382450206,
0.0,0.0490085505813135,0.02994764708498098,0.02919588819727286,0.0,0.0,0.0,0.00445870382450206,
0.0,0.0490085505813135,0.02994764708498098,0.02919588819727286,0.0,0.0,0.0,0.00445870382450206,
0.0,0.04785159200152877,0.02994764708498098,0.03538109016446854,0.0,0.0,0.0,0.00445870382450206,
0.0,0.049305989803522424,0.02994764708498098,0.03538109016446854,0.0,0.0,0.0,0.00445870382450206,
0.0,0.05567936855872011,0.02994764708498098,0.03538109016446854,0.0,0.0,0.0,0.00445870382450206,
0.0,0.055518007467358674,0.02994764708498098,0.03538109016446854,0.0,0.0,0.0,0.00445870382450206,
0.0,0.059911712343009765,0.02994764708498098,0.03538109016446854,0.0,0.0,0.0,0.00445870382450206,
0.0,0.053447243583238935,0.02994764708498098,0.03538109016446854,0.0,0.0,0.0,0.00445870382450206,
0.0,0.050100402389068564,0.02994764708498098,0.044288836613976854,0.0,0.0,0.0,0.00445870382450206,
0.0,0.0453676047237508,0.02994764708498098,0.05955871049245074,0.0,0.0,0.0,0.00445870382450206,
0.0,0.056364252806371515,0.02994764708498098,0.061851641789197595,0.0,0.0,0.0,0.00445870382450206,
0.0,0.059926842748409204,0.02994764708498098,0.07146725420684827,0.0,0.0,0.0,0.00445870382450206,
0.0,0.059926842748409204,0.02994764708498098,0.0770113286870623,0.0,0.0,0.0,0.00445870382450206,
0.0,0.07310839014514124,0.02994764708498098,0.0770113286870623,0.0,0.0,0.0,0.00445870382450206,
0.0,0.07310839014514124,0.02994764708498098,0.0770113286870623,0.0,0.0,0.0,0.00445870382450206,
0.0,0.06823195252339624,0.02994764708498098,0.0770113286870623,0.0,0.0,0.0,0.00445870382450206,
0.0,0.06998350999398378,0.02994764708498098,0.08474997293849715,0.0,0.0,0.0,0.00445870382450206,
0.0,0.06877373068044433,0.02994764708498098,0.09462178642358832,0.0,0.0,0.0,0.00445870382450206,
0.0,0.06920991343010409,0.02994764708498098,0.09462178642358832,0.0,0.0,0.0,0.00445870382450206,
0.0,0.07139530662914291,0.02994764708498098,0.10016251547051165,0.0,0.0,0.0,0.00445870382450206,
0.0,0.07238407273485802,0.02994764708498098,0.11174244416852681,0.0,0.0,0.0,0.00445870382450206,
0.0,0.07238407273485802,0.02994764708498098,0.11174244416852681,0.0,0.0,0.0,0.00445870382450206,
0.0,0.07238407273485802,0.02994764708498098,0.11158667824672139,0.0,0.0,0.0,0.00445870382450206,
0.0,0.09206439466229326,0.02994764708498098,0.10767232122904294,0.0,0.0,0.0,0.00445870382450206,
0.0,0.09942715089711554,0.02994764708498098,0.11020457900471262,0.0,0.0,0.0,0.00445870382450206,
0.0,0.10418682279782744,0.02994764708498098,0.11020457900471262,0.0,0.0,0.0,0.00445870382450206,
0.0,0.09857455322563165,0.02994764708498098,0.1165943310583234,0.0,0.0,0.0,0.00445870382450206,
0.0,0.10807279800692439,0.02994764708498098,0.11295781847927261,0.0,0.0,0.0,0.00445870382450206,
0.0,0.10744531003155723,0.02994764708498098,0.11295781847927261,0.0,0.0,0.0,0.00445870382450206,
0.0,0.10744531003155723,0.02994764708498098,0.11295781847927261,0.0,0.0,0.0,0.00445870382450206,
0.0,0.11262575837276888,0.02994764708498098,0.11295781847927261,0.0,0.0,0.0,0.00445870382450206,
0.0,0.11285887435552366,0.02994764708498098,0.11295781847927261,0.0,0.0,0.0,0.00445870382450206,
0.0,0.11285887435552366,0.02994764708498098,0.11295781847927261,0.0,0.0,0.0,0.00445870382450206,
0.0,0.11622526420508691,0.02994764708498098,0.11295781847927261,0.0,0.0,0.0,0.00445870382450206,
0.0,0.1228335472908988,0.02994764708498098,0.11295781847927261,0.0,0.0,0.0,0.00445870382450206,
0.0,0.10560388978202127,0.02994764708498098,0.12168639363305295,0.0,0.0,0.0,0.00445870382450206,
0.0,0.10688673571007071,0.02994764708498098,0.1229595557639869,0.0,0.0,0.0,0.00445870382450206,
0.0,0.10630335186909873,0.02994764708498098,0.1229595557639869,0.0,0.0,0.0,0.00445870382450206,
0.0,0.11385808789244632,0.02994764708498098,0.12216329788536327,0.0,0.0,0.0,0.00445870382450206,
0.0,0.11736231583860801,0.02994764708498098,0.12626601459988548,0.0,0.0,0.0,0.00445870382450206,
0.0,0.11462629462719785,0.02994764708498098,0.12626601459988548,0.0,0.0,0.0,0.00445870382450206,
0.0,0.11462629462719785,0.02994764708498098,0.1309534905519098,0.0,0.0,0.0,0.00445870382450206,
0.0,0.11462629462719785,0.02994764708498098,0.1309534905519098,0.0,0.0,0.0,0.00445870382450206,
0.0,0.11363113640215104,0.02994764708498098,0.1309534905519098,0.0,0.0,0.0,0.00445870382450206,
0.0,0.12211515605955882,0.02994764708498098,0.1309534905519098,0.0,0.0,0.0,0.00445870382450206,
0.0,0.12626869778758262,0.02994764708498098,0.1309534905519098,0.0,0.0,0.0,0.00445870382450206,
0.0,0.12337630747915457,0.02994764708498098,0.12818361864169828,0.0,0.0,0.0,0.00445870382450206,
0.0,0.12058826776333248,0.02994764708498098,0.12818361864169828,0.0,0.0,0.0,0.00445870382450206,
0.0,0.12261190594549398,0.02994764708498098,0.1399866902743009,0.0,0.0,0.0,0.00445870382450206,
0.0,0.12467627649967632,0.02994764708498098,0.1399866902743009,0.0,0.0,0.0,0.00445870382450206,
0.0,0.1243705423380579,0.02994764708498098,0.14113406004242984,0.0,0.0,0.0,0.00445870382450206,
0.0,0.12096144373566614,0.02994764708498098,0.1408728336159006,0.0,0.0,0.0,0.00445870382450206,
0.0,0.12096144373566614,0.02994764708498098,0.14104317998224825,0.0,0.0,0.0,0.00445870382450206,
0.0,0.12096144373566614,0.02994764708498098,0.13922134484823545,0.0,0.0,0.0,0.00445870382450206,
0.0,0.12311141608694526,0.02994764708498098,0.13922134484823545,0.0,0.0,0.0,0.00445870382450206,
0.0,0.12497145313010664,0.02994764708498098,0.13816648472822407,0.0,0.0,0.0,0.00445870382450206,
0.0,0.12760456242948262,0.02994764708498098,0.13816648472822407,0.0,0.0,0.0,0.00445870382450206,
0.0,0.1250538208340534,0.02994764708498098,0.14189538644404256,0.0,0.0,0.0,0.00445870382450206,
0.0,0.1250538208340534,0.02994764708498098,0.14189538644404256,0.0,0.0,0.0,0.00445870382450206,
0.0,0.12709253523986241,0.02994764708498098,0.15129102694674468,0.0,0.0,0.0,0.00445870382450206,
0.0,0.1290876776141587,0.02994764708498098,0.14815764138422868,0.0,0.0,0.0,0.00445870382450206,
0.0,0.13193128829437833,0.02994764708498098,0.1485188080026892,0.0,0.0,0.0,0.00445870382450206,
0.0,0.129761115524262,0.02994764708498098,0.1485188080026892,0.0,0.0,0.0,0.00445870382450206,
0.0,0.13676821169390102,0.02994764708498098,0.1485188080026892,0.0,0.0,0.0,0.00445870382450206,
0.0,0.14392921185080623,0.02994764708498098,0.1485188080026892,0.0,0.0,0.0,0.00445870382450206,
0.0,0.13423536941396136,0.02994764708498098,0.1623623894143564,0.0,0.0,0.0,0.00445870382450206,
0.0,0.13423536941396136,0.02994764708498098,0.1623623894143564,0.0,0.0,0.0,0.00445870382450206,
0.0,0.13793480629861998,0.02994764708498098,0.1623623894143564,0.0,0.0,0.0,0.00445870382450206,
0.0,0.14801988506030173,0.02994764708498098,0.1623623894143564,0.0,0.0,0.0,0.00445870382450206,
0.0,0.1566701149178418,0.02994764708498098,0.16073876552021285,0.0,0.0,0.0,0.00445870382450206,
0.0,0.15458805077018326,0.02994764708498098,0.16073876552021285,0.0,0.0,0.0,0.00445870382450206,
0.0,0.14680790207603567,0.02994764708498098,0.19030321705369216,0.0,0.0,0.0,0.00445870382450206,
0.0,0.14563167784813918,0.02994764708498098,0.19688842911282153,0.0,0.0,0.0,0.00445870382450206,
0.0,0.14779106150743515,0.02994764708498098,0.19688842911282153,0.0,0.0,0.0,0.00445870382450206,
0.0,0.14779106150743515,0.02994764708498098,0.1937101238755062,0.0,0.0,0.0,0.00445870382450206,
0.0,0.1560163946701358,0.02994764708498098,0.1937101238755062,0.0,0.0,0.0,0.00445870382450206,
0.0,0.1560163946701358,0.02994764708498098,0.19821565957219783,0.0,0.0,0.0,0.00445870382450206,
0.0,0.1626170371104416,0.02994764708498098,0.19938686130149666,0.0,0.0,0.0,0.00445870382450206,
0.0,0.16624080307517575,0.02994764708498098,0.19938686130149666,0.0,0.0,0.0,0.00445870382450206,
0.0,0.16624080307517575,0.02994764708498098,0.2072972866189069,0.0,0.0,0.0,0.00445870382450206,
0.0,0.17010288650272543,0.02994764708498098,0.21206632696324768,0.0,0.0,0.0,0.00445870382450206,
0.0,0.17010288650272543,0.02994764708498098,0.21206632696324768,0.0,0.0,0.0,0.00445870382450206,
0.0,0.17848205344767512,0.02994764708498098,0.2099456636936152,0.0,0.0,0.0,0.00445870382450206,
0.0,0.17848205344767512,0.02994764708498098,0.20773487940533558,0.0,0.0,0.0,0.00445870382450206,
0.0,0.18015139730094215,0.02994764708498098,0.20858608973284737,0.0,0.0,0.0,0.00445870382450206,
0.0,0.17766858044565498,0.02994764708498098,0.20121391607552375,0.0,0.0,0.0,0.00445870382450206,
0.0,0.18297049713365038,0.02994764708498098,0.2007861328335995,0.0,0.0,0.0,0.00445870382450206,
0.0,0.17755955340549376,0.02994764708498098,0.2007861328335995,0.0,0.0,0.0,0.00445870382450206,
0.0,0.1752547868582357,0.02994764708498098,0.2007861328335995,0.0,0.0,0.0,0.00445870382450206,
0.0,0.17868925588853826,0.02994764708498098,0.20262507518459688,0.0,0.0,0.0,0.00445870382450206,
0.0,0.176687360928849,0.02994764708498098,0.20262507518459688,0.0,0.0,0.0,0.00445870382450206,
0.0,0.1779012628997805,0.02994764708498098,0.20262507518459688,0.0,0.0,0.0,0.00445870382450206,
0.0,0.17530354048953775,0.02994764708498098,0.20488091355821297,0.0,0.0,0.0,0.00445870382450206,
0.0,0.17776673583372116,0.02994764708498098,0.2040329358290136,0.0,0.0,0.0,0.00445870382450206,
0.0,0.17569047894455359,0.02994764708498098,0.2040329358290136,0.0,0.0,0.0,0.00445870382450206,
0.0,0.1738510634852911,0.02994764708498098,0.2040329358290136,0.0,0.0,0.0,0.00445870382450206,
0.0,0.17057655273883995,0.02994764708498098,0.1991031693690763,0.0,0.0,0.0,0.00445870382450206,
0.0,0.17361715581923706,0.02994764708498098,0.1991031693690763,0.0,0.0,0.0,0.00445870382450206,
0.0,0.171754518593009,0.02994764708498098,0.18771274746398647,0.0,0.0,0.0,0.00445870382450206,
0.0,0.17563030078937164,0.02994764708498098,0.18771274746398647,0.0,0.0,0.0,0.00445870382450206,
0.0,0.17563030078937164,0.02994764708498098,0.18794859944824538,0.0,0.0,0.0,0.00445870382450206,
0.0,0.1767309738023922,0.02994764708498098,0.18794859944824538,0.0,0.0,0.0,0.00445870382450206,
0.0,0.16994961684827325,0.02994764708498098,0.18794859944824538,0.0,0.0,0.0,0.00445870382450206,
0.0,0.1674438180892259,0.02994764708498098,0.18914077469257484,0.0,0.0,0.0,0.00445870382450206,
0.0,0.1655131768333894,0.02994764708498098,0.18914077469257484,0.0,0.0,0.0,0.00445870382450206,
0.0,0.1655131768333894,0.02994764708498098,0.18928627056151226,0.0,0.0,0.0,0.00445870382450206,
0.0,0.16521712445842623,0.02994764708498098,0.19140326221781392,0.0,0.0,0.0,0.00445870382450206,
0.0,0.16018204535107655,0.02994764708498098,0.1898515031176935,0.0,0.0,0.0,0.00445870382450206,
0.0,0.15835747754533042,0.02994764708498098,0.1898515031176935,0.0,0.0,0.0,0.00445870382450206,
0.0,0.15835747754533042,0.02994764708498098,0.19176407819227367,0.0,0.0,0.0,0.00445870382450206,
0.0,0.16529573598692168,0.02994764708498098,0.18984643741035093,0.0,0.0,0.0,0.00445870382450206,
0.0,0.1677286236228213,0.02994764708498098,0.19213360702146476,0.0,0.0,0.0,0.00445870382450206,
0.0,0.1677286236228213,0.02994764708498098,0.19213360702146476,0.0,0.0,0.0,0.00445870382450206,
0.0,0.1639030439261519,0.02994764708498098,0.19213360702146476,0.0,0.0,0.0,0.00445870382450206,
0.0,0.16278199099532006,0.02994764708498098,0.1938236963473291,0.0,0.0,0.0,0.00445870382450206,
0.0,0.16871464037730288,0.02994764708498098,0.20051525376565377,0.0,0.0,0.0,0.00445870382450206,
0.0,0.1701055404786744,0.02994764708498098,0.19594498736031477,0.0,0.0,0.0,0.00445870382450206,
0.0,0.1701055404786744,0.02994764708498098,0.19594498736031477,0.0,0.0,0.0,0.00445870382450206,
0.0,0.169750278032764,0.02994764708498098,0.198566802553831,0.0,0.0,0.0,0.00445870382450206,
0.0,0.17327323910344478,0.02994764708498098,0.18320867967664653,0.0,0.0,0.0,0.00445870382450206,
0.0,0.17608678122316956,0.02994764708498098,0.18320867967664653,0.0,0.0,0.0,0.00445870382450206,
0.0,0.16530076144465955,0.02994764708498098,0.18320867967664653,0.0,0.0,0.0,0.00445870382450206,
0.0,0.16146922833937127,0.02994764708498098,0.18320867967664653,0.0,0.0,0.0,0.00445870382450206,
0.0,0.16187262198010766,0.02994764708498098,0.1903459638776439,0.0,0.0,0.0,0.00445870382450206,
0.0,0.17418872074006891,0.02994764708498098,0.1865580791964788,0.0,0.0,0.0,0.00445870382450206,
0.0,0.17585064471413575,0.02994764708498098,0.1865580791964788,0.0,0.0,0.0,0.00445870382450206,
0.0,0.18314040548803634,0.02994764708498098,0.19402761736401056,0.0,0.0,0.0,0.00445870382450206,
0.0,0.17793603053933363,0.02994764708498098,0.19402761736401056,0.0,0.0,0.0,0.00445870382450206,
0.0,0.17793603053933363,0.02994764708498098,0.1885083874579989,0.0,0.0,0.0,0.00445870382450206,
0.0,0.17508906063898205,0.02994764708498098,0.19673706716126665,0.0,0.0,0.0,0.00445870382450206,
0.0,0.17220705549602486,0.02994764708498098,0.19673706716126665,0.0,0.0,0.0,0.00445870382450206,
0.0,0.1742005444806634,0.02994764708498098,0.1977042228634536,0.0,0.0,0.0,0.00445870382450206,
0.0,0.1777181521229888,0.02994764708498098,0.1977042228634536,0.0,0.0,0.0,0.00445870382450206,
0.0,0.1741973592734426,0.02994764708498098,0.1977042228634536,0.0,0.0,0.0,0.00445870382450206,
0.0,0.18421081578321555,0.02994764708498098,0.1977042228634536,0.0,0.0,0.0,0.00445870382450206,
0.0,0.17937872947093558,0.02994764708498098,0.1977042228634536,0.0,0.0,0.0,0.00445870382450206,
0.0,0.18325500131055913,0.02994764708498098,0.20719896028354154,0.0,0.0,0.0,0.00445870382450206,
0.0,0.18325500131055913,0.02994764708498098,0.20905582438312953,0.0,0.0,0.0,0.00445870382450206,
0.0,0.18099681307893656,0.02994764708498098,0.2097075716055212,0.0,0.0,0.0,0.00445870382450206,
0.0,0.18118668049601708,0.02994764708498098,0.19875988897085795,0.0,0.0,0.0,0.00445870382450206,
0.0,0.18545936122266776,0.02994764708498098,0.19875988897085795,0.0,0.0,0.0,0.00445870382450206,
0.0,0.17245252928848356,0.02994764708498098,0.19962008099079456,0.0,0.0,0.0,0.00445870382450206,
0.0,0.17245252928848356,0.02994764708498098,0.19962008099079456,0.0,0.0,0.0,0.00445870382450206,
0.0,0.17245252928848356,0.02994764708498098,0.20228043365336107,0.0,0.0,0.0,0.00445870382450206,
0.0,0.16834591414402386,0.02994764708498098,0.20228043365336107,0.0,0.0,0.0,0.00445870382450206,
0.0,0.17146837022727288,0.02994764708498098,0.19594964650215446,0.0,0.0,0.0,0.00445870382450206,
0.0,0.1743918632896626,0.02994764708498098,0.19906353032151453,0.0,0.0,0.0,0.00445870382450206,
0.0,0.1691610768078645,0.02994764708498098,0.1970728950182994,0.0,0.0,0.0,0.00445870382450206,
0.0,0.1691610768078645,0.02994764708498098,0.1970728950182994,0.0,0.0,0.0,0.00445870382450206,
0.0,0.1691610768078645,0.02994764708498098,0.2029331193539956,0.0,0.0,0.0,0.00445870382450206,
0.0,0.16823411389759169,0.02994764708498098,0.20205082753658216,0.0,0.0,0.0,0.00445870382450206,
0.0,0.17193659111425058,0.02994764708498098,0.1993273301316794,0.0,0.0,0.0,0.00445870382450206,
0.0,0.17482411025738742,0.02994764708498098,0.1973340568303626,0.0,0.0,0.0,0.00445870382450206,
0.0,0.17482411025738742,0.02994764708498098,0.1973340568303626,0.0,0.0,0.0,0.00445870382450206,
0.0,0.17482411025738742,0.02994764708498098,0.20064713788809102,0.0,0.0,0.0,0.00445870382450206,
0.0,0.17813856866108807,0.02994764708498098,0.21323417119132332,0.0,0.0,0.0,0.00445870382450206,
0.0,0.17813856866108807,0.02994764708498098,0.2171302707255757,0.0,0.0,0.0,0.00445870382450206,
0.0,0.18354029486076134,0.02994764708498098,0.21984640554728083,0.0,0.0,0.0,0.00445870382450206,
0.0,0.1846437720413844,0.02994764708498098,0.21249738082503283,0.0,0.0,0.0,0.00445870382450206,
0.0,0.18405749875752395,0.02994764708498098,0.20371479991168923,0.0,0.0,0.0,0.00445870382450206,
0.0,0.18342553144952284,0.02994764708498098,0.2012804432289611,0.0,0.0,0.0,0.00445870382450206,
0.0,0.18213633245184166,0.02994764708498098,0.19826105447099537,0.0,0.0,0.0,0.00445870382450206,
0.0,0.17667608737298793,0.02994764708498098,0.19422169887372043,0.0,0.0,0.0,0.00445870382450206,
0.0,0.1758134619004392,0.02994764708498098,0.19127263460286187,0.0,0.0,0.0,0.00445870382450206,
0.0,0.17711618740831808,0.02994764708498098,0.19170450001389985,0.0,0.0,0.0,0.00445870382450206,
0.0,0.17211584557664777,0.02994764708498098,0.1863904919767228,0.0,0.0,0.0,0.00445870382450206,
0.0,0.17211584557664777,0.02994764708498098,0.1827463164875276,0.0,0.0,0.0,0.00445870382450206,
0.0,0.1712940475512631,0.02994764708498098,0.1825719596391669,0.0,0.0,0.0,0.00445870382450206,
0.0,0.16770832478455996,0.02994764708498098,0.1825719596391669,0.0,0.0,0.0,0.00445870382450206,
0.0,0.1716634875551651,0.02994764708498098,0.18567188912925411,0.0,0.0,0.0,0.00445870382450206,
0.0,0.17142379794529627,0.02994764708498098,0.19541094225352576,0.0,0.0,0.0,0.00445870382450206,
0.0,0.16984009974241987,0.02994764708498098,0.19918854836643587,0.0,0.0,0.0,0.00445870382450206,
0.0,0.16984009974241987,0.02994764708498098,0.20141585412522844,0.0,0.0,0.0,0.00445870382450206,
0.0,0.16984009974241987,0.02994764708498098,0.20957814120414184,0.0,0.0,0.0,0.00445870382450206,
0.0,0.17267529121290984,0.02994764708498098,0.22389573605234747,0.0,0.0,0.0,0.00445870382450206,
0.0,0.17582164992355662,0.02994764708498098,0.2180103371528351,0.0,0.0,0.0,0.00445870382450206,
0.0,0.17368419162143733,0.02994764708498098,0.20975956374420124,0.0,0.0,0.0,0.00445870382450206,
0.0,0.17368419162143733,0.02994764708498098,0.21520541870208135,0.0,0.0,0.0,0.00445870382450206,
0.0,0.17368419162143733,0.02994764708498098,0.22049187251976485,0.0,0.0,0.0,0.00445870382450206,
0.0,0.17495945917041975,0.02994764708498098,0.2259412900979899,0.0,0.0,0.0,0.00445870382450206,
0.0,0.1849458969304942,0.02994764708498098,0.22736558056535308,0.0,0.0,0.0,0.00445870382450206,
0.0,0.1849458969304942,0.02994764708498098,0.23243104862296748,0.0,0.0,0.0,0.00445870382450206,
0.0,0.1849458969304942,0.02994764708498098,0.23243104862296748,0.0,0.0,0.0,0.00445870382450206,
0.0,0.1849458969304942,0.02994764708498098,0.23987017337805466,0.0,0.0,0.0,0.00445870382450206,
0.0,0.1849458969304942,0.02994764708498098,0.23436500531082766,0.0,0.0,0.0,0.00445870382450206,
0.0,0.19336411403833884,0.02994764708498098,0.2386834721976263,0.0,0.0,0.0,0.00445870382450206,
0.0,0.19336411403833884,0.02994764708498098,0.2386834721976263,0.0,0.0,0.0,0.00445870382450206,
0.0,0.19336411403833884,0.02994764708498098,0.24223326760646485,0.0,0.0,0.0,0.00445870382450206,
0.0,0.19336411403833884,0.02994764708498098,0.2493439383318827,0.0,0.0,0.0,0.00445870382450206,
0.0,0.20290866518738354,0.02994764708498098,0.25620763681245456,0.0,0.0,0.0,0.00445870382450206,
0.0,0.20805446976625183,0.02994764708498098,0.24810007575500978,0.0,0.0,0.0,0.00445870382450206,
0.0,0.20805446976625183,0.02994764708498098,0.24153717470913624,0.0,0.0,0.0,0.00445870382450206,
0.0,0.21928292068474853,0.02994764708498098,0.24153717470913624,0.0,0.0,0.0,0.00445870382450206,
0.0,0.21928292068474853,0.02994764708498098,0.24153717470913624,0.0,0.0,0.0,0.00445870382450206,
0.0,0.21928292068474853,0.02994764708498098,0.24243722600923787,0.0,0.0,0.0,0.00445870382450206,
0.0,0.2159887201294281,0.02994764708498098,0.23771514276217648,0.0,0.0,0.0,0.00445870382450206,
0.0,0.21493057702727136,0.02994764708498098,0.2358218376552194,0.0,0.0,0.0,0.00445870382450206,
0.0,0.21935796413676048,0.02994764708498098,0.2358218376552194,0.0,0.0,0.0,0.00445870382450206,
0.0,0.21942876886073837,0.02994764708498098,0.2358218376552194,0.0,0.0,0.0,0.00445870382450206,
0.0,0.2136030873810408,0.02994764708498098,0.2314042482155972,0.0,0.0,0.0,0.00445870382450206,
0.0,0.21148065773264746,0.02994764708498098,0.2325035441048876,0.0,0.0,0.0,0.00445870382450206,
0.0,0.21148065773264746,0.02994764708498098,0.23597131540121277,0.0,0.0,0.0,0.00445870382450206,
0.0,0.21148065773264746,0.02994764708498098,0.24464809865073292,0.0,0.0,0.0,0.00445870382450206,
0.0,0.21148065773264746,0.02994764708498098,0.24464809865073292,0.0,0.0,0.0,0.00445870382450206,
0.0,0.21148065773264746,0.02994764708498098,0.24464809865073292,0.0,0.0,0.0,0.00445870382450206,
0.0,0.21148065773264746,0.02994764708498098,0.25624591107332784,0.0,0.0,0.0,0.00445870382450206,
0.0,0.21961062510047574,0.02994764708498098,0.25624591107332784,0.0,0.0,0.0,0.00445870382450206,
0.0,0.22018265557411204,0.02994764708498098,0.26095776574875,0.0,0.0,0.0,0.00445870382450206,
0.0,0.2396714067416495,0.02994764708498098,0.2539171763853221,0.0,0.0,0.0,0.00445870382450206,
0.0,0.22694235930415513,0.02994764708498098,0.2562026228924743,0.0,0.0,0.0,0.00445870382450206,
0.0,0.22694235930415513,0.02994764708498098,0.2562026228924743,0.0,0.0,0.0,0.00445870382450206,
0.0,0.2273063594340623,0.02994764708498098,0.26748920329154185,0.0,0.0,0.0,0.00445870382450206,
0.0,0.2273063594340623,0.02994764708498098,0.27573351080208885,0.0,0.0,0.0,0.00445870382450206,
0.0,0.2287618494183669,0.02994764708498098,0.2659790460454211,0.0,0.0,0.0,0.00445870382450206,
0.0,0.2287618494183669,0.02994764708498098,0.2746123821004455,0.0,0.0,0.0,0.00445870382450206,
0.0,0.2287618494183669,0.02994764708498098,0.28614629832249555,0.0,0.0,0.0,0.00445870382450206,
0.0,0.2287618494183669,0.02994764708498098,0.3016359004339614,0.0,0.0,0.0,0.00445870382450206,
0.0,0.2287618494183669,0.02994764708498098,0.30720013948331437,0.0,0.0,0.0,0.00445870382450206,
0.0,0.23508093352442175,0.02994764708498098,0.2749841457333544,0.0,0.0,0.0,0.00445870382450206,
0.0,0.23867781965295243,0.02994764708498098,0.2850326563393695,0.0,0.0,0.0,0.00445870382450206,
0.0,0.240552835184122,0.02994764708498098,0.2852008383198874,0.0,0.0,0.0,0.00445870382450206,
0.0,0.240552835184122,0.02994764708498098,0.2852008383198874,0.0,0.0,0.0,0.00445870382450206,
0.0,0.240552835184122,0.02994764708498098,0.28625513495683014,0.0,0.0,0.0,0.00445870382450206,
0.0,0.24629695085799608,0.02994764708498098,0.2863381631029567,0.0,0.0,0.0,0.00445870382450206,
0.0,0.24629695085799608,0.02994764708498098,0.28144907485792564,0.0,0.0,0.0,0.00445870382450206,
0.0,0.2528796262192273,0.02994764708498098,0.2833604902098787,0.0,0.0,0.0,0.00445870382450206,
0.0,0.2530941077161937,0.02994764708498098,0.2885919237585608,0.0,0.0,0.0,0.00445870382450206,
0.0,0.2565939671189236,0.02994764708498098,0.29599888421465836,0.0,0.0,0.0,0.00445870382450206,
0.0,0.25449880520565493,0.02994764708498098,0.285095805899691,0.0,0.0,0.0,0.00445870382450206,
0.0,0.2468580546209062,0.02994764708498098,0.28005526048087914,0.0,0.0,0.0,0.00445870382450206,
0.0,0.24279776587585136,0.02994764708498098,0.2626482247816288,0.0,0.0,0.0,0.00445870382450206,
0.0,0.24279776587585136,0.02994764708498098,0.25868296491751075,0.0,0.0,0.0,0.00445870382450206,
0.0,0.24279776587585136,0.02994764708498098,0.26088067410030014,0.0,0.0,0.0,0.00445870382450206,
0.0,0.23740260706359756,0.02994764708498098,0.25280103604090304,0.0,0.0,0.0,0.00445870382450206,
0.0,0.22679082776499096,0.02994764708498098,0.27009533703986965,0.0,0.0,0.0,0.00445870382450206,
0.0,0.22842032532208012,0.02994764708498098,0.2775671061578408,0.0,0.0,0.0,0.00445870382450206,
0.0,0.22842032532208012,0.02994764708498098,0.28713080039743494,0.0,0.0,0.0,0.00445870382450206,
0.0,0.22842032532208012,0.02994764708498098,0.2944831519679699,0.0,0.0,0.0,0.00445870382450206,
0.0,0.22842032532208012,0.02994764708498098,0.3038695617693903,0.0,0.0,0.0,0.00445870382450206,
0.0,0.2315094300703381,0.02994764708498098,0.30059845925113665,0.0,0.0,0.0,0.00445870382450206,
0.0,0.2315094300703381,0.02994764708498098,0.3094083161108899,0.0,0.0,0.0,0.00445870382450206,
0.0,0.23039519830082675,0.02994764708498098,0.3093538413783114,0.0,0.0,0.0,0.00445870382450206,
0.0,0.23039519830082675,0.02994764708498098,0.32035383334402723,0.0,0.0,0.0,0.00445870382450206,
0.0,0.23039519830082675,0.02994764708498098,0.32035383334402723,0.0,0.0,0.0,0.00445870382450206,
0.0,0.23039519830082675,0.02994764708498098,0.3321555701806824,0.0,0.0,0.0,0.00445870382450206,
0.0,0.23039519830082675,0.02994764708498098,0.3547543491403142,0.0,0.0,0.0,0.00445870382450206,
0.0,0.23039519830082675,0.02994764708498098,0.3654304009710857,0.0,0.0,0.0,0.00445870382450206,
0.0,0.23039519830082675,0.02994764708498098,0.36290011278609885,0.0,0.0,0.0,0.00445870382450206,
0.0,0.23039519830082675,0.02994764708498098,0.36223622607481765,0.0,0.0,0.0,0.00445870382450206,
0.0,0.23039519830082675,0.02994764708498098,0.3432730956948968,0.0,0.0,0.0,0.00445870382450206,
0.0,0.23039519830082675,0.02994764708498098,0.34523039990285453,0.0,0.0,0.0,0.00445870382450206,
0.0,0.23039519830082675,0.02994764708498098,0.3375875844133245,0.0,0.0,0.0,0.00445870382450206,
0.0,0.23039519830082675,0.02994764708498098,0.3190112625111344,0.0,0.0,0.0,0.00445870382450206,
0.0,0.23039519830082675,0.02994764708498098,0.3238844903308726,0.0,0.0,0.0,0.00445870382450206,
0.0,0.23039519830082675,0.02994764708498098,0.3288372630162687,0.0,0.0,0.0,0.00445870382450206,
0.0,0.23039519830082675,0.02994764708498098,0.32531954347947106,0.0,0.0,0.0,0.00445870382450206,
0.0,0.23039519830082675,0.02994764708498098,0.32531954347947106,0.0,0.0,0.0,0.00445870382450206,
0.0,0.23039519830082675,0.02994764708498098,0.2942759603173575,0.0,0.0,0.0,0.00445870382450206,
0.0,0.22369339016685408,0.02994764708498098,0.2919593179388072,0.0,0.0,0.0,0.00445870382450206,
0.0,0.22369339016685408,0.02994764708498098,0.2844380130087103,0.0,0.0,0.0,0.00445870382450206,
0.0,0.22369339016685408,0.02994764708498098,0.28542030117388906,0.0,0.0,0.0,0.00445870382450206,
0.0,0.22369339016685408,0.02994764708498098,0.2825103150552369,0.0,0.0,0.0,0.00445870382450206,
0.0,0.22369339016685408,0.02994764708498098,0.2872811176032226,0.0,0.0,0.0,0.00445870382450206,
0.0,0.22369339016685408,0.02994764708498098,0.29917135729563665,0.0,0.0,0.0,0.00445870382450206,
0.0,0.22369339016685408,0.02994764708498098,0.28550090468121814,0.0,0.0,0.0,0.00445870382450206,
0.0,0.22369339016685408,0.02994764708498098,0.2923831208509936,0.0,0.0,0.0,0.00445870382450206,
0.0,0.22369339016685408,0.02994764708498098,0.3035736412422371,0.0,0.0,0.0,0.00445870382450206,
0.0,0.22369339016685408,0.02994764708498098,0.3068102511993307,0.0,0.0,0.0,0.00445870382450206,
0.0,0.21816563538895128,0.02994764708498098,0.2914903695717939,0.0,0.0,0.0,0.00445870382450206,
0.0,0.220504334005092,0.02994764708498098,0.2580876661869229,0.0,0.0,0.0,0.00445870382450206,
0.0,0.21720109604398183,0.02994764708498098,0.25476005910666966,0.0,0.0,0.0,0.00445870382450206,
0.0,0.21840939175918392,0.02994764708498098,0.24459980380658025,0.0,0.0,0.0,0.00445870382450206,
0.0,0.21840886625789024,0.02994764708498098,0.2363863760827022,0.0,0.0,0.0,0.00445870382450206,
0.0,0.21123532651519278,0.02994764708498098,0.23473005465938265,0.0,0.0,0.0,0.00445870382450206,
0.0,0.21123532651519278,0.02994764708498098,0.22851560010405692,0.0,0.0,0.0,0.00445870382450206,
0.0,0.2110580512868448,0.02994764708498098,0.22851560010405692,0.0,0.0,0.0,0.00445870382450206,
0.0,0.2104807343696357,0.02994764708498098,0.23048935942182391,0.0,0.0,0.0,0.00445870382450206,
0.0,0.2104807343696357,0.02994764708498098,0.23602226654249392,0.0,0.0,0.0,0.00445870382450206,
0.0,0.2104807343696357,0.02994764708498098,0.23602226654249392,0.0,0.0,0.0,0.00445870382450206,
0.0,0.2094921952084869,0.02994764708498098,0.24456376406686242,0.0,0.0,0.0,0.00445870382450206,
0.0,0.2127996567587987,0.02994764708498098,0.23269792213590526,0.0,0.0,0.0,0.00445870382450206,
0.0,0.2127996567587987,0.02994764708498098,0.24380405583552087,0.0,0.0,0.0,0.00445870382450206,
0.0,0.21081933049966808,0.02994764708498098,0.24380405583552087,0.0,0.0,0.0,0.00445870382450206,
0.0,0.21081738334871516,0.02994764708498098,0.24819679885303592,0.0,0.0,0.0,0.00445870382450206,
0.0,0.21081738334871516,0.02994764708498098,0.24819679885303592,0.0,0.0,0.0,0.00445870382450206,
0.0,0.22970752013822882,0.02994764708498098,0.2660663624340899,0.0,0.0,0.0,0.00445870382450206,
0.0,0.22970752013822882,0.02994764708498098,0.27033815828910895,0.0,0.0,0.0,0.00445870382450206,
0.0,0.23108677943923076,0.02994764708498098,0.2692513887666923,0.0,0.0,0.0,0.00445870382450206,
0.0,0.23108677943923076,0.02994764708498098,0.2620884883130665,0.0,0.0,0.0,0.00445870382450206,
0.0,0.23238564451075616,0.02994764708498098,0.26595710760376046,0.0,0.0,0.0,0.00445870382450206,
0.0,0.23352150196636054,0.02994764708498098,0.2570398271761052,0.0,0.0,0.0,0.00445870382450206,
0.0,0.23375204128490157,0.02994764708498098,0.2655739723472623,0.0,0.0,0.0,0.00445870382450206,
0.0,0.2414931811775857,0.02994764708498098,0.2705007613121978,0.0,0.0,0.0,0.00445870382450206,
0.0,0.24168893157792493,0.02994764708498098,0.2711518603259488,0.0,0.0,0.0,0.00445870382450206,
0.0,0.24168893157792493,0.02994764708498098,0.2737871372975653,0.0,0.0,0.0,0.00445870382450206,
0.0,0.24513058457258985,0.02994764708498098,0.2796269035069659,0.0,0.0,0.0,0.00445870382450206,
0.0,0.24919339938370835,0.02994764708498098,0.2739490151201142,0.0,0.0,0.0,0.00445870382450206,
0.0,0.24861887674599872,0.02994764708498098,0.26034652370788675,0.0,0.0,0.0,0.00445870382450206,
0.0,0.24980778850268334,0.02994764708498098,0.25574559734471697,0.0,0.0,0.0,0.00445870382450206,
0.0,0.25514998581081294,0.02994764708498098,0.25574559734471697,0.0,0.0,0.0,0.00445870382450206,
0.0,0.23627886447874485,0.02994764708498098,0.25574559734471697,0.0,0.0,0.0,0.00445870382450206,
0.0,0.2283220626430221,0.02994764708498098,0.257339914731212,0.0,0.0,0.0,0.00445870382450206,
0.0,0.22215730540981307,0.02994764708498098,0.2609901260132223,0.0,0.0,0.0,0.00445870382450206,
0.0,0.22215730540981307,0.02994764708498098,0.26872958407787084,0.0,0.0,0.0,0.00445870382450206,
0.0,0.22215730540981307,0.02994764708498098,0.2910246011868676,0.0,0.0,0.0,0.00445870382450206,
0.0,0.22215730540981307,0.02994764708498098,0.2567922770014843,0.0,0.0,0.0,0.00445870382450206,
0.0,0.22215730540981307,0.02994764708498098,0.2466624155299164,0.0,0.0,0.0,0.00445870382450206,
0.0,0.22215730540981307,0.02994764708498098,0.2455246947357342,0.0,0.0,0.0,0.00445870382450206,
0.0,0.21679423692447833,0.02994764708498098,0.24153041175297246,0.0,0.0,0.0,0.00445870382450206,
0.0,0.20841329784762663,0.02994764708498098,0.24193425235868138,0.0,0.0,0.0,0.00445870382450206,
0.0,0.2063492335947532,0.02994764708498098,0.23711976073674362,0.0,0.0,0.0,0.00445870382450206,
0.0,0.21573277725519335,0.02994764708498098,0.2347485631293762,0.0,0.0,0.0,0.00445870382450206,
0.0,0.20945376547483158,0.02994764708498098,0.23282980724989738,0.0,0.0,0.0,0.00445870382450206,
0.0,0.20945376547483158,0.02994764708498098,0.23617241267210387,0.0,0.0,0.0,0.00445870382450206,
0.0,0.20399414332371318,0.02994764708498098,0.23617241267210387,0.0,0.0,0.0,0.00445870382450206,
0.0,0.20773227061112134,0.02994764708498098,0.2441170440653087,0.0,0.0,0.0,0.00445870382450206,
0.0,0.20943169659515018,0.02994764708498098,0.24708334984137356,0.0,0.0,0.0,0.00445870382450206,
0.0,0.2107260284213588,0.02994764708498098,0.25168098889542,0.0,0.0,0.0,0.00445870382450206,
0.0,0.2107260284213588,0.02994764708498098,0.25168098889542,0.0,0.0,0.0,0.00445870382450206,
0.0,0.21253743571370443,0.02994764708498098,0.2527583944552932,0.0,0.0,0.0,0.00445870382450206,
0.0,0.21253743571370443,0.02994764708498098,0.2527583944552932,0.0,0.0,0.0,0.00445870382450206,
0.0,0.21022181432706163,0.02994764708498098,0.2440132223750205,0.0,0.0,0.0,0.00445870382450206,
0.0,0.2102944605788719,0.02994764708498098,0.24057295885340263,0.0,0.0,0.0,0.00445870382450206,
0.0,0.2102944605788719,0.02994764708498098,0.24057295885340263,0.0,0.0,0.0,0.00445870382450206,
0.0,0.20796920816450315,0.02994764708498098,0.2381672292648686,0.0,0.0,0.0,0.00445870382450206,
0.0,0.20348063349480064,0.02994764708498098,0.22967930226352734,0.0,0.0,0.0,0.00445870382450206,
0.0,0.20348063349480064,0.02994764708498098,0.23561947442139528,0.0,0.0,0.0,0.00445870382450206,
0.0,0.19953643225025944,0.02994764708498098,0.24106484304701314,0.0,0.0,0.0,0.00445870382450206,
0.0,0.19953643225025944,0.02994764708498098,0.2469260861747876,0.0,0.0,0.0,0.00445870382450206,
0.0,0.19953643225025944,0.02994764708498098,0.2497041494894999,0.0,0.0,0.0,0.00445870382450206,
0.0,0.20820178450789031,0.02994764708498098,0.253400439140551,0.0,0.0,0.0,0.00445870382450206,
0.0,0.21812984273086264,0.02994764708498098,0.2584945405140141,0.0,0.0,0.0,0.00445870382450206,
0.0,0.22431041717444783,0.02994764708498098,0.2514107311996513,0.0,0.0,0.0,0.00445870382450206,
0.0,0.22369821262443967,0.02994764708498098,0.2523051531672086,0.0,0.0,0.0,0.00445870382450206,
0.0,0.22369821262443967,0.02994764708498098,0.25182690175211475,0.0,0.0,0.0,0.00445870382450206,
0.0,0.22369821262443967,0.02994764708498098,0.253329165976252,0.0,0.0,0.0,0.00445870382450206,
0.0,0.22369821262443967,0.02994764708498098,0.2576211620323893,0.0,0.0,0.0,0.00445870382450206,
0.0,0.22369821262443967,0.02994764708498098,0.2636232079689578,0.0,0.0,0.0,0.00445870382450206,
0.0,0.21627951464137604,0.02994764708498098,0.27150451763974914,0.0,0.0,0.0,0.00445870382450206,
0.0,0.22118532384115266,0.02994764708498098,0.27528569649478823,0.0,0.0,0.0,0.00445870382450206,
0.0,0.22118532384115266,0.02994764708498098,0.2775069048605021,0.0,0.0,0.0,0.00445870382450206,
0.0,0.22118532384115266,0.02994764708498098,0.2794380133044188,0.0,0.0,0.0,0.00445870382450206,
0.0,0.22118532384115266,0.02994764708498098,0.26886767849067855,0.0,0.0,0.0,0.00445870382450206,
0.0,0.21621192591037133,0.02994764708498098,0.25292643272110893,0.0,0.0,0.0,0.00445870382450206,
0.0,0.21570217745388223,0.02994764708498098,0.24178870184229811,0.0,0.0,0.0,0.00445870382450206,
0.0,0.20465763670346768,0.02994764708498098,0.23937081482387512,0.0,0.0,0.0,0.00445870382450206,
0.0,0.20211573321852597,0.02994764708498098,0.23713081760865412,0.0,0.0,0.0,0.00445870382450206,
0.0,0.20211573321852597,0.02994764708498098,0.23779051378571625,0.0,0.0,0.0,0.00445870382450206,
0.0,0.20396929998578994,0.02994764708498098,0.23938362429804008,0.0,0.0,0.0,0.00445870382450206,
0.0,0.20396929998578994,0.02994764708498098,0.24922846204578109,0.0,0.0,0.0,0.00445870382450206,
0.0,0.20396929998578994,0.02994764708498098,0.24922846204578109,0.0,0.0,0.0,0.00445870382450206,
0.0,0.20396929998578994,0.02994764708498098,0.24850666802656096,0.0,0.0,0.0,0.00445870382450206,
0.0,0.20396929998578994,0.02994764708498098,0.24804089274964072,0.0,0.0,0.0,0.00445870382450206,
0.0,0.20532548898024014,0.02994764708498098,0.2318126694111538,0.0,0.0,0.0,0.00445870382450206,
0.0,0.20805403965214317,0.02994764708498098,0.21839945643803968,0.0,0.0,0.0,0.00445870382450206,
0.0,0.1953693045211658,0.02994764708498098,0.21839945643803968,0.0,0.0,0.0,0.00445870382450206,
0.0,0.20109132420497527,0.02994764708498098,0.21839945643803968,0.0,0.0,0.0,0.00445870382450206,
0.0,0.2030997043098762,0.02994764708498098,0.2212570436433224,0.0,0.0,0.0,0.00445870382450206,
0.0,0.2030997043098762,0.02994764708498098,0.22566954862129843,0.0,0.0,0.0,0.00445870382450206,
0.0,0.19845079989354408,0.02994764708498098,0.23489758006972894,0.0,0.0,0.0,0.00445870382450206,
0.0,0.19845079989354408,0.02994764708498098,0.2454266012761204,0.0,0.0,0.0,0.00445870382450206,
0.0,0.19567738745675406,0.02994764708498098,0.2627415125157495,0.0,0.0,0.0,0.00445870382450206,
0.0,0.19567738745675406,0.02994764708498098,0.2711699801145685,0.0,0.0,0.0,0.00445870382450206,
0.0,0.19567738745675406,0.02994764708498098,0.2811143595133674,0.0,0.0,0.0,0.00445870382450206,
0.0,0.19567738745675406,0.02994764708498098,0.2962264628446426,0.0,0.0,0.0,0.00445870382450206,
0.0,0.19567738745675406,0.02994764708498098,0.2873903351770081,0.0,0.0,0.0,0.00445870382450206,
0.0,0.19567738745675406,0.02994764708498098,0.3044514621237529,0.0,0.0,0.0,0.00445870382450206,
0.0,0.19567738745675406,0.02994764708498098,0.31055977432343096,0.0,0.0,0.0,0.00445870382450206,
0.0,0.19567738745675406,0.02994764708498098,0.30915493610653577,0.0,0.0,0.0,0.00445870382450206,
0.0,0.19567738745675406,0.02994764708498098,0.3084192442068257,0.0,0.0,0.0,0.00445870382450206,
0.0,0.19567738745675406,0.02994764708498098,0.31043901774640437,0.0,0.0,0.0,0.00445870382450206,
0.0,0.19567738745675406,0.02994764708498098,0.3160114333611029,0.0,0.0,0.0,0.00445870382450206,
0.0,0.19567738745675406,0.02994764708498098,0.3202301172367415,0.0,0.0,0.0,0.00445870382450206,
0.0,0.19567738745675406,0.02994764708498098,0.3211961656327503,0.0,0.0,0.0,0.00445870382450206,
0.0,0.19567738745675406,0.02994764708498098,0.2825072178308363,0.0,0.0,0.0,0.00445870382450206,
0.0,0.19567738745675406,0.02994764708498098,0.27379979237574154,0.0,0.0,0.0,0.00445870382450206,
0.0,0.19567738745675406,0.02994764708498098,0.2723422023182312,0.0,0.0,0.0,0.00445870382450206,
0.0,0.19567738745675406,0.02994764708498098,0.2722559401191895,0.0,0.0,0.0,0.00445870382450206,
0.0,0.19567738745675406,0.02994764708498098,0.2740205843655435,0.0,0.0,0.0,0.00445870382450206,
0.0,0.19567738745675406,0.02994764708498098,0.26436639714463284,0.0,0.0,0.0,0.00445870382450206,
0.0,0.19939273622072007,0.02994764708498098,0.24980995551493543,0.0,0.0,0.0,0.00445870382450206,
0.0,0.2102976267876754,0.02994764708498098,0.2422199462078508,0.0,0.0,0.0,0.00445870382450206,
0.0,0.2102976267876754,0.02994764708498098,0.2422199462078508,0.0,0.0,0.0,0.00445870382450206,
0.0,0.2083430845027649,0.02994764708498098,0.2342561407468346,0.0,0.0,0.0,0.00445870382450206,
0.0,0.2083430845027649,0.02994764708498098,0.23189725396582958,0.0,0.0,0.0,0.00445870382450206,
0.0,0.2083430845027649,0.02994764708498098,0.23354272128982534,0.0,0.0,0.0,0.00445870382450206,
0.0,0.20845654136038835,0.02994764708498098,0.23307430757768835,0.0,0.0,0.0,0.00445870382450206,
0.0,0.20845654136038835,0.02994764708498098,0.22655753437001558,0.0,0.0,0.0,0.00445870382450206,
0.0,0.20727371850880383,0.02994764708498098,0.23029977746679656,0.0,0.0,0.0,0.00445870382450206,
0.0,0.21159373838965898,0.02994764708498098,0.23029977746679656,0.0,0.0,0.0,0.00445870382450206,
0.0,0.21159373838965898,0.02994764708498098,0.23429320499791906,0.0,0.0,0.0,0.00445870382450206,
0.0,0.20851504521381226,0.02994764708498098,0.2307555989248111,0.0,0.0,0.0,0.00445870382450206,
0.0,0.20851504521381226,0.02994764708498098,0.22647233676956696,0.0,0.0,0.0,0.00445870382450206,
0.0,0.20725010859149925,0.02994764708498098,0.22335822982047532,0.0,0.0,0.0,0.00445870382450206,
0.0,0.19796220796989022,0.02994764708498098,0.22282343447602757,0.0,0.0,0.0,0.00445870382450206,
0.0,0.19796220796989022,0.02994764708498098,0.21549530567845396,0.0,0.0,0.0,0.00445870382450206,
0.0,0.19796220796989022,0.02994764708498098,0.21475597848828143,0.0,0.0,0.0,0.00445870382450206,
0.0,0.1947241374590336,0.02994764708498098,0.21094994724003172,0.0,0.0,0.0,0.00445870382450206,
0.0,0.1947241374590336,0.02994764708498098,0.215493883200266,0.0,0.0,0.0,0.00445870382450206,
0.0,0.20364227322734352,0.02994764708498098,0.21333894436826334,0.0,0.0,0.0,0.00445870382450206,
0.0,0.206132082054946,0.02994764708498098,0.22161893318937353,0.0,0.0,0.0,0.00445870382450206,
0.0,0.21000348231680369,0.02994764708498098,0.23460093860405887,0.0,0.0,0.0,0.00445870382450206,
0.0,0.21000348231680369,0.02994764708498098,0.23572550951331697,0.0,0.0,0.0,0.00445870382450206,
0.0,0.21000348231680369,0.02994764708498098,0.23721100704733122,0.0,0.0,0.0,0.00445870382450206,
0.0,0.2119369158532207,0.02994764708498098,0.23536061407771028,0.0,0.0,0.0,0.00445870382450206,
0.0,0.20859352516798083,0.02994764708498098,0.2353675745765754,0.0,0.0,0.0,0.00445870382450206,
0.0,0.20905082497708283,0.02994764708498098,0.23692077671243528,0.0,0.0,0.0,0.00445870382450206,
0.0,0.20905082497708283,0.02994764708498098,0.23969294670880403,0.0,0.0,0.0,0.00445870382450206,
0.0,0.20905082497708283,0.02994764708498098,0.2444823896947167,0.0,0.0,0.0,0.00445870382450206,
0.0,0.20905082497708283,0.02994764708498098,0.23719570886439717,0.0,0.0,0.0,0.00445870382450206,
0.0,0.2063438931399402,0.02994764708498098,0.23805103363246968,0.0,0.0,0.0,0.00445870382450206,
0.0,0.2063438931399402,0.02994764708498098,0.23805103363246968,0.0,0.0,0.0,0.00445870382450206,
0.0,0.20793077524072165,0.02994764708498098,0.2500429388927606,0.0,0.0,0.0,0.00445870382450206,
0.0,0.20793077524072165,0.02994764708498098,0.24752302837594775,0.0,0.0,0.0,0.00445870382450206,
0.0,0.21110364327580616,0.02994764708498098,0.22957195726541008,0.0,0.0,0.0,0.00445870382450206,
0.0,0.21110364327580616,0.02994764708498098,0.23459762101196452,0.0,0.0,0.0,0.00445870382450206,
0.0,0.21110364327580616,0.02994764708498098,0.2443412444098172,0.0,0.0,0.0,0.00445870382450206,
0.0,0.21110364327580616,0.02994764708498098,0.24735720641054007,0.0,0.0,0.0,0.00445870382450206,
0.0,0.21110364327580616,0.02994764708498098,0.24735720641054007,0.0,0.0,0.0,0.00445870382450206,
0.0,0.21588979979438885,0.02994764708498098,0.2573002112181491,0.0,0.0,0.0,0.00445870382450206,
0.0,0.21787192479978973,0.02994764708498098,0.26283524969539973,0.0,0.0,0.0,0.00445870382450206,
0.0,0.21787192479978973,0.02994764708498098,0.25519218223327406,0.0,0.0,0.0,0.00445870382450206,
0.0,0.22168731236607417,0.02994764708498098,0.24727983363624664,0.0,0.0,0.0,0.00445870382450206,
0.0,0.21610723709473248,0.02994764708498098,0.24365581844934636,0.0,0.0,0.0,0.00445870382450206,
0.0,0.21610723709473248,0.02994764708498098,0.23636353359225806,0.0,0.0,0.0,0.00445870382450206,
0.0,0.21108190560369913,0.02994764708498098,0.2339998982563355,0.0,0.0,0.0,0.00445870382450206,
0.0,0.21381138064850946,0.02994764708498098,0.2289446370506991,0.0,0.0,0.0,0.00445870382450206,
0.0,0.20639232359901313,0.02994764708498098,0.2230476650047375,0.0,0.0,0.0,0.00445870382450206,
0.0,0.20134449823221034,0.02994764708498098,0.21953392472858946,0.0,0.0,0.0,0.00445870382450206,
0.0,0.20191705979609445,0.02994764708498098,0.2138155973651746,0.0,0.0,0.0,0.00445870382450206,
0.0,0.20191705979609445,0.02994764708498098,0.2152651077496101,0.0,0.0,0.0,0.00445870382450206,
0.0,0.20191705979609445,0.02994764708498098,0.2152651077496101,0.0,0.0,0.0,0.00445870382450206,
0.0,0.196913451854315,0.02994764708498098,0.2112134183373688,0.0,0.0,0.0,0.00445870382450206,
0.0,0.196913451854315,0.02994764708498098,0.21807615212458778,0.0,0.0,0.0,0.00445870382450206,
0.0,0.1950949897410903,0.02994764708498098,0.2175111416812601,0.0,0.0,0.0,0.00445870382450206,
0.0,0.19490227706959723,0.02994764708498098,0.21293095849154464,0.0,0.0,0.0,0.00445870382450206,
0.0,0.1899246948777563,0.02994764708498098,0.20724653625238595,0.0,0.0,0.0,0.00445870382450206,
0.0,0.1899246948777563,0.02994764708498098,0.21231979912325044,0.0,0.0,0.0,0.00445870382450206,
0.0,0.1899246948777563,0.02994764708498098,0.2184936064454457,0.0,0.0,0.0,0.00445870382450206,
0.0,0.1899246948777563,0.02994764708498098,0.22608540324256793,0.0,0.0,0.0,0.00445870382450206,
0.0,0.19157296444604066,0.02994764708498098,0.23726856785561787,0.0,0.0,0.0,0.00445870382450206,
0.0,0.19428199895254067,0.02994764708498098,0.2379749365115363,0.0,0.0,0.0,0.00445870382450206,
0.0,0.19428199895254067,0.02994764708498098,0.2283373608986905,0.0,0.0,0.0,0.00445870382450206,
0.0,0.2000220744325695,0.02994764708498098,0.22873226302284166,0.0,0.0,0.0,0.00445870382450206,
0.0,0.19762546066028247,0.02994764708498098,0.2150996791575477,0.0,0.0,0.0,0.00445870382450206,
0.0,0.20212049604737595,0.02994764708498098,0.2150996791575477,0.0,0.0,0.0,0.00445870382450206,
0.0,0.20950960925491666,0.02994764708498098,0.21101062043287502,0.0,0.0,0.0,0.00445870382450206,
0.0,0.20557837757295555,0.02994764708498098,0.21101062043287502,0.0,0.0,0.0,0.00445870382450206,
0.0,0.19509015201247634,0.02994764708498098,0.21101062043287502,0.0,0.0,0.0,0.00445870382450206,
0.0,0.20014416639990595,0.02994764708498098,0.21539179223181387,0.0,0.0,0.0,0.00445870382450206,
0.0,0.1907273532751776,0.02994764708498098,0.21539179223181387,0.0,0.0,0.0,0.00445870382450206,
0.0,0.1865568462643703,0.02994764708498098,0.22562037231531418,0.0,0.0,0.0,0.00445870382450206,
0.0,0.20024075505281894,0.02994764708498098,0.22965906598609742,0.0,0.0,0.0,0.00445870382450206,
0.0,0.2059218718033432,0.02994764708498098,0.22393692479928975,0.0,0.0,0.0,0.00445870382450206,
0.0,0.20697359488765898,0.02994764708498098,0.22393692479928975,0.0,0.0,0.0,0.00445870382450206,
0.0,0.2019208350539596,0.02994764708498098,0.2240231517612514,0.0,0.0,0.0,0.00445870382450206,
0.0,0.2053861390977558,0.02994764708498098,0.2240231517612514,0.0,0.0,0.0,0.00445870382450206,
0.0,0.20163185125614114,0.02994764708498098,0.2240231517612514,0.0,0.0,0.0,0.00445870382450206,
0.0,0.20163185125614114,0.02994764708498098,0.2240231517612514,0.0,0.0,0.0,0.00445870382450206,
0.0,0.20163185125614114,0.02994764708498098,0.22860213544996644,0.0,0.0,0.0,0.00445870382450206,
0.0,0.21184382470711932,0.02994764708498098,0.22631611409546676,0.0,0.0,0.0,0.00445870382450206,
0.0,0.2082205871239327,0.02994764708498098,0.23642378943016557,0.0,0.0,0.0,0.00445870382450206,
0.0,0.2082205871239327,0.02994764708498098,0.25542782408869025,0.0,0.0,0.0,0.00445870382450206,
0.0,0.2082205871239327,0.02994764708498098,0.24930467150719335,0.0,0.0,0.0,0.00445870382450206,
0.0,0.2139800198048091,0.02994764708498098,0.22777652169798113,0.0,0.0,0.0,0.00445870382450206,
0.0,0.20767457280303583,0.02994764708498098,0.2282074910271021,0.0,0.0,0.0,0.00445870382450206,
0.0,0.20228890234095157,0.02994764708498098,0.22812517783268327,0.0,0.0,0.0,0.00445870382450206,
0.0,0.20390875936674052,0.02994764708498098,0.22358548679381288,0.0,0.0,0.0,0.00445870382450206,
0.0,0.1963500884776754,0.02994764708498098,0.21946604023150695,0.0,0.0,0.0,0.00445870382450206,
0.0,0.19465441668126995,0.02994764708498098,0.225807265456662,0.0,0.0,0.0,0.00445870382450206,
0.0,0.19465441668126995,0.02994764708498098,0.22600365177581275,0.0,0.0,0.0,0.00445870382450206,
0.0,0.19552930367296611,0.02994764708498098,0.23146823858682836,0.0,0.0,0.0,0.00445870382450206,
0.0,0.19371693942709423,0.02994764708498098,0.2348761978011994,0.0,0.0,0.0,0.00445870382450206,
0.0,0.19371693942709423,0.02994764708498098,0.22696806114354787,0.0,0.0,0.0,0.00445870382450206,
0.0,0.19025955949403522,0.02994764708498098,0.22696806114354787,0.0,0.0,0.0,0.00445870382450206,
0.0,0.1951682915450105,0.02994764708498098,0.22696806114354787,0.0,0.0,0.0,0.00445870382450206,
0.0,0.1951682915450105,0.02994764708498098,0.2303106208065103,0.0,0.0,0.0,0.00445870382450206,
0.0,0.1951682915450105,0.02994764708498098,0.2303106208065103,0.0,0.0,0.0,0.00445870382450206,
0.0,0.19257917061696672,0.02994764708498098,0.2303106208065103,0.0,0.0,0.0,0.00445870382450206,
0.0,0.19250162226081224,0.02994764708498098,0.23582712815747392,0.0,0.0,0.0,0.00445870382450206,
0.0,0.19447590156890368,0.02994764708498098,0.229952914245945,0.0,0.0,0.0,0.00445870382450206,
0.0,0.19447590156890368,0.02994764708498098,0.236369055745417,0.0,0.0,0.0,0.00445870382450206,
0.0,0.1954444677746418,0.02994764708498098,0.23020429714173213,0.0,0.0,0.0,0.00445870382450206,
0.0,0.1933231198458615,0.02994764708498098,0.22391157700512088,0.0,0.0,0.0,0.00445870382450206,
0.0,0.1933231198458615,0.02994764708498098,0.21774734937913418,0.0,0.0,0.0,0.00445870382450206,
0.0,0.18839152235696327,0.02994764708498098,0.21556987588534282,0.0,0.0,0.0,0.00445870382450206,
0.0,0.18610363353743267,0.02994764708498098,0.212392914257513,0.0,0.0,0.0,0.00445870382450206,
0.0,0.18660863246686557,0.02994764708498098,0.20877746800585828,0.0,0.0,0.0,0.00445870382450206,
0.0,0.1783080467693897,0.02994764708498098,0.20041565487678584,0.0,0.0,0.0,0.00445870382450206,
0.0,0.17288826158582277,0.02994764708498098,0.19097537622931535,0.0,0.0,0.0,0.00445870382450206,
0.0,0.17249302670288705,0.02994764708498098,0.18907923414853045,0.0,0.0,0.0,0.00445870382450206,
0.0,0.1779312825816916,0.02994764708498098,0.18907923414853045,0.0,0.0,0.0,0.00445870382450206,
0.0,0.1779312825816916,0.02994764708498098,0.18907923414853045,0.0,0.0,0.0,0.00445870382450206,
0.0,0.17368616923201577,0.02994764708498098,0.18907923414853045,0.0,0.0,0.0,0.00445870382450206,
0.0,0.17333468338218194,0.02994764708498098,0.19393983119755195,0.0,0.0,0.0,0.00445870382450206,
0.0,0.1714088286868694,0.02994764708498098,0.21251830815354728,0.0,0.0,0.0,0.00445870382450206,
0.0,0.17020551706377202,0.02994764708498098,0.2120129925957689,0.0,0.0,0.0,0.00445870382450206,
0.0,0.17020551706377202,0.02994764708498098,0.20735509589318316,0.0,0.0,0.0,0.00445870382450206,
0.0,0.17020551706377202,0.02994764708498098,0.21750453474033188,0.0,0.0,0.0,0.00445870382450206,
0.0,0.17020551706377202,0.02994764708498098,0.2210265720431309,0.0,0.0,0.0,0.00445870382450206,
0.0,0.17020551706377202,0.02994764708498098,0.23294544670783351,0.0,0.0,0.0,0.00445870382450206,
0.0,0.1735522132191848,0.02994764708498098,0.21722654709640243,0.0,0.0,0.0,0.00445870382450206,
0.0,0.1735522132191848,0.02994764708498098,0.23132873892713182,0.0,0.0,0.0,0.00445870382450206,
0.0,0.1735522132191848,0.02994764708498098,0.24146761879120357,0.0,0.0,0.0,0.00445870382450206,
0.0,0.1735522132191848,0.02994764708498098,0.2493623068814596,0.0,0.0,0.0,0.00445870382450206,
0.0,0.1735522132191848,0.02994764708498098,0.2591982232059578,0.0,0.0,0.0,0.00445870382450206,
0.0,0.1735522132191848,0.02994764708498098,0.26423579890200305,0.0,0.0,0.0,0.00445870382450206,
0.0,0.1735522132191848,0.02994764708498098,0.27192628799770424,0.0,0.0,0.0,0.00445870382450206,
0.0,0.1735522132191848,0.02994764708498098,0.27627936437244355,0.0,0.0,0.0,0.00445870382450206,
0.0,0.1735522132191848,0.02994764708498098,0.2828201066079367,0.0,0.0,0.0,0.00445870382450206,
0.0,0.1735522132191848,0.02994764708498098,0.29741117862041966,0.0,0.0,0.0,0.00445870382450206,
0.0,0.1735522132191848,0.02994764708498098,0.29794006168656245,0.0,0.0,0.0,0.00445870382450206,
0.0,0.1735522132191848,0.02994764708498098,0.29834259059238283,0.0,0.0,0.0,0.00445870382450206,
0.0,0.1735522132191848,0.02994764708498098,0.29834259059238283,0.0,0.0,0.0,0.00445870382450206,
0.0,0.1735522132191848,0.02994764708498098,0.29679551181426844,0.0,0.0,0.0,0.00445870382450206,
0.0,0.1735522132191848,0.02994764708498098,0.2836930371269526,0.0,0.0,0.0,0.00445870382450206,
0.0,0.1735522132191848,0.02994764708498098,0.2836930371269526,0.0,0.0,0.0,0.00445870382450206,
0.0,0.1735522132191848,0.02994764708498098,0.2836930371269526,0.0,0.0,0.0,0.00445870382450206,
0.0,0.1735522132191848,0.02994764708498098,0.29252749633231845,0.0,0.0,0.0,0.00445870382450206,
0.0,0.1735522132191848,0.02994764708498098,0.28419906946920476,0.0,0.0,0.0,0.00445870382450206,
0.0,0.1735522132191848,0.02994764708498098,0.28419906946920476,0.0,0.0,0.0,0.00445870382450206,
0.0,0.1735522132191848,0.02994764708498098,0.2856664160337179,0.0,0.0,0.0,0.00445870382450206,
0.0,0.1735522132191848,0.02994764708498098,0.2877451996399179,0.0,0.0,0.0,0.00445870382450206,
0.0,0.1735522132191848,0.02994764708498098,0.27176268589351843,0.0,0.0,0.0,0.00445870382450206,
0.0,0.1735522132191848,0.02994764708498098,0.27504454251779153,0.0,0.0,0.0,0.00445870382450206,
0.0,0.1735522132191848,0.02994764708498098,0.27847809421086744,0.0,0.0,0.0,0.00445870382450206,
0.0,0.1735522132191848,0.02994764708498098,0.28680412653882953,0.0,0.0,0.0,0.00445870382450206,
0.0,0.1735522132191848,0.02994764708498098,0.27165375682122866,0.0,0.0,0.0,0.00445870382450206,
0.0,0.1735522132191848,0.02994764708498098,0.2769715071836383,0.0,0.0,0.0,0.00445870382450206,
0.0,0.1735522132191848,0.02994764708498098,0.2774266593014048,0.0,0.0,0.0,0.00445870382450206,
0.0,0.1735522132191848,0.02994764708498098,0.27915224391585525,0.0,0.0,0.0,0.00445870382450206,
0.0,0.1735522132191848,0.02994764708498098,0.2833040889523927,0.0,0.0,0.0,0.00445870382450206,
0.0,0.1735522132191848,0.02994764708498098,0.268553901727846,0.0,0.0,0.0,0.00445870382450206,
0.0,0.1735522132191848,0.02994764708498098,0.2787901691322407,0.0,0.0,0.0,0.00445870382450206,
0.0,0.1735522132191848,0.02994764708498098,0.2830957269613602,0.0,0.0,0.0,0.00445870382450206,
0.0,0.1735522132191848,0.02994764708498098,0.2889524589515313,0.0,0.0,0.0,0.00445870382450206,
0.0,0.1735522132191848,0.02994764708498098,0.2882702059869566,0.0,0.0,0.0,0.00445870382450206,
0.0,0.1735522132191848,0.02994764708498098,0.2979468576131016,0.0,0.0,0.0,0.00445870382450206,
0.0,0.1735522132191848,0.02994764708498098,0.30051863088007985,0.0,0.0,0.0,0.00445870382450206,
0.0,0.1735522132191848,0.02994764708498098,0.2765980923827363,0.0,0.0,0.0,0.00445870382450206,
0.0,0.1735522132191848,0.02994764708498098,0.27373257975822224,0.0,0.0,0.0,0.00445870382450206,
0.0,0.1735522132191848,0.02994764708498098,0.2660546650964391,0.0,0.0,0.0,0.00445870382450206,
0.0,0.1735522132191848,0.02994764708498098,0.2562383308185575,0.0,0.0,0.0,0.00445870382450206,
0.0,0.1735522132191848,0.02994764708498098,0.24818524671848122,0.0,0.0,0.0,0.00445870382450206,
0.0,0.1735522132191848,0.02994764708498098,0.25346884475404213,0.0,0.0,0.0,0.00445870382450206,
0.0,0.1735522132191848,0.02994764708498098,0.2608790132790035,0.0,0.0,0.0,0.00445870382450206,
0.0,0.1735522132191848,0.02994764708498098,0.2694560556401359,0.0,0.0,0.0,0.00445870382450206,
0.0,0.1735522132191848,0.02994764708498098,0.2666703638621485,0.0,0.0,0.0,0.00445870382450206,
0.0,0.1735522132191848,0.02994764708498098,0.2704703629345581,0.0,0.0,0.0,0.00445870382450206,
0.0,0.1735522132191848,0.02994764708498098,0.2683252053310827,0.0,0.0,0.0,0.00445870382450206,
0.0,0.1735522132191848,0.02994764708498098,0.2678029196394573,0.0,0.0,0.0,0.00445870382450206,
0.0,0.1735522132191848,0.02994764708498098,0.2700596370217993,0.0,0.0,0.0,0.00445870382450206,
0.0,0.1735522132191848,0.02994764708498098,0.2738263424321781,0.0,0.0,0.0,0.00445870382450206,
0.0,0.1735522132191848,0.02994764708498098,0.2765777110978566,0.0,0.0,0.0,0.00445870382450206,
0.0,0.1735522132191848,0.02994764708498098,0.254759538486957,0.0,0.0,0.0,0.00445870382450206,
0.0,0.1735522132191848,0.02994764708498098,0.2506370287833164,0.0,0.0,0.0,0.00445870382450206,
0.0,0.1735522132191848,0.02994764708498098,0.256695374405861,0.0,0.0,0.0,0.00445870382450206,
0.0,0.1735522132191848,0.02994764708498098,0.25911929125588495,0.0,0.0,0.0,0.00445870382450206,
0.0,0.1735522132191848,0.02994764708498098,0.25911929125588495,0.0,0.0,0.0,0.00445870382450206,
0.0,0.1735522132191848,0.02994764708498098,0.2624273997204252,0.0,0.0,0.0,0.00445870382450206,
0.0,0.1798154578721046,0.02994764708498098,0.2664483743137887,0.0,0.0,0.0,0.00445870382450206,
0.0,0.1798154578721046,0.02994764708498098,0.2717181193210377,0.0,0.0,0.0,0.00445870382450206,
0.0,0.1798154578721046,0.02994764708498098,0.2625342244251276,0.0,0.0,0.0,0.00445870382450206,
0.0,0.1798154578721046,0.02994764708498098,0.2625342244251276,0.0,0.0,0.0,0.00445870382450206,
0.0,0.1798154578721046,0.02994764708498098,0.266174073330729,0.0,0.0,0.0,0.00445870382450206,
0.0,0.1798154578721046,0.02994764708498098,0.2667143738915111,0.0,0.0,0.0,0.00445870382450206,
0.0,0.1798154578721046,0.02994764708498098,0.26052730115511324,0.0,0.0,0.0,0.00445870382450206,
0.0,0.1798154578721046,0.02994764708498098,0.26891575860395345,0.0,0.0,0.0,0.00445870382450206,
0.0,0.1798154578721046,0.02994764708498098,0.25418029464713926,0.0,0.0,0.0,0.00445870382450206,
0.0,0.1798154578721046,0.02994764708498098,0.25127672452816663,0.0,0.0,0.0,0.00445870382450206,
0.0,0.18444881729242912,0.02994764708498098,0.2506358784104742,0.0,0.0,0.0,0.00445870382450206,
0.0,0.18444881729242912,0.02994764708498098,0.24054250822437687,0.0,0.0,0.0,0.00445870382450206,
0.0,0.19207385553043174,0.02994764708498098,0.24054250822437687,0.0,0.0,0.0,0.00445870382450206,
0.0,0.20302388700737392,0.02994764708498098,0.24054250822437687,0.0,0.0,0.0,0.00445870382450206,
0.0,0.20437032404683045,0.02994764708498098,0.22960300488097768,0.0,0.0,0.0,0.00445870382450206,
0.0,0.20876716253967842,0.02994764708498098,0.2311288154385569,0.0,0.0,0.0,0.00445870382450206,
0.0,0.20788276529945127,0.02994764708498098,0.22641430247682184,0.0,0.0,0.0,0.00445870382450206,
0.0,0.20676898427739684,0.02994764708498098,0.21744248787877332,0.0,0.0,0.0,0.00445870382450206,
0.0,0.20676898427739684,0.02994764708498098,0.21744248787877332,0.0,0.0,0.0,0.00445870382450206,
0.0,0.19497617561239936,0.02994764708498098,0.21744248787877332,0.0,0.0,0.0,0.00445870382450206,
0.0,0.19497617561239936,0.02994764708498098,0.21744248787877332,0.0,0.0,0.0,0.00445870382450206,
0.0,0.20523278020008265,0.02994764708498098,0.21744248787877332,0.0,0.0,0.0,0.00445870382450206,
0.0,0.1993921156698077,0.02994764708498098,0.2228146501621971,0.0,0.0,0.0,0.00445870382450206,
0.0,0.1993921156698077,0.02994764708498098,0.2228146501621971,0.0,0.0,0.0,0.00445870382450206,
0.0,0.20930402721553293,0.02994764708498098,0.2228146501621971,0.0,0.0,0.0,0.00445870382450206,
0.0,0.2143501856959629,0.02994764708498098,0.2228146501621971,0.0,0.0,0.0,0.00445870382450206,
0.0,0.20067007499039508,0.02994764708498098,0.2320623471639753,0.0,0.0,0.0,0.00445870382450206,
0.0,0.19710913038141545,0.02994764708498098,0.2320623471639753,0.0,0.0,0.0,0.00445870382450206,
0.0,0.20029256252134545,0.02994764708498098,0.24289788580787333,0.0,0.0,0.0,0.00445870382450206,
0.0,0.2019336735046067,0.02994764708498098,0.24611451006593887,0.0,0.0,0.0,0.00445870382450206,
0.0,0.19923849599744448,0.02994764708498098,0.24611451006593887,0.0,0.0,0.0,0.00445870382450206,
0.0,0.19786843010620822,0.02994764708498098,0.24611451006593887,0.0,0.0,0.0,0.00445870382450206,
0.0,0.20260591885501983,0.02994764708498098,0.24307212218935095,0.0,0.0,0.0,0.00445870382450206,
0.0,0.2056964259061791,0.02994764708498098,0.24064140096745745,0.0,0.0,0.0,0.00445870382450206,
0.0,0.2009352334374257,0.02994764708498098,0.24064140096745745,0.0,0.0,0.0,0.00445870382450206,
0.0,0.21237577000945737,0.02994764708498098,0.24064140096745745,0.0,0.0,0.0,0.00445870382450206,
0.0,0.2176897400009233,0.02994764708498098,0.2324687780498617,0.0,0.0,0.0,0.00445870382450206,
0.0,0.2199417246209775,0.02994764708498098,0.2324687780498617,0.0,0.0,0.0,0.00445870382450206,
0.0,0.2215539028081365,0.02994764708498098,0.2324687780498617,0.0,0.0,0.0,0.00445870382450206,
0.0,0.21247763508060724,0.02994764708498098,0.23919257452910503,0.0,0.0,0.0,0.00445870382450206,
0.0,0.20673851741535282,0.02994764708498098,0.22998044877253998,0.0,0.0,0.0,0.00445870382450206,
0.0,0.21196776495350594,0.02994764708498098,0.22998044877253998,0.0,0.0,0.0,0.00445870382450206,
0.0,0.21196776495350594,0.02994764708498098,0.22998044877253998,0.0,0.0,0.0,0.00445870382450206,
0.0,0.19783334214138015,0.02994764708498098,0.23188684691969075,0.0,0.0,0.0,0.00445870382450206,
0.0,0.19956141747542377,0.02994764708498098,0.24134705949447452,0.0,0.0,0.0,0.00445870382450206,
0.0,0.206789652305287,0.02994764708498098,0.24498060879905126,0.0,0.0,0.0,0.00445870382450206,
0.0,0.21914554830532007,0.02994764708498098,0.24498060879905126,0.0,0.0,0.0,0.00445870382450206,
0.0,0.2099366830812689,0.02994764708498098,0.24498060879905126,0.0,0.0,0.0,0.00445870382450206,
0.0,0.21287680055839173,0.02994764708498098,0.2507446656336628,0.0,0.0,0.0,0.00445870382450206,
0.0,0.21614070335505547,0.02994764708498098,0.236939876253482,0.0,0.0,0.0,0.00445870382450206,
0.0,0.2208450465262699,0.02994764708498098,0.2410824888290618,0.0,0.0,0.0,0.00445870382450206,
0.0,0.23190495679275647,0.02994764708498098,0.2410824888290618,0.0,0.0,0.0,0.00445870382450206,
0.0,0.2233917445085544,0.02994764708498098,0.2410824888290618,0.0,0.0,0.0,0.00445870382450206,
0.0,0.22274999405231452,0.02994764708498098,0.2475811718196241,0.0,0.0,0.0,0.00445870382450206,
0.0,0.21698747740670923,0.02994764708498098,0.2475811718196241,0.0,0.0,0.0,0.00445870382450206,
0.0,0.21698747740670923,0.02994764708498098,0.2588270163121936,0.0,0.0,0.0,0.00445870382450206,
0.0,0.21836770774125466,0.02994764708498098,0.24891728162057278,0.0,0.0,0.0,0.00445870382450206,
0.0,0.22124339602892268,0.02994764708498098,0.25973282401399933,0.0,0.0,0.0,0.00445870382450206,
0.0,0.22124339602892268,0.02994764708498098,0.25973282401399933,0.0,0.0,0.0,0.00445870382450206,
0.0,0.22124339602892268,0.02994764708498098,0.26681190092555973,0.0,0.0,0.0,0.00445870382450206,
0.0,0.22228046775338392,0.02994764708498098,0.2703600420651417,0.0,0.0,0.0,0.00445870382450206,
0.0,0.21775582498021465,0.02994764708498098,0.2578657648248051,0.0,0.0,0.0,0.00445870382450206,
0.0,0.21775582498021465,0.02994764708498098,0.24478302527016285,0.0,0.0,0.0,0.00445870382450206,
0.0,0.21970707595186165,0.02994764708498098,0.24478302527016285,0.0,0.0,0.0,0.00445870382450206,
0.0,0.21970707595186165,0.02994764708498098,0.24883216129591032,0.0,0.0,0.0,0.00445870382450206,
0.0,0.21923869034564913,0.02994764708498098,0.251233571468193,0.0,0.0,0.0,0.00445870382450206,
0.0,0.21538102268227582,0.02994764708498098,0.251233571468193,0.0,0.0,0.0,0.00445870382450206,
0.0,0.21538102268227582,0.02994764708498098,0.2517778005979221,0.0,0.0,0.0,0.00445870382450206,
0.0,0.2126500426299256,0.02994764708498098,0.239318121737119,0.0,0.0,0.0,0.00445870382450206,
0.0,0.20721244909718428,0.02994764708498098,0.23124798769311677,0.0,0.0,0.0,0.00445870382450206,
0.0,0.20721244909718428,0.02994764708498098,0.2248602738654593,0.0,0.0,0.0,0.00445870382450206,
0.0,0.20211172072852537,0.02994764708498098,0.2208521228776455,0.0,0.0,0.0,0.00445870382450206,
0.0,0.20211172072852537,0.02994764708498098,0.2208521228776455,0.0,0.0,0.0,0.00445870382450206,
0.0,0.20211172072852537,0.02994764708498098,0.22469883041591215,0.0,0.0,0.0,0.00445870382450206,
0.0,0.20211172072852537,0.02994764708498098,0.2246142495445495,0.0,0.0,0.0,0.00445870382450206,
0.0,0.1907846613609297,0.02994764708498098,0.2356509104085655,0.0,0.0,0.0,0.00445870382450206,
0.0,0.19217793950770867,0.02994764708498098,0.22896666904636312,0.0,0.0,0.0,0.00445870382450206,
0.0,0.19217793950770867,0.02994764708498098,0.22896666904636312,0.0,0.0,0.0,0.00445870382450206,
0.0,0.20681996153094634,0.02994764708498098,0.23606228502037874,0.0,0.0,0.0,0.00445870382450206,
0.0,0.21104860679701837,0.02994764708498098,0.23789648739561026,0.0,0.0,0.0,0.00445870382450206,
0.0,0.20540368397253245,0.02994764708498098,0.2369601653991807,0.0,0.0,0.0,0.00445870382450206,
0.0,0.20540368397253245,0.02994764708498098,0.23769786946561505,0.0,0.0,0.0,0.00445870382450206,
0.0,0.2038149316245083,0.02994764708498098,0.23649272214251676,0.0,0.0,0.0,0.00445870382450206,
0.0,0.20623647764538558,0.02994764708498098,0.22746941175456556,0.0,0.0,0.0,0.00445870382450206,
0.0,0.2009819838541109,0.02994764708498098,0.22342301995768662,0.0,0.0,0.0,0.00445870382450206,
0.0,0.20506968201312947,0.02994764708498098,0.22342301995768662,0.0,0.0,0.0,0.00445870382450206,
0.0,0.20707569979252408,0.02994764708498098,0.24340290505327292,0.0,0.0,0.0,0.00445870382450206,
0.0,0.20815988062839622,0.02994764708498098,0.23234163733591806,0.0,0.0,0.0,0.00445870382450206,
0.0,0.1999602492330401,0.02994764708498098,0.22968278349089083,0.0,0.0,0.0,0.00445870382450206,
0.0,0.20054185117342255,0.02994764708498098,0.2294587241654012,0.0,0.0,0.0,0.00445870382450206,
0.0,0.20054185117342255,0.02994764708498098,0.21603199097940137,0.0,0.0,0.0,0.00445870382450206,
0.0,0.2002970652536927,0.02994764708498098,0.21387167106960736,0.0,0.0,0.0,0.00445870382450206,
0.0,0.19369272623715653,0.02994764708498098,0.2180374154189557,0.0,0.0,0.0,0.00445870382450206,
0.0,0.19369272623715653,0.02994764708498098,0.2263248468928985,0.0,0.0,0.0,0.00445870382450206,
0.0,0.19369272623715653,0.02994764708498098,0.23564046958153187,0.0,0.0,0.0,0.00445870382450206,
0.0,0.18946159118466455,0.02994764708498098,0.23564046958153187,0.0,0.0,0.0,0.00445870382450206,
0.0,0.18946159118466455,0.02994764708498098,0.25611173352116906,0.0,0.0,0.0,0.00445870382450206,
0.0,0.18946159118466455,0.02994764708498098,0.28746880367840816,0.0,0.0,0.0,0.00445870382450206,
0.0,0.18946159118466455,0.02994764708498098,0.2937542079495017,0.0,0.0,0.0,0.00445870382450206,
0.0,0.18946159118466455,0.02994764708498098,0.2988733263281684,0.0,0.0,0.0,0.00445870382450206,
0.0,0.18946159118466455,0.02994764708498098,0.31220126326425635,0.0,0.0,0.0,0.00445870382450206,
0.0,0.18946159118466455,0.02994764708498098,0.29502385743207077,0.0,0.0,0.0,0.00445870382450206,
0.0,0.18946159118466455,0.02994764708498098,0.29878284689870643,0.0,0.0,0.0,0.00445870382450206,
0.0,0.18946159118466455,0.02994764708498098,0.3136429293282308,0.0,0.0,0.0,0.00445870382450206,
0.0,0.18946159118466455,0.02994764708498098,0.3221504549797797,0.0,0.0,0.0,0.00445870382450206,
0.0,0.18946159118466455,0.02994764708498098,0.3221504549797797,0.0,0.0,0.0,0.00445870382450206,
0.0,0.18946159118466455,0.02994764708498098,0.3226258412478348,0.0,0.0,0.0,0.00445870382450206,
0.0,0.18946159118466455,0.02994764708498098,0.3137575878561837,0.0,0.0,0.0,0.00445870382450206,
0.0,0.18946159118466455,0.02994764708498098,0.2960018221372226,0.0,0.0,0.0,0.00445870382450206,
0.0,0.18946159118466455,0.02994764708498098,0.2966231334260658,0.0,0.0,0.0,0.00445870382450206,
0.0,0.18946159118466455,0.02994764708498098,0.29682182173392807,0.0,0.0,0.0,0.00445870382450206,
0.0,0.18946159118466455,0.02994764708498098,0.2906208444661527,0.0,0.0,0.0,0.00445870382450206,
0.0,0.18946159118466455,0.02994764708498098,0.2775765875116658,0.0,0.0,0.0,0.00445870382450206,
0.0,0.18946159118466455,0.02994764708498098,0.2669129789834859,0.0,0.0,0.0,0.00445870382450206,
0.0,0.18946159118466455,0.02994764708498098,0.26594503157499305,0.0,0.0,0.0,0.00445870382450206,
0.0,0.18946159118466455,0.02994764708498098,0.2680934544068818,0.0,0.0,0.0,0.00445870382450206,
0.0,0.18946159118466455,0.02994764708498098,0.26473515566897055,0.0,0.0,0.0,0.00445870382450206,
0.0,0.18946159118466455,0.02994764708498098,0.26967128645229055,0.0,0.0,0.0,0.00445870382450206,
0.0,0.18946159118466455,0.02994764708498098,0.27156036992380805,0.0,0.0,0.0,0.00445870382450206,
0.0,0.18946159118466455,0.02994764708498098,0.27467825002314156,0.0,0.0,0.0,0.00445870382450206,
0.0,0.18946159118466455,0.02994764708498098,0.2808540234046173,0.0,0.0,0.0,0.00445870382450206,
0.0,0.18946159118466455,0.02994764708498098,0.28540626692552606,0.0,0.0,0.0,0.00445870382450206,
0.0,0.18946159118466455,0.02994764708498098,0.28468415622219156,0.0,0.0,0.0,0.00445870382450206,
0.0,0.19010257216087695,0.02994764708498098,0.28973660629766046,0.0,0.0,0.0,0.00445870382450206,
0.0,0.19010257216087695,0.02994764708498098,0.29433174438728166,0.0,0.0,0.0,0.00445870382450206,
0.0,0.19010257216087695,0.02994764708498098,0.30065076572590194,0.0,0.0,0.0,0.00445870382450206,
0.0,0.19010257216087695,0.02994764708498098,0.29377866996730123,0.0,0.0,0.0,0.00445870382450206,
0.0,0.19010257216087695,0.02994764708498098,0.2928417262978491,0.0,0.0,0.0,0.00445870382450206,
0.0,0.19010257216087695,0.02994764708498098,0.29286781863320366,0.0,0.0,0.0,0.00445870382450206,
0.0,0.19010257216087695,0.02994764708498098,0.29135379819597057,0.0,0.0,0.0,0.00445870382450206,
0.0,0.19010257216087695,0.02994764708498098,0.28303913081764576,0.0,0.0,0.0,0.00445870382450206,
0.0,0.19010257216087695,0.02994764708498098,0.28303913081764576,0.0,0.0,0.0,0.00445870382450206,
0.0,0.19010257216087695,0.02994764708498098,0.2799123024251242,0.0,0.0,0.0,0.00445870382450206,
0.0,0.19010257216087695,0.02994764708498098,0.27027894295875976,0.0,0.0,0.0,0.00445870382450206,
0.0,0.19010257216087695,0.02994764708498098,0.2608709746003013,0.0,0.0,0.0,0.00445870382450206,
0.0,0.19010257216087695,0.02994764708498098,0.2608709746003013,0.0,0.0,0.0,0.00445870382450206,
0.0,0.19010257216087695,0.02994764708498098,0.2634725433894603,0.0,0.0,0.0,0.00445870382450206,
0.0,0.19010257216087695,0.02994764708498098,0.2635023419052675,0.0,0.0,0.0,0.00445870382450206,
0.0,0.19010257216087695,0.02994764708498098,0.2649536198372855,0.0,0.0,0.0,0.00445870382450206,
0.0,0.19010257216087695,0.02994764708498098,0.27041291424202524,0.0,0.0,0.0,0.00445870382450206,
0.0,0.19010257216087695,0.02994764708498098,0.2689791507758619,0.0,0.0,0.0,0.00445870382450206,
0.0,0.19010257216087695,0.02994764708498098,0.2689791507758619,0.0,0.0,0.0,0.00445870382450206,
0.0,0.19010257216087695,0.02994764708498098,0.2766348809539746,0.0,0.0,0.0,0.00445870382450206,
0.0,0.19010257216087695,0.02994764708498098,0.2766348809539746,0.0,0.0,0.0,0.00445870382450206,
0.0,0.19010257216087695,0.02994764708498098,0.2766348809539746,0.0,0.0,0.0,0.00445870382450206,
0.0,0.19010257216087695,0.02994764708498098,0.28033825138749235,0.0,0.0,0.0,0.00445870382450206,
0.0,0.19010257216087695,0.02994764708498098,0.2813567327191761,0.0,0.0,0.0,0.00445870382450206,
0.0,0.19010257216087695,0.02994764708498098,0.27689997587270315,0.0,0.0,0.0,0.00445870382450206,
0.0,0.19010257216087695,0.02994764708498098,0.2681060863759309,0.0,0.0,0.0,0.00445870382450206,
0.0,0.19010257216087695,0.02994764708498098,0.2591722915483477,0.0,0.0,0.0,0.00445870382450206,
0.0,0.19010257216087695,0.02994764708498098,0.24835828578520347,0.0,0.0,0.0,0.00445870382450206,
0.0,0.19010257216087695,0.02994764708498098,0.24710895817509732,0.0,0.0,0.0,0.00445870382450206,
0.0,0.19010257216087695,0.02994764708498098,0.24576723134409081,0.0,0.0,0.0,0.00445870382450206,
0.0,0.19010257216087695,0.02994764708498098,0.2499071724351273,0.0,0.0,0.0,0.00445870382450206,
0.0,0.19010257216087695,0.02994764708498098,0.24104337059617464,0.0,0.0,0.0,0.00445870382450206,
0.0,0.19010257216087695,0.02994764708498098,0.24524305626394316,0.0,0.0,0.0,0.00445870382450206,
0.0,0.19010257216087695,0.02994764708498098,0.2484016993639949,0.0,0.0,0.0,0.00445870382450206,
0.0,0.18967819836664068,0.02994764708498098,0.23935240798575785,0.0,0.0,0.0,0.00445870382450206,
0.0,0.18905643809753137,0.02994764708498098,0.24645583005990224,0.0,0.0,0.0,0.00445870382450206,
0.0,0.18905643809753137,0.02994764708498098,0.24915145407514563,0.0,0.0,0.0,0.00445870382450206,
0.0,0.19257442515454135,0.02994764708498098,0.25443140914987356,0.0,0.0,0.0,0.00445870382450206,
0.0,0.19257442515454135,0.02994764708498098,0.23912617911004438,0.0,0.0,0.0,0.00445870382450206,
0.0,0.19158476710509073,0.02994764708498098,0.24598436791091122,0.0,0.0,0.0,0.00445870382450206,
0.0,0.19158476710509073,0.02994764708498098,0.24598436791091122,0.0,0.0,0.0,0.00445870382450206,
0.0,0.19456488350656367,0.02994764708498098,0.25673853751045506,0.0,0.0,0.0,0.00445870382450206,
0.0,0.19456488350656367,0.02994764708498098,0.25150416249673324,0.0,0.0,0.0,0.00445870382450206,
0.0,0.19456488350656367,0.02994764708498098,0.26195088687193163,0.0,0.0,0.0,0.00445870382450206,
0.0,0.19868397497438114,0.02994764708498098,0.2727905865295948,0.0,0.0,0.0,0.00445870382450206,
0.0,0.19868397497438114,0.02994764708498098,0.2646812448654157,0.0,0.0,0.0,0.00445870382450206,
0.0,0.19868397497438114,0.02994764708498098,0.2755199932275495,0.0,0.0,0.0,0.00445870382450206,
0.0,0.20355709476140468,0.02994764708498098,0.2841584046247864,0.0,0.0,0.0,0.00445870382450206,
0.0,0.20355709476140468,0.02994764708498098,0.2946115458627358,0.0,0.0,0.0,0.00445870382450206,
0.0,0.20355709476140468,0.02994764708498098,0.3036802905466162,0.0,0.0,0.0,0.00445870382450206,
0.0,0.20355709476140468,0.02994764708498098,0.3100392318716214,0.0,0.0,0.0,0.00445870382450206,
0.0,0.20355709476140468,0.02994764708498098,0.27821058506146956,0.0,0.0,0.0,0.00445870382450206,
0.0,0.20355709476140468,0.02994764708498098,0.2713983126331488,0.0,0.0,0.0,0.00445870382450206,
0.0,0.20355709476140468,0.02994764708498098,0.2749801803259876,0.0,0.0,0.0,0.00445870382450206,
0.0,0.20355709476140468,0.02994764708498098,0.2786797007610584,0.0,0.0,0.0,0.00445870382450206,
0.0,0.20355709476140468,0.02994764708498098,0.28118844566027934,0.0,0.0,0.0,0.00445870382450206,
0.0,0.20355709476140468,0.02994764708498098,0.28296528730329834,0.0,0.0,0.0,0.00445870382450206,
0.0,0.20355709476140468,0.02994764708498098,0.2850424725505481,0.0,0.0,0.0,0.00445870382450206,
0.0,0.20355709476140468,0.02994764708498098,0.2887669534536049,0.0,0.0,0.0,0.00445870382450206,
0.0,0.20355709476140468,0.02994764708498098,0.29383925152923956,0.0,0.0,0.0,0.00445870382450206,
0.0,0.20355709476140468,0.02994764708498098,0.30089667555761745,0.0,0.0,0.0,0.00445870382450206,
0.0,0.20355709476140468,0.02994764708498098,0.3100057946703103,0.0,0.0,0.0,0.00445870382450206,
0.0,0.20355709476140468,0.02994764708498098,0.31838948054403987,0.0,0.0,0.0,0.00445870382450206,
0.0,0.20355709476140468,0.02994764708498098,0.31026968339074484,0.0,0.0,0.0,0.00445870382450206,
0.0,0.20355709476140468,0.02994764708498098,0.30854973130873226,0.0,0.0,0.0,0.00445870382450206,
0.0,0.20355709476140468,0.02994764708498098,0.2956553819627259,0.0,0.0,0.0,0.00445870382450206,
0.0,0.20355709476140468,0.02994764708498098,0.2924188953256792,0.0,0.0,0.0,0.00445870382450206,
0.0,0.20355709476140468,0.02994764708498098,0.2957841294584918,0.0,0.0,0.0,0.00445870382450206,
0.0,0.20355709476140468,0.02994764708498098,0.2921923356584765,0.0,0.0,0.0,0.00445870382450206,
0.0,0.20355709476140468,0.02994764708498098,0.2843431853789626,0.0,0.0,0.0,0.00445870382450206,
0.0,0.20355709476140468,0.02994764708498098,0.2868544152864919,0.0,0.0,0.0,0.00445870382450206,
0.0,0.20355709476140468,0.02994764708498098,0.27549871070991816,0.0,0.0,0.0,0.00445870382450206,
0.0,0.20355709476140468,0.02994764708498098,0.2809753786242561,0.0,0.0,0.0,0.00445870382450206,
0.0,0.20355709476140468,0.02994764708498098,0.2869650931071812,0.0,0.0,0.0,0.00445870382450206,
0.0,0.20355709476140468,0.02994764708498098,0.2952899535449571,0.0,0.0,0.0,0.00445870382450206,
0.0,0.20355709476140468,0.02994764708498098,0.3064270898376029,0.0,0.0,0.0,0.00445870382450206,
0.0,0.20355709476140468,0.02994764708498098,0.3064270898376029,0.0,0.0,0.0,0.00445870382450206,
0.0,0.20355709476140468,0.02994764708498098,0.3064270898376029,0.0,0.0,0.0,0.00445870382450206,
0.0,0.20355709476140468,0.02994764708498098,0.3092841195278044,0.0,0.0,0.0,0.00445870382450206,
0.0,0.20355709476140468,0.02994764708498098,0.3029857956633253,0.0,0.0,0.0,0.00445870382450206,
0.0,0.20355709476140468,0.02994764708498098,0.3098516482220337,0.0,0.0,0.0,0.00445870382450206,
0.0,0.20355709476140468,0.02994764708498098,0.31500847909468316,0.0,0.0,0.0,0.00445870382450206,
0.0,0.20355709476140468,0.02994764708498098,0.3179246821743426,0.0,0.0,0.0,0.00445870382450206,
0.0,0.20355709476140468,0.02994764708498098,0.3179869456930199,0.0,0.0,0.0,0.00445870382450206,
0.0,0.20355709476140468,0.02994764708498098,0.29542296911981725,0.0,0.0,0.0,0.00445870382450206,
0.0,0.20355709476140468,0.02994764708498098,0.29542296911981725,0.0,0.0,0.0,0.00445870382450206,
0.0,0.20355709476140468,0.02994764708498098,0.28914077766651586,0.0,0.0,0.0,0.00445870382450206,
0.0,0.20355709476140468,0.02994764708498098,0.285630247327788,0.0,0.0,0.0,0.00445870382450206,
0.0,0.20881279062694372,0.02994764708498098,0.27866539978848404,0.0,0.0,0.0,0.00445870382450206,
0.0,0.20881279062694372,0.02994764708498098,0.27866539978848404,0.0,0.0,0.0,0.00445870382450206,
0.0,0.20881279062694372,0.02994764708498098,0.2781571238441838,0.0,0.0,0.0,0.00445870382450206,
0.0,0.2126485555388877,0.02994764708498098,0.25130720374089804,0.0,0.0,0.0,0.00445870382450206,
0.0,0.2126485555388877,0.02994764708498098,0.2526710603776837,0.0,0.0,0.0,0.00445870382450206,
0.0,0.21063347119074435,0.02994764708498098,0.2526710603776837,0.0,0.0,0.0,0.00445870382450206,
0.0,0.21231051950566146,0.02994764708498098,0.2563283292314475,0.0,0.0,0.0,0.00445870382450206,
0.0,0.2160043597371525,0.02994764708498098,0.23380993555235263,0.0,0.0,0.0,0.00445870382450206,
0.0,0.21332704350206597,0.02994764708498098,0.23380993555235263,0.0,0.0,0.0,0.00445870382450206,
0.0,0.21072004887940843,0.02994764708498098,0.23016052120314395,0.0,0.0,0.0,0.00445870382450206,
0.0,0.2054471665283563,0.02994764708498098,0.22426052189852552,0.0,0.0,0.0,0.00445870382450206,
0.0,0.20290656954833897,0.02994764708498098,0.21828348871060527,0.0,0.0,0.0,0.00445870382450206,
0.0,0.20290656954833897,0.02994764708498098,0.2163790617723273,0.0,0.0,0.0,0.00445870382450206,
0.0,0.194150868569972,0.02994764708498098,0.21074295426434453,0.0,0.0,0.0,0.00445870382450206,
0.0,0.18153257558070612,0.02994764708498098,0.20320103794854416,0.0,0.0,0.0,0.00445870382450206,
0.0,0.18091142805718036,0.02994764708498098,0.19805550365996527,0.0,0.0,0.0,0.00445870382450206,
0.0,0.1698564025114363,0.02994764708498098,0.18303781543190273,0.0,0.0,0.0,0.00445870382450206,
0.0,0.1693441656491639,0.02994764708498098,0.18186825254554254,0.0,0.0,0.0,0.00445870382450206,
0.0,0.16338298549682323,0.02994764708498098,0.18059852957439487,0.0,0.0,0.0,0.00445870382450206,
0.0,0.16338298549682323,0.02994764708498098,0.18059852957439487,0.0,0.0,0.0,0.00445870382450206,
0.0,0.16329855460883644,0.02994764708498098,0.17744225879278627,0.0,0.0,0.0,0.00445870382450206,
0.0,0.16293850243930355,0.02994764708498098,0.18549972061887576,0.0,0.0,0.0,0.00445870382450206,
0.0,0.15992205253055303,0.02994764708498098,0.17919570273473978,0.0,0.0,0.0,0.00445870382450206,
0.0,0.15886907899976238,0.02994764708498098,0.1903843993954941,0.0,0.0,0.0,0.00445870382450206,
0.0,0.15886907899976238,0.02994764708498098,0.21249120201692376,0.0,0.0,0.0,0.00445870382450206,
0.0,0.15886907899976238,0.02994764708498098,0.20571285129166997,0.0,0.0,0.0,0.00445870382450206,
0.0,0.16155679669659964,0.02994764708498098,0.20653681869373064,0.0,0.0,0.0,0.00445870382450206,
0.0,0.16155679669659964,0.02994764708498098,0.20653681869373064,0.0,0.0,0.0,0.00445870382450206,
0.0,0.16155679669659964,0.02994764708498098,0.2018223231033999,0.0,0.0,0.0,0.00445870382450206,
0.0,0.16155679669659964,0.02994764708498098,0.20221537728534972,0.0,0.0,0.0,0.00445870382450206,
0.0,0.16155679669659964,0.02994764708498098,0.2033323104802312,0.0,0.0,0.0,0.00445870382450206,
0.0,0.18064933208309597,0.02994764708498098,0.214677509966654,0.0,0.0,0.0,0.00445870382450206,
0.0,0.18064933208309597,0.02994764708498098,0.2223443356574441,0.0,0.0,0.0,0.00445870382450206,
0.0,0.18064933208309597,0.02994764708498098,0.24651785820368102,0.0,0.0,0.0,0.00445870382450206,
0.0,0.18064933208309597,0.02994764708498098,0.2530634389114355,0.0,0.0,0.0,0.00445870382450206,
0.0,0.18064933208309597,0.02994764708498098,0.26010376222954135,0.0,0.0,0.0,0.00445870382450206,
0.0,0.18064933208309597,0.02994764708498098,0.26010376222954135,0.0,0.0,0.0,0.00445870382450206,
0.0,0.18064933208309597,0.02994764708498098,0.2667737273434779,0.0,0.0,0.0,0.00445870382450206,
0.0,0.18064933208309597,0.02994764708498098,0.2773478292184329,0.0,0.0,0.0,0.00445870382450206,
0.0,0.18064933208309597,0.02994764708498098,0.2811959827464527,0.0,0.0,0.0,0.00445870382450206,
0.0,0.18064933208309597,0.02994764708498098,0.2836869098962367,0.0,0.0,0.0,0.00445870382450206,
0.0,0.18064933208309597,0.02994764708498098,0.2836869098962367,0.0,0.0,0.0,0.00445870382450206,