
0.0
5.303871614204339E-4
8.011115788115942E-4
8.300886152914942E-4
8.017255982092249E-4
7.578107762725798E-4
7.100407863875775E-4
6.609938964116079E-4
6.132231206743186E-4
5.675694281594893E-4
5.248202195611949E-4
4.8491868110046334E-4
4.4811708168325E-4
4.1434436476432826E-4
3.838013882283765E-4
3.5605011996717384E-4
3.318023627074328E-4
3.1030562156535797E-4
2.921060968953684E-4
2.763995017518975E-4
2.634339548836423E-4
2.524950523972302E-4
2.444104093307947E-4
2.3360543597726518E-4
2.2532038276737974E-4
2.143237988233284E-4
2.0556993590243927E-4
2.0230562632994495E-4
1.9598294389603298E-4
1.884346106485226E-4
1.8152985079795305E-4
1.74456396285345E-4
1.6760549263126107E-4
1.6071135429747616E-4
1.539107076480474E-4
1.47129761025832E-4
1.404306072517399E-4
1.3381045906801233E-4
1.2729562444903174E-4
1.2090661321299764E-4
1.1466356006536558E-4
1.0858614887423153E-4
1.0268898194178808E-4
9.698789792107449E-5
9.149243390811523E-5
8.621190375208976E-5
8.115120384440313E-5
7.631392190712905E-5
7.170081394800009E-5
6.731109884535836E-5
6.314214450927373E-5
5.9190043130377E-5
5.544968433607763E-5
5.191507151884804E-5
4.859079246355936E-5
4.5446203155468215E-5
4.249157223602189E-5
3.970726337768546E-5
3.7092081047597016E-5
3.4635388961860106E-5
3.2331299685945526E-5
3.017105848282342E-5
2.814764790193164E-5
2.625329998248736E-5
2.4480979672606174E-5
2.2823608143532987E-5
2.127453644829304E-5
1.982720379721806E-5
1.8475483370982958E-5
1.7213456998625306E-5
1.6035557599488566E-5
1.4936479928686021E-5
1.391122058699382E-5
1.2955044248161183E-5
1.2063489241270143E-5
1.1232350188429324E-5
1.0457681272074944E-5
9.735745757206001E-6
9.063069008181786E-6
8.43636478480098E-6
7.852571052912606E-6
7.308808817528486E-6
6.802388880126931E-6
6.330797675745334E-6
5.8916679269026845E-6
5.482806839025797E-6
5.102150868654064E-6
4.747785624522584E-6
4.417907899453784E-6
4.110859425090304E-6
3.825061445417129E-6
3.5590604710571953E-6
3.311490439714611E-6
3.081086013505476E-6
2.8666634471634194E-6
2.667122200809046E-6
2.490505739965628E-6
2.317331986528207E-6
2.159095539350822E-6
2.0079634703611896E-6
1.8682315981659274E-6
1.7370494945597687E-6
1.615399959968396E-6
1.5019643674413882E-6
1.3966452148244862E-6
1.3056746015283145E-6
1.214174821396062E-6
1.1316608728355131E-6
1.0518103713386631E-6
9.783586003669495E-7
9.091335534612305E-7
8.451167805879694E-7
7.853978578966396E-7
7.300522936759117E-7
6.78597434271739E-7
6.308612381928137E-7
5.865189107174586E-7
5.453520780549153E-7
5.071101000286995E-7
4.715864276111477E-7
4.3857637243025787E-7
4.078988333292679E-7
3.793827716034718E-7
3.528727848915971E-7
3.2822428070589764E-7
3.05304419975179E-7
2.839900489404413E-7
2.6416742105838363E-7
2.457310866019596E-7
2.3415452875408053E-7
2.1766755498174315E-7
2.0453698858765307E-7
1.8969916206482302E-7
1.7656411532007388E-7
1.635707024682564E-7
1.5177365725547246E-7
1.4064230496030557E-7
1.3044313020315375E-7
1.2457126487795027E-7
1.1555874686624544E-7
1.086583120430742E-7
1.005803970051334E-7
9.351346568991686E-8
8.647052386756187E-8
8.02709266001938E-8
7.426708609948273E-8
6.887809968383997E-8
6.379646557796863E-8
5.915508135666586E-8
5.483725126684087E-8
5.086600943414264E-8
4.718925745220951E-8
4.3797692364820234E-8
4.066060205096239E-8
3.776118909001783E-8
3.507751832072424E-8
3.2593006233632024E-8
3.29830072857252E-8
3.05994791791014E-8
2.9497164973871246E-8
2.7176321320451547E-8
2.5352238836423572E-8
2.428274068758608E-8
2.253302287851002E-8
8.989224121963663E-8
8.858111882907146E-8
1.1690497987293157E-7
1.1061566223059008E-7
1.1895964132209664E-7
1.1157450857015594E-7
1.212679917030175E-7
1.142213807647242E-7
1.1403563203410798E-7
1.062039675245909E-7
9.934851700726776E-8
8.991623304390159E-8
8.053344706779108E-8
7.066424688138263E-8
6.119313144738772E-8
5.2201203436193374E-8
4.400284468187839E-8
3.668229255212518E-8
3.03041907140801E-8
3.5581114747946255E-8
3.0684501115776456E-8
3.407249652646769E-8
3.033849357861355E-8
2.985804690094129E-8
2.61550082852677E-8
2.3821355409503315E-8
2.0360192205538097E-8
1.7666347437065373E-8
1.932875752742238E-8
1.6787643700718478E-8
1.749141278041802E-8
1.4977452781169737E-8
1.4103733301246471E-8
1.1798476045003754E-8
1.0355125434838671E-8
8.501045335168258E-9
1.0837377660531151E-8
9.241443262553332E-9
1.1590655500282946E-8
9.91740497074641E-9
1.0504142604567081E-8
1.260239869100917E-7
1.4603083809128462E-7
1.8461699694846083E-7
1.8300830328960695E-7
1.7858467695311998E-7
1.62647695452737E-7
1.4629353390772003E-7
1.3116439749909633E-7
1.1648944030532344E-7
1.0262860232367972E-7
8.906857585265962E-8
7.625643756213636E-8
6.42286160619367E-8
5.368760415883744E-8
4.417435140472656E-8
3.614155213188241E-8
2.9173331176488647E-8
2.3463156961682304E-8
1.863935270584402E-8
1.4731365030085115E-8
1.0214670372323192E-7
1.0494756287716949E-7
1.6031687539216608E-7
1.4662881378887807E-7
1.5310688179437763E-7
1.3072770480390125E-7
1.1804869700172542E-7
9.691653211548185E-8
8.114802197698566E-8
6.459151255979174E-8
5.161687031049396E-8
4.005157406067913E-8
3.101354189393815E-8
2.357948860430082E-8
6.636004553652316E-8
6.347702122883911E-8
7.224977331660732E-8
6.17938083068828E-8
5.626527223414845E-8
7.255673931704779E-8
6.612430541286449E-8
6.779667721269054E-8
5.8753811378231605E-8
5.258938885434232E-8
4.359742220976665E-8
3.6326303859931834E-8
2.9058562015358476E-8
2.3610905926787556E-8
1.8478161354951724E-8
1.4706412838322095E-8
1.1388070566741071E-8
8.918043316702166E-9
6.8519464379302894E-9
5.28088540606667E-9
4.013033155087569E-9
3.044886552330422E-9
2.2862585497874442E-9
1.71122015792086E-9
1.2711917832306626E-9
9.413527219274462E-10
6.935373874992224E-10
1.7872771322896474E-8
2.0741674946821598E-8
2.4599605545405413E-8
2.2623242587478677E-8
2.289154318821389E-8
2.1209878396125698E-8
2.0886791598254788E-8
1.9800149652776912E-8
1.923695930294258E-8
1.8369237902120837E-8
2.0985574766792292E-8
2.0642767076243533E-8
1.9892350263681455E-8
1.7957075739089187E-8
1.5819590551308795E-8
1.3448604019760064E-8
1.1211203643010623E-8
9.135349383434147E-9
7.332437964833271E-9
5.7946547087208145E-9
4.52849150771009E-9
3.501594801439841E-9
2.6864198406955923E-9
2.213252543341321E-9
1.7059156103744021E-9
1.442508331539703E-9
1.1763680582292456E-9
1.0184628602750013E-9
8.619831841070337E-10
8.378890181457518E-10
7.210203839767088E-10
6.90891461191389E-10
6.8587649869516146E-9
7.850999672090169E-9
9.243821348450085E-9
8.523265332138533E-9
7.873794297435153E-9
6.655327322942749E-9
5.659518988007254E-9
4.5791946156989475E-9
3.7696326890737965E-9
3.0160231731331417E-9
2.4336834897857427E-9
1.9295705347507597E-9
1.5312712643154919E-9
6.599314119764433E-9
6.876706451776104E-9
7.81458443934013E-9
6.914988077684107E-9
6.25448655726416E-9
5.196118462491312E-9
4.308192446847643E-9
3.503248965404469E-9
5.871166042132854E-9
5.694922241689398E-9
5.941911531919179E-9
5.200567455163161E-9
6.542793594565089E-9
5.964091673933487E-9
6.6042006865627845E-9
5.817226946845554E-9
5.590153999957447E-9
4.826166357572489E-9
4.308080157914181E-9
3.6633113038749344E-9
3.1313112818726434E-9
2.600435517941385E-9
2.1648638061879515E-9
1.760313642169427E-9
1.4473030251494993E-9
1.1701251555365437E-9
9.477951229796902E-10
1.855547734849037E-8
1.977334834133856E-8
2.8466426264169702E-8
2.8446927046721755E-8
2.8380024259270304E-8
2.54249502456322E-8
2.2393746458918874E-8
1.8812762655376815E-8
1.5556890355450924E-8
1.2530263395800015E-8
9.976762530934379E-9
7.917378153024423E-9
6.208914805860403E-9
4.858012835998673E-9
3.7582708626483955E-9
2.892783181893426E-9
2.204530089331114E-9
1.6700329471998164E-9
1.25497945347153E-9
9.38009631881636E-10
6.968852003732831E-10
5.156008945279295E-10
3.7992867075028417E-10
1.36044032610473E-8
1.3638530345357479E-8
1.75300446689315E-8
1.5325625745934298E-8
1.4654662134497848E-8
1.3290241376777504E-8
1.2414048808120816E-8
1.171092952972596E-8
1.1112339553600891E-8
9.903846019287143E-9
8.867013162259524E-9
7.570668543838403E-9
6.447646672306877E-9
5.33572995545465E-9
4.390750475983889E-9
3.550022288271032E-9
2.8535827134665554E-9
2.26890900718482E-9
1.7958797984102173E-9
1.4156677434005767E-9
1.1119547208230189E-9
1.0547737713583734E-9
9.921369213210448E-10
1.0046125386764722E-9
9.81308624656687E-10
7.401535119649059E-9
7.635010037655118E-9
9.772247394151462E-9
8.890387325600348E-9
8.538237071620028E-9
7.286175413737731E-9
6.376418382941654E-9
5.289106573933655E-9
4.4471698018020655E-9
8.377639252956468E-9
7.806826319050017E-9
8.884678955273322E-9
7.77873454592556E-9
7.262891469170308E-9
6.1340741353353394E-9
5.283100698543145E-9
4.360973134347573E-9
3.6030865770193253E-9
2.9105804564359894E-9
2.339071626507258E-9
1.8534552839590332E-9
1.459993647777951E-9
5.424956827667425E-9
4.892038017505021E-9
6.570612257146899E-9
5.716941373770018E-9
5.619813729512093E-9
4.700369104226648E-9
4.152591224714032E-9
3.4099476671581548E-9
2.8646551820562754E-9
2.3152541795038486E-9
1.8821583291407507E-9
1.4953323941258668E-9
1.1863836291678042E-9
3.000000802157904E-9
2.9630585171008154E-9
3.4987228011840985E-9
3.1312681691475387E-9
2.9062630453736036E-9
2.4196260640739618E-9
2.029150670845722E-9
1.6163155509925569E-9
1.2860285029362098E-9
9.956038106736372E-10
7.684001921367535E-10
5.840659382465054E-10
4.428381455809558E-10
3.330754625926398E-10
3.4287285717282703E-6
3.811489488382692E-6
6.60353533901913E-6
6.843012670923306E-6
7.202678931399175E-6
7.0084266626072405E-6
6.926103006653852E-6
6.676934658576818E-6
6.49654283580672E-6
6.2558221123659395E-6
5.719273279769161E-6
5.188917809419735E-6
4.528395442549444E-6
3.928631386035061E-6
3.3192284593224145E-6
2.789231859120274E-6
2.3001097154765577E-6
1.8869743759138594E-6
1.5265756726360586E-6
1.2300751601924302E-6
1.0001183660945635E-6
8.014712868636538E-7
6.48353940989951E-7
5.167421602398093E-7
4.1416752629667216E-7
3.279728849654861E-7
2.6089288460893446E-7
1.6651199091072588E-6
1.7955859825550569E-6
2.9278191786581946E-6
2.778690527726633E-6
3.1376200958054534E-6
2.80963359432702E-6
2.7279927135310936E-6
2.356480997012096E-6
2.1127241667403863E-6
1.7726682074403944E-6
1.5114715945298248E-6
1.2392953819180893E-6
1.0489655512886611E-6
8.567723809047753E-7
7.135410587865725E-7
5.780722173561884E-7
4.7221355093330905E-7
3.7828422613212094E-7
3.04267322495166E-7
2.418263887893034E-7
1.9237802730608393E-7
1.5158866378324702E-7
1.1922817312583284E-7
9.29886950548512E-8
7.228434646687924E-8
5.577911935164349E-8
4.288315284557813E-8
3.276596352989809E-8
2.4947249853996526E-8
1.8898424661216452E-8
1.427142226518032E-8
1.7010490914672666E-8
1.4501985707742821E-8
2.5166857692106307E-8
2.4079990250503057E-8
2.916095366368167E-8
2.7115004063387164E-8
2.7523434853748605E-8
2.482317966356115E-8
2.313961171121914E-8
2.0271373867610633E-8
1.793745438565922E-8
1.5289854798860688E-8
1.3034894217438097E-8
1.0839307582730767E-8
8.978567105120307E-9
8.658098564498375E-9
7.518196893470851E-9
9.01818085963826E-9
8.52243022239038E-9
8.9418544665281E-9
8.101594061012498E-9
7.594470042743606E-9
6.559075664455703E-9
5.727283016885978E-9
6.455007779137248E-7
7.428155911131771E-7
1.0042809581247258E-6
9.472571711400229E-7
9.475859991068133E-7
8.193592345812692E-7
7.279432424223934E-7
5.996394073563379E-7
5.006323047537402E-7
8.254368577689414E-7
7.902266538879911E-7
8.936888882260083E-7
7.933630743918377E-7
7.510023760098306E-7
6.306859251353429E-7
5.467002318835291E-7
4.433305332142524E-7
3.671060220235388E-7
5.235706424371391E-7
4.969434509456745E-7
5.469417518748914E-7
4.895319612234659E-7
4.616960555725724E-7
3.9172772176261883E-7
5.201631353152044E-7
4.6949223194748936E-7
4.978229861628664E-7
4.296967472770218E-7
3.968451439192107E-7
4.4894825039226595E-7
4.033345467643971E-7
4.1504071010371386E-7
3.611283559235325E-7
3.3468750766775413E-7
2.8263276847329715E-7
2.2616450447059185E-6
2.51507420823829E-6
3.1332178339006325E-6
3.041576557205639E-6
3.1191241501088535E-6
2.867061348424979E-6
2.6697274587612665E-6
2.3450752697358567E-6
2.056851116626534E-6
1.7395264441336866E-6
1.4603083027573913E-6
1.195492511145487E-6
9.69726182760855E-7
7.723125213177654E-7
6.095828419086762E-7
4.7458140007038087E-7
3.665567286439701E-7
2.80185902763038E-7
2.1274131896753103E-7
1.6024761023347688E-7
1.2004642766417553E-7
8.937772714739984E-8
6.624765701121412E-8
7.394051367146178E-7
7.274876554569092E-7
1.0058408247599195E-6
9.012719736496051E-7
9.008352514054105E-7
7.600900366394041E-7
6.688218227412272E-7
5.420592960348151E-7
4.464288940681859E-7
3.513374839295975E-7
2.7790266663532644E-7
2.1386207389903194E-7
1.6512583880157583E-7
1.250455230195785E-7
9.790598108007996E-8
7.66385994192142E-8
6.268679182818805E-8
5.200495402173033E-8
4.308655166393503E-8
3.573273168719247E-8
2.924076305643278E-8
2.3809092751745772E-8
1.9122680375263805E-8
1.5255081431304627E-8
1.2229332964945955E-8
9.625913529956338E-9
7.880389498981266E-9
6.255708933920009E-9
5.131040882903689E-9
4.090009980870705E-9
3.3260567072675677E-9
2.7855390055973202E-9
2.2574336662851283E-9
2.0810635501537143E-9
1.7529811214196859E-9
1.6115040852093612E-9
1.374881653792925E-9
1.2203477468986488E-9
1.0323697358807567E-9
8.860469944336759E-10
7.382801263791919E-10
6.933168488946139E-10
5.888086747026393E-10
6.467956732470339E-10
5.960884570837227E-10
7.393831086892115E-10
8.149481362616863E-10
9.681031410784153E-10
1.0505786131224432E-9
1.133093935371318E-9
1.1540624918111659E-9
1.148249559457143E-9
1.1011021422268687E-9
1.0439643982204904E-9
9.694207850369367E-10
8.94315005157477E-10
8.130804999746616E-10
7.347947440215531E-10
6.563665900752354E-10
5.828630457670986E-10
5.235001293712478E-10
4.5937418803891425E-10
4.5332506265976084E-10
4.320148304260606E-10
4.4570937448261467E-10
2.033587128666254E-7
2.5730384021218304E-7
3.3231997068055614E-7
3.2737389281894135E-7
3.191074447842746E-7
2.8184925006653765E-7
2.4564537035050283E-7
2.038603312605147E-7
1.6713190925211862E-7
1.3314766132973863E-7
1.0498758261058781E-7
8.126796692811096E-8
6.23832525116135E-8
4.728733748029377E-8
3.560649599542355E-8
2.657353195513004E-8
1.9728566342184987E-8
1.4553090561735163E-8
1.069176555087849E-8
7.818441621254198E-9
5.699698625992108E-9
4.141322025966974E-9
1.5538656153844644E-6
1.6787973217833016E-6
2.1385983163411603E-6
2.049088907426765E-6
1.975429874591765E-6
1.7297898994802525E-6
1.5052252050873516E-6
1.2506951908018663E-6
1.0310332887417758E-6
1.4084611314806913E-6
1.2728340570070038E-6
1.4213223877218282E-6
1.298014030487656E-6
1.3289939067259185E-6
1.1422534887196296E-6
1.0409062476189767E-6
8.620628099627806E-7
7.339202440351859E-7
1.6948431924260674E-6
1.651716696848026E-6
1.8791854096205925E-6
1.7110981967492382E-6
1.6180449991747508E-6
1.3955366326191446E-6
1.2182869754783402E-6
1.0129959275235833E-6
8.432222402881138E-7
6.809185806081617E-7
1.0440479678676145E-6
9.389657492279275E-7
1.0039113327537357E-6
8.422593678645332E-7
7.645066881252318E-7
6.161814562011885E-7
5.152768185242609E-7
4.0537353119689607E-7
3.2462887178167233E-7
2.524193051031936E-7
1.9793477610278354E-7
1.5240217436128355E-7
1.1785215388160878E-7
9.045078271505851E-8
6.955928420651258E-8
5.3216034401374625E-8
4.062128204283568E-8
3.081774836094258E-8
2.3265548970858298E-8
1.7448192758563486E-8
1.3011033545570567E-8
9.642188355351744E-9
7.107384277270601E-9
5.211158958895442E-9
3.803442125779533E-9
2.7640928067879423E-9
2.0014313308003933E-9
1.4443959319395871E-9
1.0395023855376516E-9
4.6105110881707324E-7
4.4791348103996843E-7
5.739001600052173E-7
6.602190460241189E-7
6.419656539620047E-7
6.049785372441861E-7
5.23496898279878E-7
4.465784408376296E-7
3.6396722326715227E-7
2.931798698420348E-7
2.2977351056470543E-7
1.7820441714080112E-7
1.357617135654797E-7
1.0251578193398444E-7
7.647355399374226E-8
5.6681819043808024E-8
4.214517113413768E-8
3.123331790836876E-8
2.3223144920910273E-8
1.719006032308802E-8
1.2718404006708403E-8
9.359374707576337E-9
6.876455274057678E-9
5.093595678511793E-9
1.8319490858293226E-7
1.8698041475231647E-7
2.3275375506186004E-7
2.0345367299808708E-7
1.893941626557639E-7
1.5446819668883816E-7
1.2852838470252774E-7
1.0047599426328628E-7
2.1970212124321014E-7
1.9833664086949097E-7
2.184429441012376E-7
1.820475125096297E-7
1.6222178160013537E-7
1.2870695524682676E-7
1.0451105003663776E-7
8.019191780704216E-8
6.194036191813126E-8
4.639816762519445E-8
1.4027758686918438E-7
1.2776294846592776E-7
1.4554660368488433E-7
1.2133517264446566E-7
1.0875165079325998E-7
8.608397792193701E-8
6.98707402486626E-8
5.632934884394557E-8
4.3991938305348205E-8
3.8613229114901475E-8
3.2318958668425125E-8
2.8017520137048196E-8
2.3306267559269878E-8
1.9891468927933567E-8
1.627554532775507E-8
6.866580123842547E-8
6.814337144345032E-8
7.98758092989899E-8
6.9786399199856E-8
6.37011940367386E-8
5.198608629758958E-8
4.284451251468693E-8
7.968144524767062E-8
7.183239570620473E-8
9.77759641589169E-8
8.606145567357774E-8
9.267446117362569E-8
8.219558957051069E-8
7.551742748053515E-8
6.364781060007385E-8
5.42058064512927E-8
4.40744759721712E-8
3.5704874616660805E-8
2.810324911818081E-8
2.1935084075189756E-8
1.6794308701142802E-8
1.2745630853050804E-8
9.54466704424704E-9
7.0932277491548845E-9
3.6636920619844166E-8
3.2286622027218314E-8
6.305446060850334E-8
5.734683354344379E-8
7.371527820442994E-8
6.78262332677365E-8
7.230088179794592E-8
6.563008733814174E-8
6.296295348033235E-8
5.879928866147587E-8
5.503996174429463E-8
5.307817251515736E-8
4.78033560711235E-8
4.5440190187187707E-8
3.978500660910427E-8
3.6640167698383806E-8
3.183367732664683E-8
2.85107663247674E-8
4.661417186385314E-8
4.416349997685126E-8
5.9052485167000596E-8
5.3176406954945715E-8
5.7249191181964756E-8
5.001749677756967E-8
4.761611260734222E-8
4.063888700533269E-8
3.6051122950052935E-8
3.0106918733197106E-8
2.5553194705570666E-8
2.0937575525497188E-8
1.7259492058797987E-8
1.3928685237018868E-8
1.126106038509384E-8
8.98785275132041E-9
7.176091547964276E-9
1.0723491582949749E-8
9.562452679623372E-9
1.4256930710665779E-8
1.3815265175127106E-8
1.590640555856058E-8
1.550699815723648E-8
1.5866959900479227E-8
1.511461434986305E-8
1.5005428188406103E-8
1.4116324487248976E-8
1.3846988647214511E-8
1.4823149209181253E-8
1.460750280149621E-8
1.5175658425444933E-8
1.466378623915602E-8
1.4195149966237122E-8
1.3242349733479394E-8
1.2509617097558877E-8
1.1509720799068368E-8
1.0744005937477575E-8
9.8213740343792E-9
9.067992520286106E-9
8.234557619826188E-9
7.877344181413351E-9
7.1294478711734515E-9
6.999475982369565E-9
6.381472595330399E-9
6.16307678010585E-9
5.603237894592894E-9
5.2641595864332855E-9
1.1141402934749665E-8
1.194991790640814E-8
1.6131827072026718E-8
1.5844385785701985E-8
1.6083821732498396E-8
1.4480486137072949E-8
1.3015305927492196E-8
1.134392645091177E-8
9.661103754017463E-9
8.499879164402039E-9
7.134556640754759E-9
6.404757274749653E-9
5.393124141237952E-9
4.805929033135065E-9
4.034878350091046E-9
3.5125280369384954E-9
7.141023358489334E-9
7.0020155704749176E-9
8.060851338878926E-9
7.222245308128839E-9
7.315631168718558E-9
6.234005733002652E-9
5.736848586110269E-9
4.771545431938225E-9
6.717168994892022E-9
6.132821644640485E-9
6.45358034382814E-9
5.56808296716643E-9
4.9940673194345786E-9
4.095509109951074E-9
3.387950500945741E-9
2.680075801194101E-9
2.119188667974075E-9
1.6359386709891592E-9
1.260003431091417E-9
3.5155556610633083E-9
3.2220758315076735E-9
4.095905465374422E-9
4.071618758661807E-9
4.054721920474021E-9
3.6784195389645595E-9
3.2575155475792307E-9
2.7535248938515464E-9
2.27909061283191E-9
1.834880964912954E-9
1.4535513526417802E-9
1.9142662207531702E-9
1.718325358581911E-9
1.7637882320087673E-9
1.5854937012638437E-9
1.416371731908671E-9
1.3583265416630157E-9
1.23040113767537E-9
1.1558540835886632E-9
9.1404670922505E-9
9.634311026435364E-9
1.8450325924980894E-8
1.911183516772399E-8
2.492706189444784E-8
2.444491353869524E-8
2.5830513453147494E-8
2.4171835453418596E-8
2.2901066585495457E-8
2.0738135308094057E-8
1.8932537118910233E-8
1.6857469162065332E-8
1.5311358567358575E-8
1.348669819381195E-8
1.208044969229573E-8
1.079305686884134E-8
9.510456375565285E-9
8.243807044355859E-9
9.693934436445026E-9
8.709211549850146E-9
3.836452069314745E-8
3.969679065991896E-8
6.36237600585381E-8
6.390608368488285E-8
7.01923382357221E-8
6.729555539506425E-8
6.531736927942892E-8
6.043679261590184E-8
5.5015876617468465E-8
5.367686041022104E-8
4.773471623491784E-8
4.70290176036837E-8
4.11641808637183E-8
3.8537910070697944E-8
3.2862072999979744E-8
2.9254871629657213E-8
2.4332456173634567E-8
2.0816740641335364E-8
1.694581408525676E-8
1.4059805370148234E-8
1.1240187664004664E-8
9.106963319105938E-9
1.539199735010982E-8
1.3305494813901567E-8
5.043451339045365E-7
5.078935551169057E-7
6.532128617840745E-7
6.015702124720086E-7
5.84162237472616E-7
5.024540765933319E-7
4.406511720306062E-7
3.6680015411318065E-7
3.067592496525297E-7
2.5135662688674814E-7
4.0461084967611433E-7
3.791693637928592E-7
4.0396224719250457E-7
3.491877810516143E-7
3.1508660848286604E-7
2.585636973613136E-7
2.150467488697758E-7
3.498394986480001E-7
3.166591007113752E-7
3.320059631595582E-7
2.7769877514591223E-7
3.461847737972676E-7
2.995614602775967E-7
2.910847227166629E-7
2.396766828615818E-7
2.05743568379055E-7
1.630759541290283E-7
1.3097388859098697E-7
1.0077525875785594E-7
8.162437929373651E-8
6.215377819506113E-8
5.139950696968342E-8
3.93671952270409E-8
3.212029258384924E-8
2.4525867282863504E-8
1.9479700195252347E-8
1.4724917817548074E-8