
0.0,0.0,0.0,0.0,0.0,0.0,0.0,
0.0,0.0,0.0,0.0,0.0,0.0,0.0,
0.0,0.0,0.0,0.0,0.0,0.0,0.0,
0.0,0.0,0.0,0.0,0.0,0.0,0.0,
1.9439468227697734E-7,0.0,1.7649338060358546E-5,3.590292044820397E-5,0.0,0.0,0.0,
6.0928636271394184E-5,7.264124818384623E-5,5.768115816353954E-5,2.2226193419974235E-4,0.0,0.0,0.0,
1.524110273451288E-4,2.373543725281869E-4,1.2047974004859205E-4,5.534169888049941E-4,0.0,0.0,0.0,
2.2283597505035844E-4,2.9614595408320257E-4,1.2047974004859205E-4,5.534169888049941E-4,0.0,0.0,0.0,
2.2142967939347763E-4,2.9614595408320257E-4,1.2047974004859205E-4,5.593975482218412E-4,0.0,0.0,0.0,
2.2142967939347763E-4,2.9614595408320257E-4,1.2047974004859205E-4,6.095047438129606E-4,0.0,0.0,0.0,
3.9933532384247585E-4,6.779683234122083E-4,1.2047974004859205E-4,0.0012152784726632586,0.0,0.0,0.0,
3.9933532384247585E-4,6.779683234122083E-4,1.2047974004859205E-4,0.0012152784726632586,0.0,0.0,0.0,
3.9933532384247585E-4,0.0012093586898591945,9.478981873821772E-4,0.0016243704891258253,0.0,0.0,0.0,
0.0010013058820310598,0.001571324472915471,0.002084432457256819,0.006331203556034544,0.0,0.0,0.0,
0.0011365185665990144,0.001571324472915471,0.0035846579054821435,0.008879251616679329,0.0,0.0,0.0,
0.002536534294527753,0.009800416919825451,0.0062653992983965,0.01530965138354878,0.0,0.0,0.0,
0.002536534294527753,0.01181761308155058,0.0062653992983965,0.015355550153224734,0.0,0.0,0.0,
0.002536534294527753,0.01181761308155058,0.0062653992983965,0.017510761900568862,0.0,0.0,0.0,
0.006537985916694786,0.013989046645467237,0.008244468987341306,0.021090258735079834,0.0,0.0,0.0,
0.007200577192342746,0.016097653415086836,0.010778613758962377,0.0237887660384594,0.0,0.0,0.0,
0.007200577192342746,0.019514326804184648,0.010778613758962377,0.02320486562010582,0.0,0.0,0.0,
0.007200577192342746,0.020492580686788064,0.011789190288875663,0.025578474112550424,0.0,0.0,0.0,
0.00878099112589971,0.02586595014113644,0.013940788999625869,0.027240907315663056,0.0,0.0,0.0,
0.010574728513743097,0.02855609629282974,0.014422480436453462,0.028322373261849138,0.0,0.0,0.0,
0.01165651273425599,0.02855609629282974,0.014422480436453462,0.030101337674414527,0.0,0.0,0.0,
0.01165651273425599,0.02855609629282974,0.017725433854549874,0.031836405368714835,0.0,0.0,0.0,
0.01165651273425599,0.02855609629282974,0.020833882561152175,0.03303284945405884,0.0,0.0,0.0,
0.012894972796009362,0.031596272524641644,0.020833882561152175,0.03693413208654112,0.0,0.0,0.0,
0.012894972796009362,0.031596272524641644,0.020833882561152175,0.03693413208654112,0.0,0.0,0.0,
0.012894972796009362,0.031596272524641644,0.020833882561152175,0.04056671732887182,0.0,0.0,0.0,
0.012894972796009362,0.036095050911941165,0.020833882561152175,0.04280432012075687,0.0,0.0,0.0,
0.012894972796009362,0.036095050911941165,0.020833882561152175,0.043718984740920036,0.0,0.0,0.0,
0.039782947173349,0.036095050911941165,0.026090717524780652,0.128325030258858,0.0,0.0,0.0,
0.03935945234229727,0.05215874849932455,0.03414828494162524,0.11851821299247389,0.0,0.0,0.0,
0.03935945234229727,0.05215874849932455,0.04129342922509214,0.1598974657532189,0.0,0.0,0.0,
0.03935945234229727,0.060308826290287845,0.050530038943478676,0.15715444720700736,0.0,0.0,0.0,
0.03935945234229727,0.060308826290287845,0.050530038943478676,0.15715444720700736,0.0,0.0,0.0,
0.03935945234229727,0.060308826290287845,0.050530038943478676,0.15715444720700736,0.0,0.0,0.0,
0.03935945234229727,0.07806176445165344,0.050530038943478676,0.15715444720700736,0.0,0.0,0.0,
0.04180067135275589,0.10886992891231784,0.080640563782483,0.18916728766839888,0.0,0.0,0.0,
0.04180067135275589,0.10886992891231784,0.080640563782483,0.18916728766839888,0.0,0.0,0.0,
0.04180067135275589,0.10886992891231784,0.080640563782483,0.2395804029968311,0.0,0.0,0.0,
0.04180067135275589,0.10886992891231784,0.080640563782483,0.2395804029968311,0.0,0.0,0.0,
0.04180067135275589,0.10886992891231784,0.080640563782483,0.2395804029968311,0.0,0.0,0.0,
0.04180067135275589,0.10886992891231784,0.12503861190278903,0.2395804029968311,0.0,0.0,0.0,
0.04180067135275589,0.10886992891231784,0.14224952455371725,0.30234142042372997,0.0,0.0,0.0,
0.04180067135275589,0.10886992891231784,0.14224952455371725,0.30234142042372997,0.0,0.0,0.0,
0.04180067135275589,0.10886992891231784,0.14224952455371725,0.3606452022859769,0.0,0.0,0.0,
0.04180067135275589,0.10886992891231784,0.14224952455371725,0.44254425469046244,0.0,0.0,0.0,
0.04180067135275589,0.10886992891231784,0.14224952455371725,0.5045765932010329,0.0,0.0,0.0,
0.04180067135275589,0.10886992891231784,0.14224952455371725,0.5045765932010329,0.0,0.0,0.0,
0.04180067135275589,0.10886992891231784,0.14224952455371725,0.5045765932010329,0.0,0.0,0.0,
0.04180067135275589,0.10886992891231784,0.14224952455371725,0.5045765932010329,0.0,0.0,0.0,
0.04180067135275589,0.10886992891231784,0.14224952455371725,0.5045765932010329,0.0,0.0,0.0,
0.04180067135275589,0.10886992891231784,0.14224952455371725,0.5995137013483673,0.0,0.0,0.0,
0.04180067135275589,0.10886992891231784,0.14224952455371725,0.6997735179594357,0.0,0.0,0.0,
0.04180067135275589,0.10886992891231784,0.14224952455371725,0.8101931396530773,0.0,0.0,0.0,
0.04180067135275589,0.10886992891231784,0.14224952455371725,0.8101931396530773,0.0,0.0,0.0,
0.04180067135275589,0.10886992891231784,0.14224952455371725,0.8101931396530773,0.0,0.0,0.0,
0.04180067135275589,0.10886992891231784,0.14224952455371725,0.8101931396530773,0.0,0.0,0.0,
0.04180067135275589,0.10886992891231784,0.14224952455371725,0.7575429458901726,0.0,0.0,0.0,
0.04180067135275589,0.10886992891231784,0.14224952455371725,0.7575429458901726,0.0,0.0,0.0,
0.04180067135275589,0.10886992891231784,0.14224952455371725,0.7575429458901726,0.0,0.0,0.0,
0.04180067135275589,0.10886992891231784,0.14224952455371725,0.9032418316279732,0.0,0.0,0.0,
0.04180067135275589,0.10886992891231784,0.14224952455371725,0.9032418316279732,0.0,0.0,0.0,
0.04180067135275589,0.10886992891231784,0.14224952455371725,1.014983134449243,0.0,0.0,0.0,
0.04180067135275589,0.10886992891231784,0.14224952455371725,1.1092001144343622,0.0,0.0,0.0,
0.04180067135275589,0.10886992891231784,0.14224952455371725,1.1092001144343622,0.0,0.0,0.0,
0.04180067135275589,0.10886992891231784,0.14224952455371725,1.2057601548145902,0.0,0.0,0.0,
0.04180067135275589,0.10886992891231784,0.14224952455371725,1.3067890876326727,0.0,0.0,0.0,
0.04180067135275589,0.10886992891231784,0.14224952455371725,1.3067890876326727,0.0,0.0,0.0,
0.04180067135275589,0.10886992891231784,0.14224952455371725,1.3067890876326727,0.0,0.0,0.0,
0.04180067135275589,0.10886992891231784,0.14224952455371725,1.3067890876326727,0.0,0.0,0.0,
0.04180067135275589,0.10886992891231784,0.14224952455371725,1.3067890876326727,0.0,0.0,0.0,
0.04180067135275589,0.10886992891231784,0.14224952455371725,1.3067890876326727,0.0,0.0,0.0,
0.04180067135275589,0.10886992891231784,0.14224952455371725,1.2153216527943749,0.0,0.0,0.0,
0.04180067135275589,0.10886992891231784,0.14224952455371725,1.2153216527943749,0.0,0.0,0.0,
0.04180067135275589,0.10886992891231784,0.14224952455371725,1.325532697224135,0.0,0.0,0.0,
0.04180067135275589,0.10886992891231784,0.14224952455371725,1.325532697224135,0.0,0.0,0.0,
0.04180067135275589,0.10886992891231784,0.14224952455371725,1.325532697224135,0.0,0.0,0.0,
0.04180067135275589,0.10886992891231784,0.14224952455371725,1.432471605467769,0.0,0.0,0.0,
0.04180067135275589,0.10886992891231784,0.14224952455371725,1.4981483625124414,0.0,0.0,0.0,
0.04180067135275589,0.10886992891231784,0.14224952455371725,1.6372856771060533,0.0,0.0,0.0,
0.04180067135275589,0.10886992891231784,0.14224952455371725,1.6372856771060533,0.0,0.0,0.0,
0.04180067135275589,0.10886992891231784,0.14224952455371725,1.6372856771060533,0.0,0.0,0.0,
0.04180067135275589,0.10886992891231784,0.14224952455371725,1.6372856771060533,0.0,0.0,0.0,
0.04180067135275589,0.10886992891231784,0.14224952455371725,1.6372856771060533,0.0,0.0,0.0,
0.04180067135275589,0.10886992891231784,0.14224952455371725,1.6372856771060533,0.0,0.0,0.0,
0.04180067135275589,0.10886992891231784,0.14224952455371725,1.6372856771060533,0.0,0.0,0.0,
0.04180067135275589,0.10886992891231784,0.14224952455371725,1.7245205595275563,0.0,0.0,0.0,
0.04180067135275589,0.10886992891231784,0.14224952455371725,1.7245205595275563,0.0,0.0,0.0,
0.04180067135275589,0.10886992891231784,0.14224952455371725,1.7245205595275563,0.0,0.0,0.0,
0.04180067135275589,0.10886992891231784,0.14224952455371725,1.7245205595275563,0.0,0.0,0.0,
0.04180067135275589,0.10886992891231784,0.14224952455371725,1.7245205595275563,0.0,0.0,0.0,
0.04180067135275589,0.10886992891231784,0.14224952455371725,1.7245205595275563,0.0,0.0,0.0,
0.04180067135275589,0.10886992891231784,0.14224952455371725,1.7245205595275563,0.0,0.0,0.0,
0.04180067135275589,0.10886992891231784,0.14224952455371725,1.7245205595275563,0.0,0.0,0.0,
0.04180067135275589,0.10886992891231784,0.14224952455371725,1.7245205595275563,0.0,0.0,0.0,
0.04180067135275589,0.10886992891231784,0.14224952455371725,1.8364620388907338,0.0,0.0,0.0,
0.04180067135275589,0.10886992891231784,0.14224952455371725,1.8364620388907338,0.0,0.0,0.0,
0.04180067135275589,0.10886992891231784,0.14224952455371725,1.8364620388907338,0.0,0.0,0.0,
0.04180067135275589,0.10886992891231784,0.14224952455371725,1.8364620388907338,0.0,0.0,0.0,
0.04180067135275589,0.10886992891231784,0.14224952455371725,1.8364620388907338,0.0,0.0,0.0,
0.04180067135275589,0.10886992891231784,0.14224952455371725,1.8364620388907338,0.0,0.0,0.0,
0.04180067135275589,0.10886992891231784,0.14224952455371725,1.8364620388907338,0.0,0.0,0.0,
0.04180067135275589,0.10886992891231784,0.14224952455371725,1.8364620388907338,0.0,0.0,0.0,
0.04180067135275589,0.10886992891231784,0.14224952455371725,1.8364620388907338,0.0,0.0,0.0,
0.04180067135275589,0.10886992891231784,0.14224952455371725,1.8364620388907338,0.0,0.0,0.0,
0.04180067135275589,0.10886992891231784,0.14224952455371725,1.8364620388907338,0.0,0.0,0.0,
0.04180067135275589,0.10886992891231784,0.14224952455371725,1.8364620388907338,0.0,0.0,0.0,
0.04180067135275589,0.10886992891231784,0.14224952455371725,2.0023935585149184,0.0,0.0,0.0,
0.04180067135275589,0.10886992891231784,0.14224952455371725,2.0023935585149184,0.0,0.0,0.0,
0.04180067135275589,0.10886992891231784,0.14224952455371725,2.0023935585149184,0.0,0.0,0.0,
0.04180067135275589,0.10886992891231784,0.14224952455371725,2.1722320431276025,0.0,0.0,0.0,
0.04180067135275589,0.10886992891231784,0.14224952455371725,2.1722320431276025,0.0,0.0,0.0,
0.04180067135275589,0.10886992891231784,0.14224952455371725,2.1722320431276025,0.0,0.0,0.0,
0.04180067135275589,0.10886992891231784,0.14224952455371725,2.1722320431276025,0.0,0.0,0.0,
0.04180067135275589,0.10886992891231784,0.14224952455371725,2.1722320431276025,0.0,0.0,0.0,
0.04180067135275589,0.10886992891231784,0.14224952455371725,2.1722320431276025,0.0,0.0,0.0,
0.04180067135275589,0.10886992891231784,0.14224952455371725,2.1722320431276025,0.0,0.0,0.0,
0.04180067135275589,0.10886992891231784,0.14224952455371725,2.1722320431276025,0.0,0.0,0.0,
0.04180067135275589,0.10886992891231784,0.14224952455371725,2.235762687149527,0.0,0.0,0.0,
0.04180067135275589,0.10886992891231784,0.14224952455371725,2.235762687149527,0.0,0.0,0.0,
0.04180067135275589,0.10886992891231784,0.14224952455371725,2.235762687149527,0.0,0.0,0.0,
0.04180067135275589,0.10886992891231784,0.14224952455371725,2.235762687149527,0.0,0.0,0.0,
0.04180067135275589,0.10886992891231784,0.14224952455371725,2.2907851562096377,0.0,0.0,0.0,
0.04180067135275589,0.10886992891231784,0.14224952455371725,2.2907851562096377,0.0,0.0,0.0,
0.04180067135275589,0.10886992891231784,0.14224952455371725,2.2907851562096377,0.0,0.0,0.0,
0.04180067135275589,0.10886992891231784,0.14224952455371725,2.3721743524188965,0.0,0.0,0.0,
0.04180067135275589,0.10886992891231784,0.14224952455371725,2.3721743524188965,0.0,0.0,0.0,
0.04180067135275589,0.10886992891231784,0.14224952455371725,2.3721743524188965,0.0,0.0,0.0,
0.04180067135275589,0.10886992891231784,0.14224952455371725,2.3721743524188965,0.0,0.0,0.0,
0.04180067135275589,0.10886992891231784,0.14224952455371725,2.3721743524188965,0.0,0.0,0.0,
0.04180067135275589,0.10886992891231784,0.14224952455371725,2.3721743524188965,0.0,0.0,0.0,
0.04180067135275589,0.10886992891231784,0.14224952455371725,2.3721743524188965,0.0,0.0,0.0,
0.04180067135275589,0.10886992891231784,0.14224952455371725,2.3721743524188965,0.0,0.0,0.0,
0.04180067135275589,0.10886992891231784,0.14224952455371725,2.3721743524188965,0.0,0.0,0.0,
0.04180067135275589,0.10886992891231784,0.14224952455371725,2.3721743524188965,0.0,0.0,0.0,
0.04180067135275589,0.10886992891231784,0.14224952455371725,2.3721743524188965,0.0,0.0,0.0,
0.04180067135275589,0.10886992891231784,0.14224952455371725,2.4276765685289816,0.0,0.0,0.0,
0.04180067135275589,0.10886992891231784,0.14224952455371725,2.4276765685289816,0.0,0.0,0.0,
0.04180067135275589,0.10886992891231784,0.14224952455371725,2.4820945063823294,0.0,0.0,0.0,
0.04180067135275589,0.10886992891231784,0.14224952455371725,2.4820945063823294,0.0,0.0,0.0,
0.04180067135275589,0.10886992891231784,0.14224952455371725,2.4820945063823294,0.0,0.0,0.0,
0.04180067135275589,0.10886992891231784,0.14224952455371725,2.4820945063823294,0.0,0.0,0.0,
0.04180067135275589,0.10886992891231784,0.14224952455371725,2.4820945063823294,0.0,0.0,0.0,
0.04180067135275589,0.10886992891231784,0.14224952455371725,2.4820945063823294,0.0,0.0,0.0,
0.04180067135275589,0.10886992891231784,0.14224952455371725,2.345585655498812,0.0,0.0,0.0,
0.04180067135275589,0.10886992891231784,0.14224952455371725,2.4125468802751993,0.0,0.0,0.0,
0.04180067135275589,0.10886992891231784,0.14224952455371725,2.4125468802751993,0.0,0.0,0.0,
0.04180067135275589,0.10886992891231784,0.14224952455371725,2.4611974799549046,0.0,0.0,0.0,
0.04180067135275589,0.10886992891231784,0.14224952455371725,2.4955061686879927,0.0,0.0,0.0,
0.04180067135275589,0.10886992891231784,0.14224952455371725,2.567151727693657,0.0,0.0,0.0,
0.04180067135275589,0.10886992891231784,0.14224952455371725,2.567151727693657,0.0,0.0,0.0,
0.04180067135275589,0.10886992891231784,0.14224952455371725,2.567151727693657,0.0,0.0,0.0,
0.04180067135275589,0.10886992891231784,0.14224952455371725,2.567151727693657,0.0,0.0,0.0,
0.04180067135275589,0.10886992891231784,0.14224952455371725,2.5827221136164464,0.0,0.0,0.0,
0.04180067135275589,0.10886992891231784,0.14224952455371725,2.5827221136164464,0.0,0.0,0.0,
0.04180067135275589,0.10886992891231784,0.14224952455371725,2.5827221136164464,0.0,0.0,0.0,
0.04180067135275589,0.10886992891231784,0.14224952455371725,2.5827221136164464,0.0,0.0,0.0,
0.04180067135275589,0.10886992891231784,0.14224952455371725,2.5827221136164464,0.0,0.0,0.0,
0.04180067135275589,0.10886992891231784,0.14224952455371725,2.4786513035389612,0.0,0.0,0.0,
0.04180067135275589,0.10886992891231784,0.14224952455371725,2.4786513035389612,0.0,0.0,0.0,
0.04180067135275589,0.10886992891231784,0.14224952455371725,2.4786513035389612,0.0,0.0,0.0,
0.04180067135275589,0.10886992891231784,0.14224952455371725,2.4786513035389612,0.0,0.0,0.0,
0.04180067135275589,0.10886992891231784,0.14224952455371725,2.4786513035389612,0.0,0.0,0.0,
0.04180067135275589,0.10886992891231784,0.14224952455371725,2.4786513035389612,0.0,0.0,0.0,
0.04180067135275589,0.10886992891231784,0.14224952455371725,2.4786513035389612,0.0,0.0,0.0,
0.04180067135275589,0.10886992891231784,0.14224952455371725,2.4786513035389612,0.0,0.0,0.0,
0.04180067135275589,0.10886992891231784,0.14224952455371725,2.4786513035389612,0.0,0.0,0.0,
0.04180067135275589,0.10886992891231784,0.14224952455371725,2.4786513035389612,0.0,0.0,0.0,
0.04180067135275589,0.10886992891231784,0.14224952455371725,2.5296603609753987,0.0,0.0,0.0,
0.04180067135275589,0.10886992891231784,0.14224952455371725,2.5296603609753987,0.0,0.0,0.0,
0.04180067135275589,0.10886992891231784,0.14224952455371725,2.5296603609753987,0.0,0.0,0.0,
0.04180067135275589,0.10886992891231784,0.14224952455371725,2.5296603609753987,0.0,0.0,0.0,
0.04180067135275589,0.10886992891231784,0.14224952455371725,2.5296603609753987,0.0,0.0,0.0,
0.04180067135275589,0.10886992891231784,0.14224952455371725,2.5296603609753987,0.0,0.0,0.0,
0.04180067135275589,0.10886992891231784,0.14224952455371725,2.5296603609753987,0.0,0.0,0.0,
0.04180067135275589,0.10886992891231784,0.14224952455371725,2.5296603609753987,0.0,0.0,0.0,
0.04180067135275589,0.10886992891231784,0.14224952455371725,2.5296603609753987,0.0,0.0,0.0,
0.04180067135275589,0.10886992891231784,0.14224952455371725,2.5296603609753987,0.0,0.0,0.0,
0.04180067135275589,0.10886992891231784,0.14224952455371725,2.5296603609753987,0.0,0.0,0.0,
0.04180067135275589,0.10886992891231784,0.14224952455371725,2.5296603609753987,0.0,0.0,0.0,
0.04180067135275589,0.10886992891231784,0.14224952455371725,2.5296603609753987,0.0,0.0,0.0,
0.04180067135275589,0.10886992891231784,0.14224952455371725,2.5296603609753987,0.0,0.0,0.0,
0.04180067135275589,0.10886992891231784,0.14224952455371725,2.5296603609753987,0.0,0.0,0.0,
0.04180067135275589,0.10886992891231784,0.14224952455371725,2.5296603609753987,0.0,0.0,0.0,
0.04180067135275589,0.10886992891231784,0.14224952455371725,2.5296603609753987,0.0,0.0,0.0,
0.04180067135275589,0.10886992891231784,0.14224952455371725,2.6342407155888554,0.0,0.0,0.0,
0.04180067135275589,0.10886992891231784,0.14224952455371725,2.5578965736211434,0.0,0.0,0.0,
0.04180067135275589,0.10886992891231784,0.14224952455371725,2.5578965736211434,0.0,0.0,0.0,
0.04180067135275589,0.10886992891231784,0.14224952455371725,2.5578965736211434,0.0,0.0,0.0,
0.04180067135275589,0.10886992891231784,0.14224952455371725,2.5578965736211434,0.0,0.0,0.0,
0.04180067135275589,0.10886992891231784,0.14224952455371725,2.5578965736211434,0.0,0.0,0.0,
0.04180067135275589,0.10886992891231784,0.14224952455371725,2.59718695951967,0.0,0.0,0.0,
0.04180067135275589,0.10886992891231784,0.14224952455371725,2.59718695951967,0.0,0.0,0.0,
0.04180067135275589,0.10886992891231784,0.14224952455371725,2.629353593784675,0.0,0.0,0.0,
0.04180067135275589,0.10886992891231784,0.14224952455371725,2.5535984354645653,0.0,0.0,0.0,
0.04180067135275589,0.10886992891231784,0.14224952455371725,2.5535984354645653,0.0,0.0,0.0,
0.04180067135275589,0.10886992891231784,0.14224952455371725,2.5535984354645653,0.0,0.0,0.0,
0.04180067135275589,0.10886992891231784,0.14224952455371725,2.5844090276481237,0.0,0.0,0.0,
0.04180067135275589,0.10886992891231784,0.14224952455371725,2.5844090276481237,0.0,0.0,0.0,
0.04180067135275589,0.10886992891231784,0.14224952455371725,2.5844090276481237,0.0,0.0,0.0,
0.04180067135275589,0.10886992891231784,0.14224952455371725,2.5844090276481237,0.0,0.0,0.0,
0.04180067135275589,0.10886992891231784,0.14224952455371725,2.5844090276481237,0.0,0.0,0.0,
0.04180067135275589,0.10886992891231784,0.14224952455371725,2.516643836064012,0.0,0.0,0.0,
0.04180067135275589,0.10886992891231784,0.14224952455371725,2.516643836064012,0.0,0.0,0.0,
0.04180067135275589,0.10886992891231784,0.14224952455371725,2.5484481539199613,0.0,0.0,0.0,
0.04180067135275589,0.10886992891231784,0.14224952455371725,2.5484481539199613,0.0,0.0,0.0,
0.04180067135275589,0.10886992891231784,0.14224952455371725,2.5484481539199613,0.0,0.0,0.0,
0.04180067135275589,0.10886992891231784,0.14224952455371725,2.5484481539199613,0.0,0.0,0.0,
0.04180067135275589,0.10886992891231784,0.14224952455371725,2.5484481539199613,0.0,0.0,0.0,
0.04180067135275589,0.10886992891231784,0.14224952455371725,2.5484481539199613,0.0,0.0,0.0,
0.04180067135275589,0.10886992891231784,0.14224952455371725,2.5484481539199613,0.0,0.0,0.0,
0.04180067135275589,0.10886992891231784,0.14224952455371725,2.4791907899895533,0.0,0.0,0.0,
0.04180067135275589,0.10886992891231784,0.14224952455371725,2.5100610924615774,0.0,0.0,0.0,
0.04180067135275589,0.10886992891231784,0.14224952455371725,2.5100610924615774,0.0,0.0,0.0,
0.04180067135275589,0.10886992891231784,0.14224952455371725,2.5100610924615774,0.0,0.0,0.0,
0.04180067135275589,0.10886992891231784,0.14224952455371725,2.5100610924615774,0.0,0.0,0.0,
0.04180067135275589,0.10886992891231784,0.14224952455371725,2.4226801398114586,0.0,0.0,0.0,
0.04180067135275589,0.10886992891231784,0.14224952455371725,2.4226801398114586,0.0,0.0,0.0,
0.04180067135275589,0.10886992891231784,0.14224952455371725,2.3423056200848023,0.0,0.0,0.0,
0.04180067135275589,0.10886992891231784,0.14224952455371725,2.3423056200848023,0.0,0.0,0.0,
0.04180067135275589,0.10886992891231784,0.14224952455371725,2.3423056200848023,0.0,0.0,0.0,
0.04180067135275589,0.10886992891231784,0.14224952455371725,2.3423056200848023,0.0,0.0,0.0,
0.04180067135275589,0.10886992891231784,0.14224952455371725,2.400210031206532,0.0,0.0,0.0,
0.04180067135275589,0.10886992891231784,0.14224952455371725,2.400210031206532,0.0,0.0,0.0,
0.04180067135275589,0.10886992891231784,0.14224952455371725,2.4747669934128713,0.0,0.0,0.0,
0.04180067135275589,0.10886992891231784,0.14224952455371725,2.4389628759262,0.0,0.0,0.0,
0.04180067135275589,0.10886992891231784,0.14224952455371725,2.4389628759262,0.0,0.0,0.0,
0.04180067135275589,0.10886992891231784,0.14224952455371725,2.4389628759262,0.0,0.0,0.0,
0.04180067135275589,0.10886992891231784,0.14224952455371725,2.4389628759262,0.0,0.0,0.0,
0.04180067135275589,0.10886992891231784,0.14224952455371725,2.4389628759262,0.0,0.0,0.0,
0.04180067135275589,0.10886992891231784,0.14224952455371725,2.462787406097472,0.0,0.0,0.0,
0.04180067135275589,0.10886992891231784,0.14224952455371725,2.462787406097472,0.0,0.0,0.0,
0.04180067135275589,0.10886992891231784,0.14224952455371725,2.462787406097472,0.0,0.0,0.0,
0.04180067135275589,0.10886992891231784,0.14224952455371725,2.462787406097472,0.0,0.0,0.0,
0.04180067135275589,0.10886992891231784,0.14224952455371725,2.462787406097472,0.0,0.0,0.0,
0.04180067135275589,0.10886992891231784,0.14224952455371725,2.462787406097472,0.0,0.0,0.0,
0.04180067135275589,0.10886992891231784,0.14224952455371725,2.462787406097472,0.0,0.0,0.0,
0.04180067135275589,0.10886992891231784,0.14224952455371725,2.462787406097472,0.0,0.0,0.0,
0.04180067135275589,0.10886992891231784,0.14224952455371725,2.462787406097472,0.0,0.0,0.0,
0.04180067135275589,0.10886992891231784,0.14224952455371725,2.494819579969376,0.0,0.0,0.0,
0.04180067135275589,0.10886992891231784,0.14224952455371725,2.494819579969376,0.0,0.0,0.0,
0.04180067135275589,0.10886992891231784,0.14224952455371725,2.494819579969376,0.0,0.0,0.0,
0.04180067135275589,0.10886992891231784,0.14224952455371725,2.494819579969376,0.0,0.0,0.0,
0.04180067135275589,0.10886992891231784,0.14224952455371725,2.494819579969376,0.0,0.0,0.0,
0.04180067135275589,0.10886992891231784,0.14224952455371725,2.5244062989052636,0.0,0.0,0.0,
0.04180067135275589,0.10886992891231784,0.14224952455371725,2.545550520557871,0.0,0.0,0.0,
0.04180067135275589,0.10886992891231784,0.14224952455371725,2.545550520557871,0.0,0.0,0.0,
0.04180067135275589,0.10886992891231784,0.14224952455371725,2.545550520557871,0.0,0.0,0.0,
0.04180067135275589,0.10886992891231784,0.14224952455371725,2.545550520557871,0.0,0.0,0.0,
0.04180067135275589,0.10886992891231784,0.14224952455371725,2.545550520557871,0.0,0.0,0.0,
0.04180067135275589,0.10886992891231784,0.14224952455371725,2.545550520557871,0.0,0.0,0.0,
0.04180067135275589,0.10886992891231784,0.14224952455371725,2.545550520557871,0.0,0.0,0.0,
0.04180067135275589,0.10886992891231784,0.14224952455371725,2.545550520557871,0.0,0.0,0.0,
0.04180067135275589,0.10886992891231784,0.14224952455371725,2.545550520557871,0.0,0.0,0.0,
0.04180067135275589,0.10886992891231784,0.14224952455371725,2.545550520557871,0.0,0.0,0.0,
0.04180067135275589,0.10886992891231784,0.14224952455371725,2.5378092896061175,0.0,0.0,0.0,
0.04180067135275589,0.10886992891231784,0.14224952455371725,2.5378092896061175,0.0,0.0,0.0,
0.04180067135275589,0.10886992891231784,0.14224952455371725,2.5378092896061175,0.0,0.0,0.0,
0.04180067135275589,0.10886992891231784,0.14224952455371725,2.5378092896061175,0.0,0.0,0.0,
0.04180067135275589,0.10886992891231784,0.14224952455371725,2.5378092896061175,0.0,0.0,0.0,
0.04180067135275589,0.10886992891231784,0.14224952455371725,2.5378092896061175,0.0,0.0,0.0,
0.04180067135275589,0.10886992891231784,0.14224952455371725,2.5378092896061175,0.0,0.0,0.0,
0.04180067135275589,0.10886992891231784,0.14224952455371725,2.482142982215388,0.0,0.0,0.0,
0.04180067135275589,0.10886992891231784,0.14224952455371725,2.482142982215388,0.0,0.0,0.0,
0.04180067135275589,0.10886992891231784,0.14224952455371725,2.482142982215388,0.0,0.0,0.0,
0.04180067135275589,0.10886992891231784,0.14224952455371725,2.482142982215388,0.0,0.0,0.0,
0.04180067135275589,0.10886992891231784,0.14224952455371725,2.482142982215388,0.0,0.0,0.0,
0.04180067135275589,0.10886992891231784,0.14224952455371725,2.482142982215388,0.0,0.0,0.0,
0.04180067135275589,0.10886992891231784,0.14224952455371725,2.525053034440737,0.0,0.0,0.0,
0.04180067135275589,0.10886992891231784,0.14224952455371725,2.525053034440737,0.0,0.0,0.0,
0.04180067135275589,0.10886992891231784,0.14224952455371725,2.5611154208902907,0.0,0.0,0.0,
0.04180067135275589,0.10886992891231784,0.14224952455371725,2.5611154208902907,0.0,0.0,0.0,
0.04180067135275589,0.10886992891231784,0.14224952455371725,2.5611154208902907,0.0,0.0,0.0,
0.04180067135275589,0.10886992891231784,0.14224952455371725,2.624412951426491,0.0,0.0,0.0,
0.04180067135275589,0.10886992891231784,0.14224952455371725,2.624412951426491,0.0,0.0,0.0,
0.04180067135275589,0.10886992891231784,0.14224952455371725,2.624412951426491,0.0,0.0,0.0,
0.04180067135275589,0.10886992891231784,0.14224952455371725,2.611445235020148,0.0,0.0,0.0,
0.04180067135275589,0.10886992891231784,0.14224952455371725,2.611445235020148,0.0,0.0,0.0,
0.04180067135275589,0.10886992891231784,0.14224952455371725,2.611445235020148,0.0,0.0,0.0,
0.04180067135275589,0.10886992891231784,0.14224952455371725,2.611445235020148,0.0,0.0,0.0,
0.04180067135275589,0.10886992891231784,0.14224952455371725,2.611445235020148,0.0,0.0,0.0,
0.04180067135275589,0.10886992891231784,0.14224952455371725,2.611445235020148,0.0,0.0,0.0,
0.04180067135275589,0.10886992891231784,0.14224952455371725,2.550804531443602,0.0,0.0,0.0,
0.04180067135275589,0.10886992891231784,0.14224952455371725,2.550804531443602,0.0,0.0,0.0,
0.04180067135275589,0.10886992891231784,0.14224952455371725,2.550804531443602,0.0,0.0,0.0,
0.04180067135275589,0.10886992891231784,0.14224952455371725,2.550804531443602,0.0,0.0,0.0,
0.04180067135275589,0.10886992891231784,0.14224952455371725,2.4966514328548604,0.0,0.0,0.0,
0.04180067135275589,0.10886992891231784,0.14224952455371725,2.508708102064949,0.0,0.0,0.0,
0.04180067135275589,0.10886992891231784,0.14224952455371725,2.508708102064949,0.0,0.0,0.0,
0.04180067135275589,0.10886992891231784,0.14224952455371725,2.508708102064949,0.0,0.0,0.0,
0.04180067135275589,0.10886992891231784,0.14224952455371725,2.508708102064949,0.0,0.0,0.0,
0.04180067135275589,0.10886992891231784,0.14224952455371725,2.508708102064949,0.0,0.0,0.0,
0.04180067135275589,0.10886992891231784,0.14224952455371725,2.508708102064949,0.0,0.0,0.0,
0.04180067135275589,0.10886992891231784,0.14224952455371725,2.508708102064949,0.0,0.0,0.0,
0.04180067135275589,0.10886992891231784,0.14224952455371725,2.508708102064949,0.0,0.0,0.0,
0.04180067135275589,0.10886992891231784,0.14224952455371725,2.508708102064949,0.0,0.0,0.0,
0.04180067135275589,0.10886992891231784,0.14224952455371725,2.508708102064949,0.0,0.0,0.0,
0.04180067135275589,0.10886992891231784,0.14224952455371725,2.508708102064949,0.0,0.0,0.0,
0.04180067135275589,0.10886992891231784,0.14224952455371725,2.508708102064949,0.0,0.0,0.0,
0.04180067135275589,0.10886992891231784,0.14224952455371725,2.508708102064949,0.0,0.0,0.0,
0.04180067135275589,0.10886992891231784,0.14224952455371725,2.508708102064949,0.0,0.0,0.0,
0.04180067135275589,0.10886992891231784,0.14224952455371725,2.53021874071425,0.0,0.0,0.0,
0.04180067135275589,0.10886992891231784,0.14224952455371725,2.5455185448648256,0.0,0.0,0.0,
0.04180067135275589,0.10886992891231784,0.14224952455371725,2.5455185448648256,0.0,0.0,0.0,
0.04180067135275589,0.10886992891231784,0.14224952455371725,2.5455185448648256,0.0,0.0,0.0,
0.04180067135275589,0.10886992891231784,0.14224952455371725,2.5455185448648256,0.0,0.0,0.0,
0.04180067135275589,0.10886992891231784,0.14224952455371725,2.5455185448648256,0.0,0.0,0.0,
0.04180067135275589,0.10886992891231784,0.14224952455371725,2.5455185448648256,0.0,0.0,0.0,
0.04180067135275589,0.10886992891231784,0.14224952455371725,2.569800197546145,0.0,0.0,0.0,
0.04180067135275589,0.10886992891231784,0.14224952455371725,2.569800197546145,0.0,0.0,0.0,
0.04180067135275589,0.10886992891231784,0.14224952455371725,2.569800197546145,0.0,0.0,0.0,
0.04180067135275589,0.10886992891231784,0.14224952455371725,2.569800197546145,0.0,0.0,0.0,
0.04180067135275589,0.10886992891231784,0.14224952455371725,2.569800197546145,0.0,0.0,0.0,
0.04180067135275589,0.10886992891231784,0.14224952455371725,2.569800197546145,0.0,0.0,0.0,
0.04180067135275589,0.10886992891231784,0.14224952455371725,2.569800197546145,0.0,0.0,0.0,
0.04180067135275589,0.10886992891231784,0.14224952455371725,2.569800197546145,0.0,0.0,0.0,
0.04180067135275589,0.10886992891231784,0.14224952455371725,2.569800197546145,0.0,0.0,0.0,
0.04180067135275589,0.10886992891231784,0.14224952455371725,2.569800197546145,0.0,0.0,0.0,
0.04180067135275589,0.10886992891231784,0.14224952455371725,2.569800197546145,0.0,0.0,0.0,
0.04180067135275589,0.10886992891231784,0.14224952455371725,2.6033871557419292,0.0,0.0,0.0,
0.04180067135275589,0.10886992891231784,0.14224952455371725,2.6033871557419292,0.0,0.0,0.0,
0.04180067135275589,0.10886992891231784,0.14224952455371725,2.6033871557419292,0.0,0.0,0.0,
0.04180067135275589,0.10886992891231784,0.14224952455371725,2.6033871557419292,0.0,0.0,0.0,
0.04180067135275589,0.10886992891231784,0.14224952455371725,2.6033871557419292,0.0,0.0,0.0,
0.04180067135275589,0.10886992891231784,0.14224952455371725,2.6033871557419292,0.0,0.0,0.0,
0.04180067135275589,0.10886992891231784,0.14224952455371725,2.6354841272274254,0.0,0.0,0.0,
0.04180067135275589,0.10886992891231784,0.14224952455371725,2.6354841272274254,0.0,0.0,0.0,
0.04180067135275589,0.10886992891231784,0.14224952455371725,2.6688519877766117,0.0,0.0,0.0,
0.04180067135275589,0.10886992891231784,0.14224952455371725,2.6688519877766117,0.0,0.0,0.0,
0.04180067135275589,0.10886992891231784,0.14224952455371725,2.6894740061728983,0.0,0.0,0.0,
0.04180067135275589,0.10886992891231784,0.14224952455371725,2.6894740061728983,0.0,0.0,0.0,
0.04180067135275589,0.10886992891231784,0.14224952455371725,2.6894740061728983,0.0,0.0,0.0,
0.04180067135275589,0.10886992891231784,0.14224952455371725,2.6894740061728983,0.0,0.0,0.0,
0.04180067135275589,0.10886992891231784,0.14224952455371725,2.6894740061728983,0.0,0.0,0.0,
0.04180067135275589,0.10886992891231784,0.14224952455371725,2.6894740061728983,0.0,0.0,0.0,
0.04180067135275589,0.10886992891231784,0.14224952455371725,2.704018102234028,0.0,0.0,0.0,
0.04180067135275589,0.10886992891231784,0.14224952455371725,2.714767173189899,0.0,0.0,0.0,
0.04180067135275589,0.10886992891231784,0.14224952455371725,2.714767173189899,0.0,0.0,0.0,
0.04180067135275589,0.10886992891231784,0.14224952455371725,2.714767173189899,0.0,0.0,0.0,
0.04180067135275589,0.10886992891231784,0.14224952455371725,2.714767173189899,0.0,0.0,0.0,
0.04180067135275589,0.10886992891231784,0.14224952455371725,2.7263836229711864,0.0,0.0,0.0,
0.04180067135275589,0.10886992891231784,0.14224952455371725,2.7263836229711864,0.0,0.0,0.0,
0.04180067135275589,0.10886992891231784,0.14224952455371725,2.7263836229711864,0.0,0.0,0.0,
0.04180067135275589,0.10886992891231784,0.14224952455371725,2.7263836229711864,0.0,0.0,0.0,
0.04180067135275589,0.10886992891231784,0.14224952455371725,2.7263836229711864,0.0,0.0,0.0,
0.04180067135275589,0.10886992891231784,0.14224952455371725,2.7263836229711864,0.0,0.0,0.0,
0.04180067135275589,0.10886992891231784,0.14224952455371725,2.7263836229711864,0.0,0.0,0.0,
0.04180067135275589,0.10886992891231784,0.14224952455371725,2.7263836229711864,0.0,0.0,0.0,
0.04180067135275589,0.10886992891231784,0.14224952455371725,2.7263836229711864,0.0,0.0,0.0,
0.04180067135275589,0.10886992891231784,0.14224952455371725,2.7263836229711864,0.0,0.0,0.0,
0.04180067135275589,0.10886992891231784,0.14224952455371725,2.7263836229711864,0.0,0.0,0.0,
0.04180067135275589,0.10886992891231784,0.14224952455371725,2.7448588651562402,0.0,0.0,0.0,
0.04180067135275589,0.10886992891231784,0.14224952455371725,2.7448588651562402,0.0,0.0,0.0,
0.04180067135275589,0.10886992891231784,0.14224952455371725,2.7031891578980716,0.0,0.0,0.0,
0.04180067135275589,0.10886992891231784,0.14224952455371725,2.7031891578980716,0.0,0.0,0.0,
0.04180067135275589,0.10886992891231784,0.14224952455371725,2.7031891578980716,0.0,0.0,0.0,
0.04180067135275589,0.10886992891231784,0.14224952455371725,2.7031891578980716,0.0,0.0,0.0,
0.04180067135275589,0.10886992891231784,0.14224952455371725,2.7031891578980716,0.0,0.0,0.0,
0.04180067135275589,0.10886992891231784,0.14224952455371725,2.7031891578980716,0.0,0.0,0.0,
0.04180067135275589,0.10886992891231784,0.14224952455371725,2.7031891578980716,0.0,0.0,0.0,
0.04180067135275589,0.10886992891231784,0.14224952455371725,2.7031891578980716,0.0,0.0,0.0,
0.04180067135275589,0.10886992891231784,0.14224952455371725,2.7031891578980716,0.0,0.0,0.0,
0.04180067135275589,0.10886992891231784,0.14224952455371725,2.7031891578980716,0.0,0.0,0.0,
0.04180067135275589,0.10886992891231784,0.14224952455371725,2.735654717194761,0.0,0.0,0.0,
0.04180067135275589,0.10886992891231784,0.14224952455371725,2.7414899129763675,0.0,0.0,0.0,
0.04180067135275589,0.10886992891231784,0.14224952455371725,2.7414899129763675,0.0,0.0,0.0,
0.04180067135275589,0.10886992891231784,0.14224952455371725,2.7414899129763675,0.0,0.0,0.0,
0.04180067135275589,0.10886992891231784,0.14224952455371725,2.7414899129763675,0.0,0.0,0.0,
0.04180067135275589,0.10886992891231784,0.14224952455371725,2.7414899129763675,0.0,0.0,0.0,
0.04180067135275589,0.10886992891231784,0.14224952455371725,2.7414899129763675,0.0,0.0,0.0,
0.04180067135275589,0.10886992891231784,0.14224952455371725,2.7414899129763675,0.0,0.0,0.0,
0.04180067135275589,0.10886992891231784,0.14224952455371725,2.7414899129763675,0.0,0.0,0.0,
0.04180067135275589,0.10886992891231784,0.14224952455371725,2.7414899129763675,0.0,0.0,0.0,
0.04180067135275589,0.10886992891231784,0.14224952455371725,2.7414899129763675,0.0,0.0,0.0,
0.04180067135275589,0.10886992891231784,0.14224952455371725,2.7414899129763675,0.0,0.0,0.0,
0.04180067135275589,0.10886992891231784,0.14224952455371725,2.7669742102213952,0.0,0.0,0.0,
0.04180067135275589,0.10886992891231784,0.14224952455371725,2.7766332518349226,0.0,0.0,0.0,
0.04180067135275589,0.10886992891231784,0.14224952455371725,2.7766332518349226,0.0,0.0,0.0,
0.04180067135275589,0.10886992891231784,0.14224952455371725,2.7766332518349226,0.0,0.0,0.0,
0.04180067135275589,0.10886992891231784,0.14224952455371725,2.7766332518349226,0.0,0.0,0.0,
0.04180067135275589,0.10886992891231784,0.14224952455371725,2.7766332518349226,0.0,0.0,0.0,
0.04180067135275589,0.10886992891231784,0.14224952455371725,2.7766332518349226,0.0,0.0,0.0,
0.04180067135275589,0.10886992891231784,0.14224952455371725,2.7766332518349226,0.0,0.0,0.0,
0.04180067135275589,0.10886992891231784,0.14224952455371725,2.7766332518349226,0.0,0.0,0.0,
0.04180067135275589,0.10886992891231784,0.14224952455371725,2.7766332518349226,0.0,0.0,0.0,
0.04180067135275589,0.10886992891231784,0.14224952455371725,2.7766332518349226,0.0,0.0,0.0,
0.04180067135275589,0.10886992891231784,0.14224952455371725,2.7766332518349226,0.0,0.0,0.0,
0.04180067135275589,0.10886992891231784,0.14224952455371725,2.7766332518349226,0.0,0.0,0.0,
0.04180067135275589,0.10886992891231784,0.14224952455371725,2.7766332518349226,0.0,0.0,0.0,
0.04180067135275589,0.10886992891231784,0.14224952455371725,2.7766332518349226,0.0,0.0,0.0,
0.04180067135275589,0.10886992891231784,0.14224952455371725,2.7766332518349226,0.0,0.0,0.0,
0.04180067135275589,0.10886992891231784,0.14224952455371725,2.7766332518349226,0.0,0.0,0.0,
0.04180067135275589,0.10886992891231784,0.14224952455371725,2.7766332518349226,0.0,0.0,0.0,
0.04180067135275589,0.10886992891231784,0.14224952455371725,2.7766332518349226,0.0,0.0,0.0,
0.04180067135275589,0.10886992891231784,0.14224952455371725,2.712718858931411,0.0,0.0,0.0,
0.04180067135275589,0.10886992891231784,0.14224952455371725,2.712718858931411,0.0,0.0,0.0,
0.04180067135275589,0.10886992891231784,0.14224952455371725,2.712718858931411,0.0,0.0,0.0,
0.04180067135275589,0.10886992891231784,0.14224952455371725,2.7311128031397174,0.0,0.0,0.0,
0.04180067135275589,0.10886992891231784,0.14224952455371725,2.7311128031397174,0.0,0.0,0.0,
0.04180067135275589,0.10886992891231784,0.14224952455371725,2.7311128031397174,0.0,0.0,0.0,
0.04180067135275589,0.10886992891231784,0.14224952455371725,2.7311128031397174,0.0,0.0,0.0,
0.04180067135275589,0.10886992891231784,0.14224952455371725,2.7311128031397174,0.0,0.0,0.0,
0.04180067135275589,0.10886992891231784,0.14224952455371725,2.7311128031397174,0.0,0.0,0.0,
0.04180067135275589,0.10886992891231784,0.14224952455371725,2.7613837282394447,0.0,0.0,0.0,
0.04180067135275589,0.10886992891231784,0.14224952455371725,2.7613837282394447,0.0,0.0,0.0,
0.04180067135275589,0.10886992891231784,0.14224952455371725,2.7815852685562,0.0,0.0,0.0,
0.04180067135275589,0.10886992891231784,0.14224952455371725,2.7815852685562,0.0,0.0,0.0,
0.04180067135275589,0.10886992891231784,0.14224952455371725,2.7815852685562,0.0,0.0,0.0,
0.04180067135275589,0.10886992891231784,0.14224952455371725,2.806076704164308,0.0,0.0,0.0,
0.04180067135275589,0.10886992891231784,0.14224952455371725,2.806076704164308,0.0,0.0,0.0,
0.04180067135275589,0.10886992891231784,0.14224952455371725,2.806076704164308,0.0,0.0,0.0,
0.04180067135275589,0.10886992891231784,0.14224952455371725,2.806076704164308,0.0,0.0,0.0,
0.04180067135275589,0.10886992891231784,0.14224952455371725,2.808705368445123,0.0,0.0,0.0,
0.04180067135275589,0.10886992891231784,0.14224952455371725,2.808705368445123,0.0,0.0,0.0,
0.04180067135275589,0.10886992891231784,0.14224952455371725,2.808705368445123,0.0,0.0,0.0,
0.04180067135275589,0.10886992891231784,0.14224952455371725,2.808705368445123,0.0,0.0,0.0,
0.04180067135275589,0.10886992891231784,0.14224952455371725,2.808705368445123,0.0,0.0,0.0,
0.04180067135275589,0.10886992891231784,0.14224952455371725,2.808705368445123,0.0,0.0,0.0,
0.04180067135275589,0.10886992891231784,0.14224952455371725,2.808705368445123,0.0,0.0,0.0,
0.04180067135275589,0.10886992891231784,0.14224952455371725,2.808705368445123,0.0,0.0,0.0,
0.04180067135275589,0.10886992891231784,0.14224952455371725,2.808705368445123,0.0,0.0,0.0,
0.04180067135275589,0.10886992891231784,0.14224952455371725,2.808705368445123,0.0,0.0,0.0,
0.04180067135275589,0.10886992891231784,0.14224952455371725,2.7578396398947014,0.0,0.0,0.0,
0.04180067135275589,0.10886992891231784,0.14224952455371725,2.7760025384871123,0.0,0.0,0.0,
0.04180067135275589,0.10886992891231784,0.14224952455371725,2.7760025384871123,0.0,0.0,0.0,
0.04180067135275589,0.10886992891231784,0.14224952455371725,2.7760025384871123,0.0,0.0,0.0,
0.04180067135275589,0.10886992891231784,0.14224952455371725,2.7760025384871123,0.0,0.0,0.0,
0.04180067135275589,0.10886992891231784,0.14224952455371725,2.7760025384871123,0.0,0.0,0.0,
0.04180067135275589,0.10886992891231784,0.14224952455371725,2.7760025384871123,0.0,0.0,0.0,
0.04180067135275589,0.10886992891231784,0.14224952455371725,2.7760025384871123,0.0,0.0,0.0,
0.04180067135275589,0.10886992891231784,0.14224952455371725,2.7760025384871123,0.0,0.0,0.0,
0.04180067135275589,0.10886992891231784,0.14224952455371725,2.7760025384871123,0.0,0.0,0.0,
0.04180067135275589,0.10886992891231784,0.14224952455371725,2.7760025384871123,0.0,0.0,0.0,
0.04180067135275589,0.10886992891231784,0.14224952455371725,2.7760025384871123,0.0,0.0,0.0,
0.04180067135275589,0.10886992891231784,0.14224952455371725,2.7760025384871123,0.0,0.0,0.0,
0.04180067135275589,0.10886992891231784,0.14224952455371725,2.7760025384871123,0.0,0.0,0.0,
0.04180067135275589,0.10886992891231784,0.14224952455371725,2.7760025384871123,0.0,0.0,0.0,
0.04180067135275589,0.10886992891231784,0.14224952455371725,2.7760025384871123,0.0,0.0,0.0,
0.04180067135275589,0.10886992891231784,0.14224952455371725,2.8017390781643163,0.0,0.0,0.0,
0.04180067135275589,0.10886992891231784,0.14224952455371725,2.8017390781643163,0.0,0.0,0.0,
0.04180067135275589,0.10886992891231784,0.14224952455371725,2.8017390781643163,0.0,0.0,0.0,
0.04180067135275589,0.10886992891231784,0.14224952455371725,2.8017390781643163,0.0,0.0,0.0,
0.04180067135275589,0.10886992891231784,0.14224952455371725,2.8017390781643163,0.0,0.0,0.0,
0.04180067135275589,0.10886992891231784,0.14224952455371725,2.8017390781643163,0.0,0.0,0.0,
0.04180067135275589,0.10886992891231784,0.14224952455371725,2.8017390781643163,0.0,0.0,0.0,
0.04180067135275589,0.10886992891231784,0.14224952455371725,2.8017390781643163,0.0,0.0,0.0,
0.04180067135275589,0.10886992891231784,0.14224952455371725,2.8017390781643163,0.0,0.0,0.0,
0.04180067135275589,0.10886992891231784,0.14224952455371725,2.805859220763794,0.0,0.0,0.0,
0.04180067135275589,0.10886992891231784,0.14224952455371725,2.805859220763794,0.0,0.0,0.0,
0.04180067135275589,0.10886992891231784,0.14224952455371725,2.7251333659041435,0.0,0.0,0.0,
0.04180067135275589,0.10886992891231784,0.14224952455371725,2.7251333659041435,0.0,0.0,0.0,
0.04180067135275589,0.10886992891231784,0.14224952455371725,2.714949120578837,0.0,0.0,0.0,
0.04180067135275589,0.10886992891231784,0.14224952455371725,2.728984229533445,0.0,0.0,0.0,
0.04180067135275589,0.10886992891231784,0.14224952455371725,2.728984229533445,0.0,0.0,0.0,
0.04180067135275589,0.10886992891231784,0.14224952455371725,2.728984229533445,0.0,0.0,0.0,
0.04180067135275589,0.10886992891231784,0.14224952455371725,2.728984229533445,0.0,0.0,0.0,
0.04180067135275589,0.10886992891231784,0.14224952455371725,2.719474722667938,0.0,0.0,0.0,
0.04180067135275589,0.10886992891231784,0.14224952455371725,2.719474722667938,0.0,0.0,0.0,
0.04180067135275589,0.10886992891231784,0.14224952455371725,2.719474722667938,0.0,0.0,0.0,
0.04180067135275589,0.10886992891231784,0.14224952455371725,2.657302770375022,0.0,0.0,0.0,
0.04180067135275589,0.10886992891231784,0.14224952455371725,2.657302770375022,0.0,0.0,0.0,
0.04180067135275589,0.10886992891231784,0.14224952455371725,2.657302770375022,0.0,0.0,0.0,
0.04180067135275589,0.10886992891231784,0.14224952455371725,2.657302770375022,0.0,0.0,0.0,
0.04180067135275589,0.10886992891231784,0.14224952455371725,2.657302770375022,0.0,0.0,0.0,
0.04180067135275589,0.10886992891231784,0.14224952455371725,2.657302770375022,0.0,0.0,0.0,
0.04180067135275589,0.10886992891231784,0.14224952455371725,2.657302770375022,0.0,0.0,0.0,
0.04180067135275589,0.10886992891231784,0.14224952455371725,2.657302770375022,0.0,0.0,0.0,
0.04180067135275589,0.10886992891231784,0.14224952455371725,2.657302770375022,0.0,0.0,0.0,
0.04180067135275589,0.10886992891231784,0.14224952455371725,2.657302770375022,0.0,0.0,0.0,
0.04180067135275589,0.10886992891231784,0.14224952455371725,2.657302770375022,0.0,0.0,0.0,
0.04180067135275589,0.10886992891231784,0.14224952455371725,2.657302770375022,0.0,0.0,0.0,
0.04180067135275589,0.10886992891231784,0.14224952455371725,2.657302770375022,0.0,0.0,0.0,
0.04180067135275589,0.10886992891231784,0.14224952455371725,2.6754812910509367,0.0,0.0,0.0,
0.04180067135275589,0.10886992891231784,0.14224952455371725,2.6754812910509367,0.0,0.0,0.0,
0.04180067135275589,0.10886992891231784,0.14224952455371725,2.6754812910509367,0.0,0.0,0.0,
0.04180067135275589,0.10886992891231784,0.14224952455371725,2.6961821700721895,0.0,0.0,0.0,
0.04180067135275589,0.10886992891231784,0.14224952455371725,2.6630603382146223,0.0,0.0,0.0,
0.04180067135275589,0.10886992891231784,0.14224952455371725,2.6233699036989644,0.0,0.0,0.0,
0.04180067135275589,0.10886992891231784,0.14224952455371725,2.6111376648932483,0.0,0.0,0.0,
0.04180067135275589,0.10886992891231784,0.14224952455371725,2.6111376648932483,0.0,0.0,0.0,
0.04180067135275589,0.10886992891231784,0.14224952455371725,2.6111376648932483,0.0,0.0,0.0,
0.04180067135275589,0.10886992891231784,0.14224952455371725,2.6111376648932483,0.0,0.0,0.0,
0.04180067135275589,0.10886992891231784,0.14224952455371725,2.6111376648932483,0.0,0.0,0.0,
0.04180067135275589,0.10886992891231784,0.14224952455371725,2.6111376648932483,0.0,0.0,0.0,
0.04180067135275589,0.10886992891231784,0.14224952455371725,2.6111376648932483,0.0,0.0,0.0,
0.04180067135275589,0.10886992891231784,0.14224952455371725,2.6084610041871796,0.0,0.0,0.0,
0.04180067135275589,0.10886992891231784,0.14224952455371725,2.6084610041871796,0.0,0.0,0.0,
0.04180067135275589,0.10886992891231784,0.14224952455371725,2.6084610041871796,0.0,0.0,0.0,
0.04180067135275589,0.10886992891231784,0.14224952455371725,2.6084610041871796,0.0,0.0,0.0,
0.04180067135275589,0.10886992891231784,0.14224952455371725,2.6084610041871796,0.0,0.0,0.0,
0.04180067135275589,0.10886992891231784,0.14224952455371725,2.6084610041871796,0.0,0.0,0.0,
0.04180067135275589,0.10886992891231784,0.14224952455371725,2.6084610041871796,0.0,0.0,0.0,
0.04180067135275589,0.10886992891231784,0.14224952455371725,2.6401215408413012,0.0,0.0,0.0,
0.04180067135275589,0.10886992891231784,0.14224952455371725,2.6358535268187886,0.0,0.0,0.0,
0.04180067135275589,0.10886992891231784,0.14224952455371725,2.6358535268187886,0.0,0.0,0.0,
0.04180067135275589,0.10886992891231784,0.14224952455371725,2.6358535268187886,0.0,0.0,0.0,
0.04180067135275589,0.10886992891231784,0.14224952455371725,2.6358535268187886,0.0,0.0,0.0,
0.04180067135275589,0.10886992891231784,0.14224952455371725,2.6358535268187886,0.0,0.0,0.0,
0.04180067135275589,0.10886992891231784,0.14224952455371725,2.6358535268187886,0.0,0.0,0.0,
0.04180067135275589,0.10886992891231784,0.14224952455371725,2.6358535268187886,0.0,0.0,0.0,
0.04180067135275589,0.10886992891231784,0.14224952455371725,2.6358535268187886,0.0,0.0,0.0,
0.04180067135275589,0.10886992891231784,0.14224952455371725,2.6358535268187886,0.0,0.0,0.0,
0.04180067135275589,0.10886992891231784,0.14224952455371725,2.6613318962754278,0.0,0.0,0.0,
0.04180067135275589,0.10886992891231784,0.14224952455371725,2.6613318962754278,0.0,0.0,0.0,
0.04180067135275589,0.10886992891231784,0.14224952455371725,2.6613318962754278,0.0,0.0,0.0,
0.04180067135275589,0.10886992891231784,0.14224952455371725,2.6613318962754278,0.0,0.0,0.0,
0.04180067135275589,0.10886992891231784,0.14224952455371725,2.6613318962754278,0.0,0.0,0.0,
0.04180067135275589,0.10886992891231784,0.14224952455371725,2.6613318962754278,0.0,0.0,0.0,
0.04180067135275589,0.10886992891231784,0.14224952455371725,2.6613318962754278,0.0,0.0,0.0,
0.04180067135275589,0.10886992891231784,0.14224952455371725,2.6613318962754278,0.0,0.0,0.0,
0.04180067135275589,0.10886992891231784,0.14224952455371725,2.6613318962754278,0.0,0.0,0.0,
0.04180067135275589,0.10886992891231784,0.14224952455371725,2.682806853304569,0.0,0.0,0.0,
0.04180067135275589,0.10886992891231784,0.14224952455371725,2.682806853304569,0.0,0.0,0.0,
0.04180067135275589,0.10886992891231784,0.14224952455371725,2.682806853304569,0.0,0.0,0.0,
0.04180067135275589,0.10886992891231784,0.14224952455371725,2.682806853304569,0.0,0.0,0.0,
0.04180067135275589,0.10886992891231784,0.14224952455371725,2.682806853304569,0.0,0.0,0.0,
0.04180067135275589,0.10886992891231784,0.14224952455371725,2.682806853304569,0.0,0.0,0.0,
0.04180067135275589,0.10886992891231784,0.14224952455371725,2.682806853304569,0.0,0.0,0.0,
0.04180067135275589,0.10886992891231784,0.14224952455371725,2.682806853304569,0.0,0.0,0.0,
0.04180067135275589,0.10886992891231784,0.14224952455371725,2.711367575955562,0.0,0.0,0.0,
0.04180067135275589,0.10886992891231784,0.14224952455371725,2.711367575955562,0.0,0.0,0.0,
0.04180067135275589,0.10886992891231784,0.14224952455371725,2.711367575955562,0.0,0.0,0.0,
0.04180067135275589,0.10886992891231784,0.14224952455371725,2.711367575955562,0.0,0.0,0.0,
0.04180067135275589,0.10886992891231784,0.14224952455371725,2.711367575955562,0.0,0.0,0.0,
0.04180067135275589,0.10886992891231784,0.14224952455371725,2.711367575955562,0.0,0.0,0.0,
0.04180067135275589,0.10886992891231784,0.14224952455371725,2.711367575955562,0.0,0.0,0.0,
0.04180067135275589,0.10886992891231784,0.14224952455371725,2.711367575955562,0.0,0.0,0.0,
0.04180067135275589,0.10886992891231784,0.14224952455371725,2.731117806204131,0.0,0.0,0.0,
0.04180067135275589,0.10886992891231784,0.14224952455371725,2.731117806204131,0.0,0.0,0.0,
0.04180067135275589,0.10886992891231784,0.14224952455371725,2.731117806204131,0.0,0.0,0.0,
0.04180067135275589,0.10886992891231784,0.14224952455371725,2.731117806204131,0.0,0.0,0.0,
0.04180067135275589,0.10886992891231784,0.14224952455371725,2.731117806204131,0.0,0.0,0.0,
0.04180067135275589,0.10886992891231784,0.14224952455371725,2.758835892093319,0.0,0.0,0.0,
0.04180067135275589,0.10886992891231784,0.14224952455371725,2.758835892093319,0.0,0.0,0.0,
0.04180067135275589,0.10886992891231784,0.14224952455371725,2.758835892093319,0.0,0.0,0.0,
0.04180067135275589,0.10886992891231784,0.14224952455371725,2.756561085982728,0.0,0.0,0.0,
0.04180067135275589,0.10886992891231784,0.14224952455371725,2.7584575426674247,0.0,0.0,0.0,
0.04180067135275589,0.10886992891231784,0.14224952455371725,2.7584575426674247,0.0,0.0,0.0,
0.04180067135275589,0.10886992891231784,0.14224952455371725,2.7584575426674247,0.0,0.0,0.0,
0.04180067135275589,0.10886992891231784,0.14224952455371725,2.7584575426674247,0.0,0.0,0.0,
0.04180067135275589,0.10886992891231784,0.14224952455371725,2.7584575426674247,0.0,0.0,0.0,
0.04180067135275589,0.10886992891231784,0.14224952455371725,2.7611530949380776,0.0,0.0,0.0,
0.04180067135275589,0.10886992891231784,0.14224952455371725,2.7611530949380776,0.0,0.0,0.0,
0.04180067135275589,0.10886992891231784,0.14224952455371725,2.7611530949380776,0.0,0.0,0.0,
0.04180067135275589,0.10886992891231784,0.14224952455371725,2.7611530949380776,0.0,0.0,0.0,
0.04180067135275589,0.10886992891231784,0.14224952455371725,2.7611530949380776,0.0,0.0,0.0,
0.04180067135275589,0.10886992891231784,0.14224952455371725,2.7611530949380776,0.0,0.0,0.0,
0.04180067135275589,0.10886992891231784,0.14224952455371725,2.7611530949380776,0.0,0.0,0.0,
0.04180067135275589,0.10886992891231784,0.14224952455371725,2.7611530949380776,0.0,0.0,0.0,
0.04180067135275589,0.10886992891231784,0.14224952455371725,2.7611530949380776,0.0,0.0,0.0,
0.04180067135275589,0.10886992891231784,0.14224952455371725,2.7611530949380776,0.0,0.0,0.0,
0.04180067135275589,0.10886992891231784,0.14224952455371725,2.7611530949380776,0.0,0.0,0.0,
0.04180067135275589,0.10886992891231784,0.14224952455371725,2.7611530949380776,0.0,0.0,0.0,
0.04180067135275589,0.10886992891231784,0.14224952455371725,2.7611530949380776,0.0,0.0,0.0,
0.04180067135275589,0.10886992891231784,0.14224952455371725,2.7611530949380776,0.0,0.0,0.0,
0.04180067135275589,0.10886992891231784,0.14224952455371725,2.6894794932518256,0.0,0.0,0.0,
0.04180067135275589,0.10886992891231784,0.14224952455371725,2.717755702054671,0.0,0.0,0.0,
0.04180067135275589,0.10886992891231784,0.14224952455371725,2.717755702054671,0.0,0.0,0.0,
0.04180067135275589,0.10886992891231784,0.14224952455371725,2.717755702054671,0.0,0.0,0.0,
0.04180067135275589,0.10886992891231784,0.14224952455371725,2.717755702054671,0.0,0.0,0.0,
0.04180067135275589,0.10886992891231784,0.14224952455371725,2.717755702054671,0.0,0.0,0.0,
0.04180067135275589,0.10886992891231784,0.14224952455371725,2.717755702054671,0.0,0.0,0.0,
0.04180067135275589,0.10886992891231784,0.14224952455371725,2.717755702054671,0.0,0.0,0.0,
0.04180067135275589,0.10886992891231784,0.14224952455371725,2.717755702054671,0.0,0.0,0.0,
0.04180067135275589,0.10886992891231784,0.14224952455371725,2.717755702054671,0.0,0.0,0.0,
0.04180067135275589,0.10886992891231784,0.14224952455371725,2.754521816083322,0.0,0.0,0.0,
0.04180067135275589,0.10886992891231784,0.14224952455371725,2.754521816083322,0.0,0.0,0.0,
0.04180067135275589,0.10886992891231784,0.14224952455371725,2.754521816083322,0.0,0.0,0.0,
0.04180067135275589,0.10886992891231784,0.14224952455371725,2.754521816083322,0.0,0.0,0.0,
0.04180067135275589,0.10886992891231784,0.14224952455371725,2.754521816083322,0.0,0.0,0.0,
0.04180067135275589,0.10886992891231784,0.14224952455371725,2.754521816083322,0.0,0.0,0.0,
0.04180067135275589,0.10886992891231784,0.14224952455371725,2.754521816083322,0.0,0.0,0.0,
0.04180067135275589,0.10886992891231784,0.14224952455371725,2.754521816083322,0.0,0.0,0.0,
0.04180067135275589,0.10886992891231784,0.14224952455371725,2.754521816083322,0.0,0.0,0.0,
0.04180067135275589,0.10886992891231784,0.14224952455371725,2.754521816083322,0.0,0.0,0.0,
0.04180067135275589,0.10886992891231784,0.14224952455371725,2.754521816083322,0.0,0.0,0.0,
0.04180067135275589,0.10886992891231784,0.14224952455371725,2.754521816083322,0.0,0.0,0.0,
0.04180067135275589,0.10886992891231784,0.14224952455371725,2.754521816083322,0.0,0.0,0.0,
0.04180067135275589,0.10886992891231784,0.14224952455371725,2.754521816083322,0.0,0.0,0.0,
0.04180067135275589,0.10886992891231784,0.14224952455371725,2.754521816083322,0.0,0.0,0.0,
0.04180067135275589,0.10886992891231784,0.14224952455371725,2.7769212801582652,0.0,0.0,0.0,
0.04180067135275589,0.10886992891231784,0.14224952455371725,2.7769212801582652,0.0,0.0,0.0,
0.04180067135275589,0.10886992891231784,0.14224952455371725,2.7813208537176695,0.0,0.0,0.0,
0.04180067135275589,0.10886992891231784,0.14224952455371725,2.7813208537176695,0.0,0.0,0.0,
0.04180067135275589,0.10886992891231784,0.14224952455371725,2.7813208537176695,0.0,0.0,0.0,
0.04180067135275589,0.10886992891231784,0.14224952455371725,2.7890751648060914,0.0,0.0,0.0,
0.04180067135275589,0.10886992891231784,0.14224952455371725,2.7890751648060914,0.0,0.0,0.0,
0.04180067135275589,0.10886992891231784,0.14224952455371725,2.7890751648060914,0.0,0.0,0.0,
0.04180067135275589,0.10886992891231784,0.14224952455371725,2.7890751648060914,0.0,0.0,0.0,
0.04180067135275589,0.10886992891231784,0.14224952455371725,2.7890751648060914,0.0,0.0,0.0,
0.04180067135275589,0.10886992891231784,0.14224952455371725,2.764418961355684,0.0,0.0,0.0,
0.04180067135275589,0.10886992891231784,0.14224952455371725,2.764418961355684,0.0,0.0,0.0,
0.04180067135275589,0.10886992891231784,0.14224952455371725,2.764418961355684,0.0,0.0,0.0,
0.04180067135275589,0.10886992891231784,0.14224952455371725,2.764418961355684,0.0,0.0,0.0,
0.04180067135275589,0.10886992891231784,0.14224952455371725,2.764418961355684,0.0,0.0,0.0,
0.04180067135275589,0.10886992891231784,0.14224952455371725,2.764418961355684,0.0,0.0,0.0,
0.04180067135275589,0.10886992891231784,0.14224952455371725,2.764418961355684,0.0,0.0,0.0,
0.04180067135275589,0.10886992891231784,0.14224952455371725,2.764418961355684,0.0,0.0,0.0,
0.04180067135275589,0.10886992891231784,0.14224952455371725,2.764418961355684,0.0,0.0,0.0,
0.04180067135275589,0.10886992891231784,0.14224952455371725,2.764418961355684,0.0,0.0,0.0,
0.04180067135275589,0.10886992891231784,0.14224952455371725,2.7651116729853906,0.0,0.0,0.0,
0.04180067135275589,0.10886992891231784,0.14224952455371725,2.7651116729853906,0.0,0.0,0.0,
0.04180067135275589,0.10886992891231784,0.14224952455371725,2.7651116729853906,0.0,0.0,0.0,
0.04180067135275589,0.10886992891231784,0.14224952455371725,2.7651116729853906,0.0,0.0,0.0,
0.04180067135275589,0.10886992891231784,0.14224952455371725,2.6812813497544083,0.0,0.0,0.0,
0.04180067135275589,0.10886992891231784,0.14224952455371725,2.6812813497544083,0.0,0.0,0.0,
0.04180067135275589,0.10886992891231784,0.14224952455371725,2.6812813497544083,0.0,0.0,0.0,
0.04180067135275589,0.10886992891231784,0.14224952455371725,2.6812813497544083,0.0,0.0,0.0,
0.04180067135275589,0.10886992891231784,0.14224952455371725,2.6812813497544083,0.0,0.0,0.0,
0.04180067135275589,0.10886992891231784,0.14224952455371725,2.6812813497544083,0.0,0.0,0.0,
0.04180067135275589,0.10886992891231784,0.14224952455371725,2.6812813497544083,0.0,0.0,0.0,
0.04180067135275589,0.10886992891231784,0.14224952455371725,2.700062190958153,0.0,0.0,0.0,
0.04180067135275589,0.10886992891231784,0.14224952455371725,2.700062190958153,0.0,0.0,0.0,
0.04180067135275589,0.10886992891231784,0.14224952455371725,2.700062190958153,0.0,0.0,0.0,
0.04180067135275589,0.10886992891231784,0.14224952455371725,2.700062190958153,0.0,0.0,0.0,
0.04180067135275589,0.10886992891231784,0.14224952455371725,2.700062190958153,0.0,0.0,0.0,
0.04180067135275589,0.10886992891231784,0.14224952455371725,2.700062190958153,0.0,0.0,0.0,
0.04180067135275589,0.10886992891231784,0.14224952455371725,2.700062190958153,0.0,0.0,0.0,
0.04180067135275589,0.10886992891231784,0.14224952455371725,2.700062190958153,0.0,0.0,0.0,
0.04180067135275589,0.10886992891231784,0.14224952455371725,2.7262385553749073,0.0,0.0,0.0,
0.04180067135275589,0.10886992891231784,0.14224952455371725,2.7262385553749073,0.0,0.0,0.0,
0.04180067135275589,0.10886992891231784,0.14224952455371725,2.7262385553749073,0.0,0.0,0.0,
0.04180067135275589,0.10886992891231784,0.14224952455371725,2.7262385553749073,0.0,0.0,0.0,
0.04180067135275589,0.10886992891231784,0.14224952455371725,2.7262385553749073,0.0,0.0,0.0,
0.04180067135275589,0.10886992891231784,0.14224952455371725,2.750574154925885,0.0,0.0,0.0,
0.04180067135275589,0.10886992891231784,0.14224952455371725,2.750574154925885,0.0,0.0,0.0,
0.04180067135275589,0.10886992891231784,0.14224952455371725,2.750574154925885,0.0,0.0,0.0,
0.04180067135275589,0.10886992891231784,0.14224952455371725,2.750574154925885,0.0,0.0,0.0,
0.04180067135275589,0.10886992891231784,0.14224952455371725,2.750574154925885,0.0,0.0,0.0,
0.04180067135275589,0.10886992891231784,0.14224952455371725,2.750574154925885,0.0,0.0,0.0,
0.04180067135275589,0.10886992891231784,0.14224952455371725,2.750574154925885,0.0,0.0,0.0,
0.04180067135275589,0.10886992891231784,0.14224952455371725,2.750574154925885,0.0,0.0,0.0,
0.04180067135275589,0.10886992891231784,0.14224952455371725,2.750574154925885,0.0,0.0,0.0,
0.04180067135275589,0.10886992891231784,0.14224952455371725,2.750574154925885,0.0,0.0,0.0,
0.04180067135275589,0.10886992891231784,0.14224952455371725,2.750574154925885,0.0,0.0,0.0,
0.04180067135275589,0.10886992891231784,0.14224952455371725,2.750574154925885,0.0,0.0,0.0,
0.04180067135275589,0.10886992891231784,0.14224952455371725,2.750574154925885,0.0,0.0,0.0,
0.04180067135275589,0.10886992891231784,0.14224952455371725,2.750574154925885,0.0,0.0,0.0,
0.04180067135275589,0.10886992891231784,0.14224952455371725,2.750574154925885,0.0,0.0,0.0,
0.04180067135275589,0.10886992891231784,0.14224952455371725,2.750574154925885,0.0,0.0,0.0,
0.04180067135275589,0.10886992891231784,0.14224952455371725,2.750574154925885,0.0,0.0,0.0,
0.04180067135275589,0.10886992891231784,0.14224952455371725,2.750574154925885,0.0,0.0,0.0,
0.04180067135275589,0.10886992891231784,0.14224952455371725,2.750574154925885,0.0,0.0,0.0,
0.04180067135275589,0.10886992891231784,0.14224952455371725,2.788966396307525,0.0,0.0,0.0,
0.04180067135275589,0.10886992891231784,0.14224952455371725,2.788966396307525,0.0,0.0,0.0,
0.04180067135275589,0.10886992891231784,0.14224952455371725,2.788966396307525,0.0,0.0,0.0,
0.04180067135275589,0.10886992891231784,0.14224952455371725,2.788966396307525,0.0,0.0,0.0,
0.04180067135275589,0.10886992891231784,0.14224952455371725,2.788966396307525,0.0,0.0,0.0,
0.04180067135275589,0.10886992891231784,0.14224952455371725,2.788966396307525,0.0,0.0,0.0,
0.04180067135275589,0.10886992891231784,0.14224952455371725,2.788966396307525,0.0,0.0,0.0,
0.04180067135275589,0.10886992891231784,0.14224952455371725,2.788966396307525,0.0,0.0,0.0,
0.04180067135275589,0.10886992891231784,0.14224952455371725,2.788966396307525,0.0,0.0,0.0,
0.04180067135275589,0.10886992891231784,0.14224952455371725,2.8286471363932,0.0,0.0,0.0,
0.04180067135275589,0.10886992891231784,0.14224952455371725,2.8286471363932,0.0,0.0,0.0,
0.04180067135275589,0.10886992891231784,0.14224952455371725,2.8286471363932,0.0,0.0,0.0,
0.04180067135275589,0.10886992891231784,0.14224952455371725,2.8286471363932,0.0,0.0,0.0,
0.04180067135275589,0.10886992891231784,0.14224952455371725,2.844248270630297,0.0,0.0,0.0,
0.04180067135275589,0.10886992891231784,0.14224952455371725,2.844248270630297,0.0,0.0,0.0,
0.04180067135275589,0.10886992891231784,0.14224952455371725,2.862411188001667,0.0,0.0,0.0,
0.04180067135275589,0.10886992891231784,0.14224952455371725,2.862411188001667,0.0,0.0,0.0,
0.04180067135275589,0.10886992891231784,0.14224952455371725,2.7812277539566583,0.0,0.0,0.0,
0.04180067135275589,0.10886992891231784,0.14224952455371725,2.7888509631892835,0.0,0.0,0.0,
0.04180067135275589,0.10886992891231784,0.14224952455371725,2.7888509631892835,0.0,0.0,0.0,
0.04180067135275589,0.10886992891231784,0.14224952455371725,2.7888509631892835,0.0,0.0,0.0,
0.04180067135275589,0.10886992891231784,0.14224952455371725,2.7888509631892835,0.0,0.0,0.0,
0.04180067135275589,0.10886992891231784,0.14224952455371725,2.7888509631892835,0.0,0.0,0.0,
0.04180067135275589,0.10886992891231784,0.14224952455371725,2.7888509631892835,0.0,0.0,0.0,
0.04180067135275589,0.10886992891231784,0.14224952455371725,2.7888509631892835,0.0,0.0,0.0,
0.04180067135275589,0.10886992891231784,0.14224952455371725,2.7888509631892835,0.0,0.0,0.0,
0.04180067135275589,0.10886992891231784,0.14224952455371725,2.7888509631892835,0.0,0.0,0.0,
0.04180067135275589,0.10886992891231784,0.14224952455371725,2.7888509631892835,0.0,0.0,0.0,
0.04180067135275589,0.10886992891231784,0.14224952455371725,2.804289257714737,0.0,0.0,0.0,
0.04180067135275589,0.10886992891231784,0.14224952455371725,2.804289257714737,0.0,0.0,0.0,
0.04180067135275589,0.10886992891231784,0.14224952455371725,2.804289257714737,0.0,0.0,0.0,
0.04180067135275589,0.10886992891231784,0.14224952455371725,2.804289257714737,0.0,0.0,0.0,
0.04180067135275589,0.10886992891231784,0.14224952455371725,2.804289257714737,0.0,0.0,0.0,
0.04180067135275589,0.10886992891231784,0.14224952455371725,2.804289257714737,0.0,0.0,0.0,
0.04180067135275589,0.10886992891231784,0.14224952455371725,2.804289257714737,0.0,0.0,0.0,
0.04180067135275589,0.10886992891231784,0.14224952455371725,2.804289257714737,0.0,0.0,0.0,
0.04180067135275589,0.10886992891231784,0.14224952455371725,2.824952158041167,0.0,0.0,0.0,
0.04180067135275589,0.10886992891231784,0.14224952455371725,2.824952158041167,0.0,0.0,0.0,
0.04180067135275589,0.10886992891231784,0.14224952455371725,2.824952158041167,0.0,0.0,0.0,
0.04180067135275589,0.10886992891231784,0.14224952455371725,2.824952158041167,0.0,0.0,0.0,
0.04180067135275589,0.10886992891231784,0.14224952455371725,2.824952158041167,0.0,0.0,0.0,
0.04180067135275589,0.10886992891231784,0.14224952455371725,2.824952158041167,0.0,0.0,0.0,
0.04180067135275589,0.10886992891231784,0.14224952455371725,2.824952158041167,0.0,0.0,0.0,
0.04180067135275589,0.10886992891231784,0.14224952455371725,2.824952158041167,0.0,0.0,0.0,
0.04180067135275589,0.10886992891231784,0.14224952455371725,2.8411477801347784,0.0,0.0,0.0,
0.04180067135275589,0.10886992891231784,0.14224952455371725,2.819080382671814,0.0,0.0,0.0,
0.04180067135275589,0.10886992891231784,0.14224952455371725,2.819080382671814,0.0,0.0,0.0,
0.04180067135275589,0.10886992891231784,0.14224952455371725,2.819080382671814,0.0,0.0,0.0,
0.04180067135275589,0.10886992891231784,0.14224952455371725,2.819080382671814,0.0,0.0,0.0,
0.04180067135275589,0.10886992891231784,0.14224952455371725,2.6844810759576903,0.0,0.0,0.0,
0.04180067135275589,0.10886992891231784,0.14224952455371725,2.6844810759576903,0.0,0.0,0.0,
0.04180067135275589,0.10886992891231784,0.14224952455371725,2.6844810759576903,0.0,0.0,0.0,
0.04180067135275589,0.10886992891231784,0.14224952455371725,2.6844810759576903,0.0,0.0,0.0,
0.04180067135275589,0.10886992891231784,0.14224952455371725,2.6844810759576903,0.0,0.0,0.0,
0.04180067135275589,0.10886992891231784,0.14224952455371725,2.6844810759576903,0.0,0.0,0.0,
0.04180067135275589,0.10886992891231784,0.14224952455371725,2.6844810759576903,0.0,0.0,0.0,
0.04180067135275589,0.10886992891231784,0.14224952455371725,2.6844810759576903,0.0,0.0,0.0,
0.04180067135275589,0.10886992891231784,0.14224952455371725,2.6844810759576903,0.0,0.0,0.0,
0.04180067135275589,0.10886992891231784,0.14224952455371725,2.6844810759576903,0.0,0.0,0.0,
0.04180067135275589,0.10886992891231784,0.14224952455371725,2.6844810759576903,0.0,0.0,0.0,
0.04180067135275589,0.10886992891231784,0.14224952455371725,2.6844810759576903,0.0,0.0,0.0,
0.04180067135275589,0.10886992891231784,0.14224952455371725,2.728901480583805,0.0,0.0,0.0,
0.04180067135275589,0.10886992891231784,0.14224952455371725,2.728901480583805,0.0,0.0,0.0,
0.04180067135275589,0.10886992891231784,0.14224952455371725,2.728901480583805,0.0,0.0,0.0,
0.04180067135275589,0.10886992891231784,0.14224952455371725,2.728901480583805,0.0,0.0,0.0,
0.04180067135275589,0.10886992891231784,0.14224952455371725,2.728901480583805,0.0,0.0,0.0,
0.04180067135275589,0.10886992891231784,0.14224952455371725,2.728901480583805,0.0,0.0,0.0,
0.04180067135275589,0.10886992891231784,0.14224952455371725,2.728901480583805,0.0,0.0,0.0,
0.04180067135275589,0.10886992891231784,0.14224952455371725,2.728901480583805,0.0,0.0,0.0,
0.04180067135275589,0.10886992891231784,0.14224952455371725,2.728901480583805,0.0,0.0,0.0,
0.04180067135275589,0.10886992891231784,0.14224952455371725,2.728901480583805,0.0,0.0,0.0,
0.04180067135275589,0.10886992891231784,0.14224952455371725,2.728901480583805,0.0,0.0,0.0,
0.04180067135275589,0.10886992891231784,0.14224952455371725,2.728901480583805,0.0,0.0,0.0,
0.04180067135275589,0.10886992891231784,0.14224952455371725,2.7564305621662637,0.0,0.0,0.0,
0.04180067135275589,0.10886992891231784,0.14224952455371725,2.7564305621662637,0.0,0.0,0.0,
0.04180067135275589,0.10886992891231784,0.14224952455371725,2.7564305621662637,0.0,0.0,0.0,
0.04180067135275589,0.10886992891231784,0.14224952455371725,2.7564305621662637,0.0,0.0,0.0,
0.04180067135275589,0.10886992891231784,0.14224952455371725,2.7564305621662637,0.0,0.0,0.0,
0.04180067135275589,0.10886992891231784,0.14224952455371725,2.8101328691416545,0.0,0.0,0.0,
0.04180067135275589,0.10886992891231784,0.14224952455371725,2.8101328691416545,0.0,0.0,0.0,
0.04180067135275589,0.10886992891231784,0.14224952455371725,2.8101328691416545,0.0,0.0,0.0,
0.04180067135275589,0.10886992891231784,0.14224952455371725,2.8101328691416545,0.0,0.0,0.0,
0.04180067135275589,0.10886992891231784,0.14224952455371725,2.8101328691416545,0.0,0.0,0.0,
0.04180067135275589,0.10886992891231784,0.14224952455371725,2.8288364556068677,0.0,0.0,0.0,
0.04180067135275589,0.10886992891231784,0.14224952455371725,2.8288364556068677,0.0,0.0,0.0,
0.04180067135275589,0.10886992891231784,0.14224952455371725,2.8288364556068677,0.0,0.0,0.0,
0.04180067135275589,0.10886992891231784,0.14224952455371725,2.8288364556068677,0.0,0.0,0.0,
0.04180067135275589,0.10886992891231784,0.14224952455371725,2.8288364556068677,0.0,0.0,0.0,
0.04180067135275589,0.10886992891231784,0.14224952455371725,2.8288364556068677,0.0,0.0,0.0,
0.04180067135275589,0.10886992891231784,0.14224952455371725,2.8288364556068677,0.0,0.0,0.0,
0.04180067135275589,0.10886992891231784,0.14224952455371725,2.8288364556068677,0.0,0.0,0.0,
0.04180067135275589,0.10886992891231784,0.14224952455371725,2.7761848887217218,0.0,0.0,0.0,
0.04180067135275589,0.10886992891231784,0.14224952455371725,2.7761848887217218,0.0,0.0,0.0,
0.04180067135275589,0.10886992891231784,0.14224952455371725,2.7761848887217218,0.0,0.0,0.0,
0.04180067135275589,0.10886992891231784,0.14224952455371725,2.7761848887217218,0.0,0.0,0.0,
0.04180067135275589,0.10886992891231784,0.14224952455371725,2.7761848887217218,0.0,0.0,0.0,
0.04180067135275589,0.10886992891231784,0.14224952455371725,2.7761848887217218,0.0,0.0,0.0,
0.04180067135275589,0.10886992891231784,0.14224952455371725,2.7761848887217218,0.0,0.0,0.0,
0.04180067135275589,0.10886992891231784,0.14224952455371725,2.7761848887217218,0.0,0.0,0.0,
0.04180067135275589,0.10886992891231784,0.14224952455371725,2.7761848887217218,0.0,0.0,0.0,
0.04180067135275589,0.10886992891231784,0.14224952455371725,2.7761848887217218,0.0,0.0,0.0,
0.04180067135275589,0.10886992891231784,0.14224952455371725,2.8079377763329716,0.0,0.0,0.0,
0.04180067135275589,0.10886992891231784,0.14224952455371725,2.8079377763329716,0.0,0.0,0.0,
0.04180067135275589,0.10886992891231784,0.14224952455371725,2.8079377763329716,0.0,0.0,0.0,
0.04180067135275589,0.10886992891231784,0.14224952455371725,2.8079377763329716,0.0,0.0,0.0,
0.04180067135275589,0.10886992891231784,0.14224952455371725,2.8666618143311497,0.0,0.0,0.0,
0.04180067135275589,0.10886992891231784,0.14224952455371725,2.8666618143311497,0.0,0.0,0.0,
0.04180067135275589,0.10886992891231784,0.14224952455371725,2.8812586689251134,0.0,0.0,0.0,
0.04180067135275589,0.10886992891231784,0.14224952455371725,2.8812586689251134,0.0,0.0,0.0,
0.04180067135275589,0.10886992891231784,0.14224952455371725,2.8812586689251134,0.0,0.0,0.0,
0.04180067135275589,0.10886992891231784,0.14224952455371725,2.8812586689251134,0.0,0.0,0.0,
0.04180067135275589,0.10886992891231784,0.14224952455371725,2.8812586689251134,0.0,0.0,0.0,
0.04180067135275589,0.10886992891231784,0.14224952455371725,2.8879676942338706,0.0,0.0,0.0,
0.04180067135275589,0.10886992891231784,0.14224952455371725,2.8879676942338706,0.0,0.0,0.0,
0.04180067135275589,0.10886992891231784,0.14224952455371725,2.8879676942338706,0.0,0.0,0.0,
0.04180067135275589,0.10886992891231784,0.14224952455371725,2.890364539761881,0.0,0.0,0.0,
0.04180067135275589,0.10886992891231784,0.14224952455371725,2.890364539761881,0.0,0.0,0.0,
0.04180067135275589,0.10886992891231784,0.14224952455371725,2.890364539761881,0.0,0.0,0.0,
0.04180067135275589,0.10886992891231784,0.14224952455371725,2.88913174548088,0.0,0.0,0.0,
0.04180067135275589,0.10886992891231784,0.14224952455371725,2.88913174548088,0.0,0.0,0.0,
0.04180067135275589,0.10886992891231784,0.14224952455371725,2.88913174548088,0.0,0.0,0.0,
0.04180067135275589,0.10886992891231784,0.14224952455371725,2.88296139156283,0.0,0.0,0.0,
0.04180067135275589,0.10886992891231784,0.14224952455371725,2.88296139156283,0.0,0.0,0.0,
0.04180067135275589,0.10886992891231784,0.14224952455371725,2.88296139156283,0.0,0.0,0.0,
0.04180067135275589,0.10886992891231784,0.14224952455371725,2.88296139156283,0.0,0.0,0.0,
0.04180067135275589,0.10886992891231784,0.14224952455371725,2.88296139156283,0.0,0.0,0.0,
0.04180067135275589,0.10886992891231784,0.14224952455371725,2.88296139156283,0.0,0.0,0.0,
0.04180067135275589,0.10886992891231784,0.14224952455371725,2.88296139156283,0.0,0.0,0.0,
0.04180067135275589,0.10886992891231784,0.14224952455371725,2.780150543450457,0.0,0.0,0.0,
0.04180067135275589,0.10886992891231784,0.14224952455371725,2.780150543450457,0.0,0.0,0.0,
0.04180067135275589,0.10886992891231784,0.14224952455371725,2.780150543450457,0.0,0.0,0.0,
0.04180067135275589,0.10886992891231784,0.14224952455371725,2.780150543450457,0.0,0.0,0.0,
0.04180067135275589,0.10886992891231784,0.14224952455371725,2.7764362988815066,0.0,0.0,0.0,
0.04180067135275589,0.10886992891231784,0.14224952455371725,2.7783533506407254,0.0,0.0,0.0,
0.04180067135275589,0.10886992891231784,0.14224952455371725,2.7783533506407254,0.0,0.0,0.0,
0.04180067135275589,0.10886992891231784,0.14224952455371725,2.8130704883385276,0.0,0.0,0.0,
0.04180067135275589,0.10886992891231784,0.14224952455371725,2.8130704883385276,0.0,0.0,0.0,
0.04180067135275589,0.10886992891231784,0.14224952455371725,2.8130704883385276,0.0,0.0,0.0,
0.04180067135275589,0.10886992891231784,0.14224952455371725,2.8130704883385276,0.0,0.0,0.0,
0.04180067135275589,0.10886992891231784,0.14224952455371725,2.8130704883385276,0.0,0.0,0.0,
0.04180067135275589,0.10886992891231784,0.14224952455371725,2.8194615353559307,0.0,0.0,0.0,
0.04180067135275589,0.10886992891231784,0.14224952455371725,2.8194615353559307,0.0,0.0,0.0,
0.04180067135275589,0.10886992891231784,0.14224952455371725,2.824269425100642,0.0,0.0,0.0,
0.04180067135275589,0.10886992891231784,0.14224952455371725,2.824269425100642,0.0,0.0,0.0,
0.04180067135275589,0.10886992891231784,0.14224952455371725,2.824269425100642,0.0,0.0,0.0,
0.04180067135275589,0.10886992891231784,0.14224952455371725,2.824269425100642,0.0,0.0,0.0,
0.04180067135275589,0.10886992891231784,0.14224952455371725,2.8285459663060726,0.0,0.0,0.0,
0.04180067135275589,0.10886992891231784,0.14224952455371725,2.8285459663060726,0.0,0.0,0.0,
0.04180067135275589,0.10886992891231784,0.14224952455371725,2.8285459663060726,0.0,0.0,0.0,
0.04180067135275589,0.10886992891231784,0.14224952455371725,2.835686287417555,0.0,0.0,0.0,
0.04180067135275589,0.10886992891231784,0.14224952455371725,2.835686287417555,0.0,0.0,0.0,
0.04180067135275589,0.10886992891231784,0.14224952455371725,2.835686287417555,0.0,0.0,0.0,
0.04180067135275589,0.10886992891231784,0.14224952455371725,2.835686287417555,0.0,0.0,0.0,
0.04180067135275589,0.10886992891231784,0.14224952455371725,2.835686287417555,0.0,0.0,0.0,
0.04180067135275589,0.10886992891231784,0.14224952455371725,2.835686287417555,0.0,0.0,0.0,
0.04180067135275589,0.10886992891231784,0.14224952455371725,2.835686287417555,0.0,0.0,0.0,
0.04180067135275589,0.10886992891231784,0.14224952455371725,2.835686287417555,0.0,0.0,0.0,
0.04180067135275589,0.10886992891231784,0.14224952455371725,2.835686287417555,0.0,0.0,0.0,
0.04180067135275589,0.10886992891231784,0.14224952455371725,2.835686287417555,0.0,0.0,0.0,
0.04180067135275589,0.10886992891231784,0.14224952455371725,2.835686287417555,0.0,0.0,0.0,
0.04180067135275589,0.10886992891231784,0.14224952455371725,2.835686287417555,0.0,0.0,0.0,
0.04180067135275589,0.10886992891231784,0.14224952455371725,2.8415752348439325,0.0,0.0,0.0,
0.04180067135275589,0.10886992891231784,0.14224952455371725,2.7733030833371015,0.0,0.0,0.0,
0.04180067135275589,0.10886992891231784,0.14224952455371725,2.7733030833371015,0.0,0.0,0.0,
0.04180067135275589,0.10886992891231784,0.14224952455371725,2.689257463720149,0.0,0.0,0.0,
0.04180067135275589,0.10886992891231784,0.14224952455371725,2.693225896197785,0.0,0.0,0.0,
0.04180067135275589,0.10886992891231784,0.14224952455371725,2.693225896197785,0.0,0.0,0.0,
0.04180067135275589,0.10886992891231784,0.14224952455371725,2.693225896197785,0.0,0.0,0.0,
0.04180067135275589,0.10886992891231784,0.14224952455371725,2.693225896197785,0.0,0.0,0.0,
0.04180067135275589,0.10886992891231784,0.14224952455371725,2.693225896197785,0.0,0.0,0.0,
0.04180067135275589,0.10886992891231784,0.14224952455371725,2.693225896197785,0.0,0.0,0.0,
0.04180067135275589,0.10886992891231784,0.14224952455371725,2.7092012866808974,0.0,0.0,0.0,
0.04180067135275589,0.10886992891231784,0.14224952455371725,2.7092012866808974,0.0,0.0,0.0,
0.04180067135275589,0.10886992891231784,0.14224952455371725,2.7092012866808974,0.0,0.0,0.0,
0.04180067135275589,0.10886992891231784,0.14224952455371725,2.72199834537647,0.0,0.0,0.0,
0.04180067135275589,0.10886992891231784,0.14224952455371725,2.72199834537647,0.0,0.0,0.0,
0.04180067135275589,0.10886992891231784,0.14224952455371725,2.72199834537647,0.0,0.0,0.0,
0.04180067135275589,0.10886992891231784,0.14224952455371725,2.72199834537647,0.0,0.0,0.0,
0.04180067135275589,0.10886992891231784,0.14224952455371725,2.72199834537647,0.0,0.0,0.0,
0.04180067135275589,0.10886992891231784,0.14224952455371725,2.72199834537647,0.0,0.0,0.0,
0.04180067135275589,0.10886992891231784,0.14224952455371725,2.738167468873374,0.0,0.0,0.0,
0.04180067135275589,0.10886992891231784,0.14224952455371725,2.738167468873374,0.0,0.0,0.0,
0.04180067135275589,0.10886992891231784,0.14224952455371725,2.747544234464221,0.0,0.0,0.0,
0.04180067135275589,0.10886992891231784,0.14224952455371725,2.747544234464221,0.0,0.0,0.0,
0.04180067135275589,0.10886992891231784,0.14224952455371725,2.747544234464221,0.0,0.0,0.0,
0.04180067135275589,0.10886992891231784,0.14224952455371725,2.7600535694629866,0.0,0.0,0.0,
0.04180067135275589,0.10886992891231784,0.14224952455371725,2.7600535694629866,0.0,0.0,0.0,
0.04180067135275589,0.10886992891231784,0.14224952455371725,2.7600535694629866,0.0,0.0,0.0,
0.04180067135275589,0.10886992891231784,0.14224952455371725,2.7600535694629866,0.0,0.0,0.0,
0.04180067135275589,0.10886992891231784,0.14224952455371725,2.7600535694629866,0.0,0.0,0.0,
0.04180067135275589,0.10886992891231784,0.14224952455371725,2.768924201435613,0.0,0.0,0.0,
0.04180067135275589,0.10886992891231784,0.14224952455371725,2.768924201435613,0.0,0.0,0.0,
0.04180067135275589,0.10886992891231784,0.14224952455371725,2.768924201435613,0.0,0.0,0.0,
0.04180067135275589,0.10886992891231784,0.14224952455371725,2.768924201435613,0.0,0.0,0.0,
0.04180067135275589,0.10886992891231784,0.14224952455371725,2.768924201435613,0.0,0.0,0.0,
0.04180067135275589,0.10886992891231784,0.14224952455371725,2.768924201435613,0.0,0.0,0.0,
0.04180067135275589,0.10886992891231784,0.14224952455371725,2.7893724924622147,0.0,0.0,0.0,
0.04180067135275589,0.10886992891231784,0.14224952455371725,2.7893724924622147,0.0,0.0,0.0,
0.04180067135275589,0.10886992891231784,0.14224952455371725,2.7893724924622147,0.0,0.0,0.0,
0.04180067135275589,0.10886992891231784,0.14224952455371725,2.7893155894980954,0.0,0.0,0.0,
0.04180067135275589,0.10886992891231784,0.14224952455371725,2.7893155894980954,0.0,0.0,0.0,
0.04180067135275589,0.10886992891231784,0.14224952455371725,2.7893155894980954,0.0,0.0,0.0,
0.04180067135275589,0.10886992891231784,0.14224952455371725,2.7893155894980954,0.0,0.0,0.0,
0.04180067135275589,0.10886992891231784,0.14224952455371725,2.7893155894980954,0.0,0.0,0.0,
0.04180067135275589,0.10886992891231784,0.14224952455371725,2.7893155894980954,0.0,0.0,0.0,
0.04180067135275589,0.10886992891231784,0.14224952455371725,2.7893155894980954,0.0,0.0,0.0,
0.04180067135275589,0.10886992891231784,0.14224952455371725,2.8032954905016094,0.0,0.0,0.0,
0.04180067135275589,0.10886992891231784,0.14224952455371725,2.8032954905016094,0.0,0.0,0.0,
0.04180067135275589,0.10886992891231784,0.14224952455371725,2.7766191917092007,0.0,0.0,0.0,
0.04180067135275589,0.10886992891231784,0.14224952455371725,2.7766191917092007,0.0,0.0,0.0,
0.04180067135275589,0.10886992891231784,0.14224952455371725,2.7766191917092007,0.0,0.0,0.0,
0.04180067135275589,0.10886992891231784,0.14224952455371725,2.7766191917092007,0.0,0.0,0.0,
0.04180067135275589,0.10886992891231784,0.14224952455371725,2.7766191917092007,0.0,0.0,0.0,
0.04180067135275589,0.10886992891231784,0.14224952455371725,2.7766191917092007,0.0,0.0,0.0,
0.04180067135275589,0.10886992891231784,0.14224952455371725,2.7766191917092007,0.0,0.0,0.0,
0.04180067135275589,0.10886992891231784,0.14224952455371725,2.7766191917092007,0.0,0.0,0.0,
0.04180067135275589,0.10886992891231784,0.14224952455371725,2.7766191917092007,0.0,0.0,0.0,
0.04180067135275589,0.10886992891231784,0.14224952455371725,2.7766191917092007,0.0,0.0,0.0,
0.04180067135275589,0.10886992891231784,0.14224952455371725,2.7766191917092007,0.0,0.0,0.0,
0.04180067135275589,0.10886992891231784,0.14224952455371725,2.7766191917092007,0.0,0.0,0.0,
0.04180067135275589,0.10886992891231784,0.14224952455371725,2.7766191917092007,0.0,0.0,0.0,
0.04180067135275589,0.10886992891231784,0.14224952455371725,2.7766191917092007,0.0,0.0,0.0,
0.04180067135275589,0.10886992891231784,0.14224952455371725,2.7766191917092007,0.0,0.0,0.0,
0.04180067135275589,0.10886992891231784,0.14224952455371725,2.7766191917092007,0.0,0.0,0.0,
0.04180067135275589,0.10886992891231784,0.14224952455371725,2.7766191917092007,0.0,0.0,0.0,
0.04180067135275589,0.10886992891231784,0.14224952455371725,2.7766191917092007,0.0,0.0,0.0,
0.04180067135275589,0.10886992891231784,0.14224952455371725,2.7766191917092007,0.0,0.0,0.0,
0.04180067135275589,0.10886992891231784,0.14224952455371725,2.7766191917092007,0.0,0.0,0.0,
0.04180067135275589,0.10886992891231784,0.14224952455371725,2.783656197373246,0.0,0.0,0.0,
0.04180067135275589,0.10886992891231784,0.14224952455371725,2.783656197373246,0.0,0.0,0.0,
0.04180067135275589,0.10886992891231784,0.14224952455371725,2.783656197373246,0.0,0.0,0.0,
0.04180067135275589,0.10886992891231784,0.14224952455371725,2.783656197373246,0.0,0.0,0.0,
0.04180067135275589,0.10886992891231784,0.14224952455371725,2.783656197373246,0.0,0.0,0.0,
0.04180067135275589,0.10886992891231784,0.14224952455371725,2.783656197373246,0.0,0.0,0.0,
0.04180067135275589,0.10886992891231784,0.14224952455371725,2.7944313851367735,0.0,0.0,0.0,
0.04180067135275589,0.10886992891231784,0.14224952455371725,2.7944313851367735,0.0,0.0,0.0,
0.04180067135275589,0.10886992891231784,0.14224952455371725,2.682663699750826,0.0,0.0,0.0,
0.04180067135275589,0.10886992891231784,0.14224952455371725,2.682663699750826,0.0,0.0,0.0,
0.04180067135275589,0.10886992891231784,0.14224952455371725,2.682663699750826,0.0,0.0,0.0,
0.04180067135275589,0.10886992891231784,0.14224952455371725,2.682663699750826,0.0,0.0,0.0,
0.04180067135275589,0.10886992891231784,0.14224952455371725,2.682663699750826,0.0,0.0,0.0,
0.04180067135275589,0.10886992891231784,0.14224952455371725,2.692650063885279,0.0,0.0,0.0,
0.04180067135275589,0.10886992891231784,0.14224952455371725,2.692650063885279,0.0,0.0,0.0,
0.04180067135275589,0.10886992891231784,0.14224952455371725,2.6880331606920276,0.0,0.0,0.0,
0.04180067135275589,0.10886992891231784,0.14224952455371725,2.6880331606920276,0.0,0.0,0.0,
0.04180067135275589,0.10886992891231784,0.14224952455371725,2.6880331606920276,0.0,0.0,0.0,
0.04180067135275589,0.10886992891231784,0.14224952455371725,2.6880331606920276,0.0,0.0,0.0,
0.04180067135275589,0.10886992891231784,0.14224952455371725,2.6880331606920276,0.0,0.0,0.0,
0.04180067135275589,0.10886992891231784,0.14224952455371725,2.6880331606920276,0.0,0.0,0.0,
0.04180067135275589,0.10886992891231784,0.14224952455371725,2.6880331606920276,0.0,0.0,0.0,
0.04180067135275589,0.10886992891231784,0.14224952455371725,2.6880331606920276,0.0,0.0,0.0,
0.04180067135275589,0.10886992891231784,0.14224952455371725,2.6880331606920276,0.0,0.0,0.0,
0.04180067135275589,0.10886992891231784,0.14224952455371725,2.7272520580936113,0.0,0.0,0.0,
0.04180067135275589,0.10886992891231784,0.14224952455371725,2.7272520580936113,0.0,0.0,0.0,
0.04180067135275589,0.10886992891231784,0.14224952455371725,2.7272520580936113,0.0,0.0,0.0,
0.04180067135275589,0.10886992891231784,0.14224952455371725,2.7272520580936113,0.0,0.0,0.0,
0.04180067135275589,0.10886992891231784,0.14224952455371725,2.7272520580936113,0.0,0.0,0.0,
0.04180067135275589,0.10886992891231784,0.14224952455371725,2.7272520580936113,0.0,0.0,0.0,
0.04180067135275589,0.10886992891231784,0.14224952455371725,2.722270551792898,0.0,0.0,0.0,
0.04180067135275589,0.10886992891231784,0.14224952455371725,2.722270551792898,0.0,0.0,0.0,
0.04180067135275589,0.10886992891231784,0.14224952455371725,2.722270551792898,0.0,0.0,0.0,
0.04180067135275589,0.10886992891231784,0.14224952455371725,2.722270551792898,0.0,0.0,0.0,
0.04180067135275589,0.10886992891231784,0.14224952455371725,2.722270551792898,0.0,0.0,0.0,
0.04180067135275589,0.10886992891231784,0.14224952455371725,2.7625070094729183,0.0,0.0,0.0,
0.04180067135275589,0.10886992891231784,0.14224952455371725,2.7625070094729183,0.0,0.0,0.0,
0.04180067135275589,0.10886992891231784,0.14224952455371725,2.7625070094729183,0.0,0.0,0.0,
0.04180067135275589,0.10886992891231784,0.14224952455371725,2.7625070094729183,0.0,0.0,0.0,
0.04180067135275589,0.10886992891231784,0.14224952455371725,2.7625070094729183,0.0,0.0,0.0,
0.04180067135275589,0.10886992891231784,0.14224952455371725,2.687492261008236,0.0,0.0,0.0,
0.04180067135275589,0.10886992891231784,0.14224952455371725,2.687492261008236,0.0,0.0,0.0,
0.04180067135275589,0.10886992891231784,0.14224952455371725,2.687492261008236,0.0,0.0,0.0,
0.04180067135275589,0.10886992891231784,0.14224952455371725,2.710120473424507,0.0,0.0,0.0,
0.04180067135275589,0.10886992891231784,0.14224952455371725,2.7243049052138533,0.0,0.0,0.0,
0.04180067135275589,0.10886992891231784,0.14224952455371725,2.7243049052138533,0.0,0.0,0.0,
0.04180067135275589,0.10886992891231784,0.14224952455371725,2.7243049052138533,0.0,0.0,0.0,
0.04180067135275589,0.10886992891231784,0.14224952455371725,2.685301008122523,0.0,0.0,0.0,
0.04180067135275589,0.10886992891231784,0.14224952455371725,2.685301008122523,0.0,0.0,0.0,
0.04180067135275589,0.10886992891231784,0.14224952455371725,2.685301008122523,0.0,0.0,0.0,
0.04180067135275589,0.10886992891231784,0.14224952455371725,2.6920435574382373,0.0,0.0,0.0,
0.04180067135275589,0.10886992891231784,0.14224952455371725,2.6920435574382373,0.0,0.0,0.0,
0.04180067135275589,0.10886992891231784,0.14224952455371725,2.6920435574382373,0.0,0.0,0.0,
0.04180067135275589,0.10886992891231784,0.14224952455371725,2.6993675249816005,0.0,0.0,0.0,
0.04180067135275589,0.10886992891231784,0.14224952455371725,2.6993675249816005,0.0,0.0,0.0,
0.04180067135275589,0.10886992891231784,0.14224952455371725,2.6993675249816005,0.0,0.0,0.0,
0.04180067135275589,0.10886992891231784,0.14224952455371725,2.6993675249816005,0.0,0.0,0.0,
0.04180067135275589,0.10886992891231784,0.14224952455371725,2.6993675249816005,0.0,0.0,0.0,
0.04180067135275589,0.10886992891231784,0.14224952455371725,2.6993675249816005,0.0,0.0,0.0,
0.04180067135275589,0.10886992891231784,0.14224952455371725,2.6993675249816005,0.0,0.0,0.0,
0.04180067135275589,0.10886992891231784,0.14224952455371725,2.7065588713718456,0.0,0.0,0.0,
0.04180067135275589,0.10886992891231784,0.14224952455371725,2.7065588713718456,0.0,0.0,0.0,
0.04180067135275589,0.10886992891231784,0.14224952455371725,2.6744096269672135,0.0,0.0,0.0,
0.04180067135275589,0.10886992891231784,0.14224952455371725,2.6744096269672135,0.0,0.0,0.0,
0.04180067135275589,0.10886992891231784,0.14224952455371725,2.6285129840553254,0.0,0.0,0.0,
0.04180067135275589,0.10886992891231784,0.14224952455371725,2.626562823359222,0.0,0.0,0.0,
0.04180067135275589,0.10886992891231784,0.14224952455371725,2.626562823359222,0.0,0.0,0.0,
0.04180067135275589,0.10886992891231784,0.14224952455371725,2.626562823359222,0.0,0.0,0.0,
0.04180067135275589,0.10886992891231784,0.14224952455371725,2.626562823359222,0.0,0.0,0.0,
0.04180067135275589,0.10886992891231784,0.14224952455371725,2.6308835165348574,0.0,0.0,0.0,
0.04180067135275589,0.10886992891231784,0.14224952455371725,2.631188950616151,0.0,0.0,0.0,
0.04180067135275589,0.10886992891231784,0.14224952455371725,2.631188950616151,0.0,0.0,0.0,
0.04180067135275589,0.10886992891231784,0.14224952455371725,2.631188950616151,0.0,0.0,0.0,
0.04180067135275589,0.10886992891231784,0.14224952455371725,2.642201433906908,0.0,0.0,0.0,
0.04180067135275589,0.10886992891231784,0.14224952455371725,2.642201433906908,0.0,0.0,0.0,
0.04180067135275589,0.10886992891231784,0.14224952455371725,2.642201433906908,0.0,0.0,0.0,
0.04180067135275589,0.10886992891231784,0.14224952455371725,2.642201433906908,0.0,0.0,0.0,
0.04180067135275589,0.10886992891231784,0.14224952455371725,2.642201433906908,0.0,0.0,0.0,
0.04180067135275589,0.10886992891231784,0.14224952455371725,2.642201433906908,0.0,0.0,0.0,
0.04180067135275589,0.10886992891231784,0.14224952455371725,2.642201433906908,0.0,0.0,0.0,
0.04180067135275589,0.10886992891231784,0.14224952455371725,2.642201433906908,0.0,0.0,0.0,
0.04180067135275589,0.10886992891231784,0.14224952455371725,2.642201433906908,0.0,0.0,0.0,
0.04180067135275589,0.10886992891231784,0.14224952455371725,2.642201433906908,0.0,0.0,0.0,
0.04180067135275589,0.10886992891231784,0.14224952455371725,2.642201433906908,0.0,0.0,0.0,
0.04180067135275589,0.10886992891231784,0.14224952455371725,2.642201433906908,0.0,0.0,0.0,
0.04180067135275589,0.10886992891231784,0.14224952455371725,2.642201433906908,0.0,0.0,0.0,
0.04180067135275589,0.10886992891231784,0.14224952455371725,2.642201433906908,0.0,0.0,0.0,
0.04180067135275589,0.10886992891231784,0.14224952455371725,2.642201433906908,0.0,0.0,0.0,
0.04180067135275589,0.10886992891231784,0.14224952455371725,2.642201433906908,0.0,0.0,0.0,
0.04180067135275589,0.10886992891231784,0.14224952455371725,2.642201433906908,0.0,0.0,0.0,
0.04180067135275589,0.10886992891231784,0.14224952455371725,2.642201433906908,0.0,0.0,0.0,
0.04180067135275589,0.10886992891231784,0.14224952455371725,2.642201433906908,0.0,0.0,0.0,
0.04180067135275589,0.10886992891231784,0.14224952455371725,2.642201433906908,0.0,0.0,0.0,
0.04180067135275589,0.10886992891231784,0.14224952455371725,2.642201433906908,0.0,0.0,0.0,
0.04180067135275589,0.10886992891231784,0.14224952455371725,2.642201433906908,0.0,0.0,0.0,
0.04180067135275589,0.10886992891231784,0.14224952455371725,2.642201433906908,0.0,0.0,0.0,
0.04180067135275589,0.10886992891231784,0.14224952455371725,2.642201433906908,0.0,0.0,0.0,
0.04180067135275589,0.10886992891231784,0.14224952455371725,2.664892905781924,0.0,0.0,0.0,
0.04180067135275589,0.10886992891231784,0.14224952455371725,2.678254349954701,0.0,0.0,0.0,
0.04180067135275589,0.10886992891231784,0.14224952455371725,2.678254349954701,0.0,0.0,0.0,
0.04180067135275589,0.10886992891231784,0.14224952455371725,2.678254349954701,0.0,0.0,0.0,
0.04180067135275589,0.10886992891231784,0.14224952455371725,2.678254349954701,0.0,0.0,0.0,
0.04180067135275589,0.10886992891231784,0.14224952455371725,2.678254349954701,0.0,0.0,0.0,
0.04180067135275589,0.10886992891231784,0.14224952455371725,2.678254349954701,0.0,0.0,0.0,
0.04180067135275589,0.10886992891231784,0.14224952455371725,2.678254349954701,0.0,0.0,0.0,
0.04180067135275589,0.10886992891231784,0.14224952455371725,2.678254349954701,0.0,0.0,0.0,
0.04180067135275589,0.10886992891231784,0.14224952455371725,2.678254349954701,0.0,0.0,0.0,
0.04180067135275589,0.10886992891231784,0.14224952455371725,2.678254349954701,0.0,0.0,0.0,
0.04180067135275589,0.10886992891231784,0.14224952455371725,2.678254349954701,0.0,0.0,0.0,
0.04180067135275589,0.10886992891231784,0.14224952455371725,2.678254349954701,0.0,0.0,0.0,
0.04180067135275589,0.10886992891231784,0.14224952455371725,2.713393582946513,0.0,0.0,0.0,
0.04180067135275589,0.10886992891231784,0.14224952455371725,2.713393582946513,0.0,0.0,0.0,
0.04180067135275589,0.10886992891231784,0.14224952455371725,2.713393582946513,0.0,0.0,0.0,
0.04180067135275589,0.10886992891231784,0.14224952455371725,2.713393582946513,0.0,0.0,0.0,
0.04180067135275589,0.10886992891231784,0.14224952455371725,2.748186329738841,0.0,0.0,0.0,
0.04180067135275589,0.10886992891231784,0.14224952455371725,2.7625992364426644,0.0,0.0,0.0,
0.04180067135275589,0.10886992891231784,0.14224952455371725,2.7377269249803757,0.0,0.0,0.0,
0.04180067135275589,0.10886992891231784,0.14224952455371725,2.7378676389225087,0.0,0.0,0.0,
0.04180067135275589,0.10886992891231784,0.14224952455371725,2.7378676389225087,0.0,0.0,0.0,
0.04180067135275589,0.10886992891231784,0.14224952455371725,2.7378676389225087,0.0,0.0,0.0,
0.04180067135275589,0.10886992891231784,0.14224952455371725,2.7378676389225087,0.0,0.0,0.0,
0.04180067135275589,0.10886992891231784,0.14224952455371725,2.7378676389225087,0.0,0.0,0.0,
0.04180067135275589,0.10886992891231784,0.14224952455371725,2.7378676389225087,0.0,0.0,0.0,
0.04180067135275589,0.10886992891231784,0.14224952455371725,2.7378676389225087,0.0,0.0,0.0,
0.04180067135275589,0.10886992891231784,0.14224952455371725,2.7378676389225087,0.0,0.0,0.0,
0.04180067135275589,0.10886992891231784,0.14224952455371725,2.7378676389225087,0.0,0.0,0.0,