
0.0
9.898745846444428E-5
2.736065573735375E-4
3.4767938097235765E-4
3.2568297438334765E-4
2.8985554747994733E-4
2.513688984290413E-4
2.2596527190249868E-4
2.0452403747238724E-4
1.8834266281148873E-4
1.7294415822347248E-4
1.582863182051955E-4
1.4402823736567725E-4
1.302721258964926E-4
1.1704178473135546E-4
1.044977044782468E-4
9.274330871240341E-5
8.187062259628361E-5
7.192686411099344E-5
6.292511864895557E-5
5.4846140733494096E-5
4.764943650792931E-5
4.128092635864473E-5
3.5677341338923094E-5
3.077103522092034E-5
2.6579979627734344E-5
2.3027159310338825E-5
2.0000675678719764E-5
1.7380565678100142E-5
1.5093931403110172E-5
1.3074659756922645E-5
1.1294989698373013E-5
9.734445615814387E-6
8.373425981728945E-6
7.192997447458675E-6
6.1737932164403115E-6
5.297251446945287E-6
4.545595212180185E-6
3.906187856606694E-6
3.3634088628714004E-6
2.901114196510037E-6
2.50499767448458E-6
2.1655843797006155E-6
1.8743794029831986E-6
1.624867342136231E-6
1.411057478891816E-6
1.2279161643401675E-6
1.0709645755457934E-6
9.363649279232953E-7
8.207986675864926E-7
7.214368468192422E-7
6.35866598764304E-7
5.620401749705879E-7
4.98228373814478E-7
4.4296728210322017E-7
3.950173386244017E-7
3.5332463453072085E-7
3.169938085992608E-7
2.852627206326941E-7
2.574829503988531E-7
2.3310156563989197E-7
2.1164750274866424E-7
1.9271801953434606E-7
1.7596881684121709E-7
1.6110519318901543E-7
1.4787621415836808E-7
1.3606688540733622E-7
1.254936804956769E-7
1.1599865526658906E-7
1.0744607392775804E-7
9.971900678691258E-8
9.271673650005072E-8
8.63524455452057E-8
8.055130657624609E-8
7.524870862352994E-8
7.038883959702557E-8
6.592340213740472E-8
6.181049089408052E-8
5.801366786696338E-8
5.45011475182404E-8
5.1245129546202285E-8
4.8221227562544526E-8
4.5407989250184586E-8
4.278648878553263E-8
4.033997939018108E-8
3.8053651348051E-8
3.591428936818935E-8
3.391111363048285E-8
3.205420181968164E-8
3.0333045387850545E-8
2.8722186005460967E-8
2.7198555175428558E-8
2.5788524308927167E-8
2.44833241139924E-8
2.3319352709229106E-8
2.226965239715469E-8
2.131027019598552E-8
2.0408271697412968E-8
1.953910136558604E-8
1.868545139061064E-8
1.783821990310283E-8
1.6993985110286706E-8
1.615343973291166E-8
1.5319680178794168E-8
1.4497092199642577E-8
1.3690495125447093E-8
1.2904590747555627E-8
1.2143628826062794E-8
1.141119741689709E-8
1.0710132513359804E-8
1.0042467038333639E-8
9.409474277234341E-9
8.811714165380402E-9
8.249514667419146E-9
7.72240997999404E-9
7.229236403117043E-9
6.768406057341072E-9
6.339208000588377E-9
5.9399979625623795E-9
5.569829760601312E-9
5.226663389238827E-9
4.908942615851733E-9
4.6143699829805195E-9
4.341249723606665E-9
4.0872556495928676E-9
3.850355956578863E-9
3.6286285483450664E-9
3.4205317940473053E-9
3.2250006030314835E-9
3.0410274323901807E-9
2.8676389205058114E-9
2.704004207341896E-9
2.549904273790159E-9
2.4046823627971408E-9
2.270955532662948E-9
2.1476657791991846E-9
2.0332041653633922E-9
1.9251657202555168E-9
1.82669032543366E-9
1.7353192083144513E-9
1.657386211116995E-9
1.5890550082386562E-9
1.5292879338350662E-9
1.4741253910397107E-9
1.4201124228733467E-9
1.3649196094297725E-9
1.3071653770750793E-9
1.2465552359634037E-9
1.183379747397397E-9
1.1184774009890434E-9
1.0527259464981407E-9
9.871109159941505E-10
9.224536688226603E-10
8.594897894438624E-10
7.987997165625958E-10
7.408259108410865E-10
6.858936547304791E-10
6.34191738366124E-10
5.858216774687566E-10
5.407981640833027E-10
4.990694465791292E-10
4.6053083958252606E-10
4.250401429664387E-10
3.924430352329354E-10
3.6255715333735454E-10
3.3520680032496585E-10
3.1019453371959884E-10
2.8733091449251825E-10
2.664301341515495E-10
2.473167811130977E-10
2.298284854471544E-10
2.1381359283403568E-10
1.9913336197714224E-10
1.856608577455809E-10
1.7328109848798426E-10
1.6189023651258674E-10
1.5139494467609369E-10
1.4171148704206806E-10
1.3276483804463227E-10
1.244877369672198E-10
1.1681986327275724E-10
1.0970712441162678E-10
1.0310088783958032E-10
9.695747501282574E-11
9.123751916290016E-11
8.59056607629003E-11
8.092994640033107E-11
7.62816175266548E-11
7.193461366268837E-11
6.786539263274171E-11
6.405271176051321E-11
6.04772150393635E-11
5.712125083559899E-11
5.396875408714808E-11
5.100539733661685E-11
4.821785158882888E-11
4.5594326880996625E-11
4.312360534841826E-11
4.081021984563255E-11
3.863065836682409E-11
3.656514888354805E-11
3.460562698552737E-11
3.2755472271466565E-11
3.1007783746938184E-11
2.935693818848101E-11
2.7804650046302003E-11
2.6338223345580603E-11
2.4966451195262668E-11
2.3665869614559763E-11
2.2422865144170108E-11
2.13873252558699E-11
2.0423098432493936E-11
1.942190838407392E-11
1.8376292795927797E-11
1.7380663120700254E-11
1.6429788056853286E-11
1.5532428035751246E-11
1.468693188015423E-11
1.3890093698628075E-11
1.3140853850636118E-11
1.243562012196025E-11
1.177127478659166E-11
1.1221201273718199E-11
1.0709907263317329E-11
1.0177544178987858E-11
9.621729840189875E-12
9.096240617703495E-12
8.598958445157245E-12
8.131607571760089E-12
7.692260961973567E-12
7.27901585892702E-12
6.8899078928575136E-12
6.5231612137521795E-12
6.1771721055955295E-12
5.85050797486873E-12
5.541882940664306E-12
5.25013775955578E-12
4.978152602920368E-12
4.721222643414398E-12
4.4782026583176185E-12
4.245697443762301E-12
4.023794180903194E-12
3.813483383798333E-12
3.615848223105081E-12
3.428940954818177E-12
3.2510814095089084E-12
3.08128176860338E-12
2.9192487760453158E-12
2.7658842867084826E-12
2.6208282257649753E-12
2.4839844292558845E-12
2.3542297134079414E-12
2.231828252720278E-12
2.115545708970836E-12
2.005520830933535E-12
1.9008120118090265E-12
1.8012896256900862E-12
1.7068663830274919E-12
1.6175074012980628E-12
1.5327520936008204E-12
1.4523603710886336E-12
1.376311337138144E-12
1.3043529156591218E-12
1.2362112761960852E-12
1.171629171222611E-12
1.1104037702546522E-12
1.0523658005379246E-12
9.973673334144086E-13
9.452660110423218E-13
8.959066428862797E-13
8.491436919070377E-13
8.048366915767733E-13
7.628540832296206E-13
7.230705390722986E-13
6.853678914751026E-13
6.49634540818348E-13
6.157670076374793E-13
5.836670957574101E-13
5.53243164737287E-13
5.244060944978897E-13
4.970732155816459E-13
4.711656722589623E-13
4.4660839346498633E-13
4.2333077367392675E-13
4.012697372049057E-13
3.8036152142779587E-13
3.6054381002163347E-13
3.417572835211074E-13
3.242419007852687E-13
3.079016403092277E-13
2.9274163357063456E-13
2.784343891046852E-13
2.652729861611901E-13
2.5288152268319393E-13
2.423839109073735E-13
2.3315678480748344E-13
2.257964083213043E-13
2.1938688911861985E-13
2.1317800889208873E-13
2.0647620246701526E-13
1.9959780155869213E-13
1.9224520132582453E-13
1.8502839356617653E-13
1.7758652018360542E-13
1.6984837524961089E-13
1.6169022671578E-13
1.5314020705329396E-13
1.442844577801213E-13
1.3524968076218192E-13
1.2617745902534433E-13
1.1720521931931436E-13
1.0845662599263104E-13
1.0014301417339325E-13
9.23099125843343E-14
8.500905722481038E-14
7.821616672185717E-14
7.208234882381955E-14
6.642935760076984E-14
6.161016144566866E-14
5.743205675150705E-14
5.3954284662925186E-14
5.094691128571358E-14
4.8207520776346746E-14
4.5544170586429164E-14
4.287072831941799E-14
4.0151643727125426E-14
3.740826705728337E-14
3.467035435255243E-14
3.19780713798351E-14
2.936583061313829E-14
2.686318495533642E-14
2.4490805497901275E-14
2.226241407959757E-14
2.0185405223800275E-14
1.8262464780465804E-14
1.6492247197298442E-14
1.487059416836332E-14
1.3391252845127188E-14
1.2201874919580002E-14
1.1145774694721002E-14
1.009712779888843E-14
9.046417827295969E-15
8.098028732551682E-15
7.242692057642731E-15
6.478932223842899E-15
5.798185562829925E-15
5.192195574691389E-15
4.652967400070408E-15
4.173291095973465E-15
4.116213802318148E-14
1.461569586417031E-13
2.277799941157339E-13
2.360544070041086E-13
1.9807760895286928E-13
1.620247043340679E-13
1.2923459313597185E-13
1.0239998077756215E-13
8.088110491042246E-14
6.388348204663402E-14
3.7660290383001753E-13
7.298147890209738E-13
8.684107733689318E-13
7.705909221240914E-13
6.560571467113538E-13
5.329546621983906E-13
4.243833007026261E-13
3.383021323028764E-13
2.701823054178674E-13
2.168471667450234E-13
1.73738012372463E-13
1.3899266880589684E-13
1.105432776621667E-13
8.811564468506449E-14
7.040454164431018E-14
5.646403135732846E-14
4.5701704511471107E-14
3.7267287044605185E-14
3.0489918783258194E-14
2.497522925003538E-14
2.0661183849456677E-14
1.729757638807783E-14
1.457722494415301E-14
1.2300031262526158E-14
1.0439317546728165E-14
8.928198799360485E-15
7.694650635196712E-15
6.680944806155299E-15
5.837812938736613E-15
5.119945018061153E-15
4.512350599314521E-15
4.001080259983779E-15
3.5715776242449055E-15
3.2069565027477416E-15
2.8932765716428215E-15
2.622257104191747E-15
2.3872705980360118E-15
2.1813200296787898E-15
1.9995877650109603E-15
1.985293860820692E-15
1.9954952715490485E-15
1.9175943095165845E-15
1.7488687745843995E-15
1.5943993821711623E-15
1.4519743341800535E-15
1.326827725551265E-15
1.2169629542957577E-15
1.1204369584690747E-15
1.0350056817155273E-15
9.58879252753335E-16
8.907437074447646E-16
8.299170188365405E-16
7.760745167606773E-16
1.1972920575965412E-13
4.515323402644223E-13
7.087142617141464E-13
7.348253697116075E-13
6.161146129644206E-13
5.477576526994277E-13
4.916323781595663E-13
4.2274542595409586E-13
3.579387984703801E-13
3.090624449189837E-13
2.5889601215267897E-13
2.069693830672784E-13
1.6490026705617272E-13
1.3321790094965452E-13
1.0877394558848553E-13
8.830708096940616E-14
7.0649550025024E-14
5.73544214655416E-14
4.694101455467326E-14
3.860833912479464E-14
3.162091231967921E-14
2.6056841022155902E-14
2.147612732257104E-14
1.7751465895414943E-14
1.5183440608222118E-14
1.3942298756822173E-14
1.2859344301840101E-14
1.1313582188226407E-14
9.58762004135527E-15
8.673584932240257E-15
8.017557135432528E-15
7.195816472828488E-15
4.382751129955E-14
8.234196847049553E-14
9.436275340255488E-14
8.138117295866227E-14
6.933128273182277E-14
5.6816174123238986E-14
4.5462739598172085E-14
3.6464192870585386E-14
2.9305864824108583E-14
2.3604968963867122E-14
1.8978662226932313E-14
1.5288556979733597E-14
1.2321011267451453E-14
9.97730578986828E-15
8.13496763918753E-15
6.680357704148839E-15
5.520654780637629E-15
4.5903201986007595E-15
3.849568183628226E-15
3.257226809176664E-15
2.7803614280253575E-15
2.392892199630238E-15
2.0756542193212697E-15
1.8160597605393653E-15
1.603817865886571E-15
1.4267846073715027E-15
1.2760362217494172E-15
1.147417346941574E-15
1.0379803540227221E-15
9.44219514829249E-16
8.637626700599451E-16
7.938670177214682E-16
7.323328033582462E-16
5.86247497429604E-15
2.1321863528678694E-14
3.358258405540139E-14
3.5037135659127605E-14
6.331999368800425E-14
9.343724281041257E-14
1.0006891298660814E-13
8.352482617820472E-14
6.844164461551659E-14
1.3011499689114077E-13
1.9779059854350122E-13
2.1429288383732815E-13
1.7907498926368557E-13
1.4691189022322308E-13
6.561816521698747E-13
1.1955597206709632E-12
2.546084485359595E-12
3.5724208679360116E-12
3.773542614304619E-12
3.142581841230864E-12
2.653722089087764E-12
2.2174485593020297E-12
1.818141875303082E-12
1.4606087356347207E-12
1.1779634972407268E-12
9.42812063715035E-13
7.497589127214306E-13
5.994698756884622E-13
4.796675722206408E-13
3.829108272985267E-13
3.057418837526946E-13
2.4484580799492035E-13
1.9991189453946368E-13
1.7134795378709497E-13
1.4882580104632628E-13
1.4116341207095176E-13
1.348242371496327E-13
1.2179560980872026E-13
1.0131847187455832E-13
1.8589033830572137E-13
2.776965653942896E-13
3.0028312139246E-13
2.5287865527407683E-13
2.0938913900501921E-13
1.962885083527819E-13
1.916580451142894E-13
1.7411768169175713E-13
1.50667061914462E-13
1.3257074290032174E-13
1.1279825692167428E-13
9.176882846195883E-14
7.720880506432551E-14
6.856153955111887E-14
6.100494136692959E-14
1.836280656927949E-13
5.467589429912096E-13
8.291096759643064E-13
1.5330229082524842E-12
2.1054160884313128E-12
3.652805113891087E-12
6.737173901473963E-12
1.1413946662239757E-11
1.3835017567402601E-11
1.320261141330283E-11
1.09123481503491E-11
8.829971754255069E-12
7.011422783537197E-12
5.53752376933217E-12
4.7598724152719196E-12
4.249960480660563E-12
3.658731308711386E-12
2.943206456772329E-12
2.359211125897545E-12
1.8779651010990006E-12
1.4956634588799974E-12
1.1936190382221329E-12
9.565935024162938E-13
8.361442051003625E-12
1.6154363067974745E-11
2.7917993228694466E-11
3.712517502482524E-11
4.0031808532704754E-11
3.7688109610940894E-11
3.52573681161979E-11
3.184313865021628E-11
2.674898613408243E-11
2.1755755686913748E-11
1.74576744024763E-11
1.4131851635146108E-11
1.143508117563257E-11
9.155990251116974E-12
7.346797528830453E-12
5.9303927670060705E-12
4.776495379817441E-12
3.823804924358639E-12
3.1106429801339755E-12
2.555485354241822E-12
2.1282409060965513E-12
1.7723524221454086E-12
1.472890160533317E-12
1.212850835756076E-12
1.0035745930618758E-12
8.344503679873202E-13
6.985540110228753E-13
5.890947786968199E-13
5.006612139005173E-13
4.2888936141866914E-13
3.7033742301319976E-13
3.2229014655619343E-13
2.851960642307082E-13
2.549112177836328E-13
2.3009650701062474E-13
2.0786386239031236E-13
1.878243128918847E-13
1.6930784424492576E-13
1.5331283200747169E-13
1.394093782754738E-13
1.2780307333015572E-13
1.17741987666714E-13
1.0861910883436662E-13
1.0050308682331478E-13
9.331279322824947E-14
8.672153943340896E-14
8.073348384401237E-14
7.543316574212312E-14
7.063546106402108E-14
6.619855663524991E-14
6.226056843026908E-14
5.873835953771147E-14
5.57963539296563E-14
5.326757658232365E-14
5.103471661132396E-14
4.899971610956106E-14
4.702094491464841E-14
4.499885904785459E-14
4.289441175670839E-14
4.085399190602937E-14
3.882167656141516E-14
3.700752911105364E-14
3.532728644272402E-14
3.378803433985066E-14
3.230566704680554E-14
3.0836403904303525E-14
2.931485073922562E-14
2.7723577559543108E-14
2.6062835349071704E-14
2.4354684288117856E-14
2.2626324715062434E-14
2.0907940295509063E-14
1.9227062098366628E-14
1.7606230057291585E-14
1.606315227119038E-14
1.4611107925891857E-14
1.32580592424892E-14
1.2007587027942193E-14
1.086047166335274E-14
9.814499045153323E-15
8.868754433431586E-15
8.014595159611219E-15
7.254645199306175E-15
6.588420835383233E-15
5.987052434278003E-15
5.455340578312738E-15
5.009184397690281E-15
4.633486552205066E-15
4.264241619028016E-15
3.927314942684128E-15
3.6463133963947834E-15
3.3780172818344827E-15
3.1160655412248235E-15
2.861703360766737E-15
2.619648448045472E-15
2.4135137786289942E-15
2.234643642723593E-15
2.0602940563603325E-15
1.888469055044925E-15
1.7351707416003335E-15
1.597830510433879E-15
1.475436219748926E-15
1.3660037662924713E-15
1.2678172284253578E-15
1.1793312239616407E-15
1.2739891687137532E-15
1.3839401243726977E-15
1.3767496200927138E-15
6.247547061969518E-15
1.5772028612779095E-14
2.662831413368575E-14
3.1042453311877667E-14
2.914316917515788E-14
2.4115981944112556E-14
2.3971604714927166E-14
2.463801319973948E-14
2.2934281441104814E-14
1.8744549317065376E-14
1.5183076724952222E-14
1.2126854280853872E-14
9.688877535739696E-15
7.784855803620397E-15
1.2706043042830099E-12
2.5917215476014285E-12
4.211439743327571E-12
4.988334629825889E-12
7.178847165329261E-12
8.644774533046024E-12
8.632374986853285E-12
7.1225348853388084E-12
5.78733454789192E-12
4.598984925667826E-12
3.6376427873875093E-12
2.871616173077868E-12
2.2712607050703657E-12
1.8052953159689208E-12
1.4390128402560975E-12
3.2994628886831435E-12
5.31733921122515E-12
6.694959180527281E-12
7.229488628233987E-12
7.588077469662905E-12
6.997487144241883E-12
6.057938599131341E-12
5.059248105621064E-12
4.206020302399304E-12
3.463406638322053E-12
2.8392591272932965E-12
2.2806818584557013E-12
1.8164631833399822E-12
1.445576230724555E-12
1.1517119152841963E-12
9.221102682024076E-13
7.41898656877608E-13
5.990607920473267E-13
4.851928345967743E-13
3.9511033902253296E-13
3.2364196567301944E-13
2.668441260811599E-13
2.2156455912060245E-13
1.8534045275742056E-13
1.5624327224210968E-13
1.327658002302976E-13
1.1383966597938589E-13
9.843613464148264E-14
8.574826775985254E-14
7.529605818333551E-14
6.662978427711509E-14
5.93306777545801E-14
5.31253957906827E-14
4.7893648994492486E-14
4.345593315423693E-14
3.96476674295455E-14
3.63303380304583E-14
3.350693946514474E-14
3.106525354029259E-14
2.900338194230549E-14
2.726617322905305E-14
2.5789206651596654E-14
2.4477776929316154E-14
2.3264287558719043E-14
2.2174670427889755E-14
2.113183527269028E-14
2.022692269828865E-14
1.941222421101568E-14
1.868360789650377E-14
1.8006453411191814E-14
1.7331072281081052E-14
1.662088959304731E-14
1.5858980314996595E-14
1.5038870246839954E-14
1.4165204074031007E-14
1.3264731775729268E-14
1.2357911272813112E-14
1.1463817211718104E-14
1.059425533449382E-14
9.768827016429176E-15
8.988635178807947E-15
8.265451754743415E-15
7.59221332274825E-15
6.965886925862732E-15
6.381204148876871E-15
5.836258763251899E-15
5.3252614748684154E-15
4.848765594502855E-15
4.4063727423352895E-15
4.001234781030848E-15
3.631545893405174E-15
3.293710389337106E-15
2.9845340490895682E-15
2.7002264966220774E-15
2.437971295078271E-15
2.1962319294666447E-15
1.9743555484296363E-15
1.7713048645272295E-15
1.5860754381593672E-15
1.417626155977571E-15
1.2649101915493704E-15
1.127070904656167E-15
1.0029023456603862E-15
8.91375467152155E-16
7.914011084313852E-16
7.02069230213389E-16
6.225114040766316E-16
5.518527294769269E-16
4.891920992914743E-16
4.3375055556307846E-16
3.8480687406753407E-16
3.4166604714172335E-16
3.036575574271994E-16
2.703253516518966E-16
2.412411011800919E-16
2.1560587466848569E-16
1.93152447120827E-16
1.737208167425145E-16
1.5646613526792281E-16
1.4201634305170637E-16
1.291732158288004E-16
1.1708524676152474E-16
1.0555768215303356E-16
9.952426172142394E-17
9.83899857221059E-17
9.552434988990224E-17
8.810276814571915E-17
7.904820222370062E-17
7.08342224320914E-17
6.353572852485847E-17
5.720522981259928E-17
8.252342395415102E-17
1.0999567785908135E-16
1.1631946395876953E-16
1.013062739005219E-16
8.734308600780492E-17
1.5413117559683694E-16
3.0125296795132396E-16
3.972125037465078E-16
4.359636545275231E-16
4.270482682336775E-16
3.862029166786043E-16
3.1621576236306007E-16
2.566246801959928E-16
2.0608942689823377E-16
1.6548559082478769E-16
1.331589750537261E-16
1.076087718229931E-16
9.415743634985132E-17
8.525602966135175E-17
7.493085628965591E-17
6.243866081678835E-17
5.41486668904162E-17
4.915499840682753E-17
4.444361886504407E-17
3.9325667052153594E-17
3.492095143945283E-17
3.093752475276762E-17
2.718575081643777E-17
2.376921656727457E-17
2.071794829227849E-17
1.794383287915549E-17
1.564423486969202E-17
1.3729597902405969E-17
1.2142372230778009E-17
1.0942021742215252E-17
9.960613357045241E-18
9.06420348928487E-18
8.352294137881224E-18
7.852223986817317E-18
7.530724501259551E-18
7.140889308321015E-18
6.634094989855061E-18
6.064174176527105E-18
1.3037273716121141E-17
2.04076099496676E-17
2.254322085256755E-17
2.6270106465771594E-17
3.050001274409587E-17
3.003223497611889E-17
2.5168452482501776E-17
2.089715135629921E-17
1.7375777616313674E-17
1.5571364385931024E-17
1.425750887565943E-17
1.2587376305858342E-17
1.060832924168884E-17
4.653159424771853E-15
1.2882222576050798E-14
1.79827762837274E-14
1.880561289096054E-14
1.8700938629220787E-14
1.8764201080916828E-14
1.7275402499216227E-14
1.4653229175408872E-14
1.1793971216539263E-14
9.390782367899927E-15
7.425061193487402E-15
3.018292859186675E-13
6.101171057791553E-13
7.094639889929281E-13
1.3084342089321492E-12
1.945971216988192E-12
2.0866158182355838E-12
1.8416292324172123E-12
1.6312902714718285E-12
1.3747369581548914E-12
1.1000644378407065E-12
8.743337380943033E-13
6.903065492565347E-13
5.444928688216418E-13
4.296785294416199E-13
3.396555114458443E-13
2.691400341933651E-13
2.139039135859194E-13
1.7846866279501823E-13
1.5270085383865513E-13
1.286294232471469E-13
1.0463724006376093E-13
8.522945039423235E-14
1.0487755454798663E-13
1.2932838111000868E-13
3.442332687595793E-13
5.457496047312447E-13
1.2256031629842304E-12
2.6941082105050895E-12
3.768742157831556E-12
6.177400438636471E-12
8.078594474530664E-12
8.31349806740386E-12
6.896382285890114E-12
5.624688777754799E-12
4.476328185287038E-12
3.541810601368559E-12
3.3127952868500633E-12
3.2650785798323908E-12
2.9766670172696126E-12
4.0314571604014245E-12
5.249383734389351E-12
5.397728495751994E-12
4.56411924698365E-12
3.831967012923314E-12
3.1194592241086544E-12
2.485804025975851E-12
2.310663423675556E-12
2.722573338592684E-12
3.0040176221590015E-12
2.783814258846746E-12
3.2027672158003716E-12
3.874607321519971E-12
4.081993212469457E-12
3.6110769011543142E-12
3.0881153056814146E-12
2.591713919157041E-12
2.155709142768012E-12
1.7457890125290747E-12
1.4203574201522662E-12
1.1648099858242576E-12
9.680987500179667E-13
8.156343593722248E-13
6.881667117976994E-13
5.755333667800028E-13
4.854117738339979E-13
4.13993955981516E-13
3.516596426942178E-13
2.956153865767458E-13
2.471515938894738E-13
2.0607100194935473E-13
1.720062398329279E-13
1.4385242475598745E-13
1.2120924658877614E-13
1.0272977579593886E-13
8.764432156109598E-14
7.539690337817897E-14
6.536024751739545E-14
5.708590739866676E-14
5.0269698182475973E-14
4.4618088961407315E-14
3.988054199940748E-14
3.587411620589863E-14
3.246126035414183E-14
2.9543472942909814E-14
2.7033795842407387E-14
2.4860649945478362E-14
2.2958265677339286E-14
2.1293533368152292E-14
1.9835031773993457E-14
1.857056918470121E-14
1.7483790424759946E-14
1.6546237382327432E-14
1.5733060574782503E-14
1.5017244169058426E-14
1.4375055236655184E-14
1.378345459820886E-14
1.3222976395813187E-14
1.2679731703444844E-14
1.2143321988425204E-14
2.1445761819756026E-14
3.591280439981277E-14
5.28307004842355E-14
7.001267674157117E-14
8.43373934126999E-14
9.53457174320174E-14
1.0235627860780894E-13
1.0601687450446516E-13
1.0720613669716891E-13
1.066915710715438E-13
1.0501694608963768E-13
1.0251997359892885E-13
9.941475161902825E-14
9.584241149573032E-14
9.286074812828676E-14
8.97984150103699E-14
8.643553136895597E-14
8.252602630700843E-14
7.81831034947237E-14
7.349772721232082E-14
6.873791529248948E-14
6.396752335232156E-14
5.924447997493738E-14
5.460280672825917E-14
5.009909081472606E-14
4.5826238519140496E-14
4.179215832444369E-14
3.8022097173130236E-14
3.4518527687455677E-14
4.201717243222284E-14
5.586693462411815E-14
7.583223755407392E-14