
0.0
2.085474891147965E-4
2.9206451710524618E-5
5.355087393650668E-6
2.6631977667110345E-6
1.6315064282923079E-6
2.1017589680698933E-5
2.4932111001519585E-5
2.6225876705954904E-5
2.513084875664616E-5
2.2390863604227478E-5
2.0141205329610494E-5
1.8097571568603356E-5
1.5926396184849145E-5
1.3999409092181245E-5
1.2908071933795266E-5
1.1854080586853299E-5
1.1195214257569784E-5
1.084486890773994E-5
1.0574740433246607E-5
1.013432172787986E-5
9.897608422409868E-6
9.680292069293644E-6
9.50132731254084E-6
9.34348402230725E-6
9.284955510229237E-6
9.121685796370872E-6
9.00635571270791E-6
8.681262963307571E-6
8.472097786268213E-6
8.238063071853641E-6
8.009198152442435E-6
7.840001075654515E-6
7.696513891772254E-6
7.5672061786045515E-6
7.377338455111332E-6
7.1920526601196095E-6
7.0170745206126005E-6
6.804855329653029E-6
6.6144272620925415E-6
6.480100960695252E-6
6.270013860223772E-6
6.1072654251103966E-6
5.863390558856335E-6
5.6718187265326135E-6
5.4950510558568375E-6
5.38226057582221E-6
5.268645218873367E-6
5.1675088266760455E-6
5.05078509248343E-6
5.021687862808911E-6
4.938196061272812E-6
4.833482449223941E-6
4.729291524935715E-6
4.633212091724241E-6
4.527549508327531E-6
4.333299330938198E-6
4.1883698141984585E-6
4.241740294268077E-6
4.105631603057545E-6
3.95864301589587E-6
3.7966862654449494E-6
3.670553847739136E-6
3.5270454348177935E-6
3.3982659007716505E-6
3.2894561525756552E-6
3.1875724957552405E-6
3.080910519578916E-6
2.9776417295544065E-6
2.895502912927966E-6
2.796241419751292E-6
2.6397232982557276E-6
2.5210320028781135E-6
2.412829927903311E-6
2.3216553162589162E-6
2.23949144296456E-6
2.1700270113006203E-6
2.1204162405096518E-6
2.05681598377599E-6
1.982698461304333E-6
1.963658614104184E-6
1.8979692944023473E-6
1.850486351673016E-6
1.841293770857913E-6
1.797016780294777E-6
1.7755379374621908E-6
1.7164361382861728E-6
1.676623690688761E-6
1.6381473721614417E-6
1.5924893205021228E-6
1.5352948131703407E-6
1.4905287888996555E-6
1.450049732659732E-6
1.4112944594468034E-6
1.3729326998547695E-6
1.3690490455306586E-6
1.341956963356788E-6
1.312496797751795E-6
1.2758820025797586E-6
1.2246388246209909E-6
1.1775473845735424E-6
1.134204753163974E-6
1.0938032416486202E-6
1.0542921090586584E-6
1.0193666427227574E-6
9.963572381876978E-7
9.727761125475096E-7
9.54610804320028E-7
9.373843711434607E-7
9.086183556742029E-7
8.883278335965417E-7
8.641949458738603E-7
8.500376871878164E-7
8.339006705566201E-7
8.219329761921323E-7
8.093736976305622E-7
7.975001189003932E-7
7.805764937958074E-7
7.654926760704846E-7
7.483200918098309E-7
7.333217305053723E-7
7.184083152801039E-7
7.06981739288151E-7
6.946304570261668E-7
6.799535069911915E-7
6.68677803222193E-7
6.55345756539368E-7
6.51991585424992E-7
6.383034511684258E-7
6.258486466341244E-7
6.239717973346317E-7
6.115125494117762E-7
5.969127579053234E-7
5.852470906382224E-7
5.739345242487204E-7
5.594078404402139E-7
5.462794560618149E-7
5.508052778950144E-7
5.352873162915828E-7
5.214646627618277E-7
5.076230379945239E-7
4.954719585406659E-7
4.777645495729879E-7
4.6382104585256504E-7
4.5300619383145036E-7
4.4166717210565224E-7
4.348756560280324E-7
4.288867838252806E-7
4.223236083735603E-7
4.1076006318062006E-7
4.035056608296437E-7
3.9220638318979324E-7
3.828353228623155E-7
3.731835562114704E-7
3.645604042020226E-7
3.5440701482459116E-7
3.429417155850168E-7
3.3304019199692684E-7
3.157155602600541E-7
3.039685695291585E-7
2.9298548885582665E-7
2.837193742892113E-7
2.7644091211660354E-7
2.693836648406699E-7
2.6450342231796626E-7
2.634578791309083E-7
2.685947834453215E-7
2.66714670399748E-7
2.5979804012834304E-7
2.5639379937965663E-7
2.49778030966261E-7
2.4645502929731123E-7
2.4064440922192604E-7
2.343874985160654E-7
2.2947559284500688E-7
2.2495467199570228E-7
2.1845689542957916E-7
2.1243430286418589E-7
2.062469682880794E-7
1.9994753310767225E-7
1.9287132065340712E-7
1.8650665961725946E-7
1.8007283487062618E-7
1.7418537739470588E-7
1.6798878478097443E-7
1.6528099999043952E-7
1.631462985518208E-7
1.59211118915881E-7
1.5579623768465097E-7
1.5248570137202786E-7
1.499355951089741E-7
1.504459478302214E-7
1.4887614342041539E-7
1.5165529773808888E-7
1.506644929368735E-7
1.4953419845318788E-7
1.513618883405703E-7
1.5410266928286597E-7
1.4851531063681347E-7
1.4603974669195033E-7
1.404296212102512E-7
1.356991271619447E-7
1.3170156807346027E-7
1.2643774164496228E-7
1.2244610120213277E-7
1.1862728842035179E-7
1.1566309011547528E-7
1.1218911085598033E-7
1.0929336960428957E-7
1.066962976002749E-7
1.0298299473296699E-7
9.964568963675621E-8
9.682294142076942E-8
9.447344417006878E-8
9.254049273322136E-8
9.048210958682954E-8
8.839840685704112E-8
8.664648942440769E-8
8.722651897407857E-8
8.703971090335678E-8
9.088215774430399E-8
8.924135497574299E-8
9.094865035270716E-8
8.93989358024814E-8
9.218206122434767E-8
9.009753300797974E-8
9.077592544965623E-8
8.973948400876157E-8
8.73819584680102E-8
8.582858721872697E-8
8.17158070879731E-8
7.964360656640545E-8
7.494654577711122E-8
7.258569033082182E-8
6.928391555365752E-8
6.761578443797138E-8
8.557946112834481E-8
9.4677150012988E-8
1.1286496318170294E-7
1.1960916389295876E-7
1.2195404398239763E-7
1.2405896057808005E-7
1.2445256573053955E-7
1.2579791974018058E-7
1.269849183053651E-7
1.2776794130968923E-7
1.2735433824598753E-7
1.2515653583780907E-7
1.1908316190078352E-7
1.138557748697186E-7
1.0770151033240664E-7
1.0251738840618783E-7
9.655034514350213E-8
9.21456806069467E-8
8.767234972761667E-8
8.338741552149112E-8
8.054008641100202E-8
7.913811285591233E-8
7.867349000185896E-8
7.914221258983271E-8
7.962057284268826E-8
7.894759983647687E-8
7.825318840112416E-8
7.584213819857866E-8
7.436204053614296E-8
7.160106915625577E-8
6.73560771560938E-8
6.461565596895289E-8
6.053987784090169E-8
5.7573151314757735E-8
5.454811790376772E-8
5.2836193058939996E-8
5.1617485865015567E-8
5.096996810468795E-8
4.970057798379617E-8
4.795059162839657E-8
4.586416564816059E-8
4.3832380044703746E-8
4.2270877839584906E-8
4.148719871821483E-8
4.146459659994806E-8
4.155118755632074E-8
4.1645000868254266E-8
4.1783250895434095E-8
4.251617153022216E-8
4.2584378394528585E-8
4.23786347957871E-8
4.164903617187629E-8
4.082171433300028E-8
3.970091445013874E-8
3.8784203588556695E-8
3.758675230489847E-8
3.57397832034454E-8
3.390213126552426E-8
3.275622599614171E-8
3.028283557098145E-8
2.84034579412631E-8
2.697750725090394E-8
2.573467089546041E-8
2.5230537393959465E-8
2.5385060499944628E-8
2.5467947374138668E-8
2.583090553403034E-8
2.579473326324285E-8
2.5149723076333406E-8
2.4348383235818704E-8
2.3259386232181767E-8
2.1827831804308004E-8
2.0606628516784305E-8
1.9514876142777422E-8
1.859404627167865E-8
1.7866414587532796E-8
1.723484672960891E-8
1.6680298403687138E-8
1.624240669060425E-8
1.5753727274231505E-8
1.5376496680914895E-8
1.4926346203600276E-8
1.4594521663291332E-8
1.4172933231614285E-8
1.3861311128783342E-8
1.3456519751294479E-8
1.2894932132903627E-8
1.2289544506186705E-8
1.1642435363177998E-8
1.0546562142726988E-8
1.769785265744803E-6
1.6429853708280984E-6
3.248982450771993E-6
2.9625902744729717E-6
4.441934380520253E-6
4.005710501990168E-6
2.8644893816366467E-6
2.606957694188531E-6
1.8590024875739552E-6
1.7027135225000994E-6
3.2019494738322145E-6
2.898050045266966E-6
2.060337476527403E-6
1.8792810944086593E-6
1.3509814514598807E-6
1.2397158430454617E-6
8.834035432833331E-7
8.17233083066848E-7
2.1295742118139153E-6
1.977201875106863E-6
1.4230926723203725E-6
1.352117022767577E-6
1.0135283928183958E-6
9.52191383453268E-7
8.026959269796243E-7
7.508630132349983E-7
6.536624324789095E-7
6.120367699674581E-7
5.376784914189404E-7
5.033404223104592E-7
4.412742509205521E-7
4.0673720757597397E-7
3.55881280178579E-7
3.282815726869066E-7
2.772909613829471E-7
2.5203212955208857E-7
2.150535724641103E-7
2.832072611582043E-7
2.6116532546469057E-7
3.160116379009304E-7
2.8646382081603315E-7
2.4315686991043727E-7
2.1939244016124502E-7
1.8690280783977107E-7
1.689644470052191E-7
1.587903927698724E-7
1.4125306891881754E-7
1.3033692633123936E-7
1.1776843477769217E-7
1.098053394509259E-7
9.980141720227748E-8
9.24961750696664E-8
8.42814286670944E-8
7.746553290229302E-8
7.066166521598255E-8
6.483277776686688E-8
5.971771112705878E-8
5.530663751179501E-8
5.0836073491583525E-8
4.6497720911338935E-8
4.202578297152279E-8
3.835942326525208E-8
3.4668059380365484E-8
3.055333954771656E-8
2.7085709465158332E-8
2.3861397889301882E-8
4.093303473147156E-8
3.731346057922185E-8
2.3061649432984437E-7
2.0281069284140068E-7
1.9336382352753488E-7
1.6968931295589725E-7
1.5439110686951753E-7
1.3630925513964527E-7
1.1947452915380876E-7
1.0605410507033185E-7
9.055553142948956E-8
8.072612743853954E-8
6.75459431489622E-8
5.976143583136078E-8
4.9108756707966146E-8
4.352875703310249E-8
4.234743708995597E-8
3.7905276622535814E-8
3.700811999494289E-8
3.321166893182205E-8
3.2252820643157325E-8
2.90097463405222E-8
2.799019187100797E-8
2.514741020782385E-8
2.4163286200180823E-8
2.001957064670825E-8
1.8827290248839758E-8
1.496829905530717E-8
1.3972084621667136E-8
1.1380513044878608E-8
1.055713634283092E-8
9.001092153047669E-9
8.336690454902468E-9
1.1285387018635548E-8
1.055505461656702E-8
8.885410436423932E-9
1.1054385902713829E-8
9.409185850770595E-9
8.071048873675575E-9
6.897468631400951E-9
6.19478691477689E-9
5.364764010865756E-9
4.894965359369079E-9
4.305541608756142E-9
3.901267836330089E-9
5.573045051946881E-9
5.021493776068576E-9
5.237459015227333E-9
4.581367785141515E-9
5.191693510396276E-9
4.696294413834221E-9
4.891956094549154E-9
4.4967578746768195E-9
4.717665907385917E-9
4.402967125972275E-9
4.580312884630521E-9
4.316618172347087E-9
4.412580496346942E-9
4.010084644749419E-9
4.037921462712497E-9
3.1741945413136142E-9
3.128304058988373E-9
2.6848861047841304E-9
2.6502226481944306E-9
2.3785045663172396E-9
2.311345062631542E-9
2.0412565914424995E-9
1.957690999348529E-9
1.7890218139699943E-9
2.242675963783607E-9
2.0663945599782852E-9
8.001333756304322E-8
7.259783151174984E-8
6.4303278967499E-8
5.822842189980469E-8
1.5611058919944717E-7
1.4008891536145618E-7
1.1467066900924019E-7
1.0280053581808287E-7
9.075219584759176E-8
8.17208597747959E-8
7.39479664389511E-8
6.675239506398989E-8
6.141308481719663E-8
5.5652913520964045E-8
5.065671676519565E-8
5.0708160407050674E-8
4.43819582763027E-8
3.973687535884213E-8
3.501635220565417E-8
3.365241975264628E-8
3.003831081233619E-8
2.2027333166641076E-8
1.98299550821079E-8
1.8144923744583872E-8
1.655455566611336E-8
1.5105984440786673E-8
1.3540730399484111E-8
1.2103805617828036E-8
1.0681766321894152E-8
9.532924729923046E-9
9.419504379704748E-9
8.467127845124208E-9
7.787670918639065E-9
7.044421324897275E-9
6.186365935575958E-9
5.617495601545163E-9
4.797598924074756E-9
4.367789880180755E-9
3.6486890816471633E-9
3.3259666188395993E-9
2.7265326036412165E-9
2.4861684733197652E-9
2.00583526016282E-9
1.8074815714281768E-9
1.4108914549412762E-9
1.1703088994416987E-9
9.314489975934524E-10
7.579469550672403E-10
6.100736422666485E-10
3.6986674707672344E-8
2.9577383905801126E-8
2.714144100137572E-8
2.2189784380700417E-8
2.0780695789350587E-8
1.7186286417892163E-8
1.5292425431902042E-8
1.2735238992143625E-8
1.0984823118346474E-8
9.199733300708989E-9
5.754742380162638E-8
4.6966556821002715E-8
3.796522389555187E-8
3.134202760085662E-8
2.5308346540615743E-8
2.1147190240095762E-8
1.7143619263662416E-8
1.4422016334975183E-8
1.1702878262269725E-8
9.884893467979916E-9
7.817014081900747E-9
6.586432101556552E-9
6.025146284938244E-9
5.233532503996341E-9
4.923898510807673E-9
4.347119764055416E-9
3.6341237356379937E-9
3.220050502427032E-9
3.015823852150383E-9
2.688377643524425E-9
2.5524335809269885E-9
2.292898372189273E-9
2.266894652117339E-9
2.0719608610255303E-9
2.127104994030553E-9
1.9364310855577078E-9
1.9219678256928405E-9
1.7146982550232269E-9
1.70253601794712E-9
1.4469205315247272E-9
1.421448557525431E-9
1.1319903195083358E-9
1.083100775418993E-9
1.000255218560829E-9
9.667458697778307E-10
9.172547399344874E-10
8.8958702171309E-10
8.20212178629994E-10
7.955887962292847E-10
7.259453493058822E-10
7.032556388415047E-10
6.359174125091808E-10
6.102393891697145E-10
5.451356998495836E-10
5.178048815746956E-10
4.803583808984471E-10
4.5555815680970215E-10
4.770840250873828E-10
4.5564057754974414E-10
4.204534722515118E-10
4.02183844677262E-10
3.4648503445361424E-10
3.33339621177599E-10
2.489023318115586E-10
2.417166190809114E-10
2.0757960167140598E-10
2.029116711933187E-10
1.8001137136774408E-10
1.7480622409663817E-10
1.5678692411761168E-10
1.541149837490638E-10
8.479683487227096E-9
8.227399068744128E-9
6.834403630529408E-9
6.506419680676867E-9
5.32619395203707E-9
5.090811558902456E-9
1.4426470366611143E-8
1.3698890429523805E-8
1.0428981472159798E-8
9.728822936631328E-9
8.436556905743461E-9
7.835048043799836E-9
7.279557095891716E-9
6.7684564086445326E-9
5.286943397756874E-9
4.933223445348415E-9
3.870438075333349E-9
3.629102355934225E-9
1.23815075587027E-8
1.1542120527079713E-8
8.673563637846589E-9
8.054179237913764E-9
6.024821765066199E-9
5.6659284823873664E-9
3.943552873352519E-9
3.674881623945705E-9
3.1073983858604763E-9
2.6599201299436504E-9
2.280664935555651E-9
1.9186748841580212E-9
1.65620711309895E-9
1.109617449314192E-8
9.379659582052251E-9
7.467465009138052E-9
6.314803723133993E-9
4.9956639505288895E-9
4.2759632516022716E-9
3.380446388294834E-9
2.9082460130854337E-9
2.2995439485783E-9
1.967445871293623E-9
1.6141443349641876E-9
1.39887353104426E-9
1.2622677241708115E-9
1.085022459399526E-9
9.7890675653352E-10
8.46182705800692E-10
8.191466568865484E-10
7.271868651004977E-10
6.999482881967328E-10
6.157178806430949E-10
5.859358971452317E-10
5.143625052321433E-10
4.838421947577886E-10
5.146263320747999E-10
4.737686779041603E-10
4.382848028862276E-10
3.989691317062749E-10
3.481770193061712E-10
3.185496800542524E-10
3.0692787479667786E-10
2.810022580155308E-10
2.6743720808842623E-10
2.418449751902741E-10
2.2414434675077624E-10
1.9878549483240497E-10
1.8080979286624818E-10
1.3814287810022187E-10
1.1636435962948275E-10
9.67534247890854E-11
1.8886430154693556E-9
1.593100086354763E-9
1.453165475967814E-9
1.2566084268664387E-9
1.1630233709586216E-9
1.0033118308352012E-9
8.407918944747251E-10
7.273223012629579E-10
6.818976270147484E-10
5.971112458690028E-10
5.696035031996199E-10
5.052048663043316E-10
4.786145130954704E-10
4.294640938283783E-10
4.3487315887240883E-10
3.894416848553762E-10
3.674226093297865E-10
3.2438065162995585E-10
4.242839382316212E-10
4.0548638814906097E-10
4.0674733294072325E-10
3.905825219299258E-10
3.8184139293407626E-10
3.3348414189773074E-10
3.1942413346187164E-10
2.908303479929002E-10
3.3490403372025687E-10
3.0112045009569614E-10
2.981365788829382E-10
2.6419369851945184E-10
2.356906392353591E-10
2.1335672651412755E-10
1.7982373351968155E-10
1.646572461841637E-10
1.4744662338928584E-10
1.4168819091097326E-10
1.2891413058942736E-10
1.199968809565424E-10
1.0906466045230396E-10
9.935414152176725E-11
9.020195550912192E-11
8.106596712171401E-11
7.331715444804486E-11
6.500830277689182E-11
5.860616879826149E-11
5.3473607912487367E-11
5.8691212023001E-11
5.6222983845941047E-11
5.700725733931858E-11
5.380712563443186E-11
5.1338998329744924E-11
4.753638090994577E-11
4.3632994586534927E-11
3.974083675585664E-11
3.5551117641165084E-11
3.195412056430994E-11
2.807114105035895E-11
2.4962102243501505E-11
2.1637359949405443E-11
1.9071693733314196E-11
1.636291120137903E-11
1.431689110294285E-11
1.1998250952601695E-11
1.0217102523159688E-11
6.571953020193562E-11
7.003743211365134E-11
5.871079427470451E-11
5.4360950369668495E-11
4.3724110799405535E-11
4.135156542801056E-11
3.512958451988837E-11
3.210090831566895E-11
2.832159908213901E-11
2.5341917449026202E-11
2.268134101693774E-11
2.0334768276543318E-11
1.8439892112651788E-11
1.7056589418792506E-11
1.560880874089402E-11
1.4491896013493517E-11
1.793706483561649E-11
1.7340234504576478E-11
1.5456495085145552E-11
1.4447903794441142E-11
1.620931496931107E-11
1.5457502495246923E-11
1.3268473948037447E-11
1.2307806073929415E-11
1.033833548239672E-11
9.547194648351099E-12
7.964466931895725E-12
7.46166618502812E-12
6.489596870362444E-12
6.117434517316784E-12
5.2166439646458504E-12
4.821528441742483E-12
4.01680271765071E-12
3.832332285043374E-12
3.504697780002258E-12
3.3851014652987993E-12
3.0664622039257854E-12
2.8469292428753813E-12
2.6262560335096422E-12
2.4484301206446913E-12
3.150579288878634E-12
3.0866879710966543E-12
2.8579323106144182E-12
2.6520196028543705E-12
2.4348464631049508E-12
2.2738673707502114E-12
2.0934930112841313E-12
1.9589442948380725E-12
1.7770679503053426E-12
1.652692332001199E-12
1.4750581448943718E-12
1.4019837553946579E-12
1.2443985713782517E-12
4.1644943528241496E-12
3.894908908205592E-12
3.672664791817634E-12
3.2609527377051894E-12
2.7760490528848985E-12
2.3949876316842308E-12
2.050010882428023E-12
1.7216545933956356E-12
1.4347194313525181E-12
1.2060317672156404E-12
9.988302780512401E-13
8.424517004928363E-13
7.006691233577476E-13
6.309317822710552E-13
5.46624725989385E-13
4.866736049783288E-13
4.195556329608894E-13
3.697363939702603E-13
3.2261512200279774E-13
3.1677512422521934E-13
3.5681413481838954E-13
3.483845258718151E-13
3.8700244265703623E-13
3.4786599565808976E-13
3.574052441254062E-13
2.986293514656801E-13
2.913909168306989E-13
2.704412178780757E-13
2.4789677002509633E-13
2.3417832167383073E-13
2.1476926909004702E-13
2.0248991241813628E-13
1.8512477765777274E-13
1.7088540049793273E-13
1.5497403751994652E-13
1.4137628072359036E-13
1.259878002535737E-13
1.3213211269538292E-13
1.207088082453606E-13
1.1195336796752554E-13
9.95534594609424E-14
8.9212262025911E-14
7.890704689717088E-14
6.902326238786742E-14
6.213795603977597E-14
5.450995561450874E-14
4.9447085102881E-14
4.343448393563422E-14
3.898112151793716E-14
3.4448464447144915E-14
3.072554419377195E-14
2.717908324885847E-14
3.675511425909938E-14
3.473183642262129E-14
4.00260741362786E-14
3.789178253650631E-14
4.42028202574634E-14
4.1550653350895005E-14
4.11142628629813E-14
3.7892004491105333E-14
3.8392005333008556E-14
3.5497903537151375E-14
3.5609907162152925E-14
7.24209171333628E-11
6.570178474279127E-11
5.316457326403961E-11
4.763953026268269E-11
4.078856774298297E-11
3.6687131573058084E-11
3.0602706180603844E-11
2.7658321568276275E-11
2.232545452033296E-11
2.1618058565381828E-11
1.7839628249257153E-11
1.809450880777139E-11
1.5322260765235995E-11
1.481499364432256E-11
1.2731143189423082E-11
1.250109890764285E-11
1.1284347498240355E-11
1.1156128103075885E-11
8.739287872178323E-12
8.164592526603793E-12
6.446398141514805E-12
5.978340581401145E-12
5.312308796226171E-12
4.960798436698285E-12
4.5124920011749146E-12
4.209337918573658E-12
3.893250996864873E-12
3.5876006344255516E-12
3.3274868549291497E-12
3.0508434916224213E-12
3.135637460245509E-12
2.8169371390178177E-12
3.183084157456887E-12
2.978914232349788E-12
3.1214165763667082E-12
2.9553096408927403E-12
3.0067203790949097E-12
2.8537586689844944E-12
2.7720392879605227E-12
2.6131598420805313E-12
2.308081356266368E-12
2.1457010708078994E-12
1.83395621985218E-12
1.6946008918798504E-12
1.4272727946102016E-12
1.3234741137440449E-12
1.1912668995962945E-12
1.1053493262157093E-12
9.95172099692212E-13
9.176437247486765E-13
8.560528436634916E-13
7.871879768002373E-13
8.685366499610313E-13
7.941151313986776E-13
7.614079246433361E-13
6.269213044027866E-13
5.864759641019416E-13
5.732298760336668E-13
5.435485383351889E-13
4.573778898306449E-13
4.3147309525298066E-13
3.703829777439892E-13
3.5095606286812375E-13
3.032246104660981E-13
2.845640520565189E-13
2.5103864432572804E-13
2.333206691325351E-13
2.0863363346686703E-13
1.7988625327115382E-13
1.6362778258148617E-13
1.4356769611184202E-13
1.3046895565441348E-13
1.1385875015892954E-13
1.0396207096156549E-13
9.091015340277668E-14
8.284234518448004E-14
7.28009895424588E-14
6.649681578837867E-14
5.733430673750334E-14
5.235319693546022E-14
4.572322856376921E-14
4.107800924963563E-14
3.648072879831277E-14
1.8872610073448232E-11
1.5679838859505074E-11
1.3037732973851009E-11
1.0788552911261569E-11
9.419301949894109E-12
7.900253987102701E-12
6.682935558547382E-12
5.4678467832797315E-12
5.0648939158343954E-12
4.12278908397399E-12
3.673606378288349E-12
3.022197360110085E-12
2.745107274034283E-12
2.290006231539871E-12
1.713786741121644E-12
1.4014129368574794E-12
1.1746576406444544E-12
9.845434242280894E-13
8.511599605050471E-13
7.268123637521441E-13
6.251234055424331E-13
5.338851246025916E-13
4.4708460878461775E-13
3.8368644071071833E-13
8.889892220222143E-12
7.542460686840241E-12
6.308773304851988E-12
5.383279853858498E-12
4.309005472684963E-12
3.755588601539013E-12
3.050121118066282E-12
2.6701217069292925E-12
2.293477064349751E-12
2.009407271232499E-12
1.820521948281414E-12
1.6128211677067413E-12
5.936710785393175E-12
5.2779212452641564E-12
9.459222273519395E-12
8.384046283573693E-12
6.65181132209645E-12
5.901782206329871E-12
5.149309526572534E-12
9.748003327654232E-12
8.52566913866961E-12
6.924112361186453E-12
6.152590787585898E-12
4.82422774084565E-12
4.296882946321225E-12
3.765378570231948E-12
3.3774220195527026E-12
2.8911419769885843E-12
2.583947044609885E-12
2.3382607089855473E-12
2.0961424200192464E-12
1.913097792874612E-12
1.6118961451157867E-12
1.4700872484804903E-12
1.3632284879851188E-12
1.2359938900466743E-12
1.0572700316374517E-12
9.2248279518245E-13
7.899919946500167E-13
9.55421982668448E-13
8.333953613800123E-13
7.382949917813936E-13
6.394561460202545E-13
5.974041999356613E-13
5.204218370662778E-13
4.813343808151947E-13
4.243655604101E-13
3.9882995724798604E-13
3.510808195783844E-13
3.294490963012509E-13
2.8880899378527825E-13
3.9802097882383283E-13
3.512019119833927E-13
3.8013036071888195E-13
3.3523252902345393E-13
3.20331907909921E-13
2.8221394889134157E-13
2.5271462276491793E-13
2.224445023183494E-13
1.9280983811118746E-13