
0.0,0.0,0.0,0.0,0.0,0.0,0.0,0.0,
0.0,0.0,0.0,0.0,0.0,0.0,0.0,0.0,
0.0,0.0,0.0,0.0,0.0,0.0,0.0,0.0,
0.0,0.0,0.0,0.0,-0.08655650233366811,0.0,0.0,0.0,
0.0,0.0,0.0,0.0,-0.08655650233366811,0.0,0.0,0.0,
0.0,0.0,0.0,0.0,-0.0779008521003013,0.0,0.0,0.0,
0.0,0.0,0.6580206603062726,0.0,-0.1890884634626118,0.0,0.0,0.0,
0.0,0.0,0.6282749597030401,0.0,-0.1698724154493237,0.0,0.0,0.0,
0.0,0.0,0.6282749597030401,0.0,-0.15189220554936012,0.0,0.0,0.0,
0.0,0.0,0.6161551858891033,0.0,-0.11443245588139504,0.0,0.0,0.0,
0.0,0.0,0.5711172569956182,0.0,0.023390319002436277,0.0,0.0,0.0,
0.0,0.0,1.165952012250172,0.0,0.2904901310275232,0.0,0.0,0.0,
0.0,0.0,1.165952012250172,0.0,0.2904901310275232,0.0,0.0,0.0,
0.0,0.0,1.165952012250172,0.0,0.2904901310275232,0.0,0.0,0.0,
0.0,0.0,1.165952012250172,0.0,0.9043969343656444,0.0,0.0,0.0,
0.0,0.0,1.165952012250172,0.0,0.9043969343656444,0.0,0.0,0.0,
0.0,0.0,1.165952012250172,0.0,0.8649474185685339,0.0,0.0,0.0,
0.0,0.0,1.165952012250172,0.0,0.7771461417875071,0.0,0.0,0.0,
0.0,0.0,1.165952012250172,0.0,0.6102836451875004,0.0,0.0,0.0,
0.0,0.0,1.2457602481762051,0.0,0.45413907489935385,0.0,0.0,0.0,
0.0,0.0,1.2457602481762051,0.0,0.45413907489935385,0.0,0.0,0.0,
0.0,0.0,1.2457602481762051,0.0,0.6507171671454671,0.0,0.0,0.0,
0.0,0.0,1.2457602481762051,0.0,0.44702727214432303,0.0,0.0,0.0,
0.0,0.0,1.2457602481762051,0.0,0.44787624570893164,0.0,0.0,0.0,
0.0,0.0,1.2457602481762051,0.0,0.44787624570893164,0.0,0.0,0.0,
0.0,0.0,1.2457602481762051,0.0,0.44787624570893164,0.0,0.0,0.0,
0.0,0.0,1.2457602481762051,0.0,0.49187516104911666,0.0,0.0,0.0,
0.0,0.0,1.2457602481762051,0.0,0.7958867357324835,0.0,0.0,0.0,
0.0,0.0,1.2457602481762051,0.0,0.6922824674848252,0.0,0.0,0.0,
0.0,0.0,1.2457602481762051,0.0,0.704407222407859,0.0,0.0,0.0,
0.0,0.0,1.2457602481762051,0.0,0.7289943300245297,0.0,0.0,0.0,
0.0,0.0,1.2457602481762051,0.0,1.1947065323243766,0.0,0.0,0.0,
0.0,0.0,1.2457602481762051,0.0,0.8692290994891226,0.0,0.0,0.0,
0.0,0.0,1.2457602481762051,0.0,0.8692290994891226,0.0,0.0,0.0,
0.0,0.0,1.2457602481762051,0.0,0.8692290994891226,0.0,0.0,0.0,
0.0,0.0,1.2457602481762051,0.0,0.818423560235537,0.0,0.0,0.0,
0.0,0.0,1.2457602481762051,0.0,0.818423560235537,0.0,0.0,0.0,
0.0,0.0,1.2457602481762051,0.0,0.7541792346732332,0.0,0.0,0.0,
0.0,0.0,1.2457602481762051,0.0,0.7843685233018258,0.0,0.0,0.0,
0.0,0.0,1.2457602481762051,0.0,0.7695326711035826,0.0,0.0,0.0,
0.0,0.0,1.2457602481762051,0.0,0.7695326711035826,0.0,0.0,0.0,
0.0,0.0,1.2457602481762051,0.0,0.6979669158996205,0.0,0.0,0.0,
0.0,0.0,1.2457602481762051,0.0,0.6999867734912198,0.0,0.0,0.0,
0.0,0.0,1.2457602481762051,0.0,0.6861463001534797,0.0,0.0,0.0,
0.0,0.0,1.2457602481762051,0.0,0.6861463001534797,0.0,0.0,0.0,
0.0,0.0,1.2457602481762051,0.0,0.6411451598142279,0.0,0.0,0.0,
0.0,0.0,1.2457602481762051,0.0,0.6399964518152512,0.0,0.0,0.0,
0.0,0.0,1.2457602481762051,0.0,0.40165610012354613,0.0,0.0,0.0,
0.0,0.0,1.2457602481762051,0.0,0.49055565778920895,0.0,0.0,0.0,
0.0,0.0,1.2457602481762051,0.0,0.49055565778920895,0.0,0.0,0.0,
0.0,0.0,1.2457602481762051,0.0,0.49055565778920895,0.0,0.0,0.0,
0.0,0.0,1.2457602481762051,0.0,0.49055565778920895,0.0,0.0,0.0,
0.0,0.0,1.2457602481762051,0.0,0.5175082765349699,0.0,0.0,0.0,
0.0,0.0,1.2457602481762051,0.0,0.5175082765349699,0.0,0.0,0.0,
0.0,0.0,1.2457602481762051,0.0,0.309546184950691,0.0,0.0,0.0,
0.0,0.0,1.2457602481762051,0.0,0.5198343204207841,0.0,0.0,0.0,
0.0,0.0,1.2457602481762051,0.0,0.012440721023813148,0.0,0.0,0.0,
0.0,0.0,1.2457602481762051,0.0,0.1829649435323898,0.0,0.0,0.0,
0.0,0.0,1.2457602481762051,0.0,0.23348186809310947,0.0,0.0,0.0,
0.0,0.0,1.2457602481762051,0.0,0.2868496053187672,0.0,0.0,0.0,
0.0,0.0,1.2457602481762051,0.0,0.2868496053187672,0.0,0.0,0.0,
0.0,0.0,1.2457602481762051,0.0,0.35550967389699956,0.0,0.0,0.0,
0.0,0.0,1.2457602481762051,0.0,0.38978059676194915,0.0,0.0,0.0,
0.0,0.0,1.2457602481762051,0.0,0.38978059676194915,0.0,0.0,0.0,
0.0,0.0,1.2457602481762051,0.0,0.43209673568065143,0.0,0.0,0.0,
0.0,0.0,1.2457602481762051,0.0,0.8677142950741363,0.0,0.0,0.0,
0.0,0.0,1.2457602481762051,0.0,0.8891445319137743,0.0,0.0,0.0,
0.0,0.0,1.2457602481762051,0.0,0.9411027794896201,0.0,0.0,0.0,
0.0,0.0,1.2457602481762051,0.0,0.932898711336074,0.0,0.0,0.0,
0.0,0.0,1.2457602481762051,0.0,0.762243420517104,0.0,0.0,0.0,
0.0,0.0,1.2457602481762051,0.0,0.8637750279567048,0.0,0.0,0.0,
0.0,0.0,1.2457602481762051,0.0,1.0352688542890387,0.0,0.0,0.0,
0.0,0.0,1.2457602481762051,0.0,1.0352688542890387,0.0,0.0,0.0,
0.0,0.0,1.2457602481762051,0.0,0.3262547020945337,0.0,0.0,0.0,
0.0,0.0,1.2457602481762051,0.0,0.22806917105053676,0.0,0.0,0.0,
0.0,0.0,1.2457602481762051,0.0,0.22806917105053676,0.0,0.0,0.0,
0.0,0.0,1.2457602481762051,0.0,0.12877326563565678,0.0,0.0,0.0,
0.0,0.0,1.2457602481762051,0.0,0.19553626750020134,0.0,0.0,0.0,
0.0,0.0,1.2457602481762051,0.0,0.26705322076635846,0.0,0.0,0.0,
0.0,0.0,1.2457602481762051,0.0,0.2870454369854189,0.0,0.0,0.0,
0.0,0.0,1.2457602481762051,0.0,0.2870454369854189,0.0,0.0,0.0,
0.0,0.0,1.2457602481762051,0.0,0.2870454369854189,0.0,0.0,0.0,
0.0,0.0,1.2457602481762051,0.0,0.3282008419268219,0.0,0.0,0.0,
0.0,0.0,1.2457602481762051,0.0,0.3901987709371819,0.0,0.0,0.0,
0.0,0.0,1.2457602481762051,0.0,0.4121962787832853,0.0,0.0,0.0,
0.0,0.0,1.2457602481762051,0.0,0.4679693050321304,0.0,0.0,0.0,
0.0,0.0,1.2457602481762051,0.0,0.3698980381699125,0.0,0.0,0.0,
0.0,0.0,1.2457602481762051,0.0,0.3698980381699125,0.0,0.0,0.0,
0.0,0.0,1.2457602481762051,0.0,0.4541745111066503,0.0,0.0,0.0,
0.0,0.0,1.2457602481762051,0.0,0.4541745111066503,0.0,0.0,0.0,
0.0,0.0,1.2457602481762051,0.0,0.46073077643961163,0.0,0.0,0.0,
0.0,0.0,1.014121885148297,0.0,-0.2530240842772893,0.0,0.0,0.0,
0.0,0.0,1.014121885148297,0.0,-0.2530240842772893,0.0,0.0,0.0,
0.0,0.0,1.014121885148297,0.0,0.0037723071518570017,0.0,0.0,0.0,
0.0,0.0,1.014121885148297,0.0,0.0037723071518570017,0.0,0.0,0.0,
0.0,0.0,1.014121885148297,0.0,-0.12924289854384344,0.0,0.0,0.0,
0.0,0.0,1.014121885148297,0.0,-0.12924289854384344,0.0,0.0,0.0,
0.0,0.0,1.014121885148297,0.0,-0.4731799768386098,0.0,0.0,0.0,
0.0,0.0,1.014121885148297,0.0,0.2086678444016429,0.0,0.0,0.0,
0.0,0.0,1.014121885148297,0.0,0.2582097045819713,0.0,0.0,0.0,
0.0,0.0,1.014121885148297,0.0,0.2582097045819713,0.0,0.0,0.0,
0.0,0.0,1.014121885148297,0.0,0.5817861125030881,0.0,0.0,0.0,
0.0,0.0,1.014121885148297,0.0,0.5817861125030881,0.0,0.0,0.0,
0.0,0.0,1.014121885148297,0.0,0.5912992766931023,0.0,0.0,0.0,
0.0,0.0,1.014121885148297,0.0,0.6128371627788892,0.0,0.0,0.0,
0.0,0.0,1.014121885148297,0.0,0.6128371627788892,0.0,0.0,0.0,
0.0,0.0,1.014121885148297,0.0,0.6124863166885604,0.0,0.0,0.0,
0.0,0.0,1.014121885148297,0.0,0.6204539803382857,0.0,0.0,0.0,
0.0,0.0,1.014121885148297,0.0,0.6155019908064778,0.0,0.0,0.0,
0.0,0.0,1.014121885148297,0.0,0.4853821618080045,0.0,0.0,0.0,
0.0,0.0,1.014121885148297,0.0,0.4853821618080045,0.0,0.0,0.0,
0.0,0.0,1.014121885148297,0.0,0.5559868610695387,0.0,0.0,0.0,
0.0,0.0,1.014121885148297,0.0,0.5559868610695387,0.0,0.0,0.0,
0.0,0.0,1.014121885148297,0.0,0.574053034457028,0.0,0.0,0.0,
0.0,0.0,1.014121885148297,0.0,0.574053034457028,0.0,0.0,0.0,
0.0,0.0,1.014121885148297,0.0,0.574053034457028,0.0,0.0,0.0,
0.0,0.0,1.014121885148297,0.0,0.574053034457028,0.0,0.0,0.0,
0.0,0.0,1.014121885148297,0.0,0.574053034457028,0.0,0.0,0.0,
0.0,0.0,1.014121885148297,0.0,0.6684851033523639,0.0,0.0,0.0,
0.0,0.0,1.014121885148297,0.0,0.6684851033523639,0.0,0.0,0.0,
0.0,0.0,1.014121885148297,0.0,0.6684851033523639,0.0,0.0,0.0,
0.0,0.0,1.014121885148297,0.0,0.6684851033523639,0.0,0.0,0.0,
0.0,0.0,1.014121885148297,0.0,0.6684851033523639,0.0,0.0,0.0,
0.0,0.0,1.014121885148297,0.0,0.8586873834990462,0.0,0.0,0.0,
0.0,0.0,1.014121885148297,0.0,0.7965287074147902,0.0,0.0,0.0,
0.0,0.0,1.014121885148297,0.0,1.1837575261250817,0.0,0.0,0.0,
0.0,0.0,1.014121885148297,0.0,0.9809725022227873,0.0,0.0,0.0,
0.0,0.0,1.014121885148297,0.0,0.9809725022227873,0.0,0.0,0.0,
0.0,0.0,1.014121885148297,0.0,0.8280998901004027,0.0,0.0,0.0,
0.0,0.0,1.014121885148297,0.0,0.7919121976269129,0.0,0.0,0.0,
0.0,0.0,1.014121885148297,0.0,0.7919121976269129,0.0,0.0,0.0,
0.0,0.0,1.014121885148297,0.0,0.7803599784961271,0.0,0.0,0.0,
0.0,0.0,1.014121885148297,0.0,0.7803599784961271,0.0,0.0,0.0,
0.0,0.0,1.014121885148297,0.0,0.7923923131583133,0.0,0.0,0.0,
0.0,0.0,1.014121885148297,0.0,0.799006582914645,0.0,0.0,0.0,
0.0,0.0,1.014121885148297,0.0,0.787643376118179,0.0,0.0,0.0,
0.0,0.0,1.014121885148297,0.0,0.7975263165625681,0.0,0.0,0.0,
0.0,0.0,1.014121885148297,0.0,0.7975263165625681,0.0,0.0,0.0,
0.0,0.0,1.014121885148297,0.0,0.7898612726958024,0.0,0.0,0.0,
0.0,0.0,1.014121885148297,0.0,0.7898612726958024,0.0,0.0,0.0,
0.0,0.0,1.014121885148297,0.0,0.7898612726958024,0.0,0.0,0.0,
0.0,0.0,1.014121885148297,0.0,0.6484997029005156,0.0,0.0,0.0,
0.0,0.0,1.014121885148297,0.0,0.6484997029005156,0.0,0.0,0.0,
0.0,0.0,1.014121885148297,0.0,0.6484997029005156,0.0,0.0,0.0,
0.0,0.0,1.014121885148297,0.0,0.6749672505874168,0.0,0.0,0.0,
0.0,0.0,1.014121885148297,0.0,0.892714633902527,0.0,0.0,0.0,
0.0,0.0,1.014121885148297,0.0,0.892714633902527,0.0,0.0,0.0,
0.0,0.0,1.014121885148297,0.0,0.892714633902527,0.0,0.0,0.0,
0.0,0.0,1.014121885148297,0.0,0.892714633902527,0.0,0.0,0.0,
0.0,0.0,1.014121885148297,0.0,0.850788150307149,0.0,0.0,0.0,
0.0,0.0,1.014121885148297,0.0,0.850788150307149,0.0,0.0,0.0,
0.0,0.0,1.014121885148297,0.0,0.7850387774329418,0.0,0.0,0.0,
0.0,0.0,1.014121885148297,0.0,0.8113145454580253,0.0,0.0,0.0,
0.0,0.0,1.014121885148297,0.0,0.8045711468664171,0.0,0.0,0.0,
0.0,0.0,1.014121885148297,0.0,0.8045711468664171,0.0,0.0,0.0,
0.0,0.0,1.014121885148297,0.0,0.8043328545687054,0.0,0.0,0.0,
0.0,0.0,1.014121885148297,0.0,0.8043328545687054,0.0,0.0,0.0,
0.0,0.0,1.014121885148297,0.0,0.8043328545687054,0.0,0.0,0.0,
0.0,0.0,1.014121885148297,0.0,0.8660861395136468,0.0,0.0,0.0,
0.0,0.0,1.014121885148297,0.0,0.8645471044687956,0.0,0.0,0.0,
0.0,0.0,1.014121885148297,0.0,0.8645471044687956,0.0,0.0,0.0,
0.0,0.0,1.014121885148297,0.0,0.8645471044687956,0.0,0.0,0.0,
0.0,0.0,1.014121885148297,0.0,0.8600130668648598,0.0,0.0,0.0,
0.0,0.0,1.014121885148297,0.0,0.8600130668648598,0.0,0.0,0.0,
0.0,0.0,1.014121885148297,0.0,0.8600130668648598,0.0,0.0,0.0,
0.0,0.0,1.014121885148297,0.0,0.8600130668648598,0.0,0.0,0.0,
0.0,0.0,1.014121885148297,0.0,0.9292518811585233,0.0,0.0,0.0,
0.0,0.0,1.014121885148297,0.0,0.8920771385689261,0.0,0.0,0.0,
0.0,0.0,1.014121885148297,0.0,0.8920771385689261,0.0,0.0,0.0,
0.0,0.0,1.014121885148297,0.0,0.8920771385689261,0.0,0.0,0.0,
0.0,0.0,1.014121885148297,0.0,0.8920771385689261,0.0,0.0,0.0,
0.0,0.0,1.014121885148297,0.0,1.2599025603804639,0.0,0.0,0.0,
0.0,0.0,1.014121885148297,0.0,1.2357574273331995,0.0,0.0,0.0,
0.0,0.0,1.014121885148297,0.0,0.7289451300758941,0.0,0.0,0.0,
0.0,0.0,1.014121885148297,0.0,0.6999955135436531,0.0,0.0,0.0,
0.0,0.0,1.014121885148297,0.0,0.8355628142337373,0.0,0.0,0.0,
0.0,0.0,1.014121885148297,0.0,0.8117017857891764,0.0,0.0,0.0,
0.0,0.0,1.014121885148297,0.0,0.8117017857891764,0.0,0.0,0.0,
0.0,0.0,1.014121885148297,0.0,0.8427349059372177,0.0,0.0,0.0,
0.0,0.0,1.014121885148297,0.0,0.8687256141235137,0.0,0.0,0.0,
0.0,0.0,1.014121885148297,0.0,0.8687256141235137,0.0,0.0,0.0,
0.0,0.0,1.014121885148297,0.0,0.9024125124502761,0.0,0.0,0.0,
0.0,0.0,1.014121885148297,0.0,0.8615826425327686,0.0,0.0,0.0,
0.0,0.0,1.014121885148297,0.0,0.8382254222618571,0.0,0.0,0.0,
0.0,0.0,1.014121885148297,0.0,0.8382254222618571,0.0,0.0,0.0,
0.0,0.0,1.014121885148297,0.0,0.9255341264299091,0.0,0.0,0.0,
0.0,0.0,1.014121885148297,0.0,0.9255341264299091,0.0,0.0,0.0,
0.0,0.0,1.014121885148297,0.0,0.9255341264299091,0.0,0.0,0.0,
0.0,0.0,1.014121885148297,0.0,0.8963631204395925,0.0,0.0,0.0,
0.0,0.0,1.014121885148297,0.0,0.8963631204395925,0.0,0.0,0.0,
0.0,0.0,1.014121885148297,0.0,0.8963631204395925,0.0,0.0,0.0,
0.0,0.0,1.014121885148297,0.0,0.8849404509085265,0.0,0.0,0.0,
0.0,0.0,1.014121885148297,0.0,0.8849404509085265,0.0,0.0,0.0,
0.0,0.0,1.014121885148297,0.0,0.8849404509085265,0.0,0.0,0.0,
0.0,0.0,1.014121885148297,0.0,0.8849404509085265,0.0,0.0,0.0,
0.0,0.0,1.014121885148297,0.0,0.8849404509085265,0.0,0.0,0.0,
0.0,0.0,1.014121885148297,0.0,0.5169493991809279,0.0,0.0,0.0,
0.0,0.0,1.014121885148297,0.0,0.5537810776334792,0.0,0.0,0.0,
0.0,0.0,1.014121885148297,0.0,0.5902355730078195,0.0,0.0,0.0,
0.0,0.0,1.014121885148297,0.0,0.5716966514186557,0.0,0.0,0.0,
0.0,0.0,1.014121885148297,0.0,0.6357577902284949,0.0,0.0,0.0,
0.0,0.0,1.014121885148297,0.0,0.6520421016518052,0.0,0.0,0.0,
0.0,0.0,1.014121885148297,0.0,0.6791181084649442,0.0,0.0,0.0,
0.0,0.0,1.014121885148297,0.0,0.6582610862106709,0.0,0.0,0.0,
0.0,0.0,1.014121885148297,0.0,0.6647581737309803,0.0,0.0,0.0,
0.0,0.0,1.014121885148297,0.0,0.29413626220497424,0.0,0.0,0.0,
0.0,0.0,1.014121885148297,0.0,0.3334335290448322,0.0,0.0,0.0,
0.0,0.0,1.014121885148297,0.0,0.3334335290448322,0.0,0.0,0.0,
0.0,0.0,1.014121885148297,0.0,0.3334335290448322,0.0,0.0,0.0,
0.0,0.0,1.014121885148297,0.0,0.38546877039539995,0.0,0.0,0.0,
0.0,0.0,1.014121885148297,0.0,0.38546877039539995,0.0,0.0,0.0,
0.0,0.0,1.014121885148297,0.0,0.38546877039539995,0.0,0.0,0.0,
0.0,0.0,1.014121885148297,0.0,0.5834335696564215,0.0,0.0,0.0,
0.0,0.0,1.014121885148297,0.0,0.6001879197507571,0.0,0.0,0.0,
0.0,0.0,1.014121885148297,0.0,0.6228992268394452,0.0,0.0,0.0,
0.0,0.0,1.014121885148297,0.0,0.7710971646422466,0.0,0.0,0.0,
0.0,0.0,1.014121885148297,0.0,0.7710971646422466,0.0,0.0,0.0,
0.0,0.0,1.014121885148297,0.0,0.7710971646422466,0.0,0.0,0.0,
0.0,0.0,1.014121885148297,0.0,0.7674694059535954,0.0,0.0,0.0,
0.0,0.0,1.014121885148297,0.0,0.7687485973771382,0.0,0.0,0.0,
0.0,0.0,1.014121885148297,0.0,0.7687485973771382,0.0,0.0,0.0,
0.0,0.0,1.014121885148297,0.0,0.6485073107449812,0.0,0.0,0.0,
0.0,0.0,1.014121885148297,0.0,0.6485073107449812,0.0,0.0,0.0,
0.0,0.0,1.014121885148297,0.0,0.6674786687574391,0.0,0.0,0.0,
0.0,0.0,1.014121885148297,0.0,1.1690115084709123,0.0,0.0,0.0,
0.0,0.0,1.014121885148297,0.0,1.1279404822279753,0.0,0.0,0.0,
0.0,0.0,1.014121885148297,0.0,1.101265486428205,0.0,0.0,0.0,
0.0,0.0,1.014121885148297,0.0,1.0827234287129766,0.0,0.0,0.0,
0.0,0.0,1.014121885148297,0.0,1.0827234287129766,0.0,0.0,0.0,
0.0,0.0,1.014121885148297,0.0,1.0466994122474353,0.0,0.0,0.0,
0.0,0.0,1.014121885148297,0.0,1.0202575482472507,0.0,0.0,0.0,
0.0,0.0,1.014121885148297,0.0,0.9789327496120427,0.0,0.0,0.0,
0.0,0.0,1.014121885148297,0.0,0.9630933075341984,0.0,0.0,0.0,
0.0,0.0,1.014121885148297,0.0,0.9175885654189503,0.0,0.0,0.0,
0.0,0.0,1.014121885148297,0.0,0.9175885654189503,0.0,0.0,0.0,
0.0,0.0,1.014121885148297,0.0,0.8742177394869924,0.0,0.0,0.0,
0.0,0.0,1.014121885148297,0.0,0.8742177394869924,0.0,0.0,0.0,
0.0,0.0,1.014121885148297,0.0,0.8677207710817044,0.0,0.0,0.0,
0.0,0.0,1.014121885148297,0.0,0.8676186923045938,0.0,0.0,0.0,
0.0,0.0,1.014121885148297,0.0,0.8257537183928939,0.0,0.0,0.0,
0.0,0.0,1.014121885148297,0.0,0.8257537183928939,0.0,0.0,0.0,
0.0,0.0,1.014121885148297,0.0,0.28616558283385246,0.0,0.0,0.0,
0.0,0.0,1.014121885148297,0.0,0.28616558283385246,0.0,0.0,0.0,
0.0,0.0,1.014121885148297,0.0,0.37011263410154027,0.0,0.0,0.0,
0.0,0.0,1.014121885148297,0.0,0.6325513438741996,0.0,0.0,0.0,
0.0,0.0,1.014121885148297,0.0,0.6572454602756385,0.0,0.0,0.0,
0.0,0.0,1.014121885148297,0.0,0.6437328577622022,0.0,0.0,0.0,
0.0,0.0,1.014121885148297,0.0,0.6632267814015237,0.0,0.0,0.0,
0.0,0.0,1.014121885148297,0.0,0.45804739957922247,0.0,0.0,0.0,
0.0,0.0,1.014121885148297,0.0,0.5248784677658913,0.0,0.0,0.0,
0.0,0.0,1.014121885148297,0.0,0.5448392063233886,0.0,0.0,0.0,
0.0,0.0,1.014121885148297,0.0,0.5448392063233886,0.0,0.0,0.0,
0.0,0.0,1.014121885148297,0.0,0.5710598457680639,0.0,0.0,0.0,
0.0,0.0,1.014121885148297,0.0,0.5973799664883888,0.0,0.0,0.0,
0.0,0.0,1.014121885148297,0.0,0.6431755582900578,0.0,0.0,0.0,
0.0,0.0,1.014121885148297,0.0,0.6814786565273234,0.0,0.0,0.0,
0.0,0.0,1.014121885148297,0.0,0.33314102439094684,0.0,0.0,0.0,
0.0,0.0,1.014121885148297,0.0,0.4819467912774007,0.0,0.0,0.0,
0.0,0.0,1.014121885148297,0.0,0.49407571747694495,0.0,0.0,0.0,
0.0,0.0,1.014121885148297,0.0,0.49407571747694495,0.0,0.0,0.0,
0.0,0.0,1.014121885148297,0.0,0.49407571747694495,0.0,0.0,0.0,
0.0,0.0,1.014121885148297,0.0,0.7337808940285306,0.0,0.0,0.0,
0.0,0.0,1.014121885148297,0.0,0.7524958159605459,0.0,0.0,0.0,
0.0,0.0,1.014121885148297,0.0,0.7394940867984375,0.0,0.0,0.0,
0.0,0.0,1.014121885148297,0.0,0.7350244667173381,0.0,0.0,0.0,
0.0,0.0,1.014121885148297,0.0,0.7094045105880518,0.0,0.0,0.0,
0.0,0.0,1.014121885148297,0.0,0.7150981681562193,0.0,0.0,0.0,
0.0,0.0,1.014121885148297,0.0,0.7959450921254032,0.0,0.0,0.0,
0.0,0.0,1.014121885148297,0.0,0.7959450921254032,0.0,0.0,0.0,
0.0,0.0,1.014121885148297,0.0,0.8812412532459868,0.0,0.0,0.0,
0.0,0.0,1.014121885148297,0.0,0.871557334924661,0.0,0.0,0.0,
0.0,0.0,1.014121885148297,0.0,0.8217950909319112,0.0,0.0,0.0,
0.0,0.0,1.014121885148297,0.0,0.8350894518024092,0.0,0.0,0.0,
0.0,0.0,1.014121885148297,0.0,0.8449782971639319,0.0,0.0,0.0,
0.0,0.0,1.014121885148297,0.0,0.8355705191658999,0.0,0.0,0.0,
0.0,0.0,1.014121885148297,0.0,0.8355705191658999,0.0,0.0,0.0,
0.0,0.0,1.014121885148297,0.0,0.9366475067484634,0.0,0.0,0.0,
0.0,0.0,1.014121885148297,0.0,0.6032571736895203,0.0,0.0,0.0,
0.0,0.0,1.014121885148297,0.0,0.6032571736895203,0.0,0.0,0.0,
0.0,0.0,1.014121885148297,0.0,0.5837406562446507,0.0,0.0,0.0,
0.0,0.0,1.014121885148297,0.0,0.6043133692775483,0.0,0.0,0.0,
0.0,0.0,1.014121885148297,0.0,0.6783971808262003,0.0,0.0,0.0,
0.0,0.0,1.014121885148297,0.0,0.6885365046966283,0.0,0.0,0.0,
0.0,0.0,1.014121885148297,0.0,0.6844688931770931,0.0,0.0,0.0,
0.0,0.0,1.014121885148297,0.0,0.6844688931770931,0.0,0.0,0.0,
0.0,0.0,1.014121885148297,0.0,0.6844688931770931,0.0,0.0,0.0,
0.0,0.0,1.014121885148297,0.0,1.1233741042525645,0.0,0.0,0.0,
0.0,0.0,1.014121885148297,0.0,1.1233741042525645,0.0,0.0,0.0,
0.0,0.0,1.014121885148297,0.0,1.1233741042525645,0.0,0.0,0.0,
0.0,0.0,1.014121885148297,0.0,1.0777476992466442,0.0,0.0,0.0,
0.0,0.0,1.014121885148297,0.0,1.2136021736036393,0.0,0.0,0.0,
0.0,0.0,1.014121885148297,0.0,1.1298748416673812,0.0,0.0,0.0,
0.0,0.0,1.014121885148297,0.0,1.1298748416673812,0.0,0.0,0.0,
0.0,0.0,1.014121885148297,0.0,1.100207429518743,0.0,0.0,0.0,
0.0,0.0,1.014121885148297,0.0,1.100207429518743,0.0,0.0,0.0,
0.0,0.0,1.014121885148297,0.0,1.100207429518743,0.0,0.0,0.0,
0.0,0.0,1.014121885148297,0.0,1.0601782371454374,0.0,0.0,0.0,
0.0,0.0,1.014121885148297,0.0,0.9785727341002521,0.0,0.0,0.0,
0.0,0.0,1.014121885148297,0.0,1.0956517057822632,0.0,0.0,0.0,
0.0,0.0,1.014121885148297,0.0,1.0009440920191786,0.0,0.0,0.0,
0.0,0.0,1.014121885148297,0.0,0.9710124535157665,0.0,0.0,0.0,
0.0,0.0,1.014121885148297,0.0,1.0772908158640182,0.0,0.0,0.0,
0.0,0.0,1.014121885148297,0.0,1.0444001409217871,0.0,0.0,0.0,
0.0,0.0,1.014121885148297,0.0,1.1869005751434551,0.0,0.0,0.0,
0.0,0.0,1.014121885148297,0.0,1.1869005751434551,0.0,0.0,0.0,
0.0,0.0,1.014121885148297,0.0,1.1869005751434551,0.0,0.0,0.0,
0.0,0.0,1.014121885148297,0.0,1.1270821794806827,0.0,0.0,0.0,
0.0,0.0,1.014121885148297,0.0,1.1270821794806827,0.0,0.0,0.0,
0.0,0.0,1.014121885148297,0.0,1.1270821794806827,0.0,0.0,0.0,
0.0,0.0,1.014121885148297,0.0,1.1270821794806827,0.0,0.0,0.0,
0.0,0.0,1.014121885148297,0.0,0.939645691442246,0.0,0.0,0.0,
0.0,0.0,1.014121885148297,0.0,0.939645691442246,0.0,0.0,0.0,
0.0,0.0,1.014121885148297,0.0,0.9233457661305197,0.0,0.0,0.0,
0.0,0.0,1.014121885148297,0.0,0.9233457661305197,0.0,0.0,0.0,
0.0,0.0,1.014121885148297,0.0,0.9119210013799943,0.0,0.0,0.0,
0.0,0.0,1.014121885148297,0.0,0.6944959604876985,0.0,0.0,0.0,
0.0,0.0,1.014121885148297,0.0,0.6911685668106023,0.0,0.0,0.0,
0.0,0.0,1.014121885148297,0.0,0.6948873266008749,0.0,0.0,0.0,
0.0,0.0,1.014121885148297,0.0,0.7077000564785221,0.0,0.0,0.0,
0.0,0.0,1.014121885148297,0.0,0.7077000564785221,0.0,0.0,0.0,
0.0,0.0,1.014121885148297,0.0,0.7077000564785221,0.0,0.0,0.0,
0.0,0.0,1.014121885148297,0.0,0.7077000564785221,0.0,0.0,0.0,
0.0,0.0,1.014121885148297,0.0,0.7051764371951426,0.0,0.0,0.0,
0.0,0.0,1.014121885148297,0.0,0.7051764371951426,0.0,0.0,0.0,
0.0,0.0,1.014121885148297,0.0,0.7051764371951426,0.0,0.0,0.0,
0.0,0.0,1.014121885148297,0.0,0.7051764371951426,0.0,0.0,0.0,
0.0,0.0,1.014121885148297,0.0,0.7051764371951426,0.0,0.0,0.0,
0.0,0.0,1.014121885148297,0.0,0.7051764371951426,0.0,0.0,0.0,
0.0,0.0,1.014121885148297,0.0,0.5151486551260397,0.0,0.0,0.0,
0.0,0.0,1.014121885148297,0.0,0.5398507372530041,0.0,0.0,0.0,
0.0,0.0,1.014121885148297,0.0,0.4878221139522557,0.0,0.0,0.0,
0.0,0.0,1.014121885148297,0.0,0.577587660444195,0.0,0.0,0.0,
0.0,0.0,1.014121885148297,0.0,0.6303678560231794,0.0,0.0,0.0,
0.0,0.0,1.014121885148297,0.0,0.7243422458227502,0.0,0.0,0.0,
0.0,0.0,1.014121885148297,0.0,0.7243422458227502,0.0,0.0,0.0,
0.0,0.0,1.014121885148297,0.0,0.465307812736475,0.0,0.0,0.0,
0.0,0.0,1.014121885148297,0.0,0.501529281660664,0.0,0.0,0.0,
0.0,0.0,1.014121885148297,0.0,0.5516265731471268,0.0,0.0,0.0,
0.0,0.0,1.014121885148297,0.0,0.5539584740335148,0.0,0.0,0.0,
0.0,0.0,1.014121885148297,0.0,0.5836004151065793,0.0,0.0,0.0,
0.0,0.0,1.014121885148297,0.0,0.656334790262644,0.0,0.0,0.0,
0.0,0.0,1.014121885148297,0.0,0.7650720887046568,0.0,0.0,0.0,
0.0,0.0,1.014121885148297,0.0,0.7650720887046568,0.0,0.0,0.0,
0.0,0.0,1.014121885148297,0.0,0.7650720887046568,0.0,0.0,0.0,
0.0,0.0,1.014121885148297,0.0,0.77523684715975,0.0,0.0,0.0,
0.0,0.0,1.014121885148297,0.0,0.7243632801659651,0.0,0.0,0.0,
0.0,0.0,1.014121885148297,0.0,0.9443318226607517,0.0,0.0,0.0,
0.0,0.0,1.014121885148297,0.0,0.9443318226607517,0.0,0.0,0.0,
0.0,0.0,1.014121885148297,0.0,0.9397243974376847,0.0,0.0,0.0,
0.0,0.0,1.014121885148297,0.0,0.9418767555548309,0.0,0.0,0.0,
0.0,0.0,1.014121885148297,0.0,0.9418767555548309,0.0,0.0,0.0,
0.0,0.0,1.014121885148297,0.0,0.8895695928767575,0.0,0.0,0.0,
0.0,0.0,1.014121885148297,0.0,0.8534030183094697,0.0,0.0,0.0,
0.0,0.0,0.9336275638302554,0.0,0.699461041321213,0.0,0.0,0.0,
0.0,0.0,0.9336275638302554,0.0,0.6515153235876907,0.0,0.0,0.0,
0.0,0.0,0.9336275638302554,0.0,0.6517280353256917,0.0,0.0,0.0,
0.0,0.0,0.9336275638302554,0.0,0.6704826970918667,0.0,0.0,0.0,
0.0,0.0,0.9336275638302554,0.0,0.6087019490974981,0.0,0.0,0.0,
0.0,0.0,0.9336275638302554,0.0,0.6098732314895672,0.0,0.0,0.0,
0.0,0.0,0.9336275638302554,0.0,0.646070270279486,0.0,0.0,0.0,
0.0,0.0,0.9336275638302554,0.0,0.6364229073828033,0.0,0.0,0.0,
0.0,0.0,0.9336275638302554,0.0,0.6364229073828033,0.0,0.0,0.0,
0.0,0.0,0.9336275638302554,0.0,0.6451594035349176,0.0,0.0,0.0,
0.0,0.0,0.9336275638302554,0.0,0.6569023033906528,0.0,0.0,0.0,
0.0,0.0,0.9336275638302554,0.0,0.6761734464316012,0.0,0.0,0.0,
0.0,0.0,0.9336275638302554,0.0,0.5105054286930059,0.0,0.0,0.0,
0.0,0.0,0.9336275638302554,0.0,0.5094341352413544,0.0,0.0,0.0,
0.0,0.0,0.9336275638302554,0.0,0.4951653557880641,0.0,0.0,0.0,
0.0,0.0,0.9336275638302554,0.0,0.4951653557880641,0.0,0.0,0.0,
0.0,0.0,0.9336275638302554,0.0,0.4951653557880641,0.0,0.0,0.0,
0.0,0.0,0.9336275638302554,0.0,0.5484970278874348,0.0,0.0,0.0,
0.0,0.0,0.9336275638302554,0.0,0.5484970278874348,0.0,0.0,0.0,
0.0,0.0,0.9336275638302554,0.0,0.5484970278874348,0.0,0.0,0.0,
0.0,0.0,0.9336275638302554,0.0,0.5583891703082817,0.0,0.0,0.0,
0.0,0.0,0.9336275638302554,0.0,0.6793527088920572,0.0,0.0,0.0,
0.0,0.0,0.9336275638302554,0.0,0.6902436074955457,0.0,0.0,0.0,
0.0,0.0,0.9097863167562352,0.0,0.621747568770115,0.0,0.0,0.0,
0.0,0.0,0.9097863167562352,0.0,0.39230717899518996,0.0,0.0,0.0,
0.0,0.0,0.9097863167562352,0.0,0.4230509907978118,0.0,0.0,0.0,
0.0,0.0,0.9097863167562352,0.0,0.4230509907978118,0.0,0.0,0.0,
0.0,0.0,0.9097863167562352,0.0,0.695208816101997,0.0,0.0,0.0,
0.0,0.0,0.9097863167562352,0.0,0.704958317228311,0.0,0.0,0.0,
0.0,0.0,0.9097863167562352,0.0,0.704958317228311,0.0,0.0,0.0,
0.0,0.0,0.9097863167562352,0.0,0.7061692381784215,0.0,0.0,0.0,
0.0,0.0,0.9097863167562352,0.0,0.678597516151544,0.0,0.0,0.0,
0.0,0.0,0.9097863167562352,0.0,0.6167720089854243,0.0,0.0,0.0,
0.0,0.0,0.9097863167562352,0.0,0.6419818337947816,0.0,0.0,0.0,
0.0,0.0,0.9097863167562352,0.0,0.6373285909702193,0.0,0.0,0.0,
0.0,0.0,0.9097863167562352,0.0,0.6373285909702193,0.0,0.0,0.0,
0.0,0.0,0.9097863167562352,0.0,0.6891358209602829,0.0,0.0,0.0,
0.0,0.0,0.9097863167562352,0.0,0.6962968695160253,0.0,0.0,0.0,
0.0,0.0,0.9097863167562352,0.0,0.7013126795013485,0.0,0.0,0.0,
0.0,0.0,0.9097863167562352,0.0,0.6819134278496347,0.0,0.0,0.0,
0.0,0.0,0.9097863167562352,0.0,0.6819134278496347,0.0,0.0,0.0,
0.0,0.0,0.9097863167562352,0.0,0.6819134278496347,0.0,0.0,0.0,
0.0,0.0,0.9097863167562352,0.0,0.7269306280702308,0.0,0.0,0.0,
0.0,0.0,0.9097863167562352,0.0,0.6234580933111407,0.0,0.0,0.0,
0.0,0.0,0.9097863167562352,0.0,0.6187694162896152,0.0,0.0,0.0,
0.0,0.0,0.9097863167562352,0.0,0.6060447130861422,0.0,0.0,0.0,
0.0,0.0,0.9097863167562352,0.0,0.62954699594768,0.0,0.0,0.0,
0.0,0.0,0.9097863167562352,0.0,0.6563846245735466,0.0,0.0,0.0,
0.0,0.0,0.9097863167562352,0.0,0.7350103587940433,0.0,0.0,0.0,
0.0,0.0,0.9097863167562352,0.0,0.7483352254908834,0.0,0.0,0.0,
0.0,0.0,0.9097863167562352,0.0,0.7046632399058481,0.0,0.0,0.0,
0.0,0.0,0.9097863167562352,0.0,0.9703862827499583,0.0,0.0,0.0,
0.0,0.0,0.9097863167562352,0.0,0.9038621857902621,0.0,0.0,0.0,
0.0,0.0,0.9097863167562352,0.0,0.8944065285150543,0.0,0.0,0.0,
0.0,0.0,0.9097863167562352,0.0,0.8505905593020188,0.0,0.0,0.0,
0.0,0.0,0.9097863167562352,0.0,0.7899074465483521,0.0,0.0,0.0,
0.0,0.0,0.9097863167562352,0.0,0.8224989414734556,0.0,0.0,0.0,
0.0,0.0,0.9097863167562352,0.0,0.840486201302712,0.0,0.0,0.0,
0.0,0.0,0.9097863167562352,0.0,0.835144298935691,0.0,0.0,0.0,
0.0,0.0,0.9097863167562352,0.0,0.8338445139349676,0.0,0.0,0.0,
0.0,0.0,0.9097863167562352,0.0,0.9410706532986085,0.0,0.0,0.0,
0.0,0.0,0.9097863167562352,0.0,0.9434304166377906,0.0,0.0,0.0,
0.0,0.0,0.9097863167562352,0.0,0.9194112716443446,0.0,0.0,0.0,
0.0,0.0,0.9097863167562352,0.0,0.8732613038119331,0.0,0.0,0.0,
0.0,0.0,0.9097863167562352,0.0,0.8510056688605655,0.0,0.0,0.0,
0.0,0.0,0.9097863167562352,0.0,0.8285639609228277,0.0,0.0,0.0,
0.0,0.0,0.9097863167562352,0.0,0.3046059838223747,0.0,0.0,0.0,
0.0,0.0,0.9097863167562352,0.0,0.4065139592969188,0.0,0.0,0.0,
0.0,0.0,0.9097863167562352,0.0,0.44197061263670023,0.0,0.0,0.0,
0.0,0.0,0.9097863167562352,0.0,0.46250886720607404,0.0,0.0,0.0,
0.0,0.0,0.9097863167562352,0.0,0.3603697825021678,0.0,0.0,0.0,
0.0,0.0,0.9097863167562352,0.0,0.4010957992407745,0.0,0.0,0.0,
0.0,0.0,0.9097863167562352,0.0,0.4270376675203078,0.0,0.0,0.0,
0.0,0.0,0.9097863167562352,0.0,-0.012600891922897331,0.0,0.0,0.0,
0.0,0.0,0.9097863167562352,0.0,0.1010430619689418,0.0,0.0,0.0,
0.0,0.0,0.9097863167562352,0.0,0.12513282417248378,0.0,0.0,0.0,
0.0,0.0,0.9097863167562352,0.0,0.18149925046046209,0.0,0.0,0.0,
0.0,0.0,0.9097863167562352,0.0,0.18149925046046209,0.0,0.0,0.0,
0.0,0.0,0.9097863167562352,0.0,0.3282403269671774,0.0,0.0,0.0,
0.0,0.0,0.9097863167562352,0.0,0.1519988095931385,0.0,0.0,0.0,
0.0,0.0,0.9097863167562352,0.0,0.1519988095931385,0.0,0.0,0.0,
0.0,0.0,0.9097863167562352,0.0,0.1519988095931385,0.0,0.0,0.0,
0.0,0.0,0.9097863167562352,0.0,0.3048762983997778,0.0,0.0,0.0,
0.0,0.0,0.9097863167562352,0.0,0.3048762983997778,0.0,0.0,0.0,
0.0,0.0,0.8499967038886173,0.0,0.3048762983997778,0.0,0.0,0.0,
0.0,0.0,0.8499967038886173,0.0,0.6262832791475839,0.0,0.0,0.0,
0.0,0.0,0.8499967038886173,0.0,0.6378818339877255,0.0,0.0,0.0,
0.0,0.0,0.8499967038886173,0.0,-0.0075959528401612145,0.0,0.0,0.0,
0.0,0.0,0.8499967038886173,0.0,0.06771322085058426,0.0,0.0,0.0,
0.0,0.0,0.8499967038886173,0.0,0.13342252598140047,0.0,0.0,0.0,
0.0,0.0,0.8499967038886173,0.0,0.13342252598140047,0.0,0.0,0.0,
0.0,0.0,0.8499967038886173,0.0,0.03454621053074272,0.0,0.0,0.0,
0.0,0.0,0.8499967038886173,0.0,0.0947085147852238,0.0,0.0,0.0,
0.0,0.0,0.8499967038886173,0.0,0.1375169797988604,0.0,0.0,0.0,
0.0,0.0,0.8499967038886173,0.0,0.17344577575736625,0.0,0.0,0.0,
0.0,0.0,0.8499967038886173,0.0,0.6473102869891962,0.0,0.0,0.0,
0.0,0.0,0.8499967038886173,0.0,0.5100250960127384,0.0,0.0,0.0,
0.0,0.0,0.8499967038886173,0.0,0.3417542590449797,0.0,0.0,0.0,
0.0,0.0,0.8499967038886173,0.0,0.3576216270895711,0.0,0.0,0.0,
0.0,0.0,0.8499967038886173,0.0,0.39146667174906746,0.0,0.0,0.0,
0.0,0.0,0.8499967038886173,0.0,0.4209752429706278,0.0,0.0,0.0,
0.0,0.0,0.8499967038886173,0.0,0.48262578446073706,0.0,0.0,0.0,
0.0,0.0,0.8499967038886173,0.0,0.5034434736387106,0.0,0.0,0.0,
0.0,0.0,0.8499967038886173,0.0,0.5301007619418945,0.0,0.0,0.0,
0.0,0.0,0.8499967038886173,0.0,0.43127185018446323,0.0,0.0,0.0,
0.0,0.0,0.8499967038886173,0.0,0.486724974797228,0.0,0.0,0.0,
0.0,0.0,0.8499967038886173,0.0,0.6482875667719975,0.0,0.0,0.0,
0.0,0.0,0.8499967038886173,0.0,0.6685137111526629,0.0,0.0,0.0,
0.0,0.0,0.6197742086797065,0.0,0.6685137111526629,0.0,0.0,0.0,
0.0,0.0,0.6197742086797065,0.0,0.6690837378434569,0.0,0.0,0.0,
0.0,0.0,0.6197742086797065,0.0,0.6690837378434569,0.0,0.0,0.0,
0.0,0.0,0.6197742086797065,0.0,0.6855824095581269,0.0,0.0,0.0,
0.0,0.0,0.6197742086797065,0.0,0.6998910908008761,0.0,0.0,0.0,
0.0,0.0,0.6197742086797065,0.0,0.6890666819640823,0.0,0.0,0.0,
0.0,0.0,0.6197742086797065,0.0,0.6890666819640823,0.0,0.0,0.0,
0.0,0.0,0.6197742086797065,0.0,0.685343844182622,0.0,0.0,0.0,
0.0,0.0,0.6197742086797065,0.0,0.685343844182622,0.0,0.0,0.0,
0.0,0.0,0.6197742086797065,0.0,0.685343844182622,0.0,0.0,0.0,
0.0,0.0,0.6197742086797065,0.0,0.6758060947386473,0.0,0.0,0.0,
0.0,0.0,0.6197742086797065,0.0,0.6758060947386473,0.0,0.0,0.0,
0.0,0.0,0.6197742086797065,0.0,0.6784693090065268,0.0,0.0,0.0,
0.0,0.0,0.6197742086797065,0.0,0.7053492545288116,0.0,0.0,0.0,
0.0,0.0,0.6197742086797065,0.0,0.7053492545288116,0.0,0.0,0.0,
0.0,0.0,0.6684498391605291,0.0,0.8273852093757569,0.0,0.0,0.0,
0.0,0.0,0.6684498391605291,0.0,0.7915722953561624,0.0,0.0,0.0,
0.0,0.0,0.6684498391605291,0.0,0.7915722953561624,0.0,0.0,0.0,
0.0,0.0,0.6684498391605291,0.0,0.7688525704954522,0.0,0.0,0.0,
0.0,0.0,0.6684498391605291,0.0,0.7688525704954522,0.0,0.0,0.0,
0.0,0.0,0.6684498391605291,0.0,0.8270081667676638,0.0,0.0,0.0,
0.0,0.0,0.6684498391605291,0.0,0.8270081667676638,0.0,0.0,0.0,
0.0,0.0,0.6684498391605291,0.0,0.8244272247252408,0.0,0.0,0.0,
0.0,0.0,0.6684498391605291,0.0,0.8244272247252408,0.0,0.0,0.0,
0.0,0.0,0.6684498391605291,0.0,0.8244272247252408,0.0,0.0,0.0,
0.0,0.0,0.6684498391605291,0.0,0.8136619662896771,0.0,0.0,0.0,
0.0,0.0,0.6684498391605291,0.0,0.8202367236606748,0.0,0.0,0.0,
0.0,0.0,0.6684498391605291,0.0,0.8059037922849934,0.0,0.0,0.0,
0.0,0.0,0.6684498391605291,0.0,0.5258173506105951,0.0,0.0,0.0,
0.0,0.0,0.6684498391605291,0.0,0.5425171261779081,0.0,0.0,0.0,
0.0,0.0,0.6684498391605291,0.0,0.5618954559995712,0.0,0.0,0.0,
0.0,0.0,0.6684498391605291,0.0,0.5618954559995712,0.0,0.0,0.0,
0.0,0.0,0.6684498391605291,0.0,0.5618954559995712,0.0,0.0,0.0,
0.0,0.0,0.6684498391605291,0.0,0.6120902852362049,0.0,0.0,0.0,
0.0,0.0,0.6684498391605291,0.0,0.6120902852362049,0.0,0.0,0.0,
0.0,0.0,0.6684498391605291,0.0,0.6120902852362049,0.0,0.0,0.0,
0.0,0.0,0.6684498391605291,0.0,0.6758989424667434,0.0,0.0,0.0,
0.0,0.0,0.6684498391605291,0.0,0.7150862800111375,0.0,0.0,0.0,
0.0,0.0,0.6684498391605291,0.0,0.6899238474806958,0.0,0.0,0.0,
0.0,0.0,0.6684498391605291,0.0,0.4702671303326545,0.0,0.0,0.0,
0.0,0.0,0.6684498391605291,0.0,0.8406776183915526,0.0,0.0,0.0,
0.0,0.0,0.6684498391605291,0.0,0.8406776183915526,0.0,0.0,0.0,
0.0,0.0,0.6684498391605291,0.0,0.8067590122177655,0.0,0.0,0.0,
0.0,0.0,0.6684498391605291,0.0,0.7623749186323288,0.0,0.0,0.0,
0.0,0.0,0.6684498391605291,0.0,0.7616292565110773,0.0,0.0,0.0,
0.0,0.0,0.6684498391605291,0.0,0.7616292565110773,0.0,0.0,0.0,
0.0,0.0,0.6684498391605291,0.0,0.7674629807908139,0.0,0.0,0.0,
0.0,0.0,0.6684498391605291,0.0,0.7674629807908139,0.0,0.0,0.0,
0.0,0.0,0.6684498391605291,0.0,0.7674629807908139,0.0,0.0,0.0,
0.0,0.0,0.6684498391605291,0.0,0.6388481320748607,0.0,0.0,0.0,
0.0,0.0,0.6684498391605291,0.0,0.6216714146711049,0.0,0.0,0.0,
0.0,0.0,0.6684498391605291,0.0,0.6195541362886055,0.0,0.0,0.0,
0.0,0.0,0.6684498391605291,0.0,0.6195541362886055,0.0,0.0,0.0,
0.0,0.0,0.6684498391605291,0.0,0.5980975171048678,0.0,0.0,0.0,
0.0,0.0,0.6684498391605291,0.0,0.5980975171048678,0.0,0.0,0.0,
0.0,0.0,0.7854433285724971,0.0,0.38027348510383346,0.0,0.0,0.0,
0.0,0.0,0.7854433285724971,0.0,0.3991783653944391,0.0,0.0,0.0,
0.0,0.0,0.7854433285724971,0.0,0.19204093254917937,0.0,0.0,0.0,
0.0,0.0,0.7854433285724971,0.0,0.24289422601000588,0.0,0.0,0.0,
0.0,0.0,0.7854433285724971,0.0,0.28934070657919697,0.0,0.0,0.0,
0.0,0.0,0.7854433285724971,0.0,0.3326637460272611,0.0,0.0,0.0,
0.0,0.0,0.7854433285724971,0.0,0.3326637460272611,0.0,0.0,0.0,
0.0,0.0,0.7854433285724971,0.0,0.3326637460272611,0.0,0.0,0.0,
0.0,0.0,0.7854433285724971,0.0,0.3326637460272611,0.0,0.0,0.0,
0.0,0.0,0.7854433285724971,0.0,0.3326637460272611,0.0,0.0,0.0,
0.0,0.0,0.7854433285724971,0.0,0.4263940326790388,0.0,0.0,0.0,
0.0,0.0,0.7854433285724971,0.0,0.4263940326790388,0.0,0.0,0.0,
0.0,0.0,0.7854433285724971,0.0,0.4263940326790388,0.0,0.0,0.0,
0.0,0.0,0.7854433285724971,0.0,0.49623585259024616,0.0,0.0,0.0,
0.0,0.0,0.7854433285724971,0.0,0.4907165486846092,0.0,0.0,0.0,
0.0,0.0,0.7854433285724971,0.0,0.4907165486846092,0.0,0.0,0.0,
0.0,0.0,0.7854433285724971,0.0,0.4907165486846092,0.0,0.0,0.0,
0.0,0.0,0.7854433285724971,0.0,0.5487009482024358,0.0,0.0,0.0,
0.0,0.0,0.7854433285724971,0.0,0.5732367064829574,0.0,0.0,0.0,
0.0,0.0,0.7854433285724971,0.0,0.6002332551396676,0.0,0.0,0.0,
0.0,0.0,0.7854433285724971,0.0,0.6092709086697647,0.0,0.0,0.0,
0.0,0.0,0.7854433285724971,0.0,0.6708416635237869,0.0,0.0,0.0,
0.0,0.0,0.7854433285724971,0.0,0.8375079248368678,0.0,0.0,0.0,
0.0,0.0,0.7854433285724971,0.0,0.8375079248368678,0.0,0.0,0.0,
0.0,0.0,0.7854433285724971,0.0,0.7661765999393156,0.0,0.0,0.0,
0.0,0.0,0.7854433285724971,0.0,0.7661765999393156,0.0,0.0,0.0,
0.0,0.0,0.7854433285724971,0.0,0.7661765999393156,0.0,0.0,0.0,
0.0,0.0,0.7854433285724971,0.0,1.071136378340894,0.0,0.0,0.0,
0.0,0.0,0.7854433285724971,0.0,1.0248092486270757,0.0,0.0,0.0,
0.0,0.0,0.7854433285724971,0.0,1.0222957737953777,0.0,0.0,0.0,
0.0,0.0,0.7854433285724971,0.0,0.852994821545921,0.0,0.0,0.0,
0.0,0.0,0.7854433285724971,0.0,0.852994821545921,0.0,0.0,0.0,
0.0,0.0,0.7854433285724971,0.0,0.852994821545921,0.0,0.0,0.0,
0.0,0.0,0.7854433285724971,0.0,0.8464241713956115,0.0,0.0,0.0,
0.0,0.0,0.7854433285724971,0.0,0.6853071584219437,0.0,0.0,0.0,
0.0,0.0,0.7854433285724971,0.0,-0.1794184331271691,0.0,0.0,0.0,
0.0,0.0,0.7854433285724971,0.0,-0.15534815984593003,0.0,0.0,0.0,
0.0,0.0,0.7854433285724971,0.0,-0.15534815984593003,0.0,0.0,0.0,
0.0,0.0,0.7854433285724971,0.0,-0.19379277871238243,0.0,0.0,0.0,
0.0,0.0,0.7854433285724971,0.0,-0.11658712246997381,0.0,0.0,0.0,
0.0,0.0,0.7854433285724971,0.0,-0.013374542722745672,0.0,0.0,0.0,
0.0,0.0,0.7854433285724971,0.0,0.14931497515533204,0.0,0.0,0.0,
0.0,0.0,0.7854433285724971,0.0,0.7446462278560368,0.0,0.0,0.0,
0.0,0.0,0.7854433285724971,0.0,0.904831350381689,0.0,0.0,0.0,
0.0,0.0,0.7854433285724971,0.0,0.6346246753679357,0.0,0.0,0.0,
0.0,0.0,0.7854433285724971,0.0,0.8246122615959711,0.0,0.0,0.0,
0.0,0.0,0.7854433285724971,0.0,0.8246122615959711,0.0,0.0,0.0,
0.0,0.0,0.7854433285724971,0.0,0.7628475398978943,0.0,0.0,0.0,
0.0,0.0,0.7854433285724971,0.0,0.757116939429342,0.0,0.0,0.0,
0.0,0.0,0.7854433285724971,0.0,0.757116939429342,0.0,0.0,0.0,
0.0,0.0,0.7854433285724971,0.0,0.7631673583714583,0.0,0.0,0.0,
0.0,0.0,0.7854433285724971,0.0,0.6491218974971221,0.0,0.0,0.0,
0.0,0.0,0.7854433285724971,0.0,0.6450819904232961,0.0,0.0,0.0,
0.0,0.0,0.7854433285724971,0.0,0.4888398704250269,0.0,0.0,0.0,
0.0,0.0,0.7854433285724971,0.0,0.4784772323598133,0.0,0.0,0.0,
0.0,0.0,0.7854433285724971,0.0,0.49657142672122334,0.0,0.0,0.0,
0.0,0.0,0.7854433285724971,0.0,0.5313627919488599,0.0,0.0,0.0,
0.0,0.0,0.7854433285724971,0.0,0.5745847556054704,0.0,0.0,0.0,
0.0,0.0,0.7854433285724971,0.0,0.5717659790700178,0.0,0.0,0.0,
0.0,0.0,0.7854433285724971,0.0,0.9765191633480943,0.0,0.0,0.0,
0.0,0.0,0.7854433285724971,0.0,0.9331439748110345,0.0,0.0,0.0,
0.0,0.0,0.7854433285724971,0.0,0.9331439748110345,0.0,0.0,0.0,
0.0,0.0,0.7854433285724971,0.0,0.9331439748110345,0.0,0.0,0.0,
0.0,0.0,0.7854433285724971,0.0,0.9331439748110345,0.0,0.0,0.0,
0.0,0.0,0.7854433285724971,0.0,0.9331439748110345,0.0,0.0,0.0,
0.0,0.0,0.7854433285724971,0.0,0.9249236504653153,0.0,0.0,0.0,
0.0,0.0,0.7854433285724971,0.0,0.822028506443797,0.0,0.0,0.0,
0.0,0.0,0.7854433285724971,0.0,0.650611054120221,0.0,0.0,0.0,
0.0,0.0,0.7854433285724971,0.0,0.6638700727329947,0.0,0.0,0.0,
0.0,0.0,0.7854433285724971,0.0,0.6638700727329947,0.0,0.0,0.0,
0.0,0.0,0.7854433285724971,0.0,0.665014310262839,0.0,0.0,0.0,
0.0,0.0,0.7854433285724971,0.0,0.6787106356993092,0.0,0.0,0.0,
0.0,0.0,0.7854433285724971,0.0,0.6787106356993092,0.0,0.0,0.0,
0.0,0.0,0.7854433285724971,0.0,0.6802687341314131,0.0,0.0,0.0,
0.0,0.0,0.7854433285724971,0.0,0.7016125634241469,0.0,0.0,0.0,
0.0,0.0,0.7854433285724971,0.0,0.6842620789853998,0.0,0.0,0.0,
0.0,0.0,0.7854433285724971,0.0,0.618909246877037,0.0,0.0,0.0,
0.0,0.0,0.7854433285724971,0.0,0.44638595978714435,0.0,0.0,0.0,
0.0,0.0,0.7854433285724971,0.0,0.49552186288805766,0.0,0.0,0.0,
0.0,0.0,0.7854433285724971,0.0,0.6241780410530501,0.0,0.0,0.0,
0.0,0.0,0.7854433285724971,0.0,0.6905082056987096,0.0,0.0,0.0,
0.0,0.0,0.7854433285724971,0.0,0.594633584203764,0.0,0.0,0.0,
0.0,0.0,0.7854433285724971,0.0,0.6058821159857186,0.0,0.0,0.0,
0.0,0.0,0.7854433285724971,0.0,0.5662539572573722,0.0,0.0,0.0,
0.0,0.0,0.7854433285724971,0.0,0.6036733522321843,0.0,0.0,0.0,
0.0,0.0,0.7854433285724971,0.0,0.6104989658928921,0.0,0.0,0.0,
0.0,0.0,0.7854433285724971,0.0,0.6219390182104594,0.0,0.0,0.0,
0.0,0.0,0.7854433285724971,0.0,0.6396588005024539,0.0,0.0,0.0,
0.0,0.0,0.7854433285724971,0.0,0.6585463165615236,0.0,0.0,0.0,
0.0,0.0,0.7854433285724971,0.0,0.6677419722921638,0.0,0.0,0.0,
0.0,0.0,0.7854433285724971,0.0,0.6676721775708208,0.0,0.0,0.0,
0.0,0.0,0.7854433285724971,0.0,0.6908097002918587,0.0,0.0,0.0,
0.0,0.0,0.7854433285724971,0.0,0.6718418940832697,0.0,0.0,0.0,
0.0,0.0,0.7854433285724971,0.0,0.6718418940832697,0.0,0.0,0.0,
0.0,0.0,0.7854433285724971,0.0,0.6949410491480794,0.0,0.0,0.0,
0.0,0.0,0.7854433285724971,0.0,0.744745653252584,0.0,0.0,0.0,
0.0,0.0,0.7854433285724971,0.0,0.7275579231418862,0.0,0.0,0.0,
0.0,0.0,0.7854433285724971,0.0,0.738691061466834,0.0,0.0,0.0,
0.0,0.0,0.7854433285724971,0.0,0.738691061466834,0.0,0.0,0.0,
0.0,0.0,0.7854433285724971,0.0,0.7744773330744478,0.0,0.0,0.0,
0.0,0.0,0.7854433285724971,0.0,0.7971090978702267,0.0,0.0,0.0,
0.0,0.0,0.7854433285724971,0.0,0.7967892175146626,0.0,0.0,0.0,
0.0,0.0,0.7854433285724971,0.0,0.7884873816351282,0.0,0.0,0.0,
0.0,0.0,0.7854433285724971,0.0,0.7797633030940843,0.0,0.0,0.0,
0.0,0.0,0.7854433285724971,0.0,0.7797633030940843,0.0,0.0,0.0,
0.0,0.0,0.7854433285724971,0.0,0.7797633030940843,0.0,0.0,0.0,
0.0,0.0,0.7854433285724971,0.0,0.7844365017150867,0.0,0.0,0.0,
0.0,0.0,0.7854433285724971,0.0,0.7844365017150867,0.0,0.0,0.0,
0.0,0.0,0.7854433285724971,0.0,0.7844365017150867,0.0,0.0,0.0,
0.0,0.0,0.7854433285724971,0.0,0.7844365017150867,0.0,0.0,0.0,
0.0,0.0,0.7854433285724971,0.0,0.8103558132800858,0.0,0.0,0.0,
0.0,0.0,0.7854433285724971,0.0,0.8103558132800858,0.0,0.0,0.0,
0.0,0.0,0.7854433285724971,0.0,0.8103558132800858,0.0,0.0,0.0,
0.0,0.0,0.7854433285724971,0.0,0.8041886398810842,0.0,0.0,0.0,
0.0,0.0,0.7854433285724971,0.0,0.7941314929670877,0.0,0.0,0.0,
0.0,0.0,0.7854433285724971,0.0,0.7941314929670877,0.0,0.0,0.0,
0.0,0.0,0.7854433285724971,0.0,0.7941314929670877,0.0,0.0,0.0,
0.0,0.0,0.7854433285724971,0.0,0.7941314929670877,0.0,0.0,0.0,
0.0,0.0,0.7854433285724971,0.0,0.7775042672252928,0.0,0.0,0.0,
0.0,0.0,0.7854433285724971,0.0,0.7775042672252928,0.0,0.0,0.0,
0.0,0.0,0.7854433285724971,0.0,0.7950047753138637,0.0,0.0,0.0,
0.0,0.0,0.7854433285724971,0.0,0.7950047753138637,0.0,0.0,0.0,
0.0,0.0,0.7854433285724971,0.0,0.7950047753138637,0.0,0.0,0.0,
0.0,0.0,0.7854433285724971,0.0,0.7876085032456547,0.0,0.0,0.0,
0.0,0.0,0.7854433285724971,0.0,0.6787742470964113,0.0,0.0,0.0,
0.0,0.0,0.7854433285724971,0.0,0.6930745866487302,0.0,0.0,0.0,
0.0,0.0,0.7854433285724971,0.0,0.6930745866487302,0.0,0.0,0.0,
0.0,0.0,0.7854433285724971,0.0,0.6974124566098547,0.0,0.0,0.0,
0.0,0.0,0.7854433285724971,0.0,0.6974124566098547,0.0,0.0,0.0,
0.0,0.0,0.7854433285724971,0.0,0.7249074573399873,0.0,0.0,0.0,
0.0,0.0,0.7854433285724971,0.0,0.7925729865086426,0.0,0.0,0.0,
0.0,0.0,0.7854433285724971,0.0,0.7925729865086426,0.0,0.0,0.0,
0.0,0.0,0.7854433285724971,0.0,0.7877799385667513,0.0,0.0,0.0,
0.0,0.0,0.7854433285724971,0.0,0.7928041113291182,0.0,0.0,0.0,
0.0,0.0,0.7854433285724971,0.0,0.8001566024960355,0.0,0.0,0.0,
0.0,0.0,0.7854433285724971,0.0,0.8001566024960355,0.0,0.0,0.0,
0.0,0.0,0.7854433285724971,0.0,0.78964057546473,0.0,0.0,0.0,
0.0,0.0,0.7854433285724971,0.0,0.7828318383426921,0.0,0.0,0.0,
0.0,0.0,0.7854433285724971,0.0,0.7828318383426921,0.0,0.0,0.0,
0.0,0.0,0.7854433285724971,0.0,0.7828318383426921,0.0,0.0,0.0,
0.0,0.0,0.7854433285724971,0.0,0.7828318383426921,0.0,0.0,0.0,
0.0,0.0,0.7854433285724971,0.0,0.7909806203473481,0.0,0.0,0.0,
0.0,0.0,0.7854433285724971,0.0,0.6405852981699665,0.0,0.0,0.0,
0.0,0.0,0.7854433285724971,0.0,0.6405852981699665,0.0,0.0,0.0,
0.0,0.0,0.7854433285724971,0.0,0.6388649490656276,0.0,0.0,0.0,
0.0,0.0,0.7854433285724971,0.0,0.6388649490656276,0.0,0.0,0.0,
0.0,0.0,0.7854433285724971,0.0,0.6729193691751854,0.0,0.0,0.0,
0.0,0.0,0.7854433285724971,0.0,0.6729193691751854,0.0,0.0,0.0,
0.0,0.0,0.7854433285724971,0.0,0.6729193691751854,0.0,0.0,0.0,
0.0,0.0,0.7854433285724971,0.0,0.6729193691751854,0.0,0.0,0.0,
0.0,0.0,0.7854433285724971,0.0,0.6599380879898189,0.0,0.0,0.0,
0.0,0.0,0.7854433285724971,0.0,0.6674395488441757,0.0,0.0,0.0,
0.0,0.0,0.7854433285724971,0.0,0.6828729776816829,0.0,0.0,0.0,
0.0,0.0,0.7854433285724971,0.0,0.6651193137009734,0.0,0.0,0.0,
0.0,0.0,0.7854433285724971,0.0,0.674521704373646,0.0,0.0,0.0,
0.0,0.0,0.7854433285724971,0.0,0.1497002320301489,0.0,0.0,0.0,
0.0,0.0,0.7854433285724971,0.0,0.10490039398956041,0.0,0.0,0.0,
0.0,0.0,0.7854433285724971,0.0,0.27072440419845534,0.0,0.0,0.0,
0.0,0.0,0.7854433285724971,0.0,0.3051626191048642,0.0,0.0,0.0,
0.0,0.0,0.7854433285724971,0.0,0.3331229726237366,0.0,0.0,0.0,
0.0,0.0,0.7854433285724971,0.0,0.37736993604584035,0.0,0.0,0.0,
0.0,0.0,0.7854433285724971,0.0,0.6577700448948468,0.0,0.0,0.0,
0.0,0.0,0.7854433285724971,0.0,0.4748218018510521,0.0,0.0,0.0,
0.0,0.0,0.7854433285724971,0.0,0.4748218018510521,0.0,0.0,0.0,
0.0,0.0,0.7854433285724971,0.0,0.5032121568180011,0.0,0.0,0.0,
0.0,0.0,0.7854433285724971,0.0,0.5028971875366015,0.0,0.0,0.0,
0.0,0.0,0.7854433285724971,0.0,0.5477541787399957,0.0,0.0,0.0,
0.0,0.0,0.7854433285724971,0.0,0.5477541787399957,0.0,0.0,0.0,
0.0,0.0,0.7854433285724971,0.0,0.6002541028047093,0.0,0.0,0.0,
0.0,0.0,0.7854433285724971,0.0,0.6146533328571065,0.0,0.0,0.0,
0.0,0.0,0.7854433285724971,0.0,0.6318440271918682,0.0,0.0,0.0,
0.0,0.0,0.7854433285724971,0.0,0.5642873783973542,0.0,0.0,0.0,
0.0,0.0,0.7854433285724971,0.0,0.5856323676191724,0.0,0.0,0.0,
0.0,0.0,0.7854433285724971,0.0,0.3097845008341714,0.0,0.0,0.0,
0.0,0.0,0.7854433285724971,0.0,0.3097845008341714,0.0,0.0,0.0,
0.0,0.0,0.7854433285724971,0.0,0.28752355484127845,0.0,0.0,0.0,
0.0,0.0,0.7854433285724971,0.0,0.6088213534232533,0.0,0.0,0.0,
0.0,0.0,0.7854433285724971,0.0,0.6162162339707987,0.0,0.0,0.0,
0.0,0.0,0.7854433285724971,0.0,0.6348291740419636,0.0,0.0,0.0,
0.0,0.0,0.7854433285724971,0.0,0.6476880312495568,0.0,0.0,0.0,
0.0,0.0,0.7854433285724971,0.0,0.42622998814421653,0.0,0.0,0.0,
0.0,0.0,0.7854433285724971,0.0,0.3845032523506241,0.0,0.0,0.0,
0.0,0.0,0.7854433285724971,0.0,0.5566169224143888,0.0,0.0,0.0,
0.0,0.0,0.7854433285724971,0.0,0.5566169224143888,0.0,0.0,0.0,
0.0,0.0,0.7854433285724971,0.0,0.5714265123169804,0.0,0.0,0.0,
0.0,0.0,0.7854433285724971,0.0,0.6545803045093053,0.0,0.0,0.0,
0.0,0.0,0.7854433285724971,0.0,0.6554997188189019,0.0,0.0,0.0,
0.0,0.0,0.7854433285724971,0.0,0.659297590537704,0.0,0.0,0.0,
0.0,0.0,0.7854433285724971,0.0,0.6415886891755446,0.0,0.0,0.0,
0.0,0.0,0.7854433285724971,0.0,0.06805643407353695,0.0,0.0,0.0,
0.0,0.0,0.7854433285724971,0.0,0.06805643407353695,0.0,0.0,0.0,
0.0,0.0,0.7854433285724971,0.0,0.1289611163937589,0.0,0.0,0.0,
0.0,0.0,0.7854433285724971,0.0,0.1967772763190176,0.0,0.0,0.0,
0.0,0.0,0.7854433285724971,0.0,0.2569148398574175,0.0,0.0,0.0,
0.0,0.0,0.7854433285724971,0.0,0.2569148398574175,0.0,0.0,0.0,
0.0,0.0,0.7854433285724971,0.0,0.2569148398574175,0.0,0.0,0.0,
0.0,0.0,0.7472590795974546,0.0,-0.2328862607679032,0.0,0.0,0.0,
0.0,0.0,0.7472590795974546,0.0,0.23839435306775086,0.0,0.0,0.0,
0.0,0.0,0.7472590795974546,0.0,0.29219631668626656,0.0,0.0,0.0,
0.0,0.0,0.7472590795974546,0.0,0.4027363017935233,0.0,0.0,0.0,
0.0,0.0,0.7472590795974546,0.0,0.4535071011194753,0.0,0.0,0.0,
0.0,0.0,0.7472590795974546,0.0,0.24680360349183728,0.0,0.0,0.0,
0.0,0.0,0.7472590795974546,0.0,0.29709952083291935,0.0,0.0,0.0,
0.0,0.0,0.7472590795974546,0.0,0.29709952083291935,0.0,0.0,0.0,
0.0,0.0,0.7472590795974546,0.0,0.39060148313782006,0.0,0.0,0.0,
0.0,0.0,0.7472590795974546,0.0,0.44938693911128413,0.0,0.0,0.0,
0.0,0.0,0.7472590795974546,0.0,0.7479807515573524,0.0,0.0,0.0,
0.0,0.0,0.7472590795974546,0.0,0.75325207134282,0.0,0.0,0.0,
0.0,0.0,0.7472590795974546,0.0,0.9118923168466339,0.0,0.0,0.0,
0.0,0.0,0.7472590795974546,0.0,0.8878240624056293,0.0,0.0,0.0,
0.0,0.0,0.7472590795974546,0.0,1.0839887372685697,0.0,0.0,0.0,
0.0,0.0,0.7472590795974546,0.0,1.0368622654957176,0.0,0.0,0.0,
0.0,0.0,0.7472590795974546,0.0,1.0368622654957176,0.0,0.0,0.0,
0.0,0.0,0.7472590795974546,0.0,1.0064691402442572,0.0,0.0,0.0,
0.0,0.0,0.7472590795974546,0.0,0.987565662998719,0.0,0.0,0.0,
0.0,0.0,0.7472590795974546,0.0,0.9831638302165013,0.0,0.0,0.0,
0.0,0.0,0.7472590795974546,0.0,0.7894482282746047,0.0,0.0,0.0,
0.0,0.0,0.7472590795974546,0.0,0.734041985075088,0.0,0.0,0.0,
0.0,0.0,0.7472590795974546,0.0,0.6958430667053479,0.0,0.0,0.0,
0.0,0.0,0.7472590795974546,0.0,0.6958430667053479,0.0,0.0,0.0,
0.0,0.0,0.7472590795974546,0.0,0.7199501684962604,0.0,0.0,0.0,
0.0,0.0,0.7472590795974546,0.0,0.7470828171348837,0.0,0.0,0.0,
0.0,0.0,0.7472590795974546,0.0,0.7486970555659737,0.0,0.0,0.0,
0.0,0.0,0.7472590795974546,0.0,0.7558789537827669,0.0,0.0,0.0,
0.0,0.0,0.7472590795974546,0.0,0.7354238071870995,0.0,0.0,0.0,
0.0,0.0,0.7472590795974546,0.0,0.7250548224330604,0.0,0.0,0.0,
0.0,0.0,0.7472590795974546,0.0,0.7250548224330604,0.0,0.0,0.0,
0.0,0.0,0.7472590795974546,0.0,0.7250548224330604,0.0,0.0,0.0,
0.0,0.0,0.7472590795974546,0.0,0.7172100147960466,0.0,0.0,0.0,
0.0,0.0,0.7472590795974546,0.0,0.6905029928426389,0.0,0.0,0.0,
0.0,0.0,0.7472590795974546,0.0,0.6905029928426389,0.0,0.0,0.0,
0.0,0.0,0.7472590795974546,0.0,0.5947599927745238,0.0,0.0,0.0,
0.0,0.0,0.7472590795974546,0.0,0.6774149316271727,0.0,0.0,0.0,
0.0,0.0,0.7472590795974546,0.0,0.6857318316396998,0.0,0.0,0.0,
0.0,0.0,0.7472590795974546,0.0,0.6659126338056621,0.0,0.0,0.0,
0.0,0.0,0.7472590795974546,0.0,0.6903962913112697,0.0,0.0,0.0,
0.0,0.0,0.7472590795974546,0.0,0.6903962913112697,0.0,0.0,0.0,
0.0,0.0,0.7472590795974546,0.0,0.7089581501693007,0.0,0.0,0.0,
0.0,0.0,0.7472590795974546,0.0,0.7185156727120051,0.0,0.0,0.0,
0.0,0.0,0.7472590795974546,0.0,0.7431981913133798,0.0,0.0,0.0,
0.0,0.0,0.7472590795974546,0.0,0.6007806832963226,0.0,0.0,0.0,
0.0,0.0,0.7472590795974546,0.0,0.6007806832963226,0.0,0.0,0.0,
0.0,0.0,0.7472590795974546,0.0,0.5898828098555915,0.0,0.0,0.0,
0.0,0.0,0.7472590795974546,0.0,0.5024095287981178,0.0,0.0,0.0,
0.0,0.0,0.7472590795974546,0.0,0.5148113965282517,0.0,0.0,0.0,
0.0,0.0,0.7472590795974546,0.0,-0.07010995697548268,0.0,0.0,0.0,
0.0,0.0,0.7472590795974546,0.0,-0.0922702346073401,0.0,0.0,0.0,
0.0,0.0,0.7472590795974546,0.0,0.019993565353772252,0.0,0.0,0.0,
0.0,0.0,0.7472590795974546,0.0,0.18449561796869807,0.0,0.0,0.0,
0.0,0.0,0.7472590795974546,0.0,-0.03935286163951665,0.0,0.0,0.0,
0.0,0.0,0.7472590795974546,0.0,0.03643101739784073,0.0,0.0,0.0,
0.0,0.0,0.7472590795974546,0.0,0.1226595661145523,0.0,0.0,0.0,
0.0,0.0,0.7472590795974546,0.0,0.15416523499662427,0.0,0.0,0.0,
0.0,0.0,0.7472590795974546,0.0,0.211652060454965,0.0,0.0,0.0,
0.0,0.0,0.7472590795974546,0.0,0.27194712108570024,0.0,0.0,0.0,
0.0,0.0,0.524996694314328,0.0,0.27597029459322797,0.0,0.0,0.0,
0.0,0.0,0.524996694314328,0.0,0.3351032550855653,0.0,0.0,0.0,
0.0,0.0,0.524996694314328,0.0,0.3351032550855653,0.0,0.0,0.0,
0.0,0.0,0.524996694314328,0.0,0.39837333806963093,0.0,0.0,0.0,
0.0,0.0,0.524996694314328,0.0,0.39837333806963093,0.0,0.0,0.0,
0.0,0.0,0.524996694314328,0.0,0.4292394380793246,0.0,0.0,0.0,
0.0,0.0,0.524996694314328,0.0,0.50033432080827,0.0,0.0,0.0,
0.0,0.0,0.524996694314328,0.0,0.5933174424716734,0.0,0.0,0.0,
0.0,0.0,0.524996694314328,0.0,0.5869597901497828,0.0,0.0,0.0,
0.0,0.0,0.524996694314328,0.0,0.7590122421040646,0.0,0.0,0.0,
0.0,0.0,0.524996694314328,0.0,0.7590122421040646,0.0,0.0,0.0,
0.0,0.0,0.524996694314328,0.0,0.7590122421040646,0.0,0.0,0.0,
0.0,0.0,0.524996694314328,0.0,0.7608381607996763,0.0,0.0,0.0,
0.0,0.0,0.524996694314328,0.0,0.5620135554215976,0.0,0.0,0.0,
0.0,0.0,0.524996694314328,0.0,0.5757085050320749,0.0,0.0,0.0,
0.0,0.0,0.524996694314328,0.0,0.6179996630551841,0.0,0.0,0.0,
0.0,0.0,0.524996694314328,0.0,0.6179996630551841,0.0,0.0,0.0,
0.0,0.0,0.524996694314328,0.0,0.6814082241461247,0.0,0.0,0.0,
0.0,0.0,0.524996694314328,0.0,0.7183931959184996,0.0,0.0,0.0,
0.0,0.0,0.524996694314328,0.0,0.7013682373061904,0.0,0.0,0.0,
0.0,0.0,0.524996694314328,0.0,0.6786350756091457,0.0,0.0,0.0,
0.0,0.0,0.524996694314328,0.0,0.6711137879207851,0.0,0.0,0.0,
0.0,0.0,0.524996694314328,0.0,0.6744246582838241,0.0,0.0,0.0,
0.0,0.0,0.524996694314328,0.0,0.6744246582838241,0.0,0.0,0.0,
0.0,0.0,0.524996694314328,0.0,0.5461490467390391,0.0,0.0,0.0,
0.0,0.0,0.524996694314328,0.0,0.5461490467390391,0.0,0.0,0.0,
0.0,0.0,0.524996694314328,0.0,0.5461490467390391,0.0,0.0,0.0,
0.0,0.0,0.524996694314328,0.0,0.5163639857120124,0.0,0.0,0.0,
0.0,0.0,0.524996694314328,0.0,0.5377092332327595,0.0,0.0,0.0,
0.0,0.0,0.524996694314328,0.0,0.44707288046821436,0.0,0.0,0.0,
0.0,0.0,0.524996694314328,0.0,0.9531700441753248,0.0,0.0,0.0,
0.0,0.0,0.524996694314328,0.0,0.8431359105469292,0.0,0.0,0.0,
0.0,0.0,0.524996694314328,0.0,0.8431359105469292,0.0,0.0,0.0,
0.0,0.0,0.524996694314328,0.0,0.4318037366800619,0.0,0.0,0.0,
0.0,0.0,0.524996694314328,0.0,0.4318037366800619,0.0,0.0,0.0,
0.0,0.0,0.524996694314328,0.0,0.4318037366800619,0.0,0.0,0.0,
0.0,0.0,0.524996694314328,0.0,0.46663944482837477,0.0,0.0,0.0,
0.0,0.0,0.524996694314328,0.0,0.5076274474525908,0.0,0.0,0.0,
0.0,0.0,0.524996694314328,0.0,0.5470628355147358,0.0,0.0,0.0,
0.0,0.0,0.524996694314328,0.0,0.5688118127818883,0.0,0.0,0.0,
0.0,0.0,0.524996694314328,0.0,0.6431359783614519,0.0,0.0,0.0,
0.0,0.0,0.524996694314328,0.0,0.6431359783614519,0.0,0.0,0.0,
0.0,0.0,0.524996694314328,0.0,0.70304650242336,0.0,0.0,0.0,
0.0,0.0,0.524996694314328,0.0,0.4884621839309654,0.0,0.0,0.0,
0.0,0.0,0.524996694314328,0.0,0.5163134314789604,0.0,0.0,0.0,
0.0,0.0,0.524996694314328,0.0,0.5891692031030734,0.0,0.0,0.0,
0.0,0.0,0.524996694314328,0.0,0.6014575354398122,0.0,0.0,0.0,
0.0,0.0,0.524996694314328,0.0,0.6335623317781021,0.0,0.0,0.0,
0.0,0.0,0.524996694314328,0.0,0.5819148819932795,0.0,0.0,0.0,
0.0,0.0,0.524996694314328,0.0,0.5888743581758961,0.0,0.0,0.0,
0.0,0.0,0.524996694314328,0.0,0.5888743581758961,0.0,0.0,0.0,
0.0,0.0,0.524996694314328,0.0,0.6084907960224712,0.0,0.0,0.0,
0.0,0.0,0.524996694314328,0.0,0.6084907960224712,0.0,0.0,0.0,
0.0,0.0,0.524996694314328,0.0,1.511757244391283,0.0,0.0,0.0,
0.0,0.0,0.524996694314328,0.0,1.511757244391283,0.0,0.0,0.0,
0.0,0.0,0.524996694314328,0.0,1.4484915067647501,0.0,0.0,0.0,
0.0,0.0,0.524996694314328,0.0,1.4484915067647501,0.0,0.0,0.0,
0.0,0.0,0.524996694314328,0.0,1.1415905257369907,0.0,0.0,0.0,
0.0,0.0,0.524996694314328,0.0,1.1155930879303293,0.0,0.0,0.0,
0.0,0.0,0.524996694314328,0.0,0.9340362526375989,0.0,0.0,0.0,
0.0,0.0,0.524996694314328,0.0,0.9340362526375989,0.0,0.0,0.0,
0.0,0.0,0.524996694314328,0.0,0.9340362526375989,0.0,0.0,0.0,
0.0,0.0,0.524996694314328,0.0,0.7297388317856361,0.0,0.0,0.0,
0.0,0.0,0.524996694314328,0.0,0.7145057568627103,0.0,0.0,0.0,
0.0,0.0,0.524996694314328,0.0,0.718038263984957,0.0,0.0,0.0,
0.0,0.0,0.524996694314328,0.0,0.718038263984957,0.0,0.0,0.0,
0.0,0.0,0.524996694314328,0.0,0.7081180796671923,0.0,0.0,0.0,
0.0,0.0,0.524996694314328,0.0,0.6707994214268999,0.0,0.0,0.0,
0.0,0.0,0.524996694314328,0.0,0.8006578776388399,0.0,0.0,0.0,
0.0,0.0,0.524996694314328,0.0,0.7554318201526483,0.0,0.0,0.0,
0.0,0.0,0.524996694314328,0.0,0.7554318201526483,0.0,0.0,0.0,
0.0,0.0,0.524996694314328,0.0,0.744222507476647,0.0,0.0,0.0,
0.0,0.0,0.524996694314328,0.0,0.8195811889998167,0.0,0.0,0.0,
0.0,0.0,0.524996694314328,0.0,0.8155283466474461,0.0,0.0,0.0,
0.0,0.0,0.524996694314328,0.0,0.8129868565467312,0.0,0.0,0.0,
0.0,0.0,0.524996694314328,0.0,0.8129868565467312,0.0,0.0,0.0,
0.0,0.0,0.524996694314328,0.0,0.43632411476702776,0.0,0.0,0.0,
0.0,0.0,0.524996694314328,0.0,0.48174212503559233,0.0,0.0,0.0,
0.0,0.0,0.524996694314328,0.0,0.5109024051643026,0.0,0.0,0.0,
0.0,0.0,0.524996694314328,0.0,0.5109024051643026,0.0,0.0,0.0,
0.0,0.0,0.524996694314328,0.0,0.5857593017596702,0.0,0.0,0.0,
0.0,0.0,0.524996694314328,0.0,0.5772081683846835,0.0,0.0,0.0,
0.0,0.0,0.524996694314328,0.0,0.6107273740237752,0.0,0.0,0.0,
0.0,0.0,0.524996694314328,0.0,0.6107273740237752,0.0,0.0,0.0,
0.0,0.0,0.524996694314328,0.0,0.5943154135736081,0.0,0.0,0.0,
0.0,0.0,0.524996694314328,0.0,0.6201601857531416,0.0,0.0,0.0,
0.0,0.0,0.524996694314328,0.0,0.6201601857531416,0.0,0.0,0.0,
0.0,0.0,0.524996694314328,0.0,0.6306726994557916,0.0,0.0,0.0,
0.0,0.0,0.524996694314328,0.0,0.6457348557097664,0.0,0.0,0.0,
0.0,0.0,0.524996694314328,0.0,0.6543744061977388,0.0,0.0,0.0,
0.0,0.0,0.524996694314328,0.0,0.6812958100785922,0.0,0.0,0.0,
0.0,0.0,0.524996694314328,0.0,0.6919064324146873,0.0,0.0,0.0,
0.0,0.0,0.524996694314328,0.0,0.6919064324146873,0.0,0.0,0.0,
0.0,0.0,0.524996694314328,0.0,0.6732686085521233,0.0,0.0,0.0,
0.0,0.0,0.524996694314328,0.0,0.6732686085521233,0.0,0.0,0.0,
0.0,0.0,0.524996694314328,0.0,0.7112568993375827,0.0,0.0,0.0,
0.0,0.0,0.524996694314328,0.0,0.7112568993375827,0.0,0.0,0.0,
0.0,0.0,0.524996694314328,0.0,0.7112568993375827,0.0,0.0,0.0,
0.0,0.0,0.524996694314328,0.0,0.7362929101212138,0.0,0.0,0.0,
0.0,0.0,0.524996694314328,0.0,0.7527683181964812,0.0,0.0,0.0,
0.0,0.0,0.524996694314328,0.0,0.43075532316893883,0.0,0.0,0.0,
0.0,0.0,0.524996694314328,0.0,0.33516870742736515,0.0,0.0,0.0,
0.0,0.0,0.524996694314328,0.0,0.38564629806353545,0.0,0.0,0.0,
0.0,0.0,0.524996694314328,0.0,0.5297104918207567,0.0,0.0,0.0,
0.0,0.0,0.524996694314328,0.0,0.5297104918207567,0.0,0.0,0.0,
0.0,0.0,0.524996694314328,0.0,0.23867196727587545,0.0,0.0,0.0,
0.0,0.0,0.524996694314328,0.0,0.2781267877866369,0.0,0.0,0.0,
0.0,0.0,0.524996694314328,0.0,0.39629414286688475,0.0,0.0,0.0,
0.0,0.0,0.524996694314328,0.0,0.5200866768750056,0.0,0.0,0.0,
0.0,0.0,0.524996694314328,0.0,0.7885312085241567,0.0,0.0,0.0,
0.0,0.0,0.524996694314328,0.0,0.7808649759348469,0.0,0.0,0.0,
0.0,0.0,0.524996694314328,0.0,0.78023704096176,0.0,0.0,0.0,
0.0,0.0,0.524996694314328,0.0,0.78023704096176,0.0,0.0,0.0,
0.0,0.0,0.524996694314328,0.0,0.78023704096176,0.0,0.0,0.0,
0.0,0.0,0.524996694314328,0.0,0.78023704096176,0.0,0.0,0.0,
0.0,0.0,0.524996694314328,0.0,0.78023704096176,0.0,0.0,0.0,
0.0,0.0,0.524996694314328,0.0,0.7702594764371657,0.0,0.0,0.0,
0.0,0.0,0.524996694314328,0.0,0.7385601463817771,0.0,0.0,0.0,
0.0,0.0,0.524996694314328,0.0,0.3392051688064764,0.0,0.0,0.0,
0.0,0.0,0.524996694314328,0.0,0.5207347922591641,0.0,0.0,0.0,
0.0,0.0,0.524996694314328,0.0,0.5260586186539247,0.0,0.0,0.0,
0.0,0.0,0.524996694314328,0.0,0.5774085717369678,0.0,0.0,0.0,
0.0,0.0,0.524996694314328,0.0,0.5845052457195137,0.0,0.0,0.0,
0.0,0.0,0.524996694314328,0.0,0.6436497580877703,0.0,0.0,0.0,
0.0,0.0,0.524996694314328,0.0,1.0266988367061864,0.0,0.0,0.0,
0.0,0.0,0.524996694314328,0.0,0.9653734382470717,0.0,0.0,0.0,
0.0,0.0,0.524996694314328,0.0,0.9653734382470717,0.0,0.0,0.0,
0.0,0.0,0.524996694314328,0.0,0.9653734382470717,0.0,0.0,0.0,
0.0,0.0,0.524996694314328,0.0,0.9447755395021027,0.0,0.0,0.0,
0.0,0.0,0.524996694314328,0.0,0.9151190904624242,0.0,0.0,0.0,
0.0,0.0,0.524996694314328,0.0,0.8988287711215306,0.0,0.0,0.0,
0.0,0.0,0.524996694314328,0.0,0.8747219133569463,0.0,0.0,0.0,
0.0,0.0,0.524996694314328,0.0,0.5474033856701004,0.0,0.0,0.0,
0.0,0.0,0.524996694314328,0.0,0.5598778899675282,0.0,0.0,0.0,
0.0,0.0,0.524996694314328,0.0,0.6702777683447874,0.0,0.0,0.0,
0.0,0.0,0.524996694314328,0.0,0.6702777683447874,0.0,0.0,0.0,
0.0,0.0,0.524996694314328,0.0,0.6860090778094257,0.0,0.0,0.0,
0.0,0.0,0.524996694314328,0.0,0.703688092422832,0.0,0.0,0.0,
0.0,0.0,0.524996694314328,0.0,0.5121724450780982,0.0,0.0,0.0,
0.0,0.0,0.524996694314328,0.0,0.446160025892592,0.0,0.0,0.0,
0.0,0.0,0.524996694314328,0.0,0.446160025892592,0.0,0.0,0.0,
0.0,0.0,0.524996694314328,0.0,0.4648029809535162,0.0,0.0,0.0,
0.0,0.0,0.524996694314328,0.0,0.5102325586476811,0.0,0.0,0.0,
0.0,0.0,0.524996694314328,0.0,0.6408290030043271,0.0,0.0,0.0,
0.0,0.0,0.524996694314328,0.0,0.2813992427003958,0.0,0.0,0.0,
0.0,0.0,0.524996694314328,0.0,0.2813992427003958,0.0,0.0,0.0,
0.0,0.0,0.524996694314328,0.0,0.2938826238862975,0.0,0.0,0.0,
0.0,0.0,0.524996694314328,0.0,0.17466418830977254,0.0,0.0,0.0,
0.0,0.0,0.524996694314328,0.0,0.96450642990128,0.0,0.0,0.0,
0.0,0.0,0.524996694314328,0.0,0.9848730358432445,0.0,0.0,0.0,
0.0,0.0,0.524996694314328,0.0,0.9848730358432445,0.0,0.0,0.0,
0.0,0.0,0.524996694314328,0.0,0.9848730358432445,0.0,0.0,0.0,
0.0,0.0,0.524996694314328,0.0,0.9848730358432445,0.0,0.0,0.0,
0.0,0.0,0.524996694314328,0.0,0.9848730358432445,0.0,0.0,0.0,
0.0,0.0,0.524996694314328,0.0,0.9579508304610385,0.0,0.0,0.0,
0.0,0.0,0.524996694314328,0.0,1.1217297804390922,0.0,0.0,0.0,
0.0,0.0,0.524996694314328,0.0,1.0648280086155404,0.0,0.0,0.0,
0.0,0.0,0.524996694314328,0.0,0.7988375598510988,0.0,0.0,0.0,
0.0,0.0,0.524996694314328,0.0,0.9886728573793528,0.0,0.0,0.0,
0.0,0.0,0.524996694314328,0.0,0.9886728573793528,0.0,0.0,0.0,
0.0,0.0,0.524996694314328,0.0,0.9602205819689723,0.0,0.0,0.0,
0.0,0.0,0.524996694314328,0.0,0.9602205819689723,0.0,0.0,0.0,
0.0,0.0,0.524996694314328,0.0,0.9602205819689723,0.0,0.0,0.0,
0.0,0.0,0.524996694314328,0.0,0.8296029504825855,0.0,0.0,0.0,
0.0,0.0,0.524996694314328,0.0,0.8296029504825855,0.0,0.0,0.0,
0.0,0.0,0.524996694314328,0.0,0.8189018269962814,0.0,0.0,0.0,
0.0,0.0,0.524996694314328,0.0,0.7989252564643619,0.0,0.0,0.0,
0.0,0.0,0.524996694314328,0.0,0.7989252564643619,0.0,0.0,0.0,
0.0,0.0,0.524996694314328,0.0,0.765359627259002,0.0,0.0,0.0,
0.0,0.0,0.524996694314328,0.0,0.7578492567330477,0.0,0.0,0.0,
0.0,0.0,0.524996694314328,0.0,0.8690456742196788,0.0,0.0,0.0,
0.0,0.0,0.524996694314328,0.0,0.8660273161707444,0.0,0.0,0.0,
0.0,0.0,0.524996694314328,0.0,0.8660273161707444,0.0,0.0,0.0,
0.0,0.0,0.524996694314328,0.0,0.7580584194116214,0.0,0.0,0.0,
0.0,0.0,0.524996694314328,0.0,0.7616486317529231,0.0,0.0,0.0,
0.0,0.0,0.524996694314328,0.0,0.7017286604613391,0.0,0.0,0.0,
0.0,0.0,0.27422983518857963,0.0,0.5547975749941241,0.0,0.0,0.0,
0.0,0.0,0.27422983518857963,0.0,0.5767658185207013,0.0,0.0,0.0,
0.0,0.0,0.27422983518857963,0.0,0.5985177804471967,0.0,0.0,0.0,
0.0,0.0,0.27422983518857963,0.0,0.5985177804471967,0.0,0.0,0.0,
0.0,0.0,0.27422983518857963,0.0,0.5985177804471967,0.0,0.0,0.0,
0.0,0.0,0.27422983518857963,0.0,0.5985177804471967,0.0,0.0,0.0,
0.0,0.0,0.27422983518857963,0.0,0.5985177804471967,0.0,0.0,0.0,
0.0,0.0,0.27422983518857963,0.0,0.6145134141210026,0.0,0.0,0.0,
0.0,0.0,0.27422983518857963,0.0,0.6145134141210026,0.0,0.0,0.0,
0.0,0.0,0.27422983518857963,0.0,0.6324273319890632,0.0,0.0,0.0,
0.0,0.0,0.27422983518857963,0.0,0.6324273319890632,0.0,0.0,0.0,
0.0,0.0,0.27422983518857963,0.0,0.6295593959046335,0.0,0.0,0.0,
0.0,0.0,0.27422983518857963,0.0,0.644197235657339,0.0,0.0,0.0,
0.0,0.0,0.27422983518857963,0.0,0.6518847426589603,0.0,0.0,0.0,
0.0,0.0,0.27422983518857963,0.0,0.662663937161987,0.0,0.0,0.0,
0.0,0.0,0.27422983518857963,0.0,0.45249340662169957,0.0,0.0,0.0,
0.0,0.0,0.27422983518857963,0.0,0.49231144500357826,0.0,0.0,0.0,
0.0,0.0,0.27422983518857963,0.0,0.6051218708490187,0.0,0.0,0.0,
0.0,0.0,0.27422983518857963,0.0,0.574696017488878,0.0,0.0,0.0,
0.0,0.0,0.27422983518857963,0.0,0.574696017488878,0.0,0.0,0.0,
0.0,0.0,0.27422983518857963,0.0,0.7536308375131086,0.0,0.0,0.0,
0.0,0.0,0.27422983518857963,0.0,0.7536308375131086,0.0,0.0,0.0,
0.0,0.0,0.27422983518857963,0.0,1.2025022379016483,0.0,0.0,0.0,
0.0,0.0,0.27422983518857963,0.0,1.1650263272935166,0.0,0.0,0.0,
0.0,0.0,0.27422983518857963,0.0,1.0401982607461986,0.0,0.0,0.0,
0.0,0.0,0.27422983518857963,0.0,1.2627326756105592,0.0,0.0,0.0,
0.0,0.0,0.27422983518857963,0.0,1.135299138012978,0.0,0.0,0.0,
0.0,0.0,0.27422983518857963,0.0,1.1257251933500567,0.0,0.0,0.0,
0.0,0.0,0.27422983518857963,0.0,0.9955430687269092,0.0,0.0,0.0,
0.0,0.0,0.27422983518857963,0.0,0.9595057961179047,0.0,0.0,0.0,
0.0,0.0,0.27422983518857963,0.0,0.9358905900826894,0.0,0.0,0.0,
0.0,0.0,0.27422983518857963,0.0,0.9588834811624817,0.0,0.0,0.0,
0.0,0.0,0.27422983518857963,0.0,0.94646156042422,0.0,0.0,0.0,
0.0,0.0,0.27422983518857963,0.0,0.9081697987387573,0.0,0.0,0.0,
0.0,0.0,0.27422983518857963,0.0,0.8151839885009358,0.0,0.0,0.0,
0.0,0.0,0.27422983518857963,0.0,0.8158393882147924,0.0,0.0,0.0,
0.0,0.0,0.27422983518857963,0.0,1.1219489185278786,0.0,0.0,0.0,
0.0,0.0,0.27422983518857963,0.0,1.0938499684724525,0.0,0.0,0.0,
0.0,0.0,0.27422983518857963,0.0,1.0767270131071023,0.0,0.0,0.0,
0.0,0.0,0.27422983518857963,0.0,1.0767270131071023,0.0,0.0,0.0,
0.0,0.0,0.27422983518857963,0.0,1.0767270131071023,0.0,0.0,0.0,
0.0,0.0,0.27422983518857963,0.0,1.031584533020638,0.0,0.0,0.0,
0.0,0.0,0.27422983518857963,0.0,1.031584533020638,0.0,0.0,0.0,
0.0,0.0,0.27422983518857963,0.0,1.031584533020638,0.0,0.0,0.0,
0.0,0.0,0.27422983518857963,0.0,0.9906634008314793,0.0,0.0,0.0,
0.0,0.0,0.27422983518857963,0.0,0.9906634008314793,0.0,0.0,0.0,
0.0,0.0,0.27422983518857963,0.0,0.9786235669535537,0.0,0.0,0.0,
0.0,0.0,0.27422983518857963,0.0,1.0814670839771559,0.0,0.0,0.0,
0.0,0.0,0.27422983518857963,0.0,0.9954131990388868,0.0,0.0,0.0,
0.0,0.0,0.27422983518857963,0.0,1.0274128950296533,0.0,0.0,0.0,
0.0,0.0,0.27422983518857963,0.0,0.8966253687204006,0.0,0.0,0.0,
0.0,0.0,0.27422983518857963,0.0,0.8966253687204006,0.0,0.0,0.0,
0.0,0.0,0.27422983518857963,0.0,0.7078648429162518,0.0,0.0,0.0,