
0.0
1.192667911838219E-70
2.170289206556086E-30
1.0300641985497096E-11
7.553475926580256E-12
4.533775526464797E-12
3.973744946974057E-12
2.118065228074898E-12
1.7905857127722701E-12
9.983683551869342E-13
8.008452789695927E-13
4.823938333362918E-13
3.7623757050648307E-13
2.4423276367353174E-13
1.8597753597323552E-13
1.274212957130684E-13
9.943442952472019E-14
7.485427097313692E-14
6.225100655257762E-14
5.208200196448562E-14
4.690768496048494E-14
4.5836843056374225E-14
3.4600472043063394E-13
8.556302999385059E-13
1.7793263820054526E-12
3.1946346027434575E-12
4.833015909396771E-12
7.159648390965308E-12
9.375443213664813E-12
1.2283050859447896E-11
1.481581911464583E-11
1.789543984526889E-11
2.046934715284622E-11
2.3069751032082904E-11
2.529972404493701E-11
2.706924499252771E-11
2.8592511328801534E-11
2.94782060575828E-11
4.393334144465476E-11
4.898821087688945E-11
1.030213775892084E-10
1.1775803733207777E-10
1.6605350954320427E-10
1.7418541302061758E-10
2.0431372765006742E-10
2.0198227664844726E-10
2.3126616110962603E-10
2.255042192541666E-10
2.3646742636135877E-10
2.2268159416442112E-10
2.171359746964647E-10
1.9819249015672882E-10
1.843721062694009E-10
1.6480466231601107E-10
1.4913645907390876E-10
1.2202521604656768E-10
1.0454078508719789E-10
9.093869931006283E-11
8.182573617585116E-11
7.319042575423514E-11
6.619380712172729E-11
5.952879452335796E-11
5.537329376746127E-11
4.977911212200936E-11
4.661448897515608E-11
4.196963019028687E-11
3.8971447705843056E-11
3.3751254287023814E-11
2.998893199154513E-11
2.6211598482893906E-11
3.124882233946727E-11
3.196176766769915E-11
6.339836879006916E-11
7.440720762345116E-11
1.0598312547955886E-10
1.1400818799033479E-10
1.379337048899187E-10
1.3935918437456007E-10
1.4650270843214983E-10
1.4200659406368305E-10
1.4580087471620532E-10
1.4155464035182546E-10
1.396352904177798E-10
1.3265133663142687E-10
1.265258276291377E-10
1.181655826030625E-10
1.1014776090728379E-10
9.374188237853447E-11
8.408157248402768E-11
7.610303083053624E-11
7.046158182933898E-11
5.916901136202342E-11
4.980918861058649E-11
4.327298978542636E-11
3.991883435750826E-11
3.6791251027372035E-11
3.3737113820858024E-11
3.047406077921612E-11
2.8197664301231888E-11
2.7876885542122774E-11
2.7278146007852934E-11
3.572529584963911E-11
4.0133071966380657E-11
4.798249172932106E-11
5.239922128021737E-11
5.683914374995073E-11
6.026590683130871E-11
6.50510530222763E-11
6.651798062614572E-11
6.921114831316274E-11
6.838270586323866E-11
6.814071012348489E-11
6.545658066093768E-11
6.295176505157699E-11
5.91052376197508E-11
4.9864666065664914E-11
4.365223393065309E-11
3.9893389368389715E-11
3.723513439406321E-11
3.471553652371519E-11
3.208477614766097E-11
2.909277149242642E-11
2.625451566441731E-11
2.3495451511616137E-11
2.1825125509574303E-11
1.9866597988800503E-11
2.1218160691492047E-11
2.0719092429211958E-11
1.98987128117894E-11
1.8534933685603155E-11
1.8892449732445647E-11
1.851197762429804E-11
1.8367329051354196E-11
1.7479062565684964E-11
1.660335614402927E-11
1.5390803414938193E-11
1.4131650738207038E-11
1.1159398435597198E-11
9.265583125868635E-12
7.78488125919437E-12
6.8127728406514954E-12
6.047294330518399E-12
5.4970993064219165E-12
4.995013342557857E-12
5.6365191074990165E-12
5.528707182417338E-12
6.7200530645575916E-12
6.985044267552517E-12
7.933725855183249E-12
8.119171779450732E-12
7.739171842242712E-12
7.034469900128231E-12
6.750964184406103E-12
6.467316117212083E-12
6.288256175315902E-12
5.984395561296856E-12
5.656641654394454E-12
5.940436071724866E-12
5.7224255295317535E-12
5.985131715652545E-12
5.5585853188199525E-12
6.856501262395246E-12
6.987525017303605E-12
7.95755056212414E-12
7.781849315423565E-12
7.93065707174835E-12
7.617493691273557E-12
7.298748507485923E-12
7.216376598222525E-12
6.89874948512829E-12
6.766313766834E-12
6.651520633718717E-12
6.2225458382914806E-12
5.959960250176072E-12
6.65539713027508E-12
6.864879627787975E-12
7.647429600494862E-12
7.9556281056709E-12
8.453410976981099E-12
8.611773621451197E-12
8.772430974818192E-12
8.694611921169516E-12
8.546518930275016E-12
8.232295108584919E-12
7.843408257216109E-12
7.352949067007173E-12
6.817607033366055E-12
6.2382931952319285E-12
5.652725088230167E-12
5.067430769053605E-12
4.491371816781188E-12
3.946622269344092E-12
3.4464962713934156E-12
3.320307473693991E-12
3.1190482264319117E-12
4.043538507126702E-12
4.443717529729225E-12
5.520356674131595E-12
6.516249762252079E-12
7.409174868395547E-12
9.028950773066613E-12
9.769149454249027E-12
1.1157764092053299E-11
1.1583453691583874E-11
1.2437059836173515E-11
1.2361606611005433E-11
1.2521362648267322E-11
1.2014372130897816E-11
1.1611540143176937E-11
1.0818331412805162E-11
8.926852266175059E-12
7.42168283335467E-12
6.580091763723542E-12
6.001990875656812E-12
5.538986626657612E-12
5.085787664698395E-12
4.647067046783281E-12
4.27260462007822E-12
3.85670715726242E-12
3.5036153097429716E-12
3.1207477116722817E-12
2.434154248091839E-12
1.936422780312466E-12
1.6808295544671747E-12
1.519528806217114E-12
1.39046573910877E-12
1.270562430447685E-12
1.1533490867326739E-12
1.091761031694693E-12
9.970793600519796E-13
9.48716510780801E-13
8.685344547267942E-13
8.139413564921465E-13
7.252343619471142E-13
6.559903647887404E-13
5.855870977281051E-13
6.456006002192331E-13
6.630352406089225E-13
1.406115885625399E-12
1.6856926989478721E-12
2.4084073111528115E-12
2.5140904204061786E-12
2.7991038609786907E-12
2.7903971964627644E-12
2.8972548422568875E-12
2.8106774532136787E-12
2.7507228804240045E-12
2.5801756114778757E-12
2.452892101105117E-12
2.245108313550579E-12
2.0739721257512504E-12
1.859573138050909E-12
1.4863231629588856E-12
1.2079598071292602E-12
1.0606080471839934E-12
8.800196919786201E-13
7.476145441463261E-13
6.632105359000358E-13
6.125189493628768E-13
5.90238320968174E-13
5.548744484448057E-13
5.37103035361741E-13
5.11828170456266E-13
4.804294826051596E-13
4.4896426291022996E-13
4.1777226611567516E-13
4.618975495201315E-13
4.79266619361773E-13
9.566542829960803E-13
1.1455290883917584E-12
1.6134565569080104E-12
1.8277910204228946E-12
2.0359342402902985E-12
2.3208309597468086E-12
2.398138522317704E-12
2.688622216738964E-12
2.7798037661930723E-12
2.9944973444536683E-12
3.0147696048482953E-12
3.0687629373590748E-12
2.9686705282685933E-12
2.876510919346006E-12
2.703064983714834E-12
2.55759322492249E-12
2.3612437336858022E-12
2.297517195070767E-12
2.1447028830146232E-12
2.0774777372379898E-12
1.9359203442626635E-12
1.6544303708710778E-12
1.4306456792401481E-12
1.323843154978344E-12
1.2406532609193245E-12
1.1596843272323192E-12
1.0566295435368873E-12
9.559438740883808E-13
8.616066080995202E-13
7.881148468254489E-13
7.143525917715974E-13
7.476270717754303E-13
7.24214805306126E-13
7.784669985918318E-13
7.696087391653269E-13
7.935267377929894E-13
7.699341304928406E-13
7.553073921143393E-13
7.111797137098086E-13
6.693845815937167E-13
6.128495303227299E-13
5.591782221282523E-13
5.000774413303254E-13
4.458558583602778E-13
3.9307734953569834E-13
3.5588171270610037E-13
3.1993981283323E-13
3.493741470103294E-13
3.50830350744238E-13
3.8822521194230004E-13
3.954057789446354E-13
4.130439795965207E-13
4.0709801514944977E-13
4.0143131080363824E-13
3.8095156006120513E-13
3.595795570278434E-13
3.310278821024242E-13
2.724824384369294E-13
2.2583312686505726E-13
1.985636005249587E-13
1.8253042282194976E-13
1.5546726837357126E-13
1.3021811447962352E-13
1.0987623906974265E-13
1.0331739644128942E-13
9.791032774517825E-14
9.984752516505394E-14
9.918523969600483E-14
9.081171233706313E-14
8.538254643512064E-14
7.89739792410816E-14
7.775405996668176E-14
8.016574128117709E-14
8.241598728400139E-14
8.154395222707718E-14
8.081867475155985E-14
8.04051468991686E-14
8.518404476497646E-14
9.056230721475047E-14
3.1066017436580416E-13
4.1588043733775304E-13
6.92864370506958E-13
8.405644847066167E-13
1.0407521695077653E-12
1.1390108624507098E-12
1.367726368473351E-12
1.3994064628868925E-12
1.5471460871925171E-12
1.5450399334343695E-12
1.6432064304283544E-12
1.636714062153045E-12
1.6842116174349855E-12
1.6514856328157577E-12
1.7991911664781715E-12
1.786505746657431E-12
1.9132364397633548E-12
1.9049817270894316E-12
1.9497125752991393E-12
1.931807700753832E-12
1.906449962868761E-12
1.8476968371400865E-12
1.7664233801078441E-12
1.513534346824358E-12
1.3263288758530745E-12
1.206045311410662E-12
1.1270977959313725E-12
1.0452694119503436E-12
9.703333771932677E-13
8.876818642094659E-13
9.070272887424607E-13
8.487952566203446E-13
8.790761596328693E-13
8.341394150987022E-13
8.345087211922371E-13
8.188748397234658E-13
7.993950726463317E-13
7.765524073420981E-13
7.385427231358852E-13
7.00255087485092E-13
6.520913257571598E-13
6.034426960021934E-13
5.76612148932164E-13
5.326666662002998E-13
5.094326880066614E-13
4.3394679875586493E-13
3.908762451113217E-13
3.525630461037206E-13
3.3674733899336987E-13
3.126785002176807E-13
3.1497783868880586E-13
2.97961898921238E-13
3.5789157155399844E-13
3.587773654838256E-13
4.1374381222932387E-13
4.146686917496812E-13
4.4073857782983166E-13
4.29431845492907E-13
4.3918411726795074E-13
4.187546173201133E-13
3.798002108224057E-13
3.3787955629555675E-13
3.1094996112979054E-13
2.8469758169751113E-13
2.6703998308844035E-13
2.351924576295193E-13
2.1360228279439734E-13
3.908067894694153E-13
4.3531784603728336E-13
6.406843025957133E-13
6.987608084215399E-13
8.350666110944899E-13
9.088167985811733E-13
9.33300001494205E-13
9.31463915103066E-13
9.10893294730493E-13
8.870246667224385E-13
8.533967226944328E-13
8.265095958650559E-13
7.871723327897739E-13
9.030798235340496E-13
8.971162533120482E-13
1.0214970690196037E-12
1.0233042966417591E-12
1.0893280609943914E-12
1.0667694100034588E-12
1.068090275656472E-12
1.012840025370623E-12
9.663227491322268E-13
8.903865943726806E-13
8.207185759705917E-13
7.387192139776215E-13
6.131270213681144E-13
5.143311159202901E-13
4.277413637013545E-13
3.731650048044999E-13
3.3887561881249476E-13
3.1915567577348027E-13
2.9994452225976073E-13
3.4815658342723923E-13
3.2263415227194266E-13
3.769380805395049E-13
3.702960235428666E-13
4.187873178750764E-13
4.0964790767368283E-13
4.256768114960372E-13
4.0228258524459624E-13
4.167996741522836E-13
3.9459874598084254E-13
4.2026221946431634E-13
4.1271837830486367E-13
4.3784482275595986E-13
4.3604554951923464E-13
4.4659352805471397E-13
4.396837249278653E-13
4.3681432862810904E-13
4.226458521865374E-13
4.0995389166466037E-13
3.8912809666124464E-13
3.686382389522038E-13
3.436594671858068E-13
3.1943244431035527E-13
2.934340455568318E-13
2.594306977172299E-13
2.2595922254100344E-13
1.9767527881590293E-13
1.7731881312560814E-13
1.6192012900625752E-13
2.3531111392403234E-13
2.4917852234051827E-13
3.3794307442372166E-13
3.6605017358622216E-13
4.365362490812117E-13
4.646770126028062E-13
4.985215518183435E-13
5.050814310252304E-13
4.761372433374531E-13
4.2569568181807116E-13
3.931636004728421E-13
3.6598307436859415E-13
3.4422375300068276E-13
3.235000537619813E-13
3.0403591663096865E-13
2.8836161765046666E-13
2.6968663480899584E-13
2.539880260360837E-13
2.3477791690184046E-13
2.1761077163536812E-13
1.9858501160922608E-13
1.814776767311383E-13
1.641614135517787E-13
1.3717599429307377E-13
1.1519346455527406E-13
1.0073708398048158E-13
9.191905635154422E-14
8.585430388308752E-14
1.7201449133907465E-13
1.8806487295103941E-13
2.787501331816611E-13
1.068844902402274E-12
3.192484346102418E-10
4.458701153697844E-10
1.6143150677528142E-9
1.7990141403130753E-9
2.60650099661428E-9
2.6281517676616358E-9
3.0219292789018634E-9
2.8644868279431753E-9
3.3550308564343352E-9
3.2204033405405883E-9
4.657647399809554E-9
4.6197687140394355E-9
5.357847947596923E-9
5.077241916886584E-9
5.270738769771049E-9
4.885628088426476E-9
4.787220717523282E-9
4.372914173719767E-9
4.186866111673508E-9
3.79585161907636E-9
3.525738308664025E-9
3.143073489817628E-9
2.830505604323647E-9
2.472539820025438E-9
2.166727774811572E-9
1.8572792563074782E-9
1.5936075655410291E-9
1.3454906602995832E-9
1.1319783431561615E-9
9.439061433803038E-10
8.771946454476288E-10
7.768821790433256E-10
9.952613655032336E-10
9.799568940261993E-10
1.1354237958297158E-9
1.1086427727712448E-9
1.1366586168599779E-9
1.0557095597375234E-9
9.975324591869151E-10
8.889715266078001E-10
8.00481217578768E-10
6.960021971385828E-10
6.148562454934997E-10
5.335956423578731E-10
4.741903238513008E-10
4.2144702286498145E-10
3.7812773280578225E-10
3.417142675663699E-10
3.1691421436788487E-10
2.9713181760544083E-10
2.8142261007275895E-10
2.678288414328842E-10
2.5233206016495033E-10
2.353332071783771E-10
2.104801068332515E-10
1.905742354913622E-10
2.1650369293783953E-10
2.1951298558649668E-10
3.6084523199047206E-10
3.8656788092289617E-10
4.691567779754324E-10
4.601007950002574E-10
4.99804056365585E-10
4.746327001019389E-10
5.380455006234936E-10
5.157753720560935E-10
5.33892194872639E-10
4.940476995529948E-10
4.739167088005528E-10
4.2427310061563013E-10
3.8737282374207615E-10
3.3887213625217783E-10
3.0039959120205323E-10
2.594699463462874E-10
2.2660710773484358E-10
1.9504173949028598E-10
1.6960604483614153E-10
1.4644948209908566E-10
1.2763744369399788E-10
1.1092843033776808E-10
9.836245623497635E-11
7.737299782971816E-11
6.418710678180995E-11
5.2878571493880526E-11
4.6648158542661906E-11
4.195691051041762E-11
3.8784269629780224E-11
3.531100877415909E-11
3.2329819680153077E-11
2.935517517290698E-11
4.5603553624090096E-11
5.3473288550791486E-11
1.2698179125549788E-10
1.5944227243333298E-10
2.118973331083406E-10
2.523267728664123E-10
2.770335796595058E-10
2.976065538495143E-10
3.063751597173362E-10
3.039112442735703E-10
3.0406141126178654E-10
2.878998088975254E-10
2.824804826347237E-10
2.658748479801539E-10
2.536798449334459E-10
2.346883925322859E-10
2.186524716800595E-10
2.0482826926720765E-10
1.9099616029529212E-10
1.7696663112319755E-10
1.5839956021412436E-10
1.4019260356860583E-10
1.2456730201105888E-10
1.1557003176694451E-10
1.0600405816959046E-10
1.1050105666050981E-10
1.0643373682079263E-10
1.0999886650350939E-10
1.0476719688281041E-10
9.858894750892518E-11
8.818238778280478E-11
8.325044444197193E-11
7.767933316654017E-11
8.186110381570766E-11
7.948355636405344E-11
8.065474379357476E-11
7.178789712586211E-11
6.722412152311947E-11
6.296188393032784E-11
6.096322166201445E-11
5.792088555015242E-11
5.4479359889930056E-11
4.66895926596799E-11
4.1209882892702883E-11
3.91910463013389E-11
3.755938856234176E-11
4.154241181137384E-11
4.189956436659398E-11
4.43342414956039E-11
4.34458651240969E-11
4.322770906696872E-11
3.6782803733424734E-11
3.314729071434716E-11
2.7871536948193163E-11
2.5323195940117852E-11
2.3354805668785145E-11
2.2135405331555264E-11
2.070905446176057E-11
1.9346349933013246E-11
1.7801583202985074E-11
1.6251864211606665E-11
1.461380498449059E-11
1.2776418477296883E-11
1.1066588511193203E-11
8.473407456756625E-12
8.382599132016118E-12
8.410146357712788E-12
1.4171908104209402E-11
1.6773644823916513E-11
2.1291401297527085E-11
2.2627613138841027E-11
2.4391496625758595E-11
2.5005190760486282E-11
2.5336450288867974E-11
2.729808891176249E-11
2.7562029621006877E-11
2.852656206347893E-11
2.8559523788817083E-11
2.8371508107436715E-11
2.928236426126448E-11
2.5964553448219513E-11
2.4954166396936817E-11
2.3881859958325865E-11
2.142724881983448E-11
1.8623887271037025E-11
1.6948158974863277E-11
1.575575814620355E-11
1.486948473080045E-11
1.3917801374156496E-11
1.15213779418364E-11
9.752570433006113E-12
8.710660555566673E-12
8.040380226714641E-12
7.412979714208728E-12
6.804180623450884E-12
6.173159725504676E-12
5.530018495450548E-12
4.8871557229794796E-12
4.264832067517168E-12
3.679290527727655E-12
3.1430811119370485E-12
2.6630905061127197E-12
1.9158117300548016E-12
1.4376774245227325E-12
1.1968174642107475E-12
1.0636815228625492E-12
9.508678176951178E-13
8.542103465090053E-13
7.594407341783445E-13
6.696122877019937E-13
5.841154345938699E-13
5.056930025058661E-13
4.3513524211748967E-13
3.732843333938389E-13
3.1755274093781514E-13
2.714258656471376E-13
2.350836977722269E-13
8.132090004917895E-13
1.166297244240621E-12
3.5500001664548193E-12
4.795129034242326E-12
6.543348741851053E-12
6.965155575019133E-12
7.50532558083768E-12
7.377221157571026E-12
7.399699758207045E-12
7.088068669726673E-12
6.260037911142793E-12
5.526087931197913E-12
5.055960016772179E-12
4.6793250704368525E-12
4.350101083411524E-12
3.851071902218321E-12
3.400019126069338E-12
3.0187099960752487E-12
3.007549506816701E-12
2.9313480252192207E-12
3.909020375332057E-12
4.422283996409864E-12
5.502139304044733E-12
6.091082421177345E-12
6.7209457083705034E-12
6.93750570957219E-12
7.038178637216484E-12
6.8550835419568075E-12
6.568370634056049E-12
6.1260725021370165E-12
5.637242262122417E-12
4.49643900187347E-12
3.725419186881364E-12
3.256246398108004E-12
2.9596512430218265E-12
2.676031316599848E-12
2.154660331669413E-12
1.7679578702066223E-12
1.5386502808477597E-12
1.2565342947904056E-12
9.933388868161386E-13
8.009061322800673E-13
6.470819743684852E-13
5.252545137389164E-13
4.4506911264273105E-13
3.905758677006729E-13
3.529940353211265E-13
3.2536012273934044E-13
3.050493605930381E-13
2.8113160746678687E-13
2.5861596684689375E-13
2.3762995352107233E-13
3.9606065548970435E-13
5.040103065746555E-13
1.1918188922281202E-12
1.562244090436594E-12
2.14619667319466E-12
2.392313527441527E-12
2.6968856482127137E-12
2.774750520244373E-12
2.8487290999695474E-12
2.756207472156282E-12
2.6456806481259315E-12
2.4528238607431874E-12
2.4222366918002996E-12
3.68156586181854E-12
5.771599438489289E-10
7.561474577210714E-10
3.139277201130401E-9
3.454924791856784E-9
6.08468430813788E-9
6.280375182134146E-9
8.176574454421559E-9
8.126191865325379E-9
1.008507599831332E-8
9.805431062885509E-9
1.089363456306591E-8
1.0472765252922328E-8
1.0867363430150405E-8
1.0376429598332238E-8
1.0406232695441774E-8
9.908840158534147E-9
9.72365294747671E-9
9.177625681536238E-9
8.770910485544063E-9
8.138851140292206E-9
7.57007959834103E-9
6.882995028387258E-9
6.240548351591922E-9
5.560403546736228E-9
5.195516156901105E-9
4.644094700709186E-9
5.531561760202407E-9
5.024566099689007E-9
5.837638276712984E-9
5.316801650800131E-9
5.6186523884175935E-9
5.007774669316965E-9
4.936046691282412E-9
4.315308778433786E-9
4.087249352188306E-9
3.551820720148231E-9
3.2941403057836593E-9
2.866927288569429E-9
2.6209721486214404E-9
2.3805962227346925E-9
2.178339057113558E-9
2.4579968433383926E-9
2.281355791623327E-9
2.552316190779771E-9
2.3203598381757555E-9
2.4072452831490865E-9
2.128056302092075E-9
2.063424719579488E-9
1.780255155704566E-9
1.6423199731114345E-9
1.3914681577166192E-9
1.2387817396092697E-9
1.032793525837448E-9
8.897942562505987E-10
8.511795715240007E-10
7.655980259424502E-10
1.2820635296038279E-9
1.1741343261138414E-9
1.6296085365518294E-9
1.4820341219109792E-9
1.7109459437954755E-9
1.6847350124517997E-9
1.7363460463501643E-9
1.6933320434235878E-9
1.6240754581746242E-9
1.5260574665978133E-9
1.3906231172444256E-9
1.2520466700730881E-9
1.1042528581873806E-9
9.6943651995365E-10
8.287166966576478E-10
7.071001622414482E-10
5.962367636249501E-10
5.059487050277323E-10
4.2687454469704606E-10
3.6249212751964696E-10
3.0757056242590724E-10
2.5423447324916433E-10
2.1240538247048958E-10
1.816924616607023E-10
1.5919246120323648E-10
1.4097779118949414E-10
1.258709413063637E-10
1.1296557369509567E-10
1.031489759344895E-10
9.311426405051741E-11
8.400354874108301E-11
7.54684080536156E-11
6.760214201421691E-11
6.031153702195208E-11
5.3902747263816724E-11
4.800256687886628E-11
4.257213405168104E-11
3.759096990753812E-11
3.290080142189946E-11
2.2848358859691292E-10
2.837827068710329E-10
1.783703057201233E-9
1.707741569169256E-9
3.2009603847819015E-9
3.046411349132075E-9
4.014191336183364E-9
3.795581837446851E-9
4.114877949803036E-9
3.746838454609302E-9
3.653792450348862E-9
3.214110271335786E-9
3.052778058934617E-9
2.65499841978602E-9
3.1599667038384638E-9
2.773067448750747E-9
3.2066704493093077E-9
2.7904292968852833E-9
3.2698155450363725E-9
2.8214830140154027E-9
3.056834361677888E-9
2.6013227195507412E-9
2.5847539155124466E-9
2.164701795797045E-9
2.017796667174789E-9
1.6694280356099406E-9
1.4930530767728165E-9
1.226478309319678E-9
1.0679599603488698E-9
8.746007772785445E-10
7.486686188800336E-10
6.134645435427536E-10
5.216031964286525E-10
4.310131946874132E-10
3.66948047891352E-10
3.068652324475735E-10
2.624218972235334E-10
3.8363856592600755E-10
3.7896607145337707E-10
1.523576675908976E-9
1.4225579290736896E-9
2.324476458992856E-9
2.2066609765878747E-9
2.683258237444774E-9
2.486546148315975E-9
2.660035576299906E-9
2.4787114402346896E-9
2.464960438492492E-9
2.2583726201940123E-9
2.1303489150630825E-9
1.9051817142434425E-9
1.7514657865562924E-9
1.5429254739839325E-9
1.5447844039229378E-9
1.3773090887570252E-9
1.353662914384532E-9
1.1943463985955323E-9
1.1180718615862667E-9
9.678572236100224E-10
8.854972549632698E-10
7.566837185440367E-10
8.207149082382942E-10
7.340116463314518E-10
7.722817212388916E-10
6.878513090209574E-10
6.70585558718399E-10
5.855685543642517E-10
5.33543460730719E-10
4.604803620914348E-10
4.2145112523573373E-10
3.709400750285395E-10
4.1868626680613345E-10
3.9279297153140625E-10
4.2367484321967816E-10
3.921925463546221E-10
3.909522274025751E-10
3.501209767669528E-10
3.293742026620143E-10
2.9242102305650976E-10
2.782971550567085E-10
2.5087554240376246E-10
2.96833680427823E-10
2.8050878088811734E-10
3.0775352386016366E-10
2.904669196942864E-10
2.9072106540257484E-10
2.676305897372399E-10
2.5247100414518715E-10
2.2696606241879558E-10
2.0661786004335206E-10
1.828148789594078E-10
1.6314584167522743E-10
1.3373749281802253E-10
1.1436420492379962E-10
9.708546511084809E-11
8.639176734563954E-11
7.725100852698779E-11
7.028734035992823E-11
6.325061803909388E-11
5.7741097299437326E-11
5.239256492843404E-11
5.575533854608154E-11
5.486552231252557E-11
8.42818651894706E-11
9.059394451086992E-11
1.1281339692511185E-10
1.122613996476192E-10
1.1945868784346128E-10
1.1332824067960644E-10
1.1033632003659384E-10
1.0111057270601913E-10
9.419782381432577E-11
1.2599004032483178E-10
1.32883419265333E-10
4.2627456516232043E-10
4.3962278871100714E-10
6.445586500064431E-10
6.27667203610837E-10
6.919974915848181E-10
6.529245993091629E-10
6.466226789139249E-10
6.266009103184854E-10
5.932141947051298E-10
5.643767529039151E-10
5.173067811341411E-10