
0.0,0.0,0.0,0.0,0.0,0.0,
0.0,0.0,0.0,0.0,0.0,0.0,
0.0,0.0,0.0,0.0,0.0,0.0,
0.0,0.0,0.0,0.0,0.0,0.0,
0.0,0.0,0.0,0.0,0.0,0.0,
0.0,0.0,0.0,0.0,0.0,0.0,
0.0,0.0,0.0,0.0,0.0,0.0,
0.0,0.0,0.0,0.0,0.0,0.0,
0.0,0.0,0.0,0.0,0.0,0.0,
0.0,0.0,0.0,0.0,0.0,0.0,
0.0,0.0,0.0,0.0,0.0,0.0,
0.0,0.0,0.0,0.0,0.0,0.0,
0.0,0.0,0.0,0.0,0.0,0.0,
0.0,0.0,0.0,0.0,0.0,0.0,
0.0,0.0,0.0,0.0,0.0,0.0,
0.0,0.0,0.0,3.944148203089333E-14,0.0,0.0,
0.0,0.0,0.0,1.6958514530989316E-13,0.0,0.0,
0.0,0.0,0.0,6.477662197829186E-13,0.0,0.0,
0.0,0.0,0.0,6.477662197829186E-13,0.0,0.0,
0.0,0.0,0.0,6.477662197829186E-13,0.0,0.0,
0.0,0.0,0.0,1.5991276616000161E-12,0.0,0.0,
0.0,0.0,0.0,1.5991276616000161E-12,0.0,0.0,
0.0,0.0,0.0,1.2144495345060465E-11,0.0,0.0,
0.0,0.0,0.0,1.2144495345060465E-11,0.0,0.0,
0.0,0.0,0.0,1.2144495345060465E-11,0.0,0.0,
0.0,0.0,0.0,1.2144495345060465E-11,8.92031646603543E-10,0.0,
0.0,0.0,0.0,1.2144495345060465E-11,8.92031646603543E-10,0.0,
0.0,0.0,0.0,1.0013321047090873E-10,8.92031646603543E-10,0.0,
0.0,0.0,0.0,1.0013321047090873E-10,8.92031646603543E-10,0.0,
0.0,0.0,0.0,1.0013321047090873E-10,2.0853136061782003E-8,0.0,
0.0,0.0,0.0,1.0013321047090873E-10,2.0853136061782003E-8,0.0,
0.0,0.0,0.0,1.0013321047090873E-10,2.0853136061782003E-8,0.0,
0.0,0.0,0.0,3.933921648139833E-9,2.0853136061782003E-8,0.0,
0.0,0.0,0.0,1.3018647740509613E-8,2.0853136061782003E-8,0.0,
0.0,0.0,0.0,1.193151511473989E-8,2.0853136061782003E-8,0.0,
0.0,0.0,0.0,1.193151511473989E-8,2.0853136061782003E-8,0.0,
0.0,0.0,0.0,2.3958522179921686E-8,2.0853136061782003E-8,0.0,
0.0,0.0,0.0,2.3958522179921686E-8,2.0853136061782003E-8,0.0,
0.0,0.0,0.0,2.3958522179921686E-8,2.0853136061782003E-8,0.0,
0.0,0.0,0.0,2.3958522179921686E-8,2.0853136061782003E-8,0.0,
0.0,0.0,0.0,3.504756056225467E-8,2.0853136061782003E-8,0.0,
0.0,0.0,0.0,3.504756056225467E-8,2.0853136061782003E-8,0.0,
0.0,0.0,0.0,3.504756056225467E-8,3.59124920846908E-7,0.0,
0.0,0.0,0.0,3.504756056225467E-8,3.59124920846908E-7,0.0,
0.0,0.0,0.0,3.504756056225467E-8,3.59124920846908E-7,0.0,
0.0,0.0,0.0,3.504756056225467E-8,3.59124920846908E-7,0.0,
0.0,0.0,0.0,3.504756056225467E-8,1.5019666937672316E-6,0.0,
0.0,0.0,0.0,2.1632480497194178E-7,1.5019666937672316E-6,0.0,
0.0,1.7909241967161263E-8,0.0,2.1632480497194178E-7,1.5019666937672316E-6,0.0,
0.0,1.7909241967161263E-8,0.0,3.856160406563423E-7,1.5019666937672316E-6,0.0,
0.0,1.7909241967161263E-8,0.0,8.43975660665566E-7,1.5019666937672316E-6,0.0,
0.0,1.7909241967161263E-8,0.0,8.43975660665566E-7,1.5019666937672316E-6,0.0,
0.0,1.7909241967161263E-8,0.0,1.5157991836659552E-6,1.5019666937672316E-6,0.0,
0.0,1.7909241967161263E-8,0.0,1.5157991836659552E-6,1.5019666937672316E-6,0.0,
0.0,1.7909241967161263E-8,0.0,1.5157991836659552E-6,1.5019666937672316E-6,0.0,
0.0,1.7909241967161263E-8,0.0,4.359960169641587E-6,1.5019666937672316E-6,0.0,
0.0,1.7909241967161263E-8,0.0,4.359960169641587E-6,1.5019666937672316E-6,0.0,
0.0,1.7909241967161263E-8,0.0,4.359960169641587E-6,1.5019666937672316E-6,0.0,
0.0,1.7909241967161263E-8,0.0,4.359960169641587E-6,1.5019666937672316E-6,0.0,
0.0,1.7909241967161263E-8,0.0,4.359960169641587E-6,1.5019666937672316E-6,0.0,
0.0,1.7909241967161263E-8,0.0,4.359960169641587E-6,1.5019666937672316E-6,0.0,
0.0,1.7909241967161263E-8,0.0,4.359960169641587E-6,1.5019666937672316E-6,0.0,
0.0,1.7909241967161263E-8,0.0,8.098633418244094E-6,1.5019666937672316E-6,0.0,
0.0,1.7909241967161263E-8,0.0,7.343708240734406E-6,1.5019666937672316E-6,0.0,
0.0,1.7909241967161263E-8,0.0,7.343708240734406E-6,1.5019666937672316E-6,0.0,
0.0,1.1443155797369162E-6,0.0,7.343708240734406E-6,1.5019666937672316E-6,0.0,
0.0,1.1443155797369162E-6,0.0,2.4974663225001213E-5,1.5019666937672316E-6,0.0,
0.0,1.1443155797369162E-6,0.0,2.4974663225001213E-5,4.754178618072366E-4,0.0,
0.0,1.1443155797369162E-6,0.0,2.4974663225001213E-5,4.754178618072366E-4,0.0,
0.0,1.1443155797369162E-6,0.0,2.4974663225001213E-5,4.754178618072366E-4,0.0,
0.0,1.1443155797369162E-6,0.0,2.4974663225001213E-5,4.754178618072366E-4,0.0,
0.0,2.3245212403260106E-5,0.0,1.354750112915215E-4,4.754178618072366E-4,0.0,
0.0,2.3245212403260106E-5,0.0,1.354750112915215E-4,5.561003701283345E-4,0.0,
0.0,2.3245212403260106E-5,0.0,1.354750112915215E-4,5.561003701283345E-4,0.0,
0.0,5.156808705693842E-5,0.0,2.0610870069897572E-4,5.561003701283345E-4,0.0,
0.0,9.942671786912492E-5,0.0,2.0610870069897572E-4,5.561003701283345E-4,0.0,
0.0,9.942671786912492E-5,0.0,2.0610870069897572E-4,5.561003701283345E-4,0.0,
0.0,9.942671786912492E-5,0.0,2.0610870069897572E-4,5.561003701283345E-4,0.0,
0.0,9.942671786912492E-5,0.0,2.0610870069897572E-4,5.561003701283345E-4,9.377869299382552E-9,
0.0,9.942671786912492E-5,0.0,2.0610870069897572E-4,5.561003701283345E-4,9.377869299382552E-9,
0.0,9.942671786912492E-5,0.0,2.0610870069897572E-4,5.561003701283345E-4,9.377869299382552E-9,
0.0,9.942671786912492E-5,0.0,2.0610870069897572E-4,5.561003701283345E-4,9.377869299382552E-9,
0.0,9.942671786912492E-5,0.0,2.0610870069897572E-4,5.561003701283345E-4,9.377869299382552E-9,
0.0,9.942671786912492E-5,0.0,2.0610870069897572E-4,5.561003701283345E-4,9.377869299382552E-9,
0.0,9.942671786912492E-5,0.0,2.0610870069897572E-4,5.561003701283345E-4,9.377869299382552E-9,
0.0,9.942671786912492E-5,0.0,3.1228605997102744E-4,5.561003701283345E-4,9.377869299382552E-9,
0.0,9.942671786912492E-5,0.0,3.1228605997102744E-4,5.561003701283345E-4,9.377869299382552E-9,
0.0,9.942671786912492E-5,0.0,3.1228605997102744E-4,5.561003701283345E-4,9.377869299382552E-9,
0.0,9.942671786912492E-5,0.0,4.692800851016399E-4,5.561003701283345E-4,9.377869299382552E-9,
0.0,9.942671786912492E-5,0.0,4.692800851016399E-4,5.561003701283345E-4,9.377869299382552E-9,
0.0,9.942671786912492E-5,0.0,6.730757751352832E-4,5.561003701283345E-4,9.377869299382552E-9,
0.0,9.942671786912492E-5,0.0,0.0011216917194502697,5.561003701283345E-4,9.377869299382552E-9,
0.0,9.942671786912492E-5,0.0,0.0011216917194502697,5.561003701283345E-4,9.377869299382552E-9,
0.0,9.942671786912492E-5,0.0,0.0011216917194502697,5.561003701283345E-4,9.377869299382552E-9,
0.0,9.942671786912492E-5,0.0,0.0011216917194502697,5.561003701283345E-4,3.158936562290516E-6,
0.0,9.942671786912492E-5,0.0,0.0011216917194502697,5.561003701283345E-4,3.158936562290516E-6,
0.0,9.942671786912492E-5,0.0,0.0011216917194502697,5.561003701283345E-4,3.158936562290516E-6,
0.0,9.942671786912492E-5,0.0,0.0014456900125068704,5.561003701283345E-4,3.158936562290516E-6,
0.0,1.1169937446370931E-4,0.0,0.0017665031872784534,5.561003701283345E-4,3.158936562290516E-6,
0.0,1.3990859143012496E-4,0.0,0.0021457774765030538,5.561003701283345E-4,3.158936562290516E-6,
0.0,1.3990859143012496E-4,0.0,0.0021457774765030538,5.561003701283345E-4,3.158936562290516E-6,
0.0,1.3990859143012496E-4,0.0,0.0021457774765030538,9.898307818238937E-4,3.158936562290516E-6,
0.0,1.3990859143012496E-4,0.0,0.0021457774765030538,9.898307818238937E-4,3.158936562290516E-6,
0.0,1.3990859143012496E-4,0.0,0.0021457774765030538,9.898307818238937E-4,3.158936562290516E-6,
0.0,1.3990859143012496E-4,0.0,0.0021457774765030538,9.898307818238937E-4,3.158936562290516E-6,
0.0,1.3990859143012496E-4,0.0,0.0021457774765030538,0.0034363127455674675,3.158936562290516E-6,
0.0,1.3990859143012496E-4,0.0,0.0021457774765030538,0.0034363127455674675,3.158936562290516E-6,
0.0,1.3990859143012496E-4,0.0,0.0021457774765030538,0.0034363127455674675,3.158936562290516E-6,
0.0,1.3990859143012496E-4,0.0,0.00255522119542458,0.0034363127455674675,3.158936562290516E-6,
0.0,1.3990859143012496E-4,0.0,0.0031757618529889477,0.0034363127455674675,3.158936562290516E-6,
0.0,1.3990859143012496E-4,0.0,0.0031757618529889477,0.0034363127455674675,3.158936562290516E-6,
0.0,1.3990859143012496E-4,0.0,0.0031757618529889477,0.0034363127455674675,3.158936562290516E-6,
0.0,1.3990859143012496E-4,0.0,0.0031757618529889477,0.0034363127455674675,3.158936562290516E-6,
0.0,1.3990859143012496E-4,0.0,0.0031757618529889477,0.0034363127455674675,3.158936562290516E-6,
0.0,1.3990859143012496E-4,0.0,0.004202181872822631,0.0034363127455674675,3.158936562290516E-6,
0.0,1.3990859143012496E-4,0.0,0.004202181872822631,0.0034363127455674675,3.158936562290516E-6,
0.0,1.3990859143012496E-4,0.0,0.004202181872822631,0.0034363127455674675,3.158936562290516E-6,
0.0,1.3990859143012496E-4,0.0,0.004085539748852925,0.0034363127455674675,3.158936562290516E-6,
0.0,1.3990859143012496E-4,0.0,0.004085539748852925,0.0034363127455674675,3.158936562290516E-6,
0.0,1.3990859143012496E-4,0.0,0.004085539748852925,0.0034363127455674675,3.158936562290516E-6,
0.0,1.3990859143012496E-4,0.0,0.004085539748852925,0.0034363127455674675,3.158936562290516E-6,
0.0,1.3990859143012496E-4,0.0,0.004085539748852925,0.0034363127455674675,3.158936562290516E-6,
0.0,8.350203612973923E-4,0.0,0.004085539748852925,0.0034363127455674675,3.158936562290516E-6,
0.0,8.350203612973923E-4,0.0,0.004085539748852925,0.0034363127455674675,3.158936562290516E-6,
0.0,8.350203612973923E-4,0.0,0.00521795712313965,0.0034363127455674675,3.158936562290516E-6,
0.0,8.350203612973923E-4,0.0,0.00521795712313965,0.0034363127455674675,3.158936562290516E-6,
0.0,8.350203612973923E-4,0.0,0.00521795712313965,0.0034363127455674675,3.158936562290516E-6,
0.0,8.350203612973923E-4,0.0,0.00521795712313965,0.0034363127455674675,3.158936562290516E-6,
0.0,8.350203612973923E-4,0.0,0.00521795712313965,0.0034363127455674675,3.158936562290516E-6,
0.0,8.350203612973923E-4,0.0,0.0049699141130068875,0.0034363127455674675,3.158936562290516E-6,
0.0,8.350203612973923E-4,0.0,0.0049699141130068875,0.0034363127455674675,3.158936562290516E-6,
0.0,8.350203612973923E-4,0.0,0.006628525429270215,0.0034363127455674675,3.158936562290516E-6,
0.0,8.350203612973923E-4,0.0,0.006628525429270215,0.0034363127455674675,3.158936562290516E-6,
0.0,8.350203612973923E-4,0.0,0.006628525429270215,0.0034363127455674675,3.158936562290516E-6,
0.0,8.350203612973923E-4,0.0,0.006628525429270215,0.0034363127455674675,3.158936562290516E-6,
0.0,8.350203612973923E-4,0.0,0.008440808476560589,0.0034363127455674675,3.158936562290516E-6,
0.0,8.350203612973923E-4,0.0,0.008440808476560589,0.0034363127455674675,3.158936562290516E-6,
0.0,8.350203612973923E-4,0.0,0.008440808476560589,0.0034363127455674675,3.158936562290516E-6,
0.0,8.350203612973923E-4,0.0,0.008440808476560589,0.0034363127455674675,3.158936562290516E-6,
0.0,8.350203612973923E-4,0.0,0.008440808476560589,0.0034363127455674675,3.158936562290516E-6,
0.0,8.350203612973923E-4,0.0,0.008440808476560589,0.0034363127455674675,3.158936562290516E-6,
0.0,8.350203612973923E-4,0.0,0.008440808476560589,0.0034363127455674675,3.158936562290516E-6,
0.0,8.350203612973923E-4,0.0,0.008440808476560589,0.0034363127455674675,3.158936562290516E-6,
0.0,8.350203612973923E-4,0.0,0.008440808476560589,0.0034363127455674675,3.158936562290516E-6,
0.0,8.350203612973923E-4,0.0,0.008440808476560589,0.0034363127455674675,3.158936562290516E-6,
0.0,8.350203612973923E-4,0.0,0.008440808476560589,0.0034363127455674675,3.158936562290516E-6,
0.0,8.350203612973923E-4,0.0,0.008440808476560589,0.0034363127455674675,3.158936562290516E-6,
0.0,8.350203612973923E-4,0.0,0.008440808476560589,0.0034363127455674675,3.158936562290516E-6,
0.0,8.350203612973923E-4,0.0,0.008440808476560589,0.0034363127455674675,3.158936562290516E-6,
0.0,8.350203612973923E-4,0.0,0.008440808476560589,0.0034363127455674675,3.158936562290516E-6,
0.0,8.350203612973923E-4,0.0,0.008440808476560589,0.0034363127455674675,3.158936562290516E-6,
0.0,8.958545599661651E-4,0.0,0.008440808476560589,0.0034363127455674675,3.158936562290516E-6,
0.0,8.958545599661651E-4,0.0,0.008440808476560589,0.0034363127455674675,3.158936562290516E-6,
0.0,8.958545599661651E-4,0.0,0.008440808476560589,0.0034363127455674675,3.158936562290516E-6,
0.0,8.958545599661651E-4,0.0,0.008440808476560589,0.0034363127455674675,3.158936562290516E-6,
0.0,8.958545599661651E-4,0.0,0.008440808476560589,0.008348053233520157,3.158936562290516E-6,
0.0,8.958545599661651E-4,0.0,0.008440808476560589,0.025260341677047538,3.158936562290516E-6,
0.0,8.958545599661651E-4,0.0,0.008440808476560589,0.025260341677047538,3.158936562290516E-6,
0.0,8.958545599661651E-4,0.0,0.008440808476560589,0.025260341677047538,3.158936562290516E-6,
0.0,8.958545599661651E-4,0.0,0.008440808476560589,0.025260341677047538,3.158936562290516E-6,
0.0,8.958545599661651E-4,0.0,0.008440808476560589,0.032187408319810484,3.158936562290516E-6,
0.0,8.958545599661651E-4,0.0,0.008440808476560589,0.032187408319810484,3.158936562290516E-6,
0.0,8.958545599661651E-4,0.0,0.008440808476560589,0.032187408319810484,3.158936562290516E-6,
0.0,8.958545599661651E-4,0.0,0.008440808476560589,0.03934405772415883,3.158936562290516E-6,
0.0,8.958545599661651E-4,0.0,0.013834165146071482,0.03934405772415883,3.158936562290516E-6,
0.0,8.958545599661651E-4,0.0,0.013834165146071482,0.03934405772415883,3.158936562290516E-6,
0.0,8.958545599661651E-4,0.0,0.013834165146071482,0.03934405772415883,3.158936562290516E-6,
0.0,8.958545599661651E-4,0.0,0.013834165146071482,0.03934405772415883,3.158936562290516E-6,
0.0,8.958545599661651E-4,0.0,0.013834165146071482,0.03934405772415883,3.158936562290516E-6,
0.0,8.958545599661651E-4,0.0,0.013834165146071482,0.03934405772415883,3.158936562290516E-6,
0.0,8.958545599661651E-4,0.0,0.013834165146071482,0.04782807692634048,3.158936562290516E-6,
0.0,8.958545599661651E-4,0.0,0.013834165146071482,0.055593879102087906,3.158936562290516E-6,
0.0,8.958545599661651E-4,0.0,0.013834165146071482,0.055593879102087906,3.158936562290516E-6,
0.0,8.958545599661651E-4,0.0,0.013834165146071482,0.055593879102087906,3.158936562290516E-6,
0.0,8.958545599661651E-4,0.0,0.013834165146071482,0.055593879102087906,3.158936562290516E-6,
0.0,8.958545599661651E-4,0.0,0.013834165146071482,0.055593879102087906,3.158936562290516E-6,
0.0,8.958545599661651E-4,0.0,0.013834165146071482,0.07103750846509187,3.158936562290516E-6,
0.0,8.958545599661651E-4,0.0,0.013834165146071482,0.07103750846509187,3.158936562290516E-6,
0.0,8.958545599661651E-4,0.0,0.013834165146071482,0.07103750846509187,3.158936562290516E-6,
0.0,8.958545599661651E-4,0.0,0.013834165146071482,0.07944260686355448,3.158936562290516E-6,
0.0,8.958545599661651E-4,0.0,0.013834165146071482,0.07944260686355448,3.158936562290516E-6,
0.0,8.958545599661651E-4,0.0,0.013834165146071482,0.07944260686355448,3.158936562290516E-6,
0.0,8.958545599661651E-4,0.0,0.013834165146071482,0.0872475748559624,3.158936562290516E-6,
0.0,8.958545599661651E-4,0.0,0.013834165146071482,0.09104967073224261,3.158936562290516E-6,
0.0,8.958545599661651E-4,0.0,0.013834165146071482,0.09104967073224261,3.158936562290516E-6,
0.0,8.958545599661651E-4,0.0,0.013834165146071482,0.09104967073224261,3.158936562290516E-6,
0.0,8.958545599661651E-4,0.0,0.013834165146071482,0.09104967073224261,3.158936562290516E-6,
0.0,8.958545599661651E-4,0.0,0.013834165146071482,0.09104967073224261,3.158936562290516E-6,
0.0,8.958545599661651E-4,0.0,0.013834165146071482,0.09104967073224261,3.158936562290516E-6,
0.0,8.958545599661651E-4,0.0,0.013834165146071482,0.09104967073224261,3.158936562290516E-6,
0.0,8.958545599661651E-4,0.0,0.013834165146071482,0.10518175964824303,3.158936562290516E-6,
0.0,8.958545599661651E-4,0.0,0.013834165146071482,0.10518175964824303,3.158936562290516E-6,
0.0,8.958545599661651E-4,0.0,0.013834165146071482,0.10518175964824303,3.158936562290516E-6,
0.0,8.958545599661651E-4,0.0,0.013834165146071482,0.11848707163473307,3.158936562290516E-6,
0.0,8.958545599661651E-4,0.0,0.013834165146071482,0.12594032595891747,3.158936562290516E-6,
0.0,8.958545599661651E-4,0.0,0.013834165146071482,0.12594032595891747,3.158936562290516E-6,
0.0,8.958545599661651E-4,0.0,0.013834165146071482,0.13411752353145334,3.158936562290516E-6,
0.0,8.958545599661651E-4,0.0,0.013834165146071482,0.13411752353145334,3.158936562290516E-6,
0.0,8.958545599661651E-4,0.0,0.013834165146071482,0.1451827506244848,3.158936562290516E-6,
0.0,8.958545599661651E-4,0.0,0.013834165146071482,0.1451827506244848,3.158936562290516E-6,
0.0,8.958545599661651E-4,0.0,0.013834165146071482,0.1451827506244848,3.158936562290516E-6,
0.0,8.958545599661651E-4,0.0,0.013834165146071482,0.1451827506244848,3.158936562290516E-6,
0.0,8.958545599661651E-4,0.0,0.013834165146071482,0.1451827506244848,3.158936562290516E-6,
0.0,8.958545599661651E-4,0.0,0.013834165146071482,0.1451827506244848,3.158936562290516E-6,
0.0,8.958545599661651E-4,0.0,0.013834165146071482,0.1451827506244848,3.158936562290516E-6,
0.0,8.958545599661651E-4,0.0,0.013834165146071482,0.1451827506244848,3.158936562290516E-6,
0.0,8.958545599661651E-4,0.0,0.013834165146071482,0.1451827506244848,3.158936562290516E-6,
0.0,8.958545599661651E-4,0.0,0.013834165146071482,0.14116288713857317,3.158936562290516E-6,
0.0,8.958545599661651E-4,0.0,0.013834165146071482,0.14116288713857317,3.158936562290516E-6,
0.0,8.958545599661651E-4,0.0,0.013834165146071482,0.14842137493808605,3.158936562290516E-6,
0.0,8.958545599661651E-4,0.0,0.013834165146071482,0.14842137493808605,3.158936562290516E-6,
0.0,8.958545599661651E-4,0.0,0.013834165146071482,0.14842137493808605,3.158936562290516E-6,
0.0,8.958545599661651E-4,0.0,0.013834165146071482,0.1609362388364404,3.158936562290516E-6,
0.0,8.958545599661651E-4,0.0,0.013834165146071482,0.1609362388364404,3.158936562290516E-6,
0.0,8.958545599661651E-4,0.0,0.013834165146071482,0.1609362388364404,3.158936562290516E-6,
0.0,8.958545599661651E-4,0.0,0.013834165146071482,0.16308780332884867,3.158936562290516E-6,
0.0,8.958545599661651E-4,0.0,0.013834165146071482,0.16308780332884867,3.158936562290516E-6,
0.0,8.958545599661651E-4,0.0,0.013834165146071482,0.16308780332884867,3.158936562290516E-6,
0.0,8.958545599661651E-4,0.0,0.013834165146071482,0.16308780332884867,3.158936562290516E-6,
0.0,8.958545599661651E-4,0.0,0.013834165146071482,0.17596621066608417,3.158936562290516E-6,
0.0,8.958545599661651E-4,0.0,0.013834165146071482,0.18183785758833818,3.158936562290516E-6,
0.0,8.958545599661651E-4,0.0,0.013834165146071482,0.18183785758833818,3.158936562290516E-6,
0.0,8.958545599661651E-4,0.0,0.013834165146071482,0.18183785758833818,3.158936562290516E-6,
0.0,8.958545599661651E-4,0.0,0.013834165146071482,0.18183785758833818,3.158936562290516E-6,
0.0,8.958545599661651E-4,0.0,0.013834165146071482,0.18183785758833818,3.158936562290516E-6,
0.0,8.958545599661651E-4,0.0,0.013834165146071482,0.19618665352100115,3.158936562290516E-6,
0.0,8.958545599661651E-4,0.0,0.013834165146071482,0.19618665352100115,3.158936562290516E-6,
0.0,8.958545599661651E-4,0.0,0.013834165146071482,0.19618665352100115,3.158936562290516E-6,
0.0,8.958545599661651E-4,0.0,0.013834165146071482,0.19618665352100115,3.158936562290516E-6,
0.0,8.958545599661651E-4,0.0,0.013834165146071482,0.19618665352100115,3.158936562290516E-6,
0.0,8.958545599661651E-4,0.0,0.013834165146071482,0.19618665352100115,3.158936562290516E-6,
0.0,8.958545599661651E-4,0.0,0.013834165146071482,0.19618665352100115,3.158936562290516E-6,
0.0,8.958545599661651E-4,0.0,0.013834165146071482,0.19618665352100115,3.158936562290516E-6,
0.0,8.958545599661651E-4,0.0,0.013834165146071482,0.19618665352100115,3.158936562290516E-6,
0.0,8.958545599661651E-4,0.0,0.013834165146071482,0.19618665352100115,3.158936562290516E-6,
0.0,8.958545599661651E-4,0.0,0.013834165146071482,0.19618665352100115,3.158936562290516E-6,
0.0,8.958545599661651E-4,0.0,0.013834165146071482,0.19618665352100115,3.158936562290516E-6,
0.0,8.958545599661651E-4,0.0,0.013834165146071482,0.2090144182687957,3.158936562290516E-6,
0.0,8.958545599661651E-4,0.0,0.013834165146071482,0.2090144182687957,3.158936562290516E-6,
0.0,8.958545599661651E-4,0.0,0.013834165146071482,0.2090144182687957,3.158936562290516E-6,
0.0,8.958545599661651E-4,0.0,0.013834165146071482,0.2090144182687957,3.158936562290516E-6,
0.0,8.958545599661651E-4,0.0,0.013834165146071482,0.2090144182687957,3.158936562290516E-6,
0.0,8.958545599661651E-4,0.0,0.013834165146071482,0.2090144182687957,3.158936562290516E-6,
0.0,8.958545599661651E-4,0.0,0.013834165146071482,0.2090144182687957,3.158936562290516E-6,
0.0,8.958545599661651E-4,0.0,0.013834165146071482,0.2090144182687957,3.158936562290516E-6,
0.0,8.958545599661651E-4,0.0,0.013834165146071482,0.2090144182687957,3.158936562290516E-6,
0.0,8.958545599661651E-4,0.0,0.013834165146071482,0.2158562099058145,3.158936562290516E-6,
0.0,8.958545599661651E-4,0.0,0.013834165146071482,0.2158562099058145,3.158936562290516E-6,
0.0,8.958545599661651E-4,0.0,0.013834165146071482,0.22352290201802266,3.158936562290516E-6,
0.0,8.958545599661651E-4,0.0,0.013834165146071482,0.22352290201802266,3.158936562290516E-6,
0.0,8.958545599661651E-4,0.0,0.013834165146071482,0.22352290201802266,3.158936562290516E-6,
0.0,8.958545599661651E-4,0.0,0.013834165146071482,0.22352290201802266,3.158936562290516E-6,
0.0,8.958545599661651E-4,0.0,0.013834165146071482,0.22352290201802266,3.158936562290516E-6,
0.0,8.958545599661651E-4,0.0,0.013834165146071482,0.22352290201802266,3.158936562290516E-6,
0.0,8.958545599661651E-4,0.0,0.013834165146071482,0.22352290201802266,3.158936562290516E-6,
0.0,8.958545599661651E-4,0.0,0.013834165146071482,0.22352290201802266,3.158936562290516E-6,
0.0,8.958545599661651E-4,0.0,0.013834165146071482,0.22352290201802266,3.158936562290516E-6,
0.0,8.958545599661651E-4,0.0,0.013834165146071482,0.23365761595688575,3.158936562290516E-6,
0.0,8.958545599661651E-4,0.0,0.013834165146071482,0.23365761595688575,3.158936562290516E-6,
0.0,8.958545599661651E-4,0.0,0.013834165146071482,0.23365761595688575,3.158936562290516E-6,
0.0,8.958545599661651E-4,0.0,0.013834165146071482,0.23365761595688575,3.158936562290516E-6,
0.0,8.958545599661651E-4,0.0,0.013834165146071482,0.23365761595688575,3.158936562290516E-6,
0.0,8.958545599661651E-4,0.0,0.013834165146071482,0.2434989620684514,3.158936562290516E-6,
0.0,8.958545599661651E-4,0.0,0.013834165146071482,0.2434989620684514,3.158936562290516E-6,
0.0,8.958545599661651E-4,0.0,0.013834165146071482,0.2434989620684514,3.158936562290516E-6,
0.0,8.958545599661651E-4,0.0,0.013834165146071482,0.2434989620684514,3.158936562290516E-6,
0.0,8.958545599661651E-4,0.0,0.013834165146071482,0.2531245297252797,3.158936562290516E-6,
0.0,8.958545599661651E-4,0.0,0.013834165146071482,0.2531245297252797,3.158936562290516E-6,
0.0,8.958545599661651E-4,0.0,0.013834165146071482,0.2531245297252797,3.158936562290516E-6,
0.0,8.958545599661651E-4,0.0,0.013834165146071482,0.25655939113285153,3.158936562290516E-6,
0.0,8.958545599661651E-4,0.0,0.013834165146071482,0.25655939113285153,3.158936562290516E-6,
0.0,8.958545599661651E-4,0.0,0.013834165146071482,0.26804326508306636,3.158936562290516E-6,
0.0,8.958545599661651E-4,0.0,0.013834165146071482,0.26804326508306636,3.158936562290516E-6,
0.0,8.958545599661651E-4,0.0,0.013834165146071482,0.27379901413435226,3.158936562290516E-6,
0.0,8.958545599661651E-4,0.0,0.013834165146071482,0.27379901413435226,3.158936562290516E-6,
0.0,8.958545599661651E-4,0.0,0.013834165146071482,0.2743012912064754,3.158936562290516E-6,
0.0,8.958545599661651E-4,0.0,0.013834165146071482,0.2743012912064754,3.158936562290516E-6,
0.0,8.958545599661651E-4,0.0,0.013834165146071482,0.2743012912064754,3.158936562290516E-6,
0.0,8.958545599661651E-4,0.0,0.013834165146071482,0.2743012912064754,3.158936562290516E-6,
0.0,8.958545599661651E-4,0.0,0.013834165146071482,0.2743012912064754,3.158936562290516E-6,
0.0,8.958545599661651E-4,0.0,0.013834165146071482,0.2743012912064754,3.158936562290516E-6,
0.0,8.958545599661651E-4,0.0,0.013834165146071482,0.2743012912064754,3.158936562290516E-6,
0.0,8.958545599661651E-4,0.0,0.013834165146071482,0.2743012912064754,3.158936562290516E-6,
0.0,8.958545599661651E-4,0.0,0.013834165146071482,0.2743012912064754,3.158936562290516E-6,
0.0,8.958545599661651E-4,0.0,0.013834165146071482,0.2854010411892663,3.158936562290516E-6,
0.0,8.958545599661651E-4,0.0,0.013834165146071482,0.2854010411892663,3.158936562290516E-6,
0.0,8.958545599661651E-4,0.0,0.013834165146071482,0.2854010411892663,3.158936562290516E-6,
0.0,8.958545599661651E-4,0.0,0.013834165146071482,0.2854010411892663,3.158936562290516E-6,
0.0,8.958545599661651E-4,0.0,0.013834165146071482,0.2975963033707641,3.158936562290516E-6,
0.0,8.958545599661651E-4,0.0,0.013834165146071482,0.2975963033707641,3.158936562290516E-6,
0.0,8.958545599661651E-4,0.0,0.013834165146071482,0.2975963033707641,3.158936562290516E-6,
0.0,8.958545599661651E-4,0.0,0.013834165146071482,0.2975963033707641,3.158936562290516E-6,
0.0,8.958545599661651E-4,0.0,0.013834165146071482,0.2975963033707641,3.158936562290516E-6,
0.0,8.958545599661651E-4,0.0,0.013834165146071482,0.2975963033707641,3.158936562290516E-6,
0.0,8.958545599661651E-4,0.0,0.013834165146071482,0.3011367627010857,3.158936562290516E-6,
0.0,8.958545599661651E-4,0.0,0.013834165146071482,0.3011367627010857,3.158936562290516E-6,
0.0,8.958545599661651E-4,0.0,0.013834165146071482,0.3161383643214649,3.158936562290516E-6,
0.0,8.958545599661651E-4,0.0,0.013834165146071482,0.3161383643214649,3.158936562290516E-6,
0.0,8.958545599661651E-4,0.0,0.013834165146071482,0.3274743305440418,3.158936562290516E-6,
0.0,8.958545599661651E-4,0.0,0.013834165146071482,0.3274743305440418,3.158936562290516E-6,
0.0,8.958545599661651E-4,0.0,0.013834165146071482,0.3274743305440418,3.158936562290516E-6,
0.0,8.958545599661651E-4,0.0,0.013834165146071482,0.3205008635411378,3.158936562290516E-6,
0.0,8.958545599661651E-4,0.0,0.013834165146071482,0.3205008635411378,3.158936562290516E-6,
0.0,8.958545599661651E-4,0.0,0.013834165146071482,0.3205008635411378,3.158936562290516E-6,
0.0,8.958545599661651E-4,0.0,0.013834165146071482,0.3205008635411378,3.158936562290516E-6,
0.0,8.958545599661651E-4,0.0,0.013834165146071482,0.3205008635411378,3.158936562290516E-6,
0.0,8.958545599661651E-4,0.0,0.013834165146071482,0.32192377302433534,3.158936562290516E-6,
0.0,8.958545599661651E-4,0.0,0.013834165146071482,0.33487707757774665,3.158936562290516E-6,
0.0,8.958545599661651E-4,0.0,0.013834165146071482,0.34662513343651713,3.158936562290516E-6,
0.0,8.958545599661651E-4,0.0,0.013834165146071482,0.34662513343651713,3.158936562290516E-6,
0.0,8.958545599661651E-4,0.0,0.013834165146071482,0.35773609005282575,3.158936562290516E-6,
0.0,8.958545599661651E-4,0.0,0.013834165146071482,0.35773609005282575,3.158936562290516E-6,
0.0,8.958545599661651E-4,0.0,0.013834165146071482,0.35773609005282575,3.158936562290516E-6,
0.0,8.958545599661651E-4,0.0,0.013834165146071482,0.35773609005282575,3.158936562290516E-6,
0.0,8.958545599661651E-4,0.0,0.013834165146071482,0.3692807943095334,3.158936562290516E-6,
0.0,8.958545599661651E-4,0.0,0.013834165146071482,0.38004970618691986,3.158936562290516E-6,
0.0,8.958545599661651E-4,0.0,0.013834165146071482,0.38004970618691986,3.158936562290516E-6,
0.0,8.958545599661651E-4,0.0,0.013834165146071482,0.38004970618691986,3.158936562290516E-6,
0.0,8.958545599661651E-4,0.0,0.013834165146071482,0.38004970618691986,3.158936562290516E-6,
0.0,8.958545599661651E-4,0.0,0.013834165146071482,0.38004970618691986,3.158936562290516E-6,
0.0,8.958545599661651E-4,0.0,0.013834165146071482,0.38004970618691986,3.158936562290516E-6,
0.0,8.958545599661651E-4,0.0,0.013834165146071482,0.38004970618691986,3.158936562290516E-6,
0.0,8.958545599661651E-4,0.0,0.013834165146071482,0.38004970618691986,3.158936562290516E-6,
0.0,8.958545599661651E-4,0.0,0.013834165146071482,0.39235448634516634,3.158936562290516E-6,
0.0,8.958545599661651E-4,0.0,0.013834165146071482,0.39235448634516634,3.158936562290516E-6,
0.0,8.958545599661651E-4,0.0,0.013834165146071482,0.39235448634516634,3.158936562290516E-6,
0.0,8.958545599661651E-4,0.0,0.013834165146071482,0.40382255828394725,3.158936562290516E-6,
0.0,8.958545599661651E-4,0.0,0.013834165146071482,0.40382255828394725,3.158936562290516E-6,
0.0,8.958545599661651E-4,0.0,0.013834165146071482,0.4135153409451158,3.158936562290516E-6,
0.0,8.958545599661651E-4,0.0,0.013834165146071482,0.4135153409451158,3.158936562290516E-6,
0.0,8.958545599661651E-4,0.0,0.013834165146071482,0.4135153409451158,3.158936562290516E-6,
0.0,8.958545599661651E-4,0.0,0.013834165146071482,0.4135153409451158,3.158936562290516E-6,
0.0,8.958545599661651E-4,0.0,0.013834165146071482,0.4224451193884896,3.158936562290516E-6,
0.0,8.958545599661651E-4,0.0,0.013834165146071482,0.4224451193884896,3.158936562290516E-6,
0.0,8.958545599661651E-4,0.0,0.013834165146071482,0.4224451193884896,3.158936562290516E-6,
0.0,8.958545599661651E-4,0.0,0.013834165146071482,0.4224451193884896,3.158936562290516E-6,
0.0,8.958545599661651E-4,0.0,0.013834165146071482,0.4048502133955116,3.158936562290516E-6,
0.0,8.958545599661651E-4,0.0,0.013834165146071482,0.4048502133955116,3.158936562290516E-6,
0.0,8.958545599661651E-4,0.0,0.013834165146071482,0.4048502133955116,3.158936562290516E-6,
0.0,8.958545599661651E-4,0.0,0.013834165146071482,0.4048502133955116,3.158936562290516E-6,
0.0,8.958545599661651E-4,0.0,0.013834165146071482,0.4048502133955116,3.158936562290516E-6,
0.0,8.958545599661651E-4,0.0,0.013834165146071482,0.40509273103470067,3.158936562290516E-6,
0.0,8.958545599661651E-4,0.0,0.013834165146071482,0.40509273103470067,3.158936562290516E-6,
0.0,8.958545599661651E-4,0.0,0.013834165146071482,0.41367412183642066,3.158936562290516E-6,
0.0,8.958545599661651E-4,0.0,0.013834165146071482,0.41367412183642066,3.158936562290516E-6,
0.0,8.958545599661651E-4,0.0,0.013834165146071482,0.421796614711936,3.158936562290516E-6,
0.0,8.958545599661651E-4,0.0,0.013834165146071482,0.421796614711936,3.158936562290516E-6,
0.0,8.958545599661651E-4,0.0,0.013834165146071482,0.421796614711936,3.158936562290516E-6,
0.0,8.958545599661651E-4,0.0,0.013834165146071482,0.421796614711936,3.158936562290516E-6,
0.0,8.958545599661651E-4,0.0,0.013834165146071482,0.421796614711936,3.158936562290516E-6,
0.0,8.958545599661651E-4,0.0,0.013834165146071482,0.421796614711936,3.158936562290516E-6,
0.0,8.958545599661651E-4,0.0,0.013834165146071482,0.421796614711936,3.158936562290516E-6,
0.0,8.958545599661651E-4,0.0,0.013834165146071482,0.421796614711936,3.158936562290516E-6,
0.0,8.958545599661651E-4,0.0,0.013834165146071482,0.4162878982990182,3.158936562290516E-6,
0.0,8.958545599661651E-4,0.0,0.013834165146071482,0.4162878982990182,3.158936562290516E-6,
0.0,8.958545599661651E-4,0.0,0.013834165146071482,0.4250764142248553,3.158936562290516E-6,
0.0,8.958545599661651E-4,0.0,0.013834165146071482,0.43772164313087814,3.158936562290516E-6,
0.0,8.958545599661651E-4,0.0,0.013834165146071482,0.43772164313087814,3.158936562290516E-6,
0.0,8.958545599661651E-4,0.0,0.013834165146071482,0.43772164313087814,3.158936562290516E-6,
0.0,8.958545599661651E-4,0.0,0.013834165146071482,0.4311251838558022,3.158936562290516E-6,
0.0,8.958545599661651E-4,0.0,0.013834165146071482,0.43491006361283224,3.158936562290516E-6,
0.0,8.958545599661651E-4,0.0,0.013834165146071482,0.43491006361283224,3.158936562290516E-6,
0.0,8.958545599661651E-4,0.0,0.013834165146071482,0.43491006361283224,3.158936562290516E-6,
0.0,8.958545599661651E-4,0.0,0.013834165146071482,0.43491006361283224,3.158936562290516E-6,
0.0,8.958545599661651E-4,0.0,0.013834165146071482,0.43491006361283224,3.158936562290516E-6,
0.0,8.958545599661651E-4,0.0,0.013834165146071482,0.43491006361283224,3.158936562290516E-6,
0.0,8.958545599661651E-4,0.0,0.013834165146071482,0.43491006361283224,3.158936562290516E-6,
0.0,8.958545599661651E-4,0.0,0.013834165146071482,0.43491006361283224,3.158936562290516E-6,
0.0,8.958545599661651E-4,0.0,0.013834165146071482,0.43491006361283224,3.158936562290516E-6,
0.0,8.958545599661651E-4,0.0,0.013834165146071482,0.43491006361283224,3.158936562290516E-6,
0.0,8.958545599661651E-4,0.0,0.013834165146071482,0.43491006361283224,3.158936562290516E-6,
0.0,8.958545599661651E-4,0.0,0.013834165146071482,0.43491006361283224,3.158936562290516E-6,
0.0,8.958545599661651E-4,0.0,0.013834165146071482,0.43491006361283224,3.158936562290516E-6,
0.0,8.958545599661651E-4,0.0,0.013834165146071482,0.4407782577977013,3.158936562290516E-6,
0.0,8.958545599661651E-4,0.0,0.013834165146071482,0.4407782577977013,3.158936562290516E-6,
0.0,8.958545599661651E-4,0.0,0.013834165146071482,0.4272644360023266,3.158936562290516E-6,
0.0,8.958545599661651E-4,0.0,0.013834165146071482,0.4328022018919238,3.158936562290516E-6,
0.0,8.958545599661651E-4,0.0,0.013834165146071482,0.4328022018919238,3.158936562290516E-6,
0.0,8.958545599661651E-4,0.0,0.013834165146071482,0.4328022018919238,3.158936562290516E-6,
0.0,8.958545599661651E-4,0.0,0.013834165146071482,0.4320201446897828,3.158936562290516E-6,
0.0,8.958545599661651E-4,0.0,0.013834165146071482,0.4320201446897828,3.158936562290516E-6,
0.0,8.958545599661651E-4,0.0,0.013834165146071482,0.4392811520079049,3.158936562290516E-6,
0.0,8.958545599661651E-4,0.0,0.013834165146071482,0.4392811520079049,3.158936562290516E-6,
0.0,8.958545599661651E-4,0.0,0.013834165146071482,0.4392811520079049,3.158936562290516E-6,
0.0,8.958545599661651E-4,0.0,0.013834165146071482,0.4392811520079049,3.158936562290516E-6,
0.0,8.958545599661651E-4,0.0,0.013834165146071482,0.4392811520079049,3.158936562290516E-6,
0.0,8.958545599661651E-4,0.0,0.013834165146071482,0.4392811520079049,3.158936562290516E-6,
0.0,8.958545599661651E-4,0.0,0.013834165146071482,0.4392811520079049,3.158936562290516E-6,
0.0,8.958545599661651E-4,0.0,0.013834165146071482,0.4392811520079049,3.158936562290516E-6,
0.0,8.958545599661651E-4,0.0,0.013834165146071482,0.4392811520079049,3.158936562290516E-6,
0.0,8.958545599661651E-4,0.0,0.013834165146071482,0.4392811520079049,3.158936562290516E-6,
0.0,8.958545599661651E-4,0.0,0.013834165146071482,0.4392811520079049,3.158936562290516E-6,
0.0,8.958545599661651E-4,0.0,0.013834165146071482,0.4392811520079049,3.158936562290516E-6,
0.0,8.958545599661651E-4,0.0,0.013834165146071482,0.4473287518080937,3.158936562290516E-6,
0.0,8.958545599661651E-4,0.0,0.013834165146071482,0.4473287518080937,3.158936562290516E-6,
0.0,8.958545599661651E-4,0.0,0.013834165146071482,0.4473287518080937,3.158936562290516E-6,
0.0,8.958545599661651E-4,0.0,0.013834165146071482,0.4473287518080937,3.158936562290516E-6,
0.0,8.958545599661651E-4,0.0,0.013834165146071482,0.4473287518080937,3.158936562290516E-6,
0.0,8.958545599661651E-4,0.0,0.013834165146071482,0.4567913435259077,3.158936562290516E-6,
0.0,8.958545599661651E-4,0.0,0.013834165146071482,0.3963291682036396,3.158936562290516E-6,
0.0,8.958545599661651E-4,0.0,0.013834165146071482,0.3963291682036396,3.158936562290516E-6,
0.0,8.958545599661651E-4,0.0,0.013834165146071482,0.3963291682036396,3.158936562290516E-6,
0.0,8.958545599661651E-4,0.0,0.013834165146071482,0.3963291682036396,3.158936562290516E-6,
0.0,8.958545599661651E-4,0.0,0.013834165146071482,0.3963291682036396,3.158936562290516E-6,
0.0,8.958545599661651E-4,0.0,0.013834165146071482,0.4027258555867435,3.158936562290516E-6,
0.0,8.958545599661651E-4,0.0,0.013834165146071482,0.4027258555867435,3.158936562290516E-6,
0.0,8.958545599661651E-4,0.0,0.013834165146071482,0.41703498661183325,3.158936562290516E-6,
0.0,8.958545599661651E-4,0.0,0.013834165146071482,0.4182945064844171,3.158936562290516E-6,
0.0,8.958545599661651E-4,0.0,0.013834165146071482,0.4221581294348054,3.158936562290516E-6,
0.0,8.958545599661651E-4,0.0,0.013834165146071482,0.4221581294348054,3.158936562290516E-6,
0.0,8.958545599661651E-4,0.0,0.013834165146071482,0.4221581294348054,3.158936562290516E-6,
0.0,8.958545599661651E-4,0.0,0.013834165146071482,0.4221581294348054,3.158936562290516E-6,
0.0,8.958545599661651E-4,0.0,0.013834165146071482,0.4221581294348054,3.158936562290516E-6,
0.0,8.958545599661651E-4,0.0,0.013834165146071482,0.43415202147536497,3.158936562290516E-6,
0.0,8.958545599661651E-4,0.0,0.013834165146071482,0.44280733604200395,3.158936562290516E-6,
0.0,8.958545599661651E-4,0.0,0.013834165146071482,0.44134771948173973,3.158936562290516E-6,
0.0,8.958545599661651E-4,0.0,0.013834165146071482,0.44134771948173973,3.158936562290516E-6,
0.0,8.958545599661651E-4,0.0,0.013834165146071482,0.4477196021057854,3.158936562290516E-6,
0.0,8.958545599661651E-4,0.0,0.013834165146071482,0.4477196021057854,3.158936562290516E-6,
0.0,8.958545599661651E-4,0.0,0.013834165146071482,0.4477196021057854,3.158936562290516E-6,
0.0,8.958545599661651E-4,0.0,0.013834165146071482,0.4540607173047584,3.158936562290516E-6,
0.0,8.958545599661651E-4,0.0,0.013834165146071482,0.4540607173047584,3.158936562290516E-6,
0.0,8.958545599661651E-4,0.0,0.013834165146071482,0.4540607173047584,3.158936562290516E-6,
0.0,8.958545599661651E-4,0.0,0.013834165146071482,0.4540607173047584,3.158936562290516E-6,
0.0,8.958545599661651E-4,0.0,0.013834165146071482,0.4540607173047584,3.158936562290516E-6,
0.0,8.958545599661651E-4,0.0,0.013834165146071482,0.4540607173047584,3.158936562290516E-6,
0.0,8.958545599661651E-4,0.0,0.013834165146071482,0.4540607173047584,3.158936562290516E-6,
0.0,8.958545599661651E-4,0.0,0.013834165146071482,0.46066003753021156,3.158936562290516E-6,
0.0,8.958545599661651E-4,0.0,0.013834165146071482,0.46066003753021156,3.158936562290516E-6,
0.0,8.958545599661651E-4,0.0,0.013834165146071482,0.46432369354051944,3.158936562290516E-6,
0.0,8.958545599661651E-4,0.0,0.013834165146071482,0.4708966590013194,3.158936562290516E-6,
0.0,8.958545599661651E-4,0.0,0.013834165146071482,0.4708966590013194,3.158936562290516E-6,
0.0,8.958545599661651E-4,0.0,0.013834165146071482,0.4708966590013194,3.158936562290516E-6,
0.0,8.958545599661651E-4,0.0,0.013834165146071482,0.4708966590013194,3.158936562290516E-6,
0.0,8.958545599661651E-4,0.0,0.013834165146071482,0.4708966590013194,3.158936562290516E-6,
0.0,8.958545599661651E-4,0.0,0.013834165146071482,0.4708966590013194,3.158936562290516E-6,
0.0,8.958545599661651E-4,0.0,0.013834165146071482,0.4708966590013194,3.158936562290516E-6,
0.0,8.958545599661651E-4,0.0,0.013834165146071482,0.47629010958542733,3.158936562290516E-6,
0.0,8.958545599661651E-4,0.0,0.013834165146071482,0.47629010958542733,3.158936562290516E-6,
0.0,8.958545599661651E-4,0.0,0.013834165146071482,0.47629010958542733,3.158936562290516E-6,
0.0,8.958545599661651E-4,0.0,0.013834165146071482,0.45985074996495146,3.158936562290516E-6,
0.0,8.958545599661651E-4,0.0,0.013834165146071482,0.45985074996495146,3.158936562290516E-6,
0.0,8.958545599661651E-4,0.0,0.013834165146071482,0.45985074996495146,3.158936562290516E-6,
0.0,8.958545599661651E-4,0.0,0.013834165146071482,0.45985074996495146,3.158936562290516E-6,
0.0,8.958545599661651E-4,0.0,0.013834165146071482,0.4489197806577388,3.158936562290516E-6,
0.0,8.958545599661651E-4,0.0,0.013834165146071482,0.4489197806577388,3.158936562290516E-6,
0.0,8.958545599661651E-4,0.0,0.013834165146071482,0.4489197806577388,3.158936562290516E-6,
0.0,8.958545599661651E-4,0.0,0.013834165146071482,0.4489197806577388,3.158936562290516E-6,
0.0,8.958545599661651E-4,0.0,0.013834165146071482,0.4283255567847107,3.158936562290516E-6,
0.0,8.958545599661651E-4,0.0,0.013834165146071482,0.4283255567847107,3.158936562290516E-6,
0.0,8.958545599661651E-4,0.0,0.013834165146071482,0.43820594595423656,3.158936562290516E-6,
0.0,8.958545599661651E-4,0.0,0.013834165146071482,0.43820594595423656,3.158936562290516E-6,
0.0,8.958545599661651E-4,0.0,0.013834165146071482,0.43820594595423656,3.158936562290516E-6,
0.0,8.958545599661651E-4,0.0,0.013834165146071482,0.43820594595423656,3.158936562290516E-6,
0.0,8.958545599661651E-4,0.0,0.013834165146071482,0.43820594595423656,3.158936562290516E-6,
0.0,8.958545599661651E-4,0.0,0.013834165146071482,0.43820594595423656,3.158936562290516E-6,
0.0,8.958545599661651E-4,0.0,0.013834165146071482,0.43820594595423656,3.158936562290516E-6,
0.0,8.958545599661651E-4,0.0,0.013834165146071482,0.43820594595423656,3.158936562290516E-6,
0.0,8.958545599661651E-4,0.0,0.013834165146071482,0.43820594595423656,3.158936562290516E-6,
0.0,8.958545599661651E-4,0.0,0.013834165146071482,0.44572625993916876,3.158936562290516E-6,
0.0,8.958545599661651E-4,0.0,0.013834165146071482,0.44572625993916876,3.158936562290516E-6,
0.0,8.958545599661651E-4,0.0,0.013834165146071482,0.44572625993916876,3.158936562290516E-6,
0.0,8.958545599661651E-4,0.0,0.013834165146071482,0.44572625993916876,3.158936562290516E-6,
0.0,8.958545599661651E-4,0.0,0.013834165146071482,0.45293649343511344,3.158936562290516E-6,
0.0,8.958545599661651E-4,0.0,0.013834165146071482,0.45293649343511344,3.158936562290516E-6,
0.0,8.958545599661651E-4,0.0,0.013834165146071482,0.45293649343511344,3.158936562290516E-6,
0.0,8.958545599661651E-4,0.0,0.013834165146071482,0.46055939645278804,3.158936562290516E-6,
0.0,8.958545599661651E-4,0.0,0.013834165146071482,0.46055939645278804,3.158936562290516E-6,
0.0,8.958545599661651E-4,0.0,0.013834165146071482,0.46055939645278804,3.158936562290516E-6,
0.0,8.958545599661651E-4,0.0,0.013834165146071482,0.46055939645278804,3.158936562290516E-6,
0.0,8.958545599661651E-4,0.0,0.013834165146071482,0.46808035389501856,3.158936562290516E-6,
0.0,8.958545599661651E-4,0.0,0.013834165146071482,0.4749065400786831,3.158936562290516E-6,
0.0,8.958545599661651E-4,0.0,0.013834165146071482,0.4778069139227976,3.158936562290516E-6,
0.0,8.958545599661651E-4,0.0,0.013834165146071482,0.4778069139227976,3.158936562290516E-6,
0.0,8.958545599661651E-4,0.0,0.013834165146071482,0.4778069139227976,3.158936562290516E-6,
0.0,8.958545599661651E-4,0.0,0.013834165146071482,0.4778069139227976,3.158936562290516E-6,
0.0,8.958545599661651E-4,0.0,0.013834165146071482,0.47537462183106555,3.158936562290516E-6,
0.0,8.958545599661651E-4,0.0,0.013834165146071482,0.47537462183106555,3.158936562290516E-6,
0.0,8.958545599661651E-4,0.0,0.013834165146071482,0.47537462183106555,3.158936562290516E-6,
0.0,8.958545599661651E-4,0.0,0.013834165146071482,0.47537462183106555,3.158936562290516E-6,
0.0,8.958545599661651E-4,0.0,0.013834165146071482,0.47537462183106555,3.158936562290516E-6,
0.0,8.958545599661651E-4,0.0,0.013834165146071482,0.48143491866853444,3.158936562290516E-6,
0.0,8.958545599661651E-4,0.0,0.013834165146071482,0.486030229075227,3.158936562290516E-6,
0.0,8.958545599661651E-4,0.0,0.013834165146071482,0.486030229075227,3.158936562290516E-6,
0.0,8.958545599661651E-4,0.0,0.013834165146071482,0.486030229075227,3.158936562290516E-6,
0.0,8.958545599661651E-4,0.0,0.013834165146071482,0.486030229075227,3.158936562290516E-6,
0.0,8.958545599661651E-4,0.0,0.013834165146071482,0.486030229075227,3.158936562290516E-6,
0.0,8.958545599661651E-4,0.0,0.013834165146071482,0.486030229075227,3.158936562290516E-6,
0.0,8.958545599661651E-4,0.0,0.013834165146071482,0.4923771093725895,3.158936562290516E-6,
0.0,8.958545599661651E-4,0.0,0.013834165146071482,0.4923771093725895,3.158936562290516E-6,
0.0,8.958545599661651E-4,0.0,0.013834165146071482,0.4985370692367956,3.158936562290516E-6,
0.0,8.958545599661651E-4,0.0,0.013834165146071482,0.4985370692367956,3.158936562290516E-6,
0.0,8.958545599661651E-4,0.0,0.013834165146071482,0.4985370692367956,3.158936562290516E-6,
0.0,8.958545599661651E-4,0.0,0.013834165146071482,0.4678934036234353,3.158936562290516E-6,
0.0,8.958545599661651E-4,0.0,0.013834165146071482,0.4678934036234353,3.158936562290516E-6,
0.0,8.958545599661651E-4,0.0,0.013834165146071482,0.4678934036234353,3.158936562290516E-6,
0.0,8.958545599661651E-4,0.0,0.013834165146071482,0.4678934036234353,3.158936562290516E-6,
0.0,8.958545599661651E-4,0.0,0.013834165146071482,0.4678934036234353,3.158936562290516E-6,
0.0,8.958545599661651E-4,0.0,0.013834165146071482,0.47367452060693915,3.158936562290516E-6,
0.0,8.958545599661651E-4,0.0,0.013834165146071482,0.4794081873060672,3.158936562290516E-6,
0.0,8.958545599661651E-4,0.0,0.013834165146071482,0.4794081873060672,3.158936562290516E-6,
0.0,8.958545599661651E-4,0.0,0.013834165146071482,0.4794081873060672,3.158936562290516E-6,
0.0,8.958545599661651E-4,0.0,0.013834165146071482,0.4794081873060672,3.158936562290516E-6,
0.0,8.958545599661651E-4,0.0,0.013834165146071482,0.4794081873060672,3.158936562290516E-6,
0.0,8.958545599661651E-4,0.0,0.013834165146071482,0.4794081873060672,3.158936562290516E-6,
0.0,8.958545599661651E-4,0.0,0.013834165146071482,0.4794081873060672,3.158936562290516E-6,
0.0,8.958545599661651E-4,0.0,0.013834165146071482,0.47733014922039607,3.158936562290516E-6,
0.0,8.958545599661651E-4,0.0,0.013834165146071482,0.47733014922039607,3.158936562290516E-6,
0.0,8.958545599661651E-4,0.0,0.013834165146071482,0.47733014922039607,3.158936562290516E-6,
0.0,8.958545599661651E-4,0.0,0.013834165146071482,0.47733014922039607,3.158936562290516E-6,
0.0,8.958545599661651E-4,0.0,0.013834165146071482,0.47733014922039607,3.158936562290516E-6,
0.0,8.958545599661651E-4,0.0,0.013834165146071482,0.47733014922039607,3.158936562290516E-6,
0.0,8.958545599661651E-4,0.0,0.013834165146071482,0.47733014922039607,3.158936562290516E-6,
0.0,8.958545599661651E-4,0.0,0.013834165146071482,0.47733014922039607,3.158936562290516E-6,
0.0,8.958545599661651E-4,0.0,0.013834165146071482,0.47733014922039607,3.158936562290516E-6,
0.0,8.958545599661651E-4,0.0,0.013834165146071482,0.47733014922039607,3.158936562290516E-6,
0.0,8.958545599661651E-4,0.0,0.013834165146071482,0.47733014922039607,3.158936562290516E-6,
0.0,8.958545599661651E-4,0.0,0.013834165146071482,0.47733014922039607,3.158936562290516E-6,
0.0,8.958545599661651E-4,0.0,0.013834165146071482,0.47733014922039607,3.158936562290516E-6,
0.0,8.958545599661651E-4,0.0,0.013834165146071482,0.47733014922039607,3.158936562290516E-6,
0.0,8.958545599661651E-4,0.0,0.013834165146071482,0.47733014922039607,3.158936562290516E-6,
0.0,8.958545599661651E-4,0.0,0.013834165146071482,0.47733014922039607,3.158936562290516E-6,
0.0,8.958545599661651E-4,0.0,0.013834165146071482,0.46238759029434695,3.158936562290516E-6,
0.0,8.958545599661651E-4,0.0,0.013834165146071482,0.46238759029434695,3.158936562290516E-6,
0.0,8.958545599661651E-4,0.0,0.013834165146071482,0.46238759029434695,3.158936562290516E-6,
0.0,8.958545599661651E-4,0.0,0.013834165146071482,0.4627428615668855,3.158936562290516E-6,
0.0,8.958545599661651E-4,0.0,0.013834165146071482,0.4627428615668855,3.158936562290516E-6,
0.0,8.958545599661651E-4,0.0,0.013834165146071482,0.4627428615668855,3.158936562290516E-6,
0.0,8.958545599661651E-4,0.0,0.013834165146071482,0.45732070754459403,3.158936562290516E-6,
0.0,8.958545599661651E-4,0.0,0.013834165146071482,0.46927896355593285,3.158936562290516E-6,
0.0,8.958545599661651E-4,0.0,0.013834165146071482,0.46927896355593285,3.158936562290516E-6,
0.0,8.958545599661651E-4,0.0,0.013834165146071482,0.4668831741156855,3.158936562290516E-6,
0.0,8.958545599661651E-4,0.0,0.013834165146071482,0.4668831741156855,3.158936562290516E-6,
0.0,8.958545599661651E-4,0.0,0.013834165146071482,0.4668831741156855,3.158936562290516E-6,
0.0,8.958545599661651E-4,0.0,0.013834165146071482,0.4668831741156855,3.158936562290516E-6,
0.0,8.958545599661651E-4,0.0,0.013834165146071482,0.4668831741156855,3.158936562290516E-6,
0.0,8.958545599661651E-4,0.0,0.013834165146071482,0.4668831741156855,3.158936562290516E-6,
0.0,8.958545599661651E-4,0.0,0.013834165146071482,0.4668831741156855,3.158936562290516E-6,
0.0,8.958545599661651E-4,0.0,0.013834165146071482,0.474728400018706,3.158936562290516E-6,
0.0,8.958545599661651E-4,0.0,0.013834165146071482,0.474728400018706,3.158936562290516E-6,
0.0,8.958545599661651E-4,0.0,0.013834165146071482,0.474728400018706,3.158936562290516E-6,
0.0,8.958545599661651E-4,0.0,0.013834165146071482,0.474728400018706,3.158936562290516E-6,
0.0,8.958545599661651E-4,0.0,0.013834165146071482,0.474728400018706,3.158936562290516E-6,
0.0,8.958545599661651E-4,0.0,0.013834165146071482,0.4740170723496607,3.158936562290516E-6,
0.0,8.958545599661651E-4,0.0,0.013834165146071482,0.482309726359861,3.158936562290516E-6,
0.0,8.958545599661651E-4,0.0,0.013834165146071482,0.4909184224065894,3.158936562290516E-6,
0.0,8.958545599661651E-4,0.0,0.013834165146071482,0.4909184224065894,3.158936562290516E-6,
0.0,8.958545599661651E-4,0.0,0.013834165146071482,0.4909184224065894,3.158936562290516E-6,
0.0,8.958545599661651E-4,0.0,0.013834165146071482,0.49916065547995925,3.158936562290516E-6,
0.0,8.958545599661651E-4,0.0,0.013834165146071482,0.49916065547995925,3.158936562290516E-6,
0.0,8.958545599661651E-4,0.0,0.013834165146071482,0.49131360164623855,3.158936562290516E-6,
0.0,8.958545599661651E-4,0.0,0.013834165146071482,0.49131360164623855,3.158936562290516E-6,
0.0,8.958545599661651E-4,0.0,0.013834165146071482,0.49131360164623855,3.158936562290516E-6,
0.0,8.958545599661651E-4,0.0,0.013834165146071482,0.49131360164623855,3.158936562290516E-6,
0.0,8.958545599661651E-4,0.0,0.013834165146071482,0.49131360164623855,3.158936562290516E-6,
0.0,8.958545599661651E-4,0.0,0.013834165146071482,0.49131360164623855,3.158936562290516E-6,
0.0,8.958545599661651E-4,0.0,0.013834165146071482,0.49131360164623855,3.158936562290516E-6,
0.0,8.958545599661651E-4,0.0,0.013834165146071482,0.4767776081541904,3.158936562290516E-6,
0.0,8.958545599661651E-4,0.0,0.013834165146071482,0.4767776081541904,3.158936562290516E-6,
0.0,8.958545599661651E-4,0.0,0.013834165146071482,0.4767776081541904,3.158936562290516E-6,
0.0,8.958545599661651E-4,0.0,0.013834165146071482,0.4767776081541904,3.158936562290516E-6,
0.0,8.958545599661651E-4,0.0,0.013834165146071482,0.4767776081541904,3.158936562290516E-6,
0.0,8.958545599661651E-4,0.0,0.013834165146071482,0.4830878945834026,3.158936562290516E-6,
0.0,8.958545599661651E-4,0.0,0.013834165146071482,0.4830878945834026,3.158936562290516E-6,
0.0,8.958545599661651E-4,0.0,0.013834165146071482,0.48918903973116257,3.158936562290516E-6,
0.0,8.958545599661651E-4,0.0,0.013834165146071482,0.49513351739820843,3.158936562290516E-6,
0.0,8.958545599661651E-4,0.0,0.013834165146071482,0.49513351739820843,3.158936562290516E-6,
0.0,8.958545599661651E-4,0.0,0.013834165146071482,0.49513351739820843,3.158936562290516E-6,
0.0,8.958545599661651E-4,0.0,0.013834165146071482,0.49513351739820843,3.158936562290516E-6,
0.0,8.958545599661651E-4,0.0,0.013834165146071482,0.489945260068993,3.158936562290516E-6,
0.0,8.958545599661651E-4,0.0,0.013834165146071482,0.489945260068993,3.158936562290516E-6,
0.0,8.958545599661651E-4,0.0,0.013834165146071482,0.4952277696370015,3.158936562290516E-6,
0.0,8.958545599661651E-4,0.0,0.013834165146071482,0.46453394416143134,3.158936562290516E-6,
0.0,8.958545599661651E-4,0.0,0.013834165146071482,0.46453394416143134,3.158936562290516E-6,
0.0,8.958545599661651E-4,0.0,0.013834165146071482,0.46453394416143134,3.158936562290516E-6,
0.0,8.958545599661651E-4,0.0,0.013834165146071482,0.4676464908515158,3.158936562290516E-6,
0.0,8.958545599661651E-4,0.0,0.013834165146071482,0.4676464908515158,3.158936562290516E-6,
0.0,8.958545599661651E-4,0.0,0.013834165146071482,0.4676464908515158,3.158936562290516E-6,
0.0,8.958545599661651E-4,0.0,0.013834165146071482,0.4676464908515158,3.158936562290516E-6,
0.0,8.958545599661651E-4,0.0,0.013834165146071482,0.4676464908515158,3.158936562290516E-6,
0.0,8.958545599661651E-4,0.0,0.013834165146071482,0.4676464908515158,3.158936562290516E-6,
0.0,8.958545599661651E-4,0.0,0.013834165146071482,0.4770902042256402,3.158936562290516E-6,
0.0,8.958545599661651E-4,0.0,0.013834165146071482,0.4770902042256402,3.158936562290516E-6,
0.0,8.958545599661651E-4,0.0,0.013834165146071482,0.4770902042256402,3.158936562290516E-6,
0.0,8.958545599661651E-4,0.0,0.013834165146071482,0.4770902042256402,3.158936562290516E-6,
0.0,8.958545599661651E-4,0.0,0.013834165146071482,0.48234125274492656,3.158936562290516E-6,
0.0,8.958545599661651E-4,0.0,0.013834165146071482,0.48745904070213036,3.158936562290516E-6,
0.0,8.958545599661651E-4,0.0,0.013834165146071482,0.48745904070213036,3.158936562290516E-6,
0.0,8.958545599661651E-4,0.0,0.013834165146071482,0.45937004588555597,3.158936562290516E-6,
0.0,8.958545599661651E-4,0.0,0.013834165146071482,0.4476797889797058,3.158936562290516E-6,
0.0,8.958545599661651E-4,0.0,0.013834165146071482,0.4476797889797058,3.158936562290516E-6,
0.0,8.958545599661651E-4,0.0,0.013834165146071482,0.45236124663836363,3.158936562290516E-6,
0.0,8.958545599661651E-4,0.0,0.013834165146071482,0.45236124663836363,3.158936562290516E-6,
0.0,8.958545599661651E-4,0.0,0.013834165146071482,0.45236124663836363,3.158936562290516E-6,
0.0,8.958545599661651E-4,0.0,0.013834165146071482,0.45236124663836363,3.158936562290516E-6,
0.0,8.958545599661651E-4,0.0,0.013834165146071482,0.45236124663836363,3.158936562290516E-6,
0.0,8.958545599661651E-4,0.0,0.013834165146071482,0.45236124663836363,3.158936562290516E-6,
0.0,8.958545599661651E-4,0.0,0.013834165146071482,0.45236124663836363,3.158936562290516E-6,
0.0,8.958545599661651E-4,0.0,0.013834165146071482,0.45236124663836363,3.158936562290516E-6,
0.0,8.958545599661651E-4,0.0,0.013834165146071482,0.45236124663836363,3.158936562290516E-6,
0.0,8.958545599661651E-4,0.0,0.013834165146071482,0.4614771964119955,3.158936562290516E-6,
0.0,8.958545599661651E-4,0.0,0.013834165146071482,0.45892307618330413,3.158936562290516E-6,
0.0,8.958545599661651E-4,0.0,0.013834165146071482,0.45892307618330413,3.158936562290516E-6,
0.0,8.958545599661651E-4,0.0,0.013834165146071482,0.45892307618330413,3.158936562290516E-6,
0.0,8.958545599661651E-4,0.0,0.013834165146071482,0.45892307618330413,3.158936562290516E-6,
0.0,8.958545599661651E-4,0.0,0.013834165146071482,0.45892307618330413,3.158936562290516E-6,
0.0,8.958545599661651E-4,0.0,0.013834165146071482,0.45892307618330413,3.158936562290516E-6,
0.0,8.958545599661651E-4,0.0,0.013834165146071482,0.45892307618330413,3.158936562290516E-6,
0.0,8.958545599661651E-4,0.0,0.013834165146071482,0.45892307618330413,3.158936562290516E-6,
0.0,8.958545599661651E-4,0.0,0.013834165146071482,0.46825783312929614,3.158936562290516E-6,
0.0,8.958545599661651E-4,0.0,0.013834165146071482,0.46825783312929614,3.158936562290516E-6,
0.0,8.958545599661651E-4,0.0,0.013834165146071482,0.47712012153825906,3.158936562290516E-6,
0.0,8.958545599661651E-4,0.0,0.013834165146071482,0.47712012153825906,3.158936562290516E-6,
0.0,8.958545599661651E-4,0.0,0.013834165146071482,0.47712012153825906,3.158936562290516E-6,
0.0,8.958545599661651E-4,0.0,0.013834165146071482,0.47712012153825906,3.158936562290516E-6,
0.0,8.958545599661651E-4,0.0,0.013834165146071482,0.47712012153825906,3.158936562290516E-6,
0.0,8.958545599661651E-4,0.0,0.013834165146071482,0.47712012153825906,3.158936562290516E-6,
0.0,8.958545599661651E-4,0.0,0.013834165146071482,0.47712012153825906,3.158936562290516E-6,
0.0,8.958545599661651E-4,0.0,0.013834165146071482,0.47712012153825906,3.158936562290516E-6,
0.0,8.958545599661651E-4,0.0,0.013834165146071482,0.4863690987080575,3.158936562290516E-6,
0.0,8.958545599661651E-4,0.0,0.013834165146071482,0.4944621947085606,3.158936562290516E-6,
0.0,8.958545599661651E-4,0.0,0.013834165146071482,0.4944621947085606,3.158936562290516E-6,
0.0,8.958545599661651E-4,0.0,0.013834165146071482,0.4944621947085606,3.158936562290516E-6,
0.0,8.958545599661651E-4,0.0,0.013834165146071482,0.4944621947085606,3.158936562290516E-6,
0.0,8.958545599661651E-4,0.0,0.013834165146071482,0.4944621947085606,3.158936562290516E-6,
0.0,8.958545599661651E-4,0.0,0.013834165146071482,0.4936965930178756,3.158936562290516E-6,
0.0,8.958545599661651E-4,0.0,0.013834165146071482,0.4930034831230075,3.158936562290516E-6,
0.0,8.958545599661651E-4,0.0,0.013834165146071482,0.4930034831230075,3.158936562290516E-6,
0.0,8.958545599661651E-4,0.0,0.013834165146071482,0.4930034831230075,3.158936562290516E-6,
0.0,8.958545599661651E-4,0.0,0.013834165146071482,0.4930034831230075,3.158936562290516E-6,
0.0,8.958545599661651E-4,0.0,0.013834165146071482,0.4930034831230075,3.158936562290516E-6,
0.0,8.958545599661651E-4,0.0,0.013834165146071482,0.4437140328956207,3.158936562290516E-6,
0.0,8.958545599661651E-4,0.0,0.013834165146071482,0.4437140328956207,3.158936562290516E-6,
0.0,8.958545599661651E-4,0.0,0.013834165146071482,0.4557296762466243,3.158936562290516E-6,
0.0,8.958545599661651E-4,0.0,0.013834165146071482,0.4557296762466243,3.158936562290516E-6,
0.0,8.958545599661651E-4,0.0,0.013834165146071482,0.4557296762466243,3.158936562290516E-6,
0.0,8.958545599661651E-4,0.0,0.013834165146071482,0.46695866334035957,3.158936562290516E-6,
0.0,8.958545599661651E-4,0.0,0.013834165146071482,0.46695866334035957,3.158936562290516E-6,
0.0,8.958545599661651E-4,0.0,0.013834165146071482,0.46695866334035957,3.158936562290516E-6,
0.0,8.958545599661651E-4,0.0,0.013834165146071482,0.46695866334035957,3.158936562290516E-6,
0.0,8.958545599661651E-4,0.0,0.013834165146071482,0.46695866334035957,3.158936562290516E-6,
0.0,8.958545599661651E-4,0.0,0.013834165146071482,0.46695866334035957,3.158936562290516E-6,
0.0,8.958545599661651E-4,0.0,0.013834165146071482,0.46695866334035957,3.158936562290516E-6,
0.0,8.958545599661651E-4,0.0,0.013834165146071482,0.46695866334035957,3.158936562290516E-6,
0.0,8.958545599661651E-4,0.0,0.013834165146071482,0.46695866334035957,3.158936562290516E-6,
0.0,8.958545599661651E-4,0.0,0.013834165146071482,0.46695866334035957,3.158936562290516E-6,
0.0,8.958545599661651E-4,0.0,0.013834165146071482,0.46695866334035957,3.158936562290516E-6,
0.0,8.958545599661651E-4,0.0,0.013834165146071482,0.46695866334035957,3.158936562290516E-6,
0.0,8.958545599661651E-4,0.0,0.013834165146071482,0.46695866334035957,3.158936562290516E-6,
0.0,8.958545599661651E-4,0.0,0.013834165146071482,0.4783670270691417,3.158936562290516E-6,
0.0,8.958545599661651E-4,0.0,0.013834165146071482,0.4783670270691417,3.158936562290516E-6,
0.0,8.958545599661651E-4,0.0,0.013834165146071482,0.4786944660429456,3.158936562290516E-6,
0.0,8.958545599661651E-4,0.0,0.013834165146071482,0.4786944660429456,3.158936562290516E-6,
0.0,8.958545599661651E-4,0.0,0.013834165146071482,0.4891553592823388,3.158936562290516E-6,
0.0,8.958545599661651E-4,0.0,0.013834165146071482,0.47927533455122745,3.158936562290516E-6,
0.0,8.958545599661651E-4,0.0,0.013834165146071482,0.47927533455122745,3.158936562290516E-6,
0.0,8.958545599661651E-4,0.0,0.013834165146071482,0.48496231546989826,3.158936562290516E-6,
0.0,8.958545599661651E-4,0.0,0.013834165146071482,0.48496231546989826,3.158936562290516E-6,
0.0,8.958545599661651E-4,0.0,0.013834165146071482,0.48496231546989826,3.158936562290516E-6,
0.0,8.958545599661651E-4,0.0,0.013834165146071482,0.48496231546989826,3.158936562290516E-6,
0.0,8.958545599661651E-4,0.0,0.013834165146071482,0.48496231546989826,3.158936562290516E-6,
0.0,8.958545599661651E-4,0.0,0.013834165146071482,0.49236243164064375,3.158936562290516E-6,
0.0,8.958545599661651E-4,0.0,0.013834165146071482,0.49962653254385053,3.158936562290516E-6,
0.0,8.958545599661651E-4,0.0,0.013834165146071482,0.49962653254385053,3.158936562290516E-6,
0.0,8.958545599661651E-4,0.0,0.013834165146071482,0.49962653254385053,3.158936562290516E-6,
0.0,8.958545599661651E-4,0.0,0.013834165146071482,0.5043756510099924,3.158936562290516E-6,
0.0,8.958545599661651E-4,0.0,0.013834165146071482,0.5043756510099924,3.158936562290516E-6,
0.0,8.958545599661651E-4,0.0,0.013834165146071482,0.5043756510099924,3.158936562290516E-6,
0.0,8.958545599661651E-4,0.0,0.013834165146071482,0.5092494127443794,3.158936562290516E-6,
0.0,8.958545599661651E-4,0.0,0.013834165146071482,0.5092494127443794,3.158936562290516E-6,
0.0,8.958545599661651E-4,0.0,0.013834165146071482,0.503184878396603,3.158936562290516E-6,
0.0,8.958545599661651E-4,0.0,0.013834165146071482,0.503184878396603,3.158936562290516E-6,
0.0,8.958545599661651E-4,0.0,0.013834165146071482,0.5082632445950181,3.158936562290516E-6,
0.0,8.958545599661651E-4,0.0,0.013834165146071482,0.5082632445950181,3.158936562290516E-6,
0.0,8.958545599661651E-4,0.0,0.013834165146071482,0.5082632445950181,3.158936562290516E-6,
0.0,8.958545599661651E-4,0.0,0.013834165146071482,0.5082632445950181,3.158936562290516E-6,
0.0,8.958545599661651E-4,0.0,0.013834165146071482,0.5082632445950181,3.158936562290516E-6,
0.0,8.958545599661651E-4,0.0,0.013834165146071482,0.5082632445950181,3.158936562290516E-6,
0.0,8.958545599661651E-4,0.0,0.013834165146071482,0.4871576781377246,3.158936562290516E-6,
0.0,8.958545599661651E-4,0.0,0.013834165146071482,0.49336203809356527,3.158936562290516E-6,
0.0,8.958545599661651E-4,0.0,0.013834165146071482,0.4818017760546143,3.158936562290516E-6,
0.0,8.958545599661651E-4,0.0,0.013834165146071482,0.4818017760546143,3.158936562290516E-6,
0.0,8.958545599661651E-4,0.0,0.013834165146071482,0.4818017760546143,3.158936562290516E-6,
0.0,8.958545599661651E-4,0.0,0.013834165146071482,0.4818017760546143,3.158936562290516E-6,
0.0,8.958545599661651E-4,0.0,0.013834165146071482,0.4818017760546143,3.158936562290516E-6,
0.0,8.958545599661651E-4,0.0,0.013834165146071482,0.4818017760546143,3.158936562290516E-6,
0.0,8.958545599661651E-4,0.0,0.013834165146071482,0.4818017760546143,3.158936562290516E-6,
0.0,8.958545599661651E-4,0.0,0.013834165146071482,0.4818017760546143,3.158936562290516E-6,
0.0,8.958545599661651E-4,0.0,0.013834165146071482,0.4818017760546143,3.158936562290516E-6,
0.0,8.958545599661651E-4,0.0,0.013834165146071482,0.4818017760546143,3.158936562290516E-6,
0.0,8.958545599661651E-4,0.0,0.013834165146071482,0.4818017760546143,3.158936562290516E-6,
0.0,8.958545599661651E-4,0.0,0.013834165146071482,0.4818017760546143,3.158936562290516E-6,
0.0,8.958545599661651E-4,0.0,0.013834165146071482,0.4818017760546143,3.158936562290516E-6,
0.0,8.958545599661651E-4,0.0,0.013834165146071482,0.4818017760546143,3.158936562290516E-6,
0.0,8.958545599661651E-4,0.0,0.013834165146071482,0.4818017760546143,3.158936562290516E-6,
0.0,8.958545599661651E-4,0.0,0.013834165146071482,0.4818017760546143,3.158936562290516E-6,
0.0,8.958545599661651E-4,0.0,0.013834165146071482,0.4818017760546143,3.158936562290516E-6,
0.0,8.958545599661651E-4,0.0,0.013834165146071482,0.4818017760546143,3.158936562290516E-6,
0.0,8.958545599661651E-4,0.0,0.013834165146071482,0.4818017760546143,3.158936562290516E-6,
0.0,8.958545599661651E-4,0.0,0.013834165146071482,0.4818017760546143,3.158936562290516E-6,
0.0,8.958545599661651E-4,0.0,0.013834165146071482,0.4809468486734377,3.158936562290516E-6,
0.0,8.958545599661651E-4,0.0,0.013834165146071482,0.4809468486734377,3.158936562290516E-6,
0.0,8.958545599661651E-4,0.0,0.013834165146071482,0.48843400144919313,3.158936562290516E-6,
0.0,8.958545599661651E-4,0.0,0.013834165146071482,0.49455349047848546,3.158936562290516E-6,
0.0,8.958545599661651E-4,0.0,0.013834165146071482,0.49455349047848546,3.158936562290516E-6,
0.0,8.958545599661651E-4,0.0,0.013834165146071482,0.49455349047848546,3.158936562290516E-6,
0.0,8.958545599661651E-4,0.0,0.013834165146071482,0.49455349047848546,3.158936562290516E-6,
0.0,8.958545599661651E-4,0.0,0.013834165146071482,0.49455349047848546,3.158936562290516E-6,
0.0,8.958545599661651E-4,0.0,0.013834165146071482,0.49455349047848546,3.158936562290516E-6,
0.0,8.958545599661651E-4,0.0,0.013834165146071482,0.49455349047848546,3.158936562290516E-6,
0.0,8.958545599661651E-4,0.0,0.013834165146071482,0.49455349047848546,3.158936562290516E-6,
0.0,8.958545599661651E-4,0.0,0.013834165146071482,0.48115037798075716,3.158936562290516E-6,
0.0,8.958545599661651E-4,0.0,0.013834165146071482,0.48115037798075716,3.158936562290516E-6,
0.0,8.958545599661651E-4,0.0,0.013834165146071482,0.48115037798075716,3.158936562290516E-6,
0.0,8.958545599661651E-4,0.0,0.013834165146071482,0.48115037798075716,3.158936562290516E-6,
0.0,8.958545599661651E-4,0.0,0.013834165146071482,0.48115037798075716,3.158936562290516E-6,
0.0,8.958545599661651E-4,0.0,0.013834165146071482,0.48115037798075716,3.158936562290516E-6,
0.0,8.958545599661651E-4,0.0,0.013834165146071482,0.48115037798075716,3.158936562290516E-6,
0.0,8.958545599661651E-4,0.0,0.013834165146071482,0.48115037798075716,3.158936562290516E-6,
0.0,8.958545599661651E-4,0.0,0.013834165146071482,0.4870462409497206,3.158936562290516E-6,
0.0,8.958545599661651E-4,0.0,0.013834165146071482,0.4870462409497206,3.158936562290516E-6,
0.0,8.958545599661651E-4,0.0,0.013834165146071482,0.4870462409497206,3.158936562290516E-6,
0.0,8.958545599661651E-4,0.0,0.013834165146071482,0.4870462409497206,3.158936562290516E-6,
0.0,8.958545599661651E-4,0.0,0.013834165146071482,0.4870462409497206,3.158936562290516E-6,
0.0,8.958545599661651E-4,0.0,0.013834165146071482,0.4870462409497206,3.158936562290516E-6,
0.0,8.958545599661651E-4,0.0,0.013834165146071482,0.4870815578662761,3.158936562290516E-6,
0.0,8.958545599661651E-4,0.0,0.013834165146071482,0.4870815578662761,3.158936562290516E-6,
0.0,8.958545599661651E-4,0.0,0.013834165146071482,0.4870815578662761,3.158936562290516E-6,
0.0,8.958545599661651E-4,0.0,0.013834165146071482,0.4870815578662761,3.158936562290516E-6,
0.0,8.958545599661651E-4,0.0,0.013834165146071482,0.4870815578662761,3.158936562290516E-6,
0.0,8.958545599661651E-4,0.0,0.013834165146071482,0.4870815578662761,3.158936562290516E-6,
0.0,8.958545599661651E-4,0.0,0.013834165146071482,0.4887798918995894,3.158936562290516E-6,
0.0,8.958545599661651E-4,0.0,0.013834165146071482,0.4887798918995894,3.158936562290516E-6,
0.0,8.958545599661651E-4,0.0,0.013834165146071482,0.4887798918995894,3.158936562290516E-6,
0.0,8.958545599661651E-4,0.0,0.013834165146071482,0.4919396609009973,3.158936562290516E-6,
0.0,8.958545599661651E-4,0.0,0.013834165146071482,0.4919396609009973,3.158936562290516E-6,
0.0,8.958545599661651E-4,0.0,0.013834165146071482,0.4919396609009973,3.158936562290516E-6,
0.0,8.958545599661651E-4,0.0,0.013834165146071482,0.4986072315994101,3.158936562290516E-6,
0.0,8.958545599661651E-4,0.0,0.013834165146071482,0.4986072315994101,3.158936562290516E-6,
0.0,8.958545599661651E-4,0.0,0.013834165146071482,0.4986072315994101,3.158936562290516E-6,
0.0,8.958545599661651E-4,0.0,0.013834165146071482,0.4986072315994101,3.158936562290516E-6,
0.0,8.958545599661651E-4,0.0,0.013834165146071482,0.4986072315994101,3.158936562290516E-6,
0.0,8.958545599661651E-4,0.0,0.013834165146071482,0.4848525525604443,3.158936562290516E-6,
0.0,8.958545599661651E-4,0.0,0.013834165146071482,0.4848525525604443,3.158936562290516E-6,
0.0,8.958545599661651E-4,0.0,0.013834165146071482,0.4848525525604443,3.158936562290516E-6,
0.0,8.958545599661651E-4,0.0,0.013834165146071482,0.49136737594269064,3.158936562290516E-6,
0.0,8.958545599661651E-4,0.0,0.013834165146071482,0.4790675924850777,3.158936562290516E-6,
0.0,8.958545599661651E-4,0.0,0.013834165146071482,0.4790675924850777,3.158936562290516E-6,
0.0,8.958545599661651E-4,0.0,0.013834165146071482,0.4790675924850777,3.158936562290516E-6,
0.0,8.958545599661651E-4,0.0,0.013834165146071482,0.47713958716444965,3.158936562290516E-6,
0.0,8.958545599661651E-4,0.0,0.013834165146071482,0.47713958716444965,3.158936562290516E-6,
0.0,8.958545599661651E-4,0.0,0.013834165146071482,0.47713958716444965,3.158936562290516E-6,
0.0,8.958545599661651E-4,0.0,0.013834165146071482,0.47713958716444965,3.158936562290516E-6,
0.0,8.958545599661651E-4,0.0,0.013834165146071482,0.4851405024639561,3.158936562290516E-6,
0.0,8.958545599661651E-4,0.0,0.013834165146071482,0.4851405024639561,3.158936562290516E-6,
0.0,8.958545599661651E-4,0.0,0.013834165146071482,0.4851405024639561,3.158936562290516E-6,
0.0,8.958545599661651E-4,0.0,0.013834165146071482,0.4917085864251502,3.158936562290516E-6,
0.0,8.958545599661651E-4,0.0,0.013834165146071482,0.49810273019779594,3.158936562290516E-6,
0.0,8.958545599661651E-4,0.0,0.013834165146071482,0.49810273019779594,3.158936562290516E-6,
0.0,8.958545599661651E-4,0.0,0.013834165146071482,0.49810273019779594,3.158936562290516E-6,
0.0,8.958545599661651E-4,0.0,0.013834165146071482,0.5047111578661274,3.158936562290516E-6,
0.0,8.958545599661651E-4,0.0,0.013834165146071482,0.5047111578661274,3.158936562290516E-6,
0.0,8.958545599661651E-4,0.0,0.013834165146071482,0.5047111578661274,3.158936562290516E-6,
0.0,8.958545599661651E-4,0.0,0.013834165146071482,0.5047111578661274,3.158936562290516E-6,
0.0,8.958545599661651E-4,0.0,0.013834165146071482,0.5047111578661274,3.158936562290516E-6,
0.0,8.958545599661651E-4,0.0,0.013834165146071482,0.5047111578661274,3.158936562290516E-6,
0.0,8.958545599661651E-4,0.0,0.013834165146071482,0.5047111578661274,3.158936562290516E-6,
0.0,8.958545599661651E-4,0.0,0.013834165146071482,0.5047111578661274,3.158936562290516E-6,
0.0,8.958545599661651E-4,0.0,0.013834165146071482,0.5047111578661274,3.158936562290516E-6,
0.0,8.958545599661651E-4,0.0,0.013834165146071482,0.4542515818424454,3.158936562290516E-6,
0.0,8.958545599661651E-4,0.0,0.013834165146071482,0.4542515818424454,3.158936562290516E-6,
0.0,8.958545599661651E-4,0.0,0.013834165146071482,0.4542515818424454,3.158936562290516E-6,
0.0,8.958545599661651E-4,0.0,0.013834165146071482,0.4542515818424454,3.158936562290516E-6,
0.0,8.958545599661651E-4,0.0,0.013834165146071482,0.4542515818424454,3.158936562290516E-6,
0.0,8.958545599661651E-4,0.0,0.013834165146071482,0.4542515818424454,3.158936562290516E-6,
0.0,8.958545599661651E-4,0.0,0.013834165146071482,0.46417294482783605,3.158936562290516E-6,
0.0,8.958545599661651E-4,0.0,0.013834165146071482,0.46417294482783605,3.158936562290516E-6,
0.0,8.958545599661651E-4,0.0,0.013834165146071482,0.46417294482783605,3.158936562290516E-6,
0.0,8.958545599661651E-4,0.0,0.013834165146071482,0.46417294482783605,3.158936562290516E-6,
0.0,8.958545599661651E-4,0.0,0.013834165146071482,0.46417294482783605,3.158936562290516E-6,
0.0,8.958545599661651E-4,0.0,0.013834165146071482,0.46417294482783605,3.158936562290516E-6,
0.0,8.958545599661651E-4,0.0,0.013834165146071482,0.46417294482783605,3.158936562290516E-6,
0.0,8.958545599661651E-4,0.0,0.013834165146071482,0.46417294482783605,3.158936562290516E-6,
0.0,8.958545599661651E-4,0.0,0.013834165146071482,0.46417294482783605,3.158936562290516E-6,
0.0,8.958545599661651E-4,0.0,0.013834165146071482,0.46417294482783605,3.158936562290516E-6,
0.0,8.958545599661651E-4,0.0,0.013834165146071482,0.46417294482783605,3.158936562290516E-6,
0.0,8.958545599661651E-4,0.0,0.013834165146071482,0.46417294482783605,3.158936562290516E-6,
0.0,8.958545599661651E-4,0.0,0.013834165146071482,0.46417294482783605,3.158936562290516E-6,
0.0,8.958545599661651E-4,0.0,0.013834165146071482,0.47349250846281243,3.158936562290516E-6,
0.0,8.958545599661651E-4,0.0,0.013834165146071482,0.47349250846281243,3.158936562290516E-6,
0.0,8.958545599661651E-4,0.0,0.013834165146071482,0.47349250846281243,3.158936562290516E-6,
0.0,8.958545599661651E-4,0.0,0.013834165146071482,0.47349250846281243,3.158936562290516E-6,
0.0,8.958545599661651E-4,0.0,0.013834165146071482,0.47347875371435943,3.158936562290516E-6,
0.0,8.958545599661651E-4,0.0,0.013834165146071482,0.47347875371435943,3.158936562290516E-6,
0.0,8.958545599661651E-4,0.0,0.013834165146071482,0.47347875371435943,3.158936562290516E-6,
0.0,8.958545599661651E-4,0.0,0.013834165146071482,0.47347875371435943,3.158936562290516E-6,
0.0,8.958545599661651E-4,0.0,0.013834165146071482,0.48027904893729784,3.158936562290516E-6,
0.0,8.958545599661651E-4,0.0,0.013834165146071482,0.48027904893729784,3.158936562290516E-6,
0.0,8.958545599661651E-4,0.0,0.013834165146071482,0.48027904893729784,3.158936562290516E-6,
0.0,8.958545599661651E-4,0.0,0.013834165146071482,0.4832719838706791,3.158936562290516E-6,
0.0,8.958545599661651E-4,0.0,0.013834165146071482,0.4832719838706791,3.158936562290516E-6,
0.0,8.958545599661651E-4,0.0,0.013834165146071482,0.4832719838706791,3.158936562290516E-6,
0.0,8.958545599661651E-4,0.0,0.013834165146071482,0.4832719838706791,3.158936562290516E-6,
0.0,8.958545599661651E-4,0.0,0.013834165146071482,0.4795871745006874,3.158936562290516E-6,
0.0,8.958545599661651E-4,0.0,0.013834165146071482,0.4795871745006874,3.158936562290516E-6,
0.0,8.958545599661651E-4,0.0,0.013834165146071482,0.4795871745006874,3.158936562290516E-6,
0.0,8.958545599661651E-4,0.0,0.013834165146071482,0.4868856580288005,3.158936562290516E-6,
0.0,8.958545599661651E-4,0.0,0.013834165146071482,0.4868856580288005,3.158936562290516E-6,
0.0,8.958545599661651E-4,0.0,0.013834165146071482,0.4868856580288005,3.158936562290516E-6,
0.0,8.958545599661651E-4,0.0,0.013834165146071482,0.4868856580288005,3.158936562290516E-6,
0.0,8.958545599661651E-4,0.0,0.013834165146071482,0.4868856580288005,3.158936562290516E-6,
0.0,8.958545599661651E-4,0.0,0.013834165146071482,0.4868856580288005,3.158936562290516E-6,
0.0,8.958545599661651E-4,0.0,0.013834165146071482,0.4868856580288005,3.158936562290516E-6,
0.0,8.958545599661651E-4,0.0,0.013834165146071482,0.4868856580288005,3.158936562290516E-6,
0.0,8.958545599661651E-4,0.0,0.013834165146071482,0.4868856580288005,3.158936562290516E-6,
0.0,8.958545599661651E-4,0.0,0.013834165146071482,0.4868856580288005,3.158936562290516E-6,
0.0,8.958545599661651E-4,0.0,0.013834165146071482,0.4868856580288005,3.158936562290516E-6,
0.0,8.958545599661651E-4,0.0,0.013834165146071482,0.4868856580288005,3.158936562290516E-6,
0.0,8.958545599661651E-4,0.0,0.013834165146071482,0.4926106969056164,3.158936562290516E-6,
0.0,8.958545599661651E-4,0.0,0.013834165146071482,0.4926106969056164,3.158936562290516E-6,
0.0,8.958545599661651E-4,0.0,0.013834165146071482,0.4926106969056164,3.158936562290516E-6,
0.0,8.958545599661651E-4,0.0,0.013834165146071482,0.4991750583033863,3.158936562290516E-6,
0.0,8.958545599661651E-4,0.0,0.013834165146071482,0.4991750583033863,3.158936562290516E-6,
0.0,8.958545599661651E-4,0.0,0.013834165146071482,0.49941204347331475,3.158936562290516E-6,
0.0,8.958545599661651E-4,0.0,0.013834165146071482,0.49833777033341453,3.158936562290516E-6,
0.0,8.958545599661651E-4,0.0,0.013834165146071482,0.49833777033341453,3.158936562290516E-6,
0.0,8.958545599661651E-4,0.0,0.013834165146071482,0.49833777033341453,3.158936562290516E-6,
0.0,8.958545599661651E-4,0.0,0.013834165146071482,0.4957207971267894,3.158936562290516E-6,
0.0,8.958545599661651E-4,0.0,0.013834165146071482,0.4957207971267894,3.158936562290516E-6,
0.0,8.958545599661651E-4,0.0,0.013834165146071482,0.4957207971267894,3.158936562290516E-6,
0.0,8.958545599661651E-4,0.0,0.013834165146071482,0.4957207971267894,3.158936562290516E-6,
0.0,8.958545599661651E-4,0.0,0.013834165146071482,0.4957207971267894,3.158936562290516E-6,
0.0,8.958545599661651E-4,0.0,0.013834165146071482,0.4957207971267894,3.158936562290516E-6,
0.0,8.958545599661651E-4,0.0,0.013834165146071482,0.4957207971267894,3.158936562290516E-6,
0.0,8.958545599661651E-4,0.0,0.013834165146071482,0.4957207971267894,3.158936562290516E-6,
0.0,8.958545599661651E-4,0.0,0.013834165146071482,0.4957207971267894,3.158936562290516E-6,
0.0,8.958545599661651E-4,0.0,0.013834165146071482,0.4957207971267894,3.158936562290516E-6,
0.0,8.958545599661651E-4,0.0,0.013834165146071482,0.4957207971267894,3.158936562290516E-6,
0.0,8.958545599661651E-4,0.0,0.013834165146071482,0.42824867588497856,3.158936562290516E-6,
0.0,8.958545599661651E-4,0.0,0.013834165146071482,0.42824867588497856,3.158936562290516E-6,
0.0,8.958545599661651E-4,0.0,0.013834165146071482,0.4386065756025298,3.158936562290516E-6,
0.0,8.958545599661651E-4,0.0,0.013834165146071482,0.43988666557045397,3.158936562290516E-6,
0.0,8.958545599661651E-4,0.0,0.013834165146071482,0.43988666557045397,3.158936562290516E-6,
0.0,8.958545599661651E-4,0.0,0.013834165146071482,0.43988666557045397,3.158936562290516E-6,
0.0,8.958545599661651E-4,0.0,0.013834165146071482,0.43988666557045397,3.158936562290516E-6,
0.0,8.958545599661651E-4,0.0,0.013834165146071482,0.43988666557045397,3.158936562290516E-6,
0.0,8.958545599661651E-4,0.0,0.013834165146071482,0.45012567089929356,3.158936562290516E-6,
0.0,8.958545599661651E-4,0.0,0.013834165146071482,0.45012567089929356,3.158936562290516E-6,
0.0,8.958545599661651E-4,0.0,0.013834165146071482,0.45012567089929356,3.158936562290516E-6,
0.0,8.958545599661651E-4,0.0,0.013834165146071482,0.460276013026567,3.158936562290516E-6,
0.0,8.958545599661651E-4,0.0,0.013834165146071482,0.45883599338194475,3.158936562290516E-6,
0.0,8.958545599661651E-4,0.0,0.013834165146071482,0.45883599338194475,3.158936562290516E-6,
0.0,8.958545599661651E-4,0.0,0.013834165146071482,0.45883599338194475,3.158936562290516E-6,
0.0,8.958545599661651E-4,0.0,0.013834165146071482,0.45883599338194475,3.158936562290516E-6,
0.0,8.958545599661651E-4,0.0,0.013834165146071482,0.45883599338194475,3.158936562290516E-6,
0.0,8.958545599661651E-4,0.0,0.013834165146071482,0.4562192018871864,3.158936562290516E-6,
0.0,8.958545599661651E-4,0.0,0.013834165146071482,0.4562192018871864,3.158936562290516E-6,
0.0,8.958545599661651E-4,0.0,0.013834165146071482,0.4562192018871864,3.158936562290516E-6,
0.0,8.958545599661651E-4,0.0,0.013834165146071482,0.4562192018871864,3.158936562290516E-6,
0.0,8.958545599661651E-4,0.0,0.013834165146071482,0.4562192018871864,3.158936562290516E-6,
0.0,8.958545599661651E-4,0.0,0.013834165146071482,0.4562192018871864,3.158936562290516E-6,
0.0,8.958545599661651E-4,0.0,0.013834165146071482,0.4562192018871864,3.158936562290516E-6,
0.0,8.958545599661651E-4,0.0,0.013834165146071482,0.4562192018871864,3.158936562290516E-6,
0.0,8.958545599661651E-4,0.0,0.013834165146071482,0.4562192018871864,3.158936562290516E-6,
0.0,8.958545599661651E-4,0.0,0.013834165146071482,0.4562192018871864,3.158936562290516E-6,
0.0,8.958545599661651E-4,0.0,0.013834165146071482,0.4650621729575075,3.158936562290516E-6,
0.0,8.958545599661651E-4,0.0,0.013834165146071482,0.4650621729575075,3.158936562290516E-6,
0.0,8.958545599661651E-4,0.0,0.013834165146071482,0.4650621729575075,3.158936562290516E-6,
0.0,8.958545599661651E-4,0.0,0.013834165146071482,0.4650621729575075,3.158936562290516E-6,
0.0,8.958545599661651E-4,0.0,0.013834165146071482,0.4650621729575075,3.158936562290516E-6,
0.0,8.958545599661651E-4,0.0,0.013834165146071482,0.4650621729575075,3.158936562290516E-6,
0.0,8.958545599661651E-4,0.0,0.013834165146071482,0.4650621729575075,3.158936562290516E-6,
0.0,8.958545599661651E-4,0.0,0.013834165146071482,0.4650621729575075,3.158936562290516E-6,
0.0,8.958545599661651E-4,0.0,0.013834165146071482,0.4593700498790888,3.158936562290516E-6,
0.0,8.958545599661651E-4,0.0,0.013834165146071482,0.4542622844401248,3.158936562290516E-6,
0.0,8.958545599661651E-4,0.0,0.013834165146071482,0.4542622844401248,3.158936562290516E-6,
0.0,8.958545599661651E-4,0.0,0.013834165146071482,0.46499050709324985,3.158936562290516E-6,
0.0,8.958545599661651E-4,0.0,0.013834165146071482,0.47474664440941744,3.158936562290516E-6,
0.0,8.958545599661651E-4,0.0,0.013834165146071482,0.47474664440941744,3.158936562290516E-6,
0.0,8.958545599661651E-4,0.0,0.013834165146071482,0.47432846767345543,3.158936562290516E-6,
0.0,8.958545599661651E-4,0.0,0.013834165146071482,0.47432846767345543,3.158936562290516E-6,
0.0,8.958545599661651E-4,0.0,0.013834165146071482,0.47432846767345543,3.158936562290516E-6,
0.0,8.958545599661651E-4,0.0,0.013834165146071482,0.48342695822666987,3.158936562290516E-6,
0.0,8.958545599661651E-4,0.0,0.013834165146071482,0.49168959129441153,3.158936562290516E-6,
0.0,8.958545599661651E-4,0.0,0.013834165146071482,0.49168959129441153,3.158936562290516E-6,
0.0,8.958545599661651E-4,0.0,0.013834165146071482,0.49168959129441153,3.158936562290516E-6,
0.0,8.958545599661651E-4,0.0,0.013834165146071482,0.49168959129441153,3.158936562290516E-6,
0.0,8.958545599661651E-4,0.0,0.013834165146071482,0.49168959129441153,3.158936562290516E-6,
0.0,8.958545599661651E-4,0.0,0.013834165146071482,0.49168959129441153,3.158936562290516E-6,
0.0,8.958545599661651E-4,0.0,0.013834165146071482,0.49168959129441153,3.158936562290516E-6,
0.0,8.958545599661651E-4,0.0,0.013834165146071482,0.46759300940555293,3.158936562290516E-6,
0.0,8.958545599661651E-4,0.0,0.013834165146071482,0.46759300940555293,3.158936562290516E-6,
0.0,8.958545599661651E-4,0.0,0.013834165146071482,0.46759300940555293,3.158936562290516E-6,
0.0,8.958545599661651E-4,0.0,0.013834165146071482,0.46759300940555293,3.158936562290516E-6,
0.0,8.958545599661651E-4,0.0,0.013834165146071482,0.4775376682081412,3.158936562290516E-6,
0.0,8.958545599661651E-4,0.0,0.013834165146071482,0.4775376682081412,3.158936562290516E-6,
0.0,8.958545599661651E-4,0.0,0.013834165146071482,0.4569234481921824,3.158936562290516E-6,
0.0,8.958545599661651E-4,0.0,0.013834165146071482,0.4569234481921824,3.158936562290516E-6,
0.0,8.958545599661651E-4,0.0,0.013834165146071482,0.4569234481921824,3.158936562290516E-6,
0.0,8.958545599661651E-4,0.0,0.013834165146071482,0.4569234481921824,3.158936562290516E-6,
0.0,8.958545599661651E-4,0.0,0.013834165146071482,0.4668215612032105,3.158936562290516E-6,
0.0,8.958545599661651E-4,0.0,0.013834165146071482,0.4668215612032105,3.158936562290516E-6,
0.0,8.958545599661651E-4,0.0,0.013834165146071482,0.4668215612032105,3.158936562290516E-6,
0.0,8.958545599661651E-4,0.0,0.013834165146071482,0.4668215612032105,3.158936562290516E-6,
0.0,8.958545599661651E-4,0.0,0.013834165146071482,0.4668215612032105,3.158936562290516E-6,
0.0,8.958545599661651E-4,0.0,0.013834165146071482,0.4668215612032105,3.158936562290516E-6,
0.0,8.958545599661651E-4,0.0,0.013834165146071482,0.4668215612032105,3.158936562290516E-6,
0.0,8.958545599661651E-4,0.0,0.013834165146071482,0.4668215612032105,3.158936562290516E-6,
0.0,8.958545599661651E-4,0.0,0.013834165146071482,0.4668215612032105,3.158936562290516E-6,
0.0,8.958545599661651E-4,0.0,0.013834165146071482,0.4668215612032105,3.158936562290516E-6,
0.0,8.958545599661651E-4,0.0,0.013834165146071482,0.4668215612032105,3.158936562290516E-6,
0.0,8.958545599661651E-4,0.0,0.013834165146071482,0.47155019936952336,3.158936562290516E-6,
0.0,8.958545599661651E-4,0.0,0.013834165146071482,0.4762196164078432,3.158936562290516E-6,
0.0,8.958545599661651E-4,0.0,0.013834165146071482,0.4762196164078432,3.158936562290516E-6,
0.0,8.958545599661651E-4,0.0,0.013834165146071482,0.4762196164078432,3.158936562290516E-6,
0.0,8.958545599661651E-4,0.0,0.013834165146071482,0.4796001395665285,3.158936562290516E-6,
0.0,8.958545599661651E-4,0.0,0.013834165146071482,0.4768012413533623,3.158936562290516E-6,
0.0,8.958545599661651E-4,0.0,0.013834165146071482,0.47822578984384617,3.158936562290516E-6,
0.0,8.958545599661651E-4,0.0,0.013834165146071482,0.47822578984384617,3.158936562290516E-6,
0.0,8.958545599661651E-4,0.0,0.013834165146071482,0.4803107185749539,3.158936562290516E-6,
0.0,8.958545599661651E-4,0.0,0.013834165146071482,0.4803107185749539,3.158936562290516E-6,
0.0,8.958545599661651E-4,0.0,0.013834165146071482,0.4765327615351409,3.158936562290516E-6,
0.0,8.958545599661651E-4,0.0,0.013834165146071482,0.4765327615351409,3.158936562290516E-6,
0.0,8.958545599661651E-4,0.0,0.013834165146071482,0.4765327615351409,3.158936562290516E-6,
0.0,8.958545599661651E-4,0.0,0.013834165146071482,0.47870254037286203,3.158936562290516E-6,
0.0,8.958545599661651E-4,0.0,0.013834165146071482,0.47870254037286203,3.158936562290516E-6,
0.0,8.958545599661651E-4,0.0,0.013834165146071482,0.48147122594972086,3.158936562290516E-6,
0.0,8.958545599661651E-4,0.0,0.013834165146071482,0.48147122594972086,3.158936562290516E-6,
0.0,8.958545599661651E-4,0.0,0.013834165146071482,0.4853177698195453,3.158936562290516E-6,
0.0,8.958545599661651E-4,0.0,0.013834165146071482,0.4853177698195453,3.158936562290516E-6,
0.0,8.958545599661651E-4,0.0,0.013834165146071482,0.4853177698195453,3.158936562290516E-6,
0.0,8.958545599661651E-4,0.0,0.013834165146071482,0.4853177698195453,3.158936562290516E-6,
0.0,8.958545599661651E-4,0.0,0.013834165146071482,0.4853177698195453,3.158936562290516E-6,
0.0,8.958545599661651E-4,0.0,0.013834165146071482,0.4853177698195453,3.158936562290516E-6,
0.0,8.958545599661651E-4,0.0,0.013834165146071482,0.48859865032715455,3.158936562290516E-6,
0.0,8.958545599661651E-4,0.0,0.013834165146071482,0.48625586545501,3.158936562290516E-6,
0.0,8.958545599661651E-4,0.0,0.013834165146071482,0.4707215168821734,3.158936562290516E-6,
0.0,8.958545599661651E-4,0.0,0.013834165146071482,0.47569546597749734,3.158936562290516E-6,
0.0,8.958545599661651E-4,0.0,0.013834165146071482,0.4675184282728277,3.158936562290516E-6,
0.0,8.958545599661651E-4,0.0,0.013834165146071482,0.4669904853654585,3.158936562290516E-6,
0.0,8.958545599661651E-4,0.0,0.013834165146071482,0.47423850734385764,3.158936562290516E-6,
0.0,8.958545599661651E-4,0.0,0.013834165146071482,0.47423850734385764,3.158936562290516E-6,
0.0,8.958545599661651E-4,0.0,0.013834165146071482,0.47423850734385764,3.158936562290516E-6,
0.0,8.958545599661651E-4,0.0,0.013834165146071482,0.46657291915887616,3.158936562290516E-6,
0.0,8.958545599661651E-4,0.0,0.013834165146071482,0.46657291915887616,3.158936562290516E-6,
0.0,8.958545599661651E-4,0.0,0.013834165146071482,0.47462958601572885,3.158936562290516E-6,
0.0,8.958545599661651E-4,0.0,0.013834165146071482,0.47462958601572885,3.158936562290516E-6,
0.0,8.958545599661651E-4,0.0,0.013834165146071482,0.47462958601572885,3.158936562290516E-6,
0.0,8.958545599661651E-4,0.0,0.013834165146071482,0.47462958601572885,3.158936562290516E-6,
0.0,8.958545599661651E-4,0.0,0.013834165146071482,0.47462958601572885,3.158936562290516E-6,
0.0,8.958545599661651E-4,0.0,0.013834165146071482,0.44926782902379914,3.158936562290516E-6,
0.0,8.958545599661651E-4,0.0,0.013834165146071482,0.44926782902379914,3.158936562290516E-6,
0.0,8.958545599661651E-4,0.0,0.013834165146071482,0.44926782902379914,3.158936562290516E-6,
0.0,8.958545599661651E-4,0.0,0.013834165146071482,0.44926782902379914,3.158936562290516E-6,
0.0,8.958545599661651E-4,0.0,0.013834165146071482,0.44926782902379914,3.158936562290516E-6,
0.0,8.958545599661651E-4,0.0,0.013834165146071482,0.44358860616299967,3.158936562290516E-6,
0.0,8.958545599661651E-4,0.0,0.013834165146071482,0.42232305847148727,3.158936562290516E-6,
0.0,8.958545599661651E-4,0.0,0.013834165146071482,0.42232305847148727,3.158936562290516E-6,
0.0,8.958545599661651E-4,0.0,0.013834165146071482,0.42232305847148727,3.158936562290516E-6,
0.0,8.958545599661651E-4,0.0,0.013834165146071482,0.42232305847148727,3.158936562290516E-6,
0.0,8.958545599661651E-4,0.0,0.013834165146071482,0.42232305847148727,3.158936562290516E-6,
0.0,8.958545599661651E-4,0.0,0.013834165146071482,0.42232305847148727,3.158936562290516E-6,
0.0,8.958545599661651E-4,0.0,0.013834165146071482,0.4359165192041413,3.158936562290516E-6,
0.0,8.958545599661651E-4,0.0,0.013834165146071482,0.4359165192041413,3.158936562290516E-6,
0.0,8.958545599661651E-4,0.0,0.013834165146071482,0.4359165192041413,3.158936562290516E-6,
0.0,8.958545599661651E-4,0.0,0.013834165146071482,0.4359165192041413,3.158936562290516E-6,
0.0,8.958545599661651E-4,0.0,0.013834165146071482,0.4359165192041413,3.158936562290516E-6,
0.0,8.958545599661651E-4,0.0,0.013834165146071482,0.4468812533243228,3.158936562290516E-6,
0.0,8.958545599661651E-4,0.0,0.013834165146071482,0.4468812533243228,3.158936562290516E-6,
0.0,8.958545599661651E-4,0.0,0.013834165146071482,0.4468812533243228,3.158936562290516E-6,
0.0,8.958545599661651E-4,0.0,0.013834165146071482,0.457638379573983,3.158936562290516E-6,
0.0,8.958545599661651E-4,0.0,0.013834165146071482,0.4664307020874667,3.158936562290516E-6,
0.0,8.958545599661651E-4,0.0,0.013834165146071482,0.4664307020874667,3.158936562290516E-6,
0.0,8.958545599661651E-4,0.0,0.013834165146071482,0.47489516240244706,3.158936562290516E-6,
0.0,8.958545599661651E-4,0.0,0.013834165146071482,0.47489516240244706,3.158936562290516E-6,
0.0,8.958545599661651E-4,0.0,0.013834165146071482,0.47489516240244706,3.158936562290516E-6,
0.0,8.958545599661651E-4,0.0,0.013834165146071482,0.47489516240244706,3.158936562290516E-6,
0.0,8.958545599661651E-4,0.0,0.013834165146071482,0.46998773857546633,3.158936562290516E-6,
0.0,8.958545599661651E-4,0.0,0.013834165146071482,0.47539863135760557,3.158936562290516E-6,
0.0,8.958545599661651E-4,0.0,0.013834165146071482,0.47539863135760557,3.158936562290516E-6,
0.0,8.958545599661651E-4,0.0,0.013834165146071482,0.47302197464582346,3.158936562290516E-6,
0.0,8.958545599661651E-4,0.0,0.013834165146071482,0.47302197464582346,3.158936562290516E-6,
0.0,8.958545599661651E-4,0.0,0.013834165146071482,0.47302197464582346,3.158936562290516E-6,
0.0,8.958545599661651E-4,0.0,0.013834165146071482,0.47302197464582346,3.158936562290516E-6,
0.0,8.958545599661651E-4,0.0,0.013834165146071482,0.47302197464582346,3.158936562290516E-6,
0.0,8.958545599661651E-4,0.0,0.013834165146071482,0.47302197464582346,3.158936562290516E-6,
0.0,8.958545599661651E-4,0.0,0.013834165146071482,0.47302197464582346,3.158936562290516E-6,
0.0,8.958545599661651E-4,0.0,0.013834165146071482,0.47302197464582346,3.158936562290516E-6,
0.0,8.958545599661651E-4,0.0,0.013834165146071482,0.47302197464582346,3.158936562290516E-6,
0.0,8.958545599661651E-4,0.0,0.013834165146071482,0.4728928842892967,3.158936562290516E-6,
0.0,8.958545599661651E-4,0.0,0.013834165146071482,0.4728928842892967,3.158936562290516E-6,
0.0,8.958545599661651E-4,0.0,0.013834165146071482,0.46702056035045486,3.158936562290516E-6,
0.0,8.958545599661651E-4,0.0,0.013834165146071482,0.46702056035045486,3.158936562290516E-6,
0.0,8.958545599661651E-4,0.0,0.013834165146071482,0.46702056035045486,3.158936562290516E-6,
0.0,8.958545599661651E-4,0.0,0.013834165146071482,0.46702056035045486,3.158936562290516E-6,
0.0,8.958545599661651E-4,0.0,0.013834165146071482,0.46702056035045486,3.158936562290516E-6,
0.0,8.958545599661651E-4,0.0,0.013834165146071482,0.46702056035045486,3.158936562290516E-6,
0.0,8.958545599661651E-4,0.0,0.013834165146071482,0.46702056035045486,3.158936562290516E-6,
0.0,8.958545599661651E-4,0.0,0.013834165146071482,0.46702056035045486,3.158936562290516E-6,
0.0,8.958545599661651E-4,0.0,0.013834165146071482,0.4745225137204481,3.158936562290516E-6,