
0.0,0.0,0.0,0.0,0.0,0.0,0.0,
0.0,0.0,0.0,0.0,0.0,0.0,0.0,
0.0,0.0,0.0,1.8949679654935174E-5,0.0,0.0,0.0,
0.0,8.615921307675695E-6,0.0,6.630420286026133E-5,0.0,0.0,0.0,
0.0,8.615921307675695E-6,1.3138351961188494E-5,7.78467842084671E-4,0.0,2.0261904010607572E-6,0.0,
0.0,3.5095495284379426E-4,1.3138351961188494E-5,0.001734591474026896,0.0,2.0261904010607572E-6,0.0,
0.0,3.5095495284379426E-4,1.3138351961188494E-5,0.0013944347856933124,0.0,1.3161072028254046E-5,0.0,
0.0,3.5095495284379426E-4,1.3138351961188494E-5,0.0024788811078825736,0.0,1.3161072028254046E-5,0.0,
0.0,3.5095495284379426E-4,1.3138351961188494E-5,0.00462027678466687,0.0,1.3161072028254046E-5,0.0,
0.0,3.5095495284379426E-4,1.3138351961188494E-5,0.010999145025438854,0.0,1.3161072028254046E-5,0.0,
0.0,3.5095495284379426E-4,1.3138351961188494E-5,0.015799378128872676,0.0,1.8617311420617239E-4,0.0,
0.0,3.5095495284379426E-4,1.3138351961188494E-5,0.025892434931223694,0.0,6.119163493702438E-4,0.0,
0.0,3.5095495284379426E-4,1.3138351961188494E-5,0.03217269732519521,0.0,6.119163493702438E-4,0.0,
0.0,3.5095495284379426E-4,1.3138351961188494E-5,0.02871812876528961,0.0,0.0011955495704717332,0.0,
0.0,3.5095495284379426E-4,1.3138351961188494E-5,0.027372652451880287,0.0,0.0011955495704717332,0.0,
0.0,3.5095495284379426E-4,1.3138351961188494E-5,0.028833424512711144,0.0,0.0011955495704717332,0.0,
0.0,3.5095495284379426E-4,1.3138351961188494E-5,0.027193473654258817,0.0,0.0011955495704717332,0.0,
0.0,3.5095495284379426E-4,1.3138351961188494E-5,0.02978663602184931,0.0,0.0016356466318460583,0.0,
0.0,3.5095495284379426E-4,1.3138351961188494E-5,0.03819230810128004,0.0,0.0016356466318460583,0.0,
0.0,3.5095495284379426E-4,1.3138351961188494E-5,0.03746118159428824,0.0,0.0016356466318460583,0.0,
0.0,3.5095495284379426E-4,1.3138351961188494E-5,0.04482539590828712,0.0,0.0016356466318460583,0.0,
0.0,3.5095495284379426E-4,1.3138351961188494E-5,0.04520278428352462,0.0,0.0016356466318460583,0.0,
0.0,0.004803599643335604,1.3138351961188494E-5,0.04297592336866662,0.0,0.0016356466318460583,0.0,
0.0,0.004803599643335604,1.3138351961188494E-5,0.04737472741912398,0.0,0.0016356466318460583,0.0,
0.0,0.004803599643335604,1.3138351961188494E-5,0.04737472741912398,0.0,0.0030551115824733353,0.0,
0.0,0.004803599643335604,1.3138351961188494E-5,0.06874671622069557,0.0,0.0030551115824733353,0.0,
0.0,0.004803599643335604,1.3138351961188494E-5,0.09242187579856809,0.0,0.0030551115824733353,0.0,
0.0,0.004803599643335604,1.3138351961188494E-5,0.11060401270800099,0.0,0.0030551115824733353,0.0,
0.0,0.004803599643335604,1.3138351961188494E-5,0.11495502129023741,0.0,0.0030551115824733353,0.0,
0.0,0.004803599643335604,1.3138351961188494E-5,0.1170066153599712,0.0,0.0030551115824733353,0.0,
0.0,0.004803599643335604,1.3138351961188494E-5,0.12395258989094741,0.0,0.0030551115824733353,0.0,
0.0,0.004803599643335604,1.3138351961188494E-5,0.12534434793093208,0.0,0.0030551115824733353,0.0,
0.0,0.004803599643335604,1.3138351961188494E-5,0.1352098659683777,0.0,0.0030551115824733353,0.0,
0.0,0.004803599643335604,1.3138351961188494E-5,0.15013555339464518,0.0,0.0030551115824733353,0.0,
0.0,0.004803599643335604,1.3138351961188494E-5,0.16047331166374973,0.0,0.0030551115824733353,0.0,
0.0,0.004803599643335604,1.3138351961188494E-5,0.1592061934100992,0.0,0.0030551115824733353,0.0,
0.0,0.004803599643335604,1.3138351961188494E-5,0.14576557010907096,0.0,0.0030551115824733353,0.0,
0.0,0.004803599643335604,1.3138351961188494E-5,0.15272202390678244,0.0,0.0030551115824733353,0.0,
0.0,0.004803599643335604,1.3138351961188494E-5,0.15409301943581669,0.0,0.0030551115824733353,0.0,
0.0,0.004803599643335604,1.3138351961188494E-5,0.14978025331240333,0.0,0.0030551115824733353,0.0,
0.0,0.004803599643335604,1.3138351961188494E-5,0.15514549554899085,0.0,0.0030551115824733353,0.0,
0.0,0.004803599643335604,1.3138351961188494E-5,0.16136964258405087,0.0,0.0030551115824733353,0.0,
0.0,0.004803599643335604,1.3138351961188494E-5,0.1676811963390098,0.0,0.0030551115824733353,0.0,
0.0,0.004803599643335604,1.3138351961188494E-5,0.1619954575551133,0.0,0.0030551115824733353,0.0,
0.0,0.004803599643335604,1.3138351961188494E-5,0.1619954575551133,0.0,0.0030551115824733353,0.0,
0.0,0.004803599643335604,1.3138351961188494E-5,0.16342458296361148,0.0,0.0030551115824733353,0.0,
0.0,0.004803599643335604,1.3138351961188494E-5,0.1765323910087785,0.0,0.0030551115824733353,0.0,
0.0,0.004803599643335604,1.3138351961188494E-5,0.18107451250822953,0.0,0.0030551115824733353,0.0,
0.0,0.004803599643335604,1.3138351961188494E-5,0.19183999885791297,0.0,0.0030551115824733353,0.0,
0.0,0.004803599643335604,1.3138351961188494E-5,0.19943711023723826,0.0,0.0030551115824733353,0.0,
0.0,0.004803599643335604,1.3138351961188494E-5,0.20299111479600357,0.0,0.0030551115824733353,0.0,
0.0,0.004803599643335604,1.3138351961188494E-5,0.20454974443768786,0.0,0.0030551115824733353,0.0,
0.0,0.004803599643335604,1.3138351961188494E-5,0.2010646470951434,0.0,0.0030551115824733353,0.0,
0.0,0.004803599643335604,1.3138351961188494E-5,0.19330727661129005,0.0,0.0030551115824733353,0.0,
0.0,0.004803599643335604,1.3138351961188494E-5,0.19613444269154257,0.0,0.0030551115824733353,0.0,
0.0,0.004803599643335604,1.3138351961188494E-5,0.20162424629096332,0.0,0.0030551115824733353,0.0,
0.0,0.004803599643335604,1.3138351961188494E-5,0.1915524815547348,0.0,0.0030551115824733353,0.0,
0.0,0.004803599643335604,1.3138351961188494E-5,0.18460018997452415,0.0,0.0030551115824733353,0.0,
0.0,0.004803599643335604,1.3138351961188494E-5,0.18779291024481415,0.0,0.0030551115824733353,0.0,
0.0,0.004803599643335604,1.3138351961188494E-5,0.19840075654576864,0.0,0.0030551115824733353,0.0,
0.0,0.004803599643335604,1.3138351961188494E-5,0.2012245312160761,0.0,0.0030551115824733353,0.0,
0.0,0.004803599643335604,1.3138351961188494E-5,0.2111069161398948,0.0,0.0030551115824733353,0.0,
0.0,0.004803599643335604,1.3138351961188494E-5,0.21414557693303565,0.0,0.0030551115824733353,0.0,
0.0,0.004803599643335604,1.3138351961188494E-5,0.21645335709296,0.0,0.0030551115824733353,0.0,
0.0,0.004803599643335604,1.3138351961188494E-5,0.21095385335655414,0.0,0.0030551115824733353,0.0,
0.0,0.004803599643335604,1.3138351961188494E-5,0.2165117356334687,0.0,0.0030551115824733353,0.0,
0.0,0.004803599643335604,1.3138351961188494E-5,0.20465697112622033,0.0,0.0030551115824733353,0.0,
0.0,0.004803599643335604,1.3138351961188494E-5,0.200371986527865,0.0,0.0030551115824733353,0.0,
0.0,0.004803599643335604,1.3138351961188494E-5,0.1934635719493157,0.0,0.0030551115824733353,0.0,
0.0,0.004803599643335604,1.3138351961188494E-5,0.1858554170591727,0.0,0.0030551115824733353,0.0,
0.0,0.004803599643335604,1.3138351961188494E-5,0.1789857228596673,0.0,0.0030551115824733353,0.0,
0.0,0.004803599643335604,1.3138351961188494E-5,0.1789857228596673,0.0,0.0030551115824733353,0.0,
0.0,0.004803599643335604,1.3138351961188494E-5,0.17209547840278877,0.0,0.0030551115824733353,0.0,
0.0,0.004803599643335604,1.3138351961188494E-5,0.1711064650335365,0.0,0.0030551115824733353,0.0,
0.0,0.004803599643335604,1.3138351961188494E-5,0.17050866756503802,0.0,0.0030551115824733353,0.0,
0.0,0.004803599643335604,1.3138351961188494E-5,0.17144572975955652,0.0,0.0030551115824733353,0.0,
0.0,0.004803599643335604,1.3138351961188494E-5,0.17144572975955652,0.0,0.0030551115824733353,0.0,
0.0,0.004803599643335604,1.3138351961188494E-5,0.17144572975955652,0.0,0.0030551115824733353,0.0,
0.0,0.004803599643335604,1.3138351961188494E-5,0.18047117702021837,0.0,0.0030551115824733353,0.0,
0.0,0.004803599643335604,1.3138351961188494E-5,0.182647433424727,0.0,0.0030551115824733353,0.0,
0.0,0.004803599643335604,1.3138351961188494E-5,0.18415878096369265,0.0,0.0030551115824733353,0.0,
0.0,0.004803599643335604,1.3138351961188494E-5,0.1799483134959301,0.0,0.0030551115824733353,0.0,
0.0,0.004803599643335604,1.3138351961188494E-5,0.17999440875768097,0.0,0.0030551115824733353,0.0,
0.0,0.004803599643335604,1.3138351961188494E-5,0.1766080990977733,0.0,0.0030551115824733353,0.0,
0.0,0.004803599643335604,1.3138351961188494E-5,0.1676836386210746,0.0,0.0030551115824733353,0.0,
0.0,0.004803599643335604,1.3138351961188494E-5,0.16175631692574527,0.0,0.0030551115824733353,0.0,
0.0,0.004803599643335604,1.3138351961188494E-5,0.1627348918197504,0.0,0.0030551115824733353,0.0,
0.0,0.004803599643335604,1.3138351961188494E-5,0.1635089899722375,0.0,0.0030551115824733353,0.0,
0.0,0.004803599643335604,1.3138351961188494E-5,0.15642842168108143,0.0,0.0030551115824733353,0.0,
0.0,0.004803599643335604,1.3138351961188494E-5,0.1602388911288951,0.0,0.0030551115824733353,0.0,
0.0,0.004803599643335604,1.3138351961188494E-5,0.16034867092021016,0.0,0.0030551115824733353,0.0,
0.0,0.004803599643335604,1.3138351961188494E-5,0.15986461373358565,0.0,0.0030551115824733353,0.0,
0.0,0.004803599643335604,1.3138351961188494E-5,0.15851514331795347,0.0,0.0030551115824733353,0.0,
0.0,0.004803599643335604,1.3138351961188494E-5,0.16191325087350222,0.0,0.0030551115824733353,0.0,
0.0,0.004803599643335604,1.3138351961188494E-5,0.16022412154158908,0.0,0.0030551115824733353,0.0,
0.0,0.004803599643335604,1.3138351961188494E-5,0.1636390912215147,0.0,0.0030551115824733353,0.0,
0.0,0.004803599643335604,1.3138351961188494E-5,0.16228974775814947,0.0,0.0030551115824733353,0.0,
0.0,0.004803599643335604,1.3138351961188494E-5,0.1745433190936576,0.0,0.0030551115824733353,0.0,
0.0,0.004803599643335604,1.3138351961188494E-5,0.17265025989040494,0.0,0.0030551115824733353,0.0,
0.0,0.004803599643335604,1.3138351961188494E-5,0.16579015880833106,0.0,0.0030551115824733353,0.0,
0.0,0.004803599643335604,1.3138351961188494E-5,0.16205045616177252,0.0,0.0030551115824733353,0.0,
0.0,0.004803599643335604,1.3138351961188494E-5,0.157546186376412,0.0,0.0030551115824733353,0.0,
0.0,0.004803599643335604,1.3138351961188494E-5,0.1517257910036901,0.0,0.0030551115824733353,0.0,
0.0,0.004803599643335604,1.3138351961188494E-5,0.15233114442899456,0.0,0.0030551115824733353,0.0,
0.0,0.004803599643335604,1.3138351961188494E-5,0.14992456613042227,0.0,0.0030551115824733353,0.0,
0.0,0.004803599643335604,1.3138351961188494E-5,0.15383973095902087,0.0,0.0030551115824733353,0.0,
0.0,0.004803599643335604,1.3138351961188494E-5,0.15383973095902087,0.0,0.0030551115824733353,0.0,
0.0,0.004803599643335604,1.3138351961188494E-5,0.1564292344368006,0.0,0.0030551115824733353,0.0,
0.0,0.004803599643335604,1.3138351961188494E-5,0.15445078569840437,0.0,0.0030551115824733353,0.0,
0.0,0.004803599643335604,1.3138351961188494E-5,0.14998287928905116,0.0,0.0030551115824733353,0.0,
0.0,0.004803599643335604,1.3138351961188494E-5,0.1477982235724604,0.0,0.0030551115824733353,0.0,
0.0,0.004803599643335604,1.3138351961188494E-5,0.1461027533820345,0.0,0.0030551115824733353,0.0,
0.0,0.004803599643335604,1.3138351961188494E-5,0.14611140889628854,0.0,0.0030551115824733353,0.0,
0.0,0.004803599643335604,1.3138351961188494E-5,0.14081670471731114,0.0,0.0030551115824733353,0.0,
0.0,0.004803599643335604,1.3138351961188494E-5,0.14081670471731114,0.0,0.0030551115824733353,0.0,
0.0,0.004803599643335604,1.3138351961188494E-5,0.14340913305617564,0.0,0.0030551115824733353,0.0,
0.0,0.004803599643335604,1.3138351961188494E-5,0.14738956759036104,0.0,0.0030551115824733353,0.0,
0.0,0.004803599643335604,1.3138351961188494E-5,0.15222784993976876,0.0,0.0030551115824733353,0.0,
0.0,0.004803599643335604,1.3138351961188494E-5,0.16369187721075465,0.0,0.0030551115824733353,0.0,
0.0,0.004803599643335604,1.3138351961188494E-5,0.17102329548506787,0.0,0.0030551115824733353,0.0,
0.0,0.004803599643335604,1.3138351961188494E-5,0.17885601905188855,0.0,0.0030551115824733353,0.0,
0.0,0.004803599643335604,1.3138351961188494E-5,0.18129430973006735,0.0,0.0030551115824733353,0.0,
0.0,0.004803599643335604,1.3138351961188494E-5,0.18518342561177098,0.0,0.0030551115824733353,0.0,
0.0,0.004803599643335604,1.3138351961188494E-5,0.18859650545365186,0.0,0.0030551115824733353,0.0,
0.0,0.004803599643335604,1.3138351961188494E-5,0.18738211432409074,0.0,0.0030551115824733353,0.0,
0.0,0.004803599643335604,1.3138351961188494E-5,0.19441720207168525,0.0,0.0030551115824733353,0.0,
0.0,0.004803599643335604,1.3138351961188494E-5,0.20312411895998642,0.0,0.0030551115824733353,0.0,
0.0,0.004803599643335604,1.3138351961188494E-5,0.20420434557880018,0.0,0.0030551115824733353,0.0,
0.0,0.004803599643335604,1.3138351961188494E-5,0.20358842519762863,0.0,0.0030551115824733353,0.0,
0.0,0.004803599643335604,1.3138351961188494E-5,0.20399561226340931,0.0,0.0030551115824733353,0.0,
0.0,0.004803599643335604,1.3138351961188494E-5,0.20399561226340931,0.0,0.0030551115824733353,0.0,
0.0,0.004803599643335604,1.3138351961188494E-5,0.19866634554663212,0.0,0.0030551115824733353,0.0,
0.0,0.004803599643335604,1.3138351961188494E-5,0.19866634554663212,0.0,0.0030551115824733353,0.0,
0.0,0.004803599643335604,1.3138351961188494E-5,0.19866634554663212,0.0,0.0030551115824733353,0.0,
0.0,0.004803599643335604,1.3138351961188494E-5,0.19894829411157522,0.0,0.0030551115824733353,0.0,
0.0,0.004803599643335604,1.3138351961188494E-5,0.2033973948219616,0.0,0.0030551115824733353,0.0,
0.0,0.004803599643335604,1.3138351961188494E-5,0.21045451920406705,0.0,0.0030551115824733353,0.0,
0.0,0.004803599643335604,1.3138351961188494E-5,0.2034393683894471,0.0,0.0030551115824733353,0.0,
0.0,0.004803599643335604,1.3138351961188494E-5,0.19714441656049148,0.0,0.0030551115824733353,0.0,
0.0,0.004803599643335604,1.3138351961188494E-5,0.18550576795730297,0.0,0.0030551115824733353,0.0,
0.0,0.004803599643335604,1.3138351961188494E-5,0.17789944927108214,0.0,0.0030551115824733353,0.0,
0.0,0.004803599643335604,1.3138351961188494E-5,0.17802054557148803,0.0,0.0030551115824733353,0.0,
0.0,0.004803599643335604,1.3138351961188494E-5,0.17997221715559114,0.0,0.0030551115824733353,0.0,
0.0,0.004803599643335604,1.3138351961188494E-5,0.18430259792981202,0.0,0.0030551115824733353,0.0,
0.0,0.004803599643335604,1.3138351961188494E-5,0.1888217530878877,0.0,0.0030551115824733353,0.0,
0.0,0.004803599643335604,1.3138351961188494E-5,0.1858013761178649,0.0,0.0030551115824733353,0.0,
0.0,0.004803599643335604,1.3138351961188494E-5,0.1858013761178649,0.0,0.0030551115824733353,0.0,
0.0,0.004803599643335604,1.3138351961188494E-5,0.18949158389037657,0.0,0.0030551115824733353,0.0,
0.0,0.004803599643335604,1.3138351961188494E-5,0.1850421346599657,0.0,0.0030551115824733353,0.0,
0.0,0.004803599643335604,1.3138351961188494E-5,0.18680135916357846,0.0,0.0030551115824733353,0.0,
0.0,0.004803599643335604,1.3138351961188494E-5,0.1966122664266541,0.0,0.0030551115824733353,0.0,
0.0,0.004803599643335604,1.3138351961188494E-5,0.19860919537600172,0.0,0.0030551115824733353,0.0,
0.0,0.004803599643335604,1.3138351961188494E-5,0.19733160600620417,0.0,0.0030551115824733353,0.0,
0.0,0.004803599643335604,1.3138351961188494E-5,0.19494463442596113,0.0,0.0030551115824733353,0.0,
0.0,0.004803599643335604,1.3138351961188494E-5,0.18379498082902512,0.0,0.0030551115824733353,0.0,
0.0,0.004803599643335604,1.3138351961188494E-5,0.1832168467291867,0.0,0.0030551115824733353,0.0,
0.0,0.004803599643335604,1.3138351961188494E-5,0.177881012469944,0.0,0.0030551115824733353,0.0,
0.0,0.004803599643335604,1.3138351961188494E-5,0.1764341881954547,0.0,0.0030551115824733353,0.0,
0.0,0.004803599643335604,1.3138351961188494E-5,0.17638591708743187,0.0,0.0030551115824733353,0.0,
0.0,0.004803599643335604,1.3138351961188494E-5,0.176945403578029,0.0,0.0030551115824733353,0.0,
0.0,0.004803599643335604,1.3138351961188494E-5,0.17615024438756813,0.0,0.0030551115824733353,0.0,
0.0,0.004803599643335604,1.3138351961188494E-5,0.1721079576578717,0.0,0.0030551115824733353,0.0,
0.0,0.004803599643335604,1.3138351961188494E-5,0.16733941954421055,0.0,0.0030551115824733353,0.0,
0.0,0.004803599643335604,1.3138351961188494E-5,0.1667157563401464,0.0,0.0030551115824733353,0.0,
0.0,0.004803599643335604,1.3138351961188494E-5,0.16257705566117966,0.0,0.0030551115824733353,0.0,
0.0,0.004803599643335604,1.3138351961188494E-5,0.15926877345409496,0.0,0.0030551115824733353,0.0,
0.0,0.004803599643335604,1.3138351961188494E-5,0.15656311940576942,0.0,0.0030551115824733353,0.0,
0.0,0.004803599643335604,1.3138351961188494E-5,0.1571794014802315,0.0,0.0030551115824733353,0.0,
0.0,0.004803599643335604,1.3138351961188494E-5,0.16493883231769876,0.0,0.0030551115824733353,0.0,
0.0,0.004803599643335604,1.3138351961188494E-5,0.16640199319876817,0.0,0.0030551115824733353,0.0,
0.0,0.004803599643335604,1.3138351961188494E-5,0.17029888243673036,0.0,0.0030551115824733353,0.0,
0.0,0.004803599643335604,1.3138351961188494E-5,0.1820592271070379,0.0,0.0030551115824733353,0.0,
0.0,0.004803599643335604,1.3138351961188494E-5,0.1866488188026713,0.0,0.0030551115824733353,0.0,
0.0,0.004803599643335604,1.3138351961188494E-5,0.18850941594094514,0.0,0.0030551115824733353,0.0,
0.0,0.004803599643335604,1.3138351961188494E-5,0.1823852438104385,0.0,0.0030551115824733353,0.0,
0.0,0.004803599643335604,1.3138351961188494E-5,0.1837369213944656,0.0,0.0030551115824733353,0.0,
0.0,0.004803599643335604,1.3138351961188494E-5,0.18394848040867956,0.0,0.0030551115824733353,0.0,
0.0,0.004803599643335604,1.3138351961188494E-5,0.18616605383152138,0.0,0.0030551115824733353,0.0,
0.0,0.004803599643335604,1.3138351961188494E-5,0.18757097670678802,0.0,0.0030551115824733353,0.0,
0.0,0.004803599643335604,1.3138351961188494E-5,0.17869260172214693,0.0,0.0030551115824733353,0.0,
0.0,0.004803599643335604,1.3138351961188494E-5,0.18437088461796666,0.0,0.0030551115824733353,0.0,
0.0,0.004803599643335604,1.3138351961188494E-5,0.18084973156791956,0.0,0.0030551115824733353,0.0,
0.0,0.004803599643335604,1.3138351961188494E-5,0.18216709353090302,0.0,0.0030551115824733353,0.0,
0.0,0.004803599643335604,1.3138351961188494E-5,0.18272706701707742,0.0,0.0030551115824733353,0.0,
0.0,0.004803599643335604,1.3138351961188494E-5,0.1859521054563695,0.0,0.0030551115824733353,0.0,
0.0,0.004803599643335604,1.3138351961188494E-5,0.18563411529597776,0.0,0.0030551115824733353,0.0,
0.0,0.004803599643335604,1.3138351961188494E-5,0.17016043345395404,0.0,0.0030551115824733353,0.0,
0.0,0.004803599643335604,1.3138351961188494E-5,0.17140518546058997,0.0,0.0030551115824733353,0.0,
0.0,0.004803599643335604,1.3138351961188494E-5,0.17293306745530088,0.0,0.0030551115824733353,0.0,
0.0,0.004803599643335604,1.3138351961188494E-5,0.1664868897210794,0.0,0.0030551115824733353,0.0,
0.0,0.004803599643335604,1.3138351961188494E-5,0.17051892873454458,0.0,0.0030551115824733353,0.0,
0.0,0.004803599643335604,1.3138351961188494E-5,0.1657308945795563,0.0,0.0030551115824733353,0.0,
0.0,0.004803599643335604,1.3138351961188494E-5,0.1647125311154458,0.0,0.0030551115824733353,0.0,
0.0,0.004803599643335604,1.3138351961188494E-5,0.16218778079821472,0.0,0.0030551115824733353,0.0,
0.0,0.004803599643335604,1.3138351961188494E-5,0.1629764045416603,0.0,0.0030551115824733353,0.0,
0.0,0.004803599643335604,1.3138351961188494E-5,0.16178053325139993,0.0,0.0030551115824733353,0.0,
0.0,0.004803599643335604,1.3138351961188494E-5,0.1651263175223651,0.0,0.0030551115824733353,0.0,
0.0,0.004803599643335604,1.3138351961188494E-5,0.1690133586720333,0.0,0.0030551115824733353,0.0,
0.0,0.004803599643335604,1.3138351961188494E-5,0.1690133586720333,0.0,0.0030551115824733353,0.0,
0.0,0.004803599643335604,1.3138351961188494E-5,0.1690133586720333,0.0,0.0030551115824733353,0.0,
0.0,0.004803599643335604,1.3138351961188494E-5,0.17049855845408352,0.0,0.0030551115824733353,0.0,
0.0,0.004803599643335604,1.3138351961188494E-5,0.1805108720256533,0.0,0.0030551115824733353,0.0,
0.0,0.004803599643335604,1.3138351961188494E-5,0.18379414433242952,0.0,0.0030551115824733353,0.0,
0.0,0.004803599643335604,1.3138351961188494E-5,0.19141525151167407,0.0,0.0030551115824733353,0.0,
0.0,0.004803599643335604,1.3138351961188494E-5,0.17953099622133273,0.0,0.0030551115824733353,0.0,
0.0,0.004803599643335604,1.3138351961188494E-5,0.17953099622133273,0.0,0.0030551115824733353,0.0,
0.0,0.004803599643335604,1.3138351961188494E-5,0.18369389294405256,0.0,0.0030551115824733353,0.0,
0.0,0.004803599643335604,1.3138351961188494E-5,0.18377599985344115,0.0,0.0030551115824733353,0.0,
0.0,0.004803599643335604,1.3138351961188494E-5,0.18585104370146305,0.0,0.0030551115824733353,0.0,
0.0,0.004803599643335604,1.3138351961188494E-5,0.1919178413852118,0.0,0.0030551115824733353,0.0,
0.0,0.004803599643335604,1.3138351961188494E-5,0.19299134826549946,0.0,0.0030551115824733353,0.0,
0.0,0.004803599643335604,1.3138351961188494E-5,0.1959790470823595,0.0,0.0030551115824733353,0.0,
0.0,0.004803599643335604,1.3138351961188494E-5,0.19729172772771808,0.0,0.0030551115824733353,0.0,
0.0,0.004803599643335604,1.3138351961188494E-5,0.20206682728570768,0.0,0.0030551115824733353,0.0,
0.0,0.004803599643335604,1.3138351961188494E-5,0.20078282404700498,0.0,0.0030551115824733353,0.0,
0.0,0.004803599643335604,1.3138351961188494E-5,0.20011356067985556,0.0,0.0030551115824733353,0.0,
0.0,0.004803599643335604,1.3138351961188494E-5,0.19662528360729586,0.0,0.0030551115824733353,0.0,
0.0,0.004803599643335604,1.3138351961188494E-5,0.1959814564581588,0.0,0.0030551115824733353,0.0,
0.0,0.004803599643335604,1.3138351961188494E-5,0.19884176460183742,0.0,0.0030551115824733353,0.0,
0.0,0.004803599643335604,1.3138351961188494E-5,0.19474441274947982,0.0,0.0030551115824733353,0.0,
0.0,0.004803599643335604,1.3138351961188494E-5,0.18716517451103706,0.0,0.0030551115824733353,0.0,
0.0,0.004803599643335604,1.3138351961188494E-5,0.18716517451103706,0.0,0.0030551115824733353,0.0,
0.0,0.004803599643335604,1.3138351961188494E-5,0.19119646236100424,0.0,0.0030551115824733353,0.0,
0.0,0.004803599643335604,1.3138351961188494E-5,0.19577252634052594,0.0,0.0030551115824733353,0.0,
0.0,0.004803599643335604,1.3138351961188494E-5,0.19577252634052594,0.0,0.0030551115824733353,0.0,
0.0,0.004803599643335604,1.3138351961188494E-5,0.19577252634052594,0.0,0.0030551115824733353,0.0,
0.0,0.004803599643335604,1.3138351961188494E-5,0.2001319887543267,0.0,0.0030551115824733353,0.0,
0.0,0.004803599643335604,1.3138351961188494E-5,0.2004738411020438,0.0,0.0030551115824733353,0.0,
0.0,0.004803599643335604,1.3138351961188494E-5,0.19231492038276304,0.0,0.0030551115824733353,0.0,
0.0,0.004803599643335604,1.3138351961188494E-5,0.18858397870458563,0.0,0.0030551115824733353,0.0,
0.0,0.004803599643335604,1.3138351961188494E-5,0.18858397870458563,0.0,0.0030551115824733353,0.0,
0.0,0.004803599643335604,1.3138351961188494E-5,0.19639435041702136,0.0,0.0030551115824733353,0.0,
0.0,0.004803599643335604,1.3138351961188494E-5,0.1996389974869815,0.0,0.0030551115824733353,0.0,
0.0,0.004803599643335604,1.3138351961188494E-5,0.1961553390541393,0.0,0.0030551115824733353,0.0,
0.0,0.004803599643335604,1.3138351961188494E-5,0.17775442104301062,0.0,0.0030551115824733353,0.0,
0.0,0.004803599643335604,1.3138351961188494E-5,0.17061843616494912,0.0,0.0030551115824733353,0.0,
0.0,0.004803599643335604,1.3138351961188494E-5,0.16210066183663482,0.0,0.0030551115824733353,0.0,
0.0,0.004803599643335604,1.3138351961188494E-5,0.16210066183663482,0.0,0.0030551115824733353,0.0,
0.0,0.004803599643335604,1.3138351961188494E-5,0.15691797579447056,0.0,0.0030551115824733353,0.0,
0.0,0.004803599643335604,1.3138351961188494E-5,0.15456383966161097,0.0,0.0030551115824733353,0.0,
0.0,0.004803599643335604,1.3138351961188494E-5,0.15282264071660848,0.0,0.0030551115824733353,0.0,
0.0,0.004803599643335604,1.3138351961188494E-5,0.15754285816929242,0.0,0.0030551115824733353,0.0,
0.0,0.004803599643335604,1.3138351961188494E-5,0.1557647044181688,0.0,0.0030551115824733353,0.0,
0.0,0.004803599643335604,1.3138351961188494E-5,0.16271842595948677,0.0,0.0030551115824733353,0.0,
0.0,0.004803599643335604,1.3138351961188494E-5,0.163761917783298,0.0,0.0030551115824733353,0.0,
0.0,0.004803599643335604,1.3138351961188494E-5,0.16772981058785802,0.0,0.0030551115824733353,0.0,
0.0,0.004803599643335604,1.3138351961188494E-5,0.16939258133959534,0.0,0.0030551115824733353,0.0,
0.0,0.004803599643335604,1.3138351961188494E-5,0.16814344731429826,0.0,0.0030551115824733353,0.0,
0.0,0.004803599643335604,1.3138351961188494E-5,0.16910400752022983,0.0,0.0030551115824733353,0.0,
0.0,0.004803599643335604,1.3138351961188494E-5,0.16549355484797984,0.0,0.0030551115824733353,0.0,
0.0,0.004803599643335604,1.3138351961188494E-5,0.16417300058077816,0.0,0.0030551115824733353,0.0,
0.0,0.004803599643335604,1.3138351961188494E-5,0.16597642081352518,0.0,0.0030551115824733353,0.0,
0.0,0.004803599643335604,1.3138351961188494E-5,0.17557908205724101,0.0,0.0030551115824733353,0.0,
0.0,0.004803599643335604,1.3138351961188494E-5,0.1767754289867722,0.0,0.0030551115824733353,0.0,
0.0,0.004803599643335604,1.3138351961188494E-5,0.1767754289867722,0.0,0.0030551115824733353,0.0,
0.0,0.004803599643335604,1.3138351961188494E-5,0.18216070280124563,0.0,0.0030551115824733353,0.0,
0.0,0.004803599643335604,1.3138351961188494E-5,0.17786737011138884,0.0,0.0030551115824733353,0.0,
0.0,0.004803599643335604,1.3138351961188494E-5,0.17744757493960978,0.0,0.0030551115824733353,0.0,
0.0,0.004803599643335604,1.3138351961188494E-5,0.17673919972188606,0.0,0.0030551115824733353,0.0,
0.0,0.004803599643335604,1.3138351961188494E-5,0.17024186635718672,0.0,0.0030551115824733353,0.0,
0.0,0.004803599643335604,1.3138351961188494E-5,0.16119909243413508,0.0,0.0030551115824733353,0.0,
0.0,0.004803599643335604,1.3138351961188494E-5,0.1591167702397324,0.0,0.0030551115824733353,0.0,
0.0,0.004803599643335604,1.3138351961188494E-5,0.1564492863686054,0.0,0.0030551115824733353,0.0,
0.0,0.004803599643335604,1.3138351961188494E-5,0.1528376604055537,0.0,0.0030551115824733353,0.0,
0.0,0.004803599643335604,1.3138351961188494E-5,0.15293243688542502,0.0,0.0030551115824733353,0.0,
0.0,0.004803599643335604,1.3138351961188494E-5,0.15293243688542502,0.0,0.0030551115824733353,0.0,
0.0,0.004803599643335604,1.3138351961188494E-5,0.15441462036367537,0.0,0.0030551115824733353,0.0,
0.0,0.004803599643335604,1.3138351961188494E-5,0.15859290955251126,0.0,0.0030551115824733353,0.0,
0.0,0.004803599643335604,1.3138351961188494E-5,0.15859290955251126,0.0,0.0030551115824733353,0.0,
0.0,0.004803599643335604,1.3138351961188494E-5,0.15859290955251126,0.0,0.0030551115824733353,0.0,
0.0,0.004803599643335604,1.3138351961188494E-5,0.16878060296290595,0.0,0.0030551115824733353,0.0,
0.0,0.004803599643335604,1.3138351961188494E-5,0.17442804058715033,0.0,0.0030551115824733353,0.0,
0.0,0.004803599643335604,1.3138351961188494E-5,0.17442804058715033,0.0,0.0030551115824733353,0.0,
0.0,0.004803599643335604,1.3138351961188494E-5,0.1802763826107212,0.0,0.0030551115824733353,0.0,
0.0,0.004803599643335604,1.3138351961188494E-5,0.18124016101709733,0.0,0.0030551115824733353,0.0,
0.0,0.004803599643335604,1.3138351961188494E-5,0.17637491587234422,0.0,0.0030551115824733353,0.0,
0.0,0.004803599643335604,1.3138351961188494E-5,0.1807149343986681,0.0,0.0030551115824733353,0.0,
0.0,0.004803599643335604,1.3138351961188494E-5,0.18498689988319428,0.0,0.0030551115824733353,0.0,
0.0,0.004803599643335604,1.3138351961188494E-5,0.1787307932704287,0.0,0.0030551115824733353,0.0,
0.0,0.004803599643335604,1.3138351961188494E-5,0.1791114813894819,0.0,0.0030551115824733353,0.0,
0.0,0.004803599643335604,1.3138351961188494E-5,0.18082139809015588,0.0,0.0030551115824733353,0.0,
0.0,0.004803599643335604,1.3138351961188494E-5,0.1839799210614743,0.0,0.0030551115824733353,0.0,
0.0,0.004803599643335604,1.3138351961188494E-5,0.17909473645838409,0.0,0.0030551115824733353,0.0,
0.0,0.004803599643335604,1.3138351961188494E-5,0.1735433474751784,0.0,0.0030551115824733353,0.0,
0.0,0.004803599643335604,1.3138351961188494E-5,0.16813289198530426,0.0,0.0030551115824733353,0.0,
0.0,0.004803599643335604,1.3138351961188494E-5,0.16138197620000216,0.0,0.0030551115824733353,0.0,
0.0,0.004803599643335604,1.3138351961188494E-5,0.15831299490791786,0.0,0.0030551115824733353,0.0,
0.0,0.004803599643335604,1.3138351961188494E-5,0.1538099357641455,0.0,0.0030551115824733353,0.0,
0.0,0.004803599643335604,1.3138351961188494E-5,0.15224904061112032,0.0,0.0030551115824733353,0.0,
0.0,0.004803599643335604,1.3138351961188494E-5,0.15122707400313834,0.0,0.0030551115824733353,0.0,
0.0,0.004803599643335604,1.3138351961188494E-5,0.15090430043486536,0.0,0.0030551115824733353,0.0,
0.0,0.004803599643335604,1.3138351961188494E-5,0.15090430043486536,0.0,0.0030551115824733353,0.0,
0.0,0.004803599643335604,1.3138351961188494E-5,0.16096066906396275,0.0,0.0030551115824733353,0.0,
0.0,0.004803599643335604,1.3138351961188494E-5,0.1624892275884662,0.0,0.0030551115824733353,0.0,
0.0,0.004803599643335604,1.3138351961188494E-5,0.16397429299801192,0.0,0.0030551115824733353,0.0,
0.0,0.004803599643335604,1.3138351961188494E-5,0.16476868026035035,0.0,0.0030551115824733353,0.0,
0.0,0.004803599643335604,1.3138351961188494E-5,0.1677911897570233,0.0,0.0030551115824733353,0.0,
0.0,0.004803599643335604,1.3138351961188494E-5,0.1704747669898732,0.0,0.0030551115824733353,0.0,
0.0,0.004803599643335604,1.3138351961188494E-5,0.17159656155537042,0.0,0.0030551115824733353,0.0,
0.0,0.004803599643335604,1.3138351961188494E-5,0.17147992956571836,0.0,0.0030551115824733353,0.0,
0.0,0.004803599643335604,1.3138351961188494E-5,0.17242508443942614,0.0,0.0030551115824733353,0.0,
0.0,0.004803599643335604,1.3138351961188494E-5,0.1618904887273957,0.0,0.0030551115824733353,0.0,
0.0,0.004803599643335604,1.3138351961188494E-5,0.17063068336041223,0.0,0.0030551115824733353,0.0,
0.0,0.004803599643335604,1.3138351961188494E-5,0.1719644602334604,0.0,0.0030551115824733353,0.0,
0.0,0.004803599643335604,1.3138351961188494E-5,0.1728187538028941,0.0,0.0030551115824733353,0.0,
0.0,0.004803599643335604,1.3138351961188494E-5,0.17463912319369748,0.0,0.0030551115824733353,0.0,
0.0,0.004803599643335604,1.3138351961188494E-5,0.17825899378723292,0.0,0.0030551115824733353,0.0,
0.0,0.004803599643335604,1.3138351961188494E-5,0.173468132178117,0.0,0.0030551115824733353,0.0,
0.0,0.004803599643335604,1.3138351961188494E-5,0.1748143941163722,0.0,0.0030551115824733353,0.0,
0.0,0.004803599643335604,1.3138351961188494E-5,0.1748143941163722,0.0,0.0030551115824733353,0.0,
0.0,0.004803599643335604,1.3138351961188494E-5,0.1795539817156352,0.0,0.0030551115824733353,0.0,
0.0,0.004803599643335604,1.3138351961188494E-5,0.18055352928932986,0.0,0.0030551115824733353,0.0,
0.0,0.004803599643335604,1.3138351961188494E-5,0.18055352928932986,0.0,0.0030551115824733353,0.0,
0.0,0.004803599643335604,1.3138351961188494E-5,0.18161311108795927,0.0,0.0030551115824733353,0.0,
0.0,0.004803599643335604,1.3138351961188494E-5,0.18161311108795927,0.0,0.0030551115824733353,0.0,
0.0,0.004803599643335604,1.3138351961188494E-5,0.1877220202138853,0.0,0.0030551115824733353,0.0,
0.0,0.004803599643335604,1.3138351961188494E-5,0.18448828556485303,0.0,0.0030551115824733353,0.0,
0.0,0.004803599643335604,1.3138351961188494E-5,0.1806735178069679,0.0,0.0030551115824733353,0.0,
0.0,0.004803599643335604,1.3138351961188494E-5,0.16462971126100476,0.0,0.0030551115824733353,0.0,
0.0,0.004803599643335604,1.3138351961188494E-5,0.1594016997098157,0.0,0.0030551115824733353,0.0,
0.0,0.004803599643335604,1.3138351961188494E-5,0.1594016997098157,0.0,0.0030551115824733353,0.0,
0.0,0.004803599643335604,1.3138351961188494E-5,0.15980749305787842,0.0,0.0030551115824733353,0.0,
0.0,0.004803599643335604,1.3138351961188494E-5,0.1590744880102498,0.0,0.0030551115824733353,0.0,
0.0,0.004803599643335604,1.3138351961188494E-5,0.1590744880102498,0.0,0.0030551115824733353,0.0,
0.0,0.004803599643335604,1.3138351961188494E-5,0.1590744880102498,0.0,0.0030551115824733353,0.0,
0.0,0.004803599643335604,1.3138351961188494E-5,0.16456966307606913,0.0,0.0030551115824733353,0.0,
0.0,0.004803599643335604,1.3138351961188494E-5,0.1718806108425383,0.0,0.0030551115824733353,0.0,
0.0,0.004803599643335604,1.3138351961188494E-5,0.1718806108425383,0.0,0.0030551115824733353,0.0,
0.0,0.004803599643335604,1.3138351961188494E-5,0.17462276379567873,0.0,0.0030551115824733353,0.0,
0.0,0.004803599643335604,1.3138351961188494E-5,0.1732553719376837,0.0,0.0030551115824733353,0.0,
0.0,0.004803599643335604,1.3138351961188494E-5,0.17170163162278151,0.0,0.0030551115824733353,0.0,
0.0,0.004803599643335604,1.3138351961188494E-5,0.16946884346995678,0.0,0.0030551115824733353,0.0,
0.0,0.004803599643335604,1.3138351961188494E-5,0.16616890835440057,0.0,0.0030551115824733353,0.0,
0.0,0.004803599643335604,1.3138351961188494E-5,0.16677645220985066,0.0,0.0030551115824733353,0.0,
0.0,0.004803599643335604,1.3138351961188494E-5,0.16524128665883667,0.0,0.0030551115824733353,0.0,
0.0,0.004803599643335604,1.3138351961188494E-5,0.16524128665883667,0.0,0.0030551115824733353,0.0,
0.0,0.004803599643335604,1.3138351961188494E-5,0.1656492325391325,0.0,0.0030551115824733353,0.0,
0.0,0.004803599643335604,1.3138351961188494E-5,0.17255722041540403,0.0,0.0030551115824733353,0.0,
0.0,0.004803599643335604,1.3138351961188494E-5,0.17255722041540403,0.0,0.0030551115824733353,0.0,
0.0,0.004803599643335604,1.3138351961188494E-5,0.17041958520699038,0.0,0.0030551115824733353,0.0,
0.0,0.004803599643335604,1.3138351961188494E-5,0.17051053927759777,0.0,0.0030551115824733353,0.0,
0.0,0.004803599643335604,1.3138351961188494E-5,0.17009295346111888,0.0,0.0030551115824733353,0.0,
0.0,0.004803599643335604,1.3138351961188494E-5,0.16841225553481604,0.0,0.0030551115824733353,0.0,
0.0,0.004803599643335604,1.3138351961188494E-5,0.16841225553481604,0.0,0.0030551115824733353,0.0,
0.0,0.004803599643335604,1.3138351961188494E-5,0.16514130781270403,0.0,0.0030551115824733353,0.0,
0.0,0.004803599643335604,1.3138351961188494E-5,0.1648061333011847,0.0,0.0030551115824733353,0.0,
0.0,0.004803599643335604,1.3138351961188494E-5,0.16867708062916037,0.0,0.0030551115824733353,0.0,
0.0,0.004803599643335604,1.3138351961188494E-5,0.16867708062916037,0.0,0.0030551115824733353,0.0,
0.0,0.004803599643335604,1.3138351961188494E-5,0.17198083171979217,0.0,0.0030551115824733353,0.0,
0.0,0.004803599643335604,1.3138351961188494E-5,0.18168079141594445,0.0,0.0030551115824733353,0.0,
0.0,0.004803599643335604,1.3138351961188494E-5,0.18743606001519264,0.0,0.0030551115824733353,0.0,
0.0,0.004803599643335604,1.3138351961188494E-5,0.19591927602911371,0.0,0.0030551115824733353,0.0,
0.0,0.004803599643335604,1.3138351961188494E-5,0.19591927602911371,0.0,0.0030551115824733353,0.0,
0.0,0.004803599643335604,1.3138351961188494E-5,0.2018162173032808,0.0,0.0030551115824733353,0.0,
0.0,0.004803599643335604,1.3138351961188494E-5,0.2018162173032808,0.0,0.0030551115824733353,0.0,
0.0,0.004803599643335604,1.3138351961188494E-5,0.20312899582465857,0.0,0.0030551115824733353,0.0,
0.0,0.004803599643335604,1.3138351961188494E-5,0.20475034881019588,0.0,0.0030551115824733353,0.0,
0.0,0.004803599643335604,1.3138351961188494E-5,0.20481544722695488,0.0,0.0030551115824733353,0.0,
0.0,0.004803599643335604,1.3138351961188494E-5,0.20481544722695488,0.0,0.0030551115824733353,0.0,
0.0,0.004803599643335604,1.3138351961188494E-5,0.19497582686900258,0.0,0.0030551115824733353,0.0,
0.0,0.004803599643335604,1.3138351961188494E-5,0.19497582686900258,0.0,0.0030551115824733353,0.0,
0.0,0.004803599643335604,1.3138351961188494E-5,0.19805472617675057,0.0,0.0030551115824733353,0.0,
0.0,0.004803599643335604,1.3138351961188494E-5,0.20046773475436666,0.0,0.0030551115824733353,0.0,
0.0,0.004803599643335604,1.3138351961188494E-5,0.20245771961368705,0.0,0.0030551115824733353,0.0,
0.0,0.004803599643335604,1.3138351961188494E-5,0.2000421894609433,0.0,0.0030551115824733353,0.0,
0.0,0.004803599643335604,1.3138351961188494E-5,0.2000421894609433,0.0,0.0030551115824733353,0.0,
0.0,0.004803599643335604,1.3138351961188494E-5,0.19881965128859247,0.0,0.0030551115824733353,0.0,
0.0,0.004803599643335604,1.3138351961188494E-5,0.1959180238726409,0.0,0.0030551115824733353,0.0,
0.0,0.004803599643335604,1.3138351961188494E-5,0.18466042600686447,0.0,0.0030551115824733353,0.0,
0.0,0.004803599643335604,1.3138351961188494E-5,0.18553766946525932,0.0,0.0030551115824733353,0.0,
0.0,0.004803599643335604,1.3138351961188494E-5,0.18735498385774219,0.0,0.0030551115824733353,0.0,
0.0,0.004803599643335604,1.3138351961188494E-5,0.18735498385774219,0.0,0.0030551115824733353,0.0,
0.0,0.004803599643335604,1.3138351961188494E-5,0.19239844594874336,0.0,0.0030551115824733353,0.0,
0.0,0.004803599643335604,1.3138351961188494E-5,0.1935152051152237,0.0,0.0030551115824733353,0.0,
0.0,0.004803599643335604,1.3138351961188494E-5,0.19506127555693623,0.0,0.0030551115824733353,0.0,
0.0,0.004803599643335604,1.3138351961188494E-5,0.19515780436067928,0.0,0.0030551115824733353,0.0,
0.0,0.004803599643335604,1.3138351961188494E-5,0.19515780436067928,0.0,0.0030551115824733353,0.0,
0.0,0.004803599643335604,1.3138351961188494E-5,0.1901817092285276,0.0,0.0030551115824733353,0.0,
0.0,0.004803599643335604,1.3138351961188494E-5,0.19059572235914063,0.0,0.0030551115824733353,0.0,
0.0,0.004803599643335604,1.3138351961188494E-5,0.1931529237392188,0.0,0.0030551115824733353,0.0,
0.0,0.004803599643335604,1.3138351961188494E-5,0.19456280693142247,0.0,0.0030551115824733353,0.0,
0.0,0.004803599643335604,1.3138351961188494E-5,0.19456280693142247,0.0,0.0030551115824733353,0.0,
0.0,0.004803599643335604,1.3138351961188494E-5,0.19908641944470679,0.0,0.0030551115824733353,0.0,
0.0,0.004803599643335604,1.3138351961188494E-5,0.19908641944470679,0.0,0.0030551115824733353,0.0,
0.0,0.004803599643335604,1.3138351961188494E-5,0.18558423382366976,0.0,0.0030551115824733353,0.0,
0.0,0.004803599643335604,1.3138351961188494E-5,0.17823996521250596,0.0,0.0030551115824733353,0.0,
0.0,0.004803599643335604,1.3138351961188494E-5,0.17023534499926182,0.0,0.0030551115824733353,0.0,
0.0,0.004803599643335604,1.3138351961188494E-5,0.17023534499926182,0.0,0.0030551115824733353,0.0,
0.0,0.004803599643335604,1.3138351961188494E-5,0.17023534499926182,0.0,0.0030551115824733353,0.0,
0.0,0.004803599643335604,1.3138351961188494E-5,0.1690265629620982,0.0,0.0030551115824733353,0.0,
0.0,0.004803599643335604,1.3138351961188494E-5,0.1740980593248408,0.0,0.0030551115824733353,0.0,
0.0,0.004803599643335604,1.3138351961188494E-5,0.1740980593248408,0.0,0.0030551115824733353,0.0,
0.0,0.004803599643335604,1.3138351961188494E-5,0.1803734191125454,0.0,0.0030551115824733353,0.0,
0.0,0.004803599643335604,1.3138351961188494E-5,0.18681164701620906,0.0,0.0030551115824733353,0.0,
0.0,0.004803599643335604,1.3138351961188494E-5,0.18799536485032323,0.0,0.0030551115824733353,0.0,
0.0,0.004803599643335604,1.3138351961188494E-5,0.1865567616427629,0.0,0.0030551115824733353,0.0,
0.0,0.004803599643335604,1.3138351961188494E-5,0.18644518526368492,0.0,0.0030551115824733353,0.0,
0.0,0.004803599643335604,1.3138351961188494E-5,0.18644518526368492,0.0,0.0030551115824733353,0.0,
0.0,0.004803599643335604,1.3138351961188494E-5,0.18644518526368492,0.0,0.0030551115824733353,0.0,
0.0,0.004803599643335604,1.3138351961188494E-5,0.19154658647725895,0.0,0.0030551115824733353,0.0,
0.0,0.004803599643335604,1.3138351961188494E-5,0.19295059166781112,0.0,0.0030551115824733353,0.0,
0.0,0.004803599643335604,1.3138351961188494E-5,0.19330170627917187,0.0,0.0030551115824733353,0.0,
0.0,0.004803599643335604,1.3138351961188494E-5,0.18721943700547308,0.0,0.0030551115824733353,0.0,
0.0,0.004803599643335604,1.3138351961188494E-5,0.17881600303451478,0.0,0.0030551115824733353,0.0,
0.0,0.004803599643335604,1.3138351961188494E-5,0.17855014894181723,0.0,0.0030551115824733353,0.0,
0.0,0.004803599643335604,1.3138351961188494E-5,0.17855014894181723,0.0,0.0030551115824733353,0.0,
0.0,0.004803599643335604,1.3138351961188494E-5,0.1720138537538573,0.0,0.0030551115824733353,0.0,
0.0,0.004803599643335604,1.3138351961188494E-5,0.17357306182521468,0.0,0.0030551115824733353,0.0,
0.0,0.004803599643335604,1.3138351961188494E-5,0.18242198445793953,0.0,0.0030551115824733353,0.0,
0.0,0.004803599643335604,1.3138351961188494E-5,0.18296289692521847,0.0,0.0030551115824733353,0.0,
0.0,0.004803599643335604,1.3138351961188494E-5,0.18346797134552104,0.0,0.0030551115824733353,0.0,
0.0,0.004803599643335604,1.3138351961188494E-5,0.18346797134552104,0.0,0.0030551115824733353,0.0,
0.0,0.004803599643335604,1.3138351961188494E-5,0.1845194362479704,0.0,0.0030551115824733353,0.0,
0.0,0.004803599643335604,1.3138351961188494E-5,0.18699318838006307,0.0,0.0030551115824733353,0.0,
0.0,0.004803599643335604,1.3138351961188494E-5,0.1844277602052685,0.0,0.0030551115824733353,0.0,
0.0,0.004803599643335604,1.3138351961188494E-5,0.18788215221139315,0.0,0.0030551115824733353,0.0,
0.0,0.004803599643335604,1.3138351961188494E-5,0.18788215221139315,0.0,0.0030551115824733353,0.0,
0.0,0.004803599643335604,1.3138351961188494E-5,0.18266936218671345,0.0,0.0030551115824733353,0.0,
0.0,0.004803599643335604,1.3138351961188494E-5,0.18201194426391265,0.0,0.0030551115824733353,0.0,
0.0,0.004803599643335604,1.3138351961188494E-5,0.18201194426391265,0.0,0.0030551115824733353,0.0,
0.0,0.004803599643335604,1.3138351961188494E-5,0.1834911231059712,0.0,0.0030551115824733353,0.0,
0.0,0.004803599643335604,1.3138351961188494E-5,0.18882403952078147,0.0,0.0030551115824733353,0.0,
0.0,0.004803599643335604,1.3138351961188494E-5,0.19339479535034743,0.0,0.0030551115824733353,0.0,
0.0,0.004803599643335604,1.3138351961188494E-5,0.19505913068283234,0.0,0.0030551115824733353,0.0,
0.0,0.004803599643335604,1.3138351961188494E-5,0.19505913068283234,0.0,0.0030551115824733353,0.0,
0.0,0.004803599643335604,1.3138351961188494E-5,0.1979927396981466,0.0,0.0030551115824733353,0.0,
0.0,0.004803599643335604,1.3138351961188494E-5,0.20035157521465663,0.0,0.0030551115824733353,0.0,
0.0,0.004803599643335604,1.3138351961188494E-5,0.20717301341411504,0.0,0.0030551115824733353,0.0,
0.0,0.004803599643335604,1.3138351961188494E-5,0.20214948529444346,0.0,0.0030551115824733353,0.0,
0.0,0.004803599643335604,1.3138351961188494E-5,0.20479644059385085,0.0,0.0030551115824733353,0.0,
0.0,0.004803599643335604,1.3138351961188494E-5,0.20479644059385085,0.0,0.0030551115824733353,0.0,
0.0,0.004803599643335604,1.3138351961188494E-5,0.20479644059385085,0.0,0.0030551115824733353,0.0,
0.0,0.004803599643335604,1.3138351961188494E-5,0.20481966857479536,0.0,0.0030551115824733353,0.0,
0.0,0.004803599643335604,1.3138351961188494E-5,0.21375173100814832,0.0,0.0030551115824733353,0.0,
0.0,0.004803599643335604,1.3138351961188494E-5,0.21859277698224258,0.0,0.0030551115824733353,0.0,
0.0,0.004803599643335604,1.3138351961188494E-5,0.224952626279004,0.0,0.0030551115824733353,0.0,
0.0,0.004803599643335604,1.3138351961188494E-5,0.2091862821686053,0.0,0.0030551115824733353,0.0,
0.0,0.004803599643335604,1.3138351961188494E-5,0.20467899936829748,0.0,0.0030551115824733353,0.0,
0.0,0.004803599643335604,1.3138351961188494E-5,0.200389349643314,0.0,0.0030551115824733353,0.0,
0.0,0.004803599643335604,1.3138351961188494E-5,0.18778318214846215,0.0,0.0030551115824733353,0.0,
0.0,0.004803599643335604,1.3138351961188494E-5,0.18778318214846215,0.0,0.0030551115824733353,0.0,
0.0,0.004803599643335604,1.3138351961188494E-5,0.1832767540844408,0.0,0.0030551115824733353,0.0,
0.0,0.004803599643335604,1.3138351961188494E-5,0.18470117962878288,0.0,0.0030551115824733353,0.0,
0.0,0.004803599643335604,1.3138351961188494E-5,0.1865766491465288,0.0,0.0030551115824733353,0.0,
0.0,0.004803599643335604,1.3138351961188494E-5,0.18417491415217674,0.0,0.0030551115824733353,0.0,
0.0,0.004803599643335604,1.3138351961188494E-5,0.18508191146247666,0.0,0.0030551115824733353,0.0,
0.0,0.004803599643335604,1.3138351961188494E-5,0.17431606906528882,0.0,0.0030551115824733353,0.0,
0.0,0.004803599643335604,1.3138351961188494E-5,0.19030642884127547,0.0,0.0030551115824733353,0.0,
0.0,0.004803599643335604,1.3138351961188494E-5,0.19030642884127547,0.0,0.0030551115824733353,0.0,
0.0,0.004803599643335604,1.3138351961188494E-5,0.19221263655268617,0.0,0.0030551115824733353,0.0,
0.0,0.004803599643335604,1.3138351961188494E-5,0.20103228929578348,0.0,0.0030551115824733353,0.0,
0.0,0.004803599643335604,1.3138351961188494E-5,0.19948931756806304,0.0,0.0030551115824733353,0.0,
0.0,0.004803599643335604,1.3138351961188494E-5,0.19367450921227253,0.0,0.0030551115824733353,0.0,
0.0,0.004803599643335604,1.3138351961188494E-5,0.19523026540992885,0.0,0.0030551115824733353,0.0,
0.0,0.004803599643335604,1.3138351961188494E-5,0.19522750691863033,0.0,0.0030551115824733353,0.0,
0.0,0.004803599643335604,1.3138351961188494E-5,0.1932096572937065,0.0,0.0030551115824733353,0.0,
0.0,0.004803599643335604,1.3138351961188494E-5,0.19526923885870484,0.0,0.0030551115824733353,0.0,
0.0,0.004803599643335604,1.3138351961188494E-5,0.19496179794768365,0.0,0.0030551115824733353,0.0,
0.0,0.004803599643335604,1.3138351961188494E-5,0.19841579359142186,0.0,0.0030551115824733353,0.0,
0.0,0.004803599643335604,1.3138351961188494E-5,0.20063084450661553,0.0,0.0030551115824733353,0.0,
0.0,0.004803599643335604,1.3138351961188494E-5,0.19216821453502667,0.0,0.0030551115824733353,0.0,
0.0,0.004803599643335604,1.3138351961188494E-5,0.19615913445869326,0.0,0.0030551115824733353,0.0,
0.0,0.004803599643335604,1.3138351961188494E-5,0.187884181766372,0.0,0.0030551115824733353,0.0,
0.0,0.004803599643335604,1.3138351961188494E-5,0.187884181766372,0.0,0.0030551115824733353,0.0,
0.0,0.004803599643335604,1.3138351961188494E-5,0.187884181766372,0.0,0.0030551115824733353,0.0,
0.0,0.004803599643335604,1.3138351961188494E-5,0.187884181766372,0.0,0.0030551115824733353,0.0,
0.0,0.004803599643335604,1.3138351961188494E-5,0.18376957906151536,0.0,0.0030551115824733353,0.0,
0.0,0.004803599643335604,1.3138351961188494E-5,0.17873980910166565,0.0,0.0030551115824733353,0.0,
0.0,0.004803599643335604,1.3138351961188494E-5,0.17772576760269196,0.0,0.0030551115824733353,0.0,
0.0,0.004803599643335604,1.3138351961188494E-5,0.17772576760269196,0.0,0.0030551115824733353,0.0,
0.0,0.004803599643335604,1.3138351961188494E-5,0.17772576760269196,0.0,0.0030551115824733353,0.0,
0.0,0.004803599643335604,1.3138351961188494E-5,0.17635089049991304,0.0,0.0030551115824733353,0.0,
0.0,0.004803599643335604,1.3138351961188494E-5,0.1851399337681291,0.0,0.0030551115824733353,0.0,
0.0,0.004803599643335604,1.3138351961188494E-5,0.1851399337681291,0.0,0.0030551115824733353,0.0,
0.0,0.004803599643335604,1.3138351961188494E-5,0.18691195259691618,0.0,0.0030551115824733353,0.0,
0.0,0.004803599643335604,1.3138351961188494E-5,0.18691195259691618,0.0,0.0030551115824733353,0.0,
0.0,0.004803599643335604,1.3138351961188494E-5,0.1866134222663286,0.0,0.0030551115824733353,0.0,
0.0,0.004803599643335604,1.3138351961188494E-5,0.18079750536243455,0.0,0.0030551115824733353,0.0,
0.0,0.004803599643335604,1.3138351961188494E-5,0.17670841895622133,0.0,0.0030551115824733353,0.0,
0.0,0.004803599643335604,1.3138351961188494E-5,0.17805719179173235,0.0,0.0030551115824733353,0.0,
0.0,0.004803599643335604,1.3138351961188494E-5,0.1801908033391444,0.0,0.0030551115824733353,0.0,
0.0,0.004803599643335604,1.3138351961188494E-5,0.1714485743360068,0.0,0.0030551115824733353,0.0,
0.0,0.004803599643335604,1.3138351961188494E-5,0.1682703567642315,0.0,0.0030551115824733353,0.0,
0.0,0.004803599643335604,1.3138351961188494E-5,0.16468378556676166,0.0,0.0030551115824733353,0.0,
0.0,0.004803599643335604,1.3138351961188494E-5,0.1644932548091675,0.0,0.0030551115824733353,0.0,
0.0,0.004803599643335604,1.3138351961188494E-5,0.15958600189727823,0.0,0.0030551115824733353,0.0,
0.0,0.004803599643335604,1.3138351961188494E-5,0.15958600189727823,0.0,0.0030551115824733353,0.0,
0.0,0.004803599643335604,1.3138351961188494E-5,0.15958600189727823,0.0,0.0030551115824733353,0.0,
0.0,0.004803599643335604,1.3138351961188494E-5,0.16826813119832462,0.0,0.0030551115824733353,0.0,
0.0,0.004803599643335604,1.3138351961188494E-5,0.17068538833636634,0.0,0.0030551115824733353,0.0,
0.0,0.004803599643335604,1.3138351961188494E-5,0.17360862196421373,0.0,0.0030551115824733353,0.0,
0.0,0.004803599643335604,1.3138351961188494E-5,0.17360862196421373,0.0,0.0030551115824733353,0.0,
0.0,0.004803599643335604,1.3138351961188494E-5,0.17360862196421373,0.0,0.0030551115824733353,0.0,
0.0,0.004803599643335604,1.3138351961188494E-5,0.17360862196421373,0.0,0.0030551115824733353,0.0,
0.0,0.004803599643335604,1.3138351961188494E-5,0.1882469435311418,0.0,0.0030551115824733353,0.0,
0.0,0.004803599643335604,1.3138351961188494E-5,0.19143068787694187,0.0,0.0030551115824733353,0.0,
0.0,0.004803599643335604,1.3138351961188494E-5,0.18400893959784043,0.0,0.0030551115824733353,0.0,
0.0,0.004803599643335604,1.3138351961188494E-5,0.1881507364600077,0.0,0.0030551115824733353,0.0,
0.0,0.004803599643335604,1.3138351961188494E-5,0.1906605504684487,0.0,0.0030551115824733353,0.0,
0.0,0.004803599643335604,1.3138351961188494E-5,0.19252643787662205,0.0,0.0030551115824733353,0.0,
0.0,0.004803599643335604,1.3138351961188494E-5,0.1918221967313448,0.0,0.0030551115824733353,0.0,
0.0,0.004803599643335604,1.3138351961188494E-5,0.18592447082741317,0.0,0.0030551115824733353,0.0,
0.0,0.004803599643335604,1.3138351961188494E-5,0.18592447082741317,0.0,0.0030551115824733353,0.0,
0.0,0.004803599643335604,1.3138351961188494E-5,0.18951842495333066,0.0,0.0030551115824733353,0.0,
0.0,0.004803599643335604,1.3138351961188494E-5,0.18951842495333066,0.0,0.0030551115824733353,0.0,
0.0,0.004803599643335604,1.3138351961188494E-5,0.18951842495333066,0.0,0.0030551115824733353,0.0,
0.0,0.004803599643335604,1.3138351961188494E-5,0.18951842495333066,0.0,0.0030551115824733353,0.0,
0.0,0.004803599643335604,1.3138351961188494E-5,0.19862124986610544,0.0,0.0030551115824733353,0.0,
0.0,0.004803599643335604,1.3138351961188494E-5,0.20050126162547185,0.0,0.0030551115824733353,0.0,
0.0,0.004803599643335604,1.3138351961188494E-5,0.1999941986063557,0.0,0.0030551115824733353,0.0,
0.0,0.004803599643335604,1.3138351961188494E-5,0.18391090433530285,0.0,0.0030551115824733353,0.0,
0.0,0.004803599643335604,1.3138351961188494E-5,0.18601225957955173,0.0,0.0030551115824733353,0.0,
0.0,0.004803599643335604,1.3138351961188494E-5,0.187029194365844,0.0,0.0030551115824733353,0.0,
0.0,0.004803599643335604,1.3138351961188494E-5,0.18780436768008954,0.0,0.0030551115824733353,0.0,
0.0,0.004803599643335604,1.3138351961188494E-5,0.1884435709030349,0.0,0.0030551115824733353,0.0,
0.0,0.004803599643335604,1.3138351961188494E-5,0.18504074378687213,0.0,0.0030551115824733353,0.0,
0.0,0.004803599643335604,1.3138351961188494E-5,0.1876214706035717,0.0,0.0030551115824733353,0.0,
0.0,0.004803599643335604,1.3138351961188494E-5,0.18440341715466194,0.0,0.0030551115824733353,0.0,
0.0,0.004803599643335604,1.3138351961188494E-5,0.17800632943912129,0.0,0.0030551115824733353,0.0,
0.0,0.004803599643335604,1.3138351961188494E-5,0.17309165299381843,0.0,0.0030551115824733353,0.0,
0.0,0.004803599643335604,1.3138351961188494E-5,0.17235828699240496,0.0,0.0030551115824733353,0.0,
0.0,0.004803599643335604,1.3138351961188494E-5,0.17235828699240496,0.0,0.0030551115824733353,0.0,
0.0,0.004803599643335604,1.3138351961188494E-5,0.17554209445790486,0.0,0.0030551115824733353,0.0,
0.0,0.004803599643335604,1.3138351961188494E-5,0.1781508491282238,0.0,0.0030551115824733353,0.0,
0.0,0.004803599643335604,1.3138351961188494E-5,0.1793369432115382,0.0,0.0030551115824733353,0.0,
0.0,0.004803599643335604,1.3138351961188494E-5,0.18057973329632565,0.0,0.0030551115824733353,0.0,
0.0,0.004803599643335604,1.3138351961188494E-5,0.18100065571414045,0.0,0.0030551115824733353,0.0,
0.0,0.004803599643335604,1.3138351961188494E-5,0.18100065571414045,0.0,0.0030551115824733353,0.0,
0.0,0.004803599643335604,1.3138351961188494E-5,0.18928998365312966,0.0,0.0030551115824733353,0.0,
0.0,0.004803599643335604,1.3138351961188494E-5,0.19096810894491834,0.0,0.0030551115824733353,0.0,
0.0,0.004803599643335604,1.3138351961188494E-5,0.19319901087554198,0.0,0.0030551115824733353,0.0,
0.0,0.004803599643335604,1.3138351961188494E-5,0.18830115069923214,0.0,0.0030551115824733353,0.0,
0.0,0.004803599643335604,1.3138351961188494E-5,0.18799745766333661,0.0,0.0030551115824733353,0.0,
0.0,0.004803599643335604,1.3138351961188494E-5,0.18362223943827963,0.0,0.0030551115824733353,0.0,
0.0,0.004803599643335604,1.3138351961188494E-5,0.1830523274787776,0.0,0.0030551115824733353,0.0,
0.0,0.004803599643335604,1.3138351961188494E-5,0.18680458729632943,0.0,0.0030551115824733353,0.0,
0.0,0.004803599643335604,1.3138351961188494E-5,0.18232285720416042,0.0,0.0030551115824733353,0.0,
0.0,0.004803599643335604,1.3138351961188494E-5,0.1774729310785619,0.0,0.0030551115824733353,0.0,
0.0,0.004803599643335604,1.3138351961188494E-5,0.16308351498032383,0.0,0.0030551115824733353,0.0,
0.0,0.004803599643335604,1.3138351961188494E-5,0.1559443139997637,0.0,0.0030551115824733353,0.0,
0.0,0.004803599643335604,1.3138351961188494E-5,0.15655593989289324,0.0,0.0030551115824733353,0.0,
0.0,0.004803599643335604,1.3138351961188494E-5,0.155116443850798,0.0,0.0030551115824733353,0.0,
0.0,0.004803599643335604,1.3138351961188494E-5,0.15703096205862646,0.0,0.0030551115824733353,0.0,
0.0,0.004803599643335604,1.3138351961188494E-5,0.16101113016696467,0.0,0.0030551115824733353,0.0,
0.0,0.004803599643335604,1.3138351961188494E-5,0.15923694966531357,0.0,0.0030551115824733353,0.0,
0.0,0.004803599643335604,1.3138351961188494E-5,0.1584809370056215,0.0,0.0030551115824733353,0.0,
0.0,0.004803599643335604,1.3138351961188494E-5,0.1538960896563163,0.0,0.0030551115824733353,0.0,
0.0,0.004803599643335604,1.3138351961188494E-5,0.1538960896563163,0.0,0.0030551115824733353,0.0,
0.0,0.004803599643335604,1.3138351961188494E-5,0.1561848700907288,0.0,0.0030551115824733353,0.0,
0.0,0.004803599643335604,1.3138351961188494E-5,0.15269245356212313,0.0,0.0030551115824733353,0.0,
0.0,0.004803599643335604,1.3138351961188494E-5,0.15159050329961088,0.0,0.0030551115824733353,0.0,
0.0,0.004803599643335604,1.3138351961188494E-5,0.1492865694663596,0.0,0.0030551115824733353,0.0,
0.0,0.004803599643335604,1.3138351961188494E-5,0.15188711393451582,0.0,0.0030551115824733353,0.0,
0.0,0.004803599643335604,1.3138351961188494E-5,0.15494682321349212,0.0,0.0030551115824733353,0.0,
0.0,0.004803599643335604,1.3138351961188494E-5,0.15939637769319676,0.0,0.0030551115824733353,0.0,
0.0,0.004803599643335604,1.3138351961188494E-5,0.1704971580613436,0.0,0.0030551115824733353,0.0,
0.0,0.004803599643335604,1.3138351961188494E-5,0.17950785182514847,0.0,0.0030551115824733353,0.0,
0.0,0.004803599643335604,1.3138351961188494E-5,0.17893407751113152,0.0,0.0030551115824733353,0.0,
0.0,0.004803599643335604,1.3138351961188494E-5,0.1807022337536771,0.0,0.0030551115824733353,0.0,
0.0,0.004803599643335604,1.3138351961188494E-5,0.1807022337536771,0.0,0.0030551115824733353,0.0,
0.0,0.004803599643335604,1.3138351961188494E-5,0.18226273095809942,0.0,0.0030551115824733353,0.0,
0.0,0.004803599643335604,1.3138351961188494E-5,0.17850839183955325,0.0,0.0030551115824733353,0.0,
0.0,0.004803599643335604,1.3138351961188494E-5,0.18438332781994088,0.0,0.0030551115824733353,0.0,
0.0,0.004803599643335604,1.3138351961188494E-5,0.1881465272792411,0.0,0.0030551115824733353,0.0,
0.0,0.004803599643335604,1.3138351961188494E-5,0.19191984819651525,0.0,0.0030551115824733353,0.0,
0.0,0.004803599643335604,1.3138351961188494E-5,0.196882714443185,0.0,0.0030551115824733353,0.0,
0.0,0.004803599643335604,1.3138351961188494E-5,0.19110092248298444,0.0,0.0030551115824733353,0.0,
0.0,0.004803599643335604,1.3138351961188494E-5,0.19415344483941632,0.0,0.0030551115824733353,0.0,
0.0,0.004803599643335604,1.3138351961188494E-5,0.19126201405727133,0.0,0.0030551115824733353,0.0,
0.0,0.004803599643335604,1.3138351961188494E-5,0.18837736024455257,0.0,0.0030551115824733353,0.0,
0.0,0.004803599643335604,1.3138351961188494E-5,0.17951649239635561,0.0,0.0030551115824733353,0.0,
0.0,0.004803599643335604,1.3138351961188494E-5,0.17267235988468976,0.0,0.0030551115824733353,0.0,
0.0,0.004803599643335604,1.3138351961188494E-5,0.17250597020662864,0.0,0.0030551115824733353,0.0,
0.0,0.004803599643335604,1.3138351961188494E-5,0.17250597020662864,0.0,0.0030551115824733353,0.0,
0.0,0.004803599643335604,1.3138351961188494E-5,0.1789545436522266,0.0,0.0030551115824733353,0.0,
0.0,0.004803599643335604,1.3138351961188494E-5,0.18089892187388698,0.0,0.0030551115824733353,0.0,
0.0,0.004803599643335604,1.3138351961188494E-5,0.17719156232984917,0.0,0.0030551115824733353,0.0,
0.0,0.004803599643335604,1.3138351961188494E-5,0.1846570274763154,0.0,0.0030551115824733353,0.0,
0.0,0.004803599643335604,1.3138351961188494E-5,0.18211714480752503,0.0,0.0030551115824733353,0.0,
0.0,0.004803599643335604,1.3138351961188494E-5,0.18429822887737593,0.0,0.0030551115824733353,0.0,
0.0,0.004803599643335604,1.3138351961188494E-5,0.18537385560081018,0.0,0.0030551115824733353,0.0,
0.0,0.004803599643335604,1.3138351961188494E-5,0.18986665486564377,0.0,0.0030551115824733353,0.0,
0.0,0.004803599643335604,1.3138351961188494E-5,0.19187822919510533,0.0,0.0030551115824733353,0.0,
0.0,0.004803599643335604,1.3138351961188494E-5,0.19317289824689204,0.0,0.0030551115824733353,0.0,
0.0,0.004803599643335604,1.3138351961188494E-5,0.1868680526599453,0.0,0.0030551115824733353,0.0,
0.0,0.004803599643335604,1.3138351961188494E-5,0.18869421333576208,0.0,0.0030551115824733353,0.0,
0.0,0.004803599643335604,1.3138351961188494E-5,0.1885426477100221,0.0,0.0030551115824733353,0.0,
0.0,0.004803599643335604,1.3138351961188494E-5,0.1868285289549212,0.0,0.0030551115824733353,0.0,
0.0,0.004803599643335604,1.3138351961188494E-5,0.1868285289549212,0.0,0.0030551115824733353,0.0,
0.0,0.004803599643335604,1.3138351961188494E-5,0.18600521371465673,0.0,0.0030551115824733353,0.0,
0.0,0.004803599643335604,1.3138351961188494E-5,0.18605918687286757,0.0,0.0030551115824733353,0.0,
0.0,0.004803599643335604,1.3138351961188494E-5,0.18605918687286757,0.0,0.0030551115824733353,0.0,
0.0,0.004803599643335604,1.3138351961188494E-5,0.18021786033042364,0.0,0.0030551115824733353,0.0,
0.0,0.004803599643335604,1.3138351961188494E-5,0.17315647441364984,0.0,0.0030551115824733353,0.0,
0.0,0.004803599643335604,1.3138351961188494E-5,0.1709990159158433,0.0,0.0030551115824733353,0.0,
0.0,0.004803599643335604,1.3138351961188494E-5,0.16096508595896916,0.0,0.0030551115824733353,0.0,
0.0,0.004803599643335604,1.3138351961188494E-5,0.15728942223086614,0.0,0.0030551115824733353,0.0,
0.0,0.004803599643335604,1.3138351961188494E-5,0.15552350811390425,0.0,0.0030551115824733353,0.0,
0.0,0.004803599643335604,1.3138351961188494E-5,0.15785170826723893,0.0,0.0030551115824733353,0.0,
0.0,0.004803599643335604,1.3138351961188494E-5,0.16643194777855055,0.0,0.0030551115824733353,0.0,
0.0,0.004803599643335604,1.3138351961188494E-5,0.16945793163232883,0.0,0.0030551115824733353,0.0,
0.0,0.004803599643335604,1.3138351961188494E-5,0.1676587703426737,0.0,0.0030551115824733353,0.0,
0.0,0.004803599643335604,1.3138351961188494E-5,0.1649850887159601,0.0,0.0030551115824733353,0.0,
0.0,0.004803599643335604,1.3138351961188494E-5,0.167634362325045,0.0,0.0030551115824733353,0.0,
0.0,0.004803599643335604,1.3138351961188494E-5,0.17327750650435236,0.0,0.0030551115824733353,0.0,
0.0,0.004803599643335604,1.3138351961188494E-5,0.17649510528792844,0.0,0.0030551115824733353,0.0,
0.0,0.004803599643335604,1.3138351961188494E-5,0.17640399601805307,0.0,0.0030551115824733353,0.0,
0.0,0.004803599643335604,1.3138351961188494E-5,0.16678617346544428,0.0,0.0030551115824733353,0.0,
0.0,0.004803599643335604,1.3138351961188494E-5,0.15149760154364683,0.0,0.0030551115824733353,0.0,
0.0,0.004803599643335604,1.3138351961188494E-5,0.15186962016582967,0.0,0.0030551115824733353,0.0,
0.0,0.004803599643335604,1.3138351961188494E-5,0.16134396721945699,0.0,0.0030551115824733353,0.0,
0.0,0.004803599643335604,1.3138351961188494E-5,0.16134396721945699,0.0,0.0030551115824733353,0.0,
0.0,0.004803599643335604,1.3138351961188494E-5,0.16134396721945699,0.0,0.0030551115824733353,0.0,
0.0,0.004803599643335604,1.3138351961188494E-5,0.16134396721945699,0.0,0.0030551115824733353,0.0,
0.0,0.004803599643335604,1.3138351961188494E-5,0.16591713223475246,0.0,0.0030551115824733353,0.0,
0.0,0.004803599643335604,1.3138351961188494E-5,0.16591713223475246,0.0,0.0030551115824733353,0.0,
0.0,0.004803599643335604,1.3138351961188494E-5,0.16591713223475246,0.0,0.0030551115824733353,0.0,
0.0,0.004803599643335604,1.3138351961188494E-5,0.17241441284483833,0.0,0.0030551115824733353,0.0,
0.0,0.004803599643335604,1.3138351961188494E-5,0.16723077164006805,0.0,0.0030551115824733353,0.0,
0.0,0.004803599643335604,1.3138351961188494E-5,0.17175795140850159,0.0,0.0030551115824733353,0.0,
0.0,0.004803599643335604,1.3138351961188494E-5,0.17425823142227356,0.0,0.0030551115824733353,0.0,
0.0,0.004803599643335604,1.3138351961188494E-5,0.1859828196885514,0.0,0.0030551115824733353,0.0,
0.0,0.004803599643335604,1.3138351961188494E-5,0.1847805081970336,0.0,0.0030551115824733353,0.0,
0.0,0.004803599643335604,1.3138351961188494E-5,0.17394247220395725,0.0,0.0030551115824733353,0.0,
0.0,0.004803599643335604,1.3138351961188494E-5,0.17044627143575714,0.0,0.0030551115824733353,0.0,
0.0,0.004803599643335604,1.3138351961188494E-5,0.172711949107263,0.0,0.0030551115824733353,0.0,
0.0,0.004803599643335604,1.3138351961188494E-5,0.16761689272975505,0.0,0.0030551115824733353,0.0,
0.0,0.004803599643335604,1.3138351961188494E-5,0.16468126359998927,0.0,0.0030551115824733353,0.0,
0.0,0.004803599643335604,1.3138351961188494E-5,0.1658118879159255,0.0,0.0030551115824733353,0.0,
0.0,0.004803599643335604,1.3138351961188494E-5,0.16767586343900803,0.0,0.0030551115824733353,0.0,
0.0,0.004803599643335604,1.3138351961188494E-5,0.1678243977709844,0.0,0.0030551115824733353,0.0,
0.0,0.004803599643335604,1.3138351961188494E-5,0.1693531284525035,0.0,0.0030551115824733353,0.0,
0.0,0.004803599643335604,1.3138351961188494E-5,0.1709896209357225,0.0,0.0030551115824733353,0.0,
0.0,0.004803599643335604,1.3138351961188494E-5,0.17258883139979228,0.0,0.0030551115824733353,0.0,
0.0,0.004803599643335604,1.3138351961188494E-5,0.18457699187672696,0.0,0.0030551115824733353,0.0,
0.0,0.004803599643335604,1.3138351961188494E-5,0.18168059854418164,0.0,0.0030551115824733353,0.0,
0.0,0.004803599643335604,1.3138351961188494E-5,0.17841363635782176,0.0,0.0030551115824733353,0.0,
0.0,0.004803599643335604,1.3138351961188494E-5,0.18079767424379184,0.0,0.0030551115824733353,0.0,
0.0,0.004803599643335604,1.3138351961188494E-5,0.18079767424379184,0.0,0.0030551115824733353,0.0,
0.0,0.004803599643335604,1.3138351961188494E-5,0.19565291662212891,0.0,0.0030551115824733353,0.0,
0.0,0.004803599643335604,1.3138351961188494E-5,0.20436531118508197,0.0,0.0030551115824733353,0.0,
0.0,0.004803599643335604,1.3138351961188494E-5,0.19875106313085797,0.0,0.0030551115824733353,0.0,
0.0,0.004803599643335604,1.3138351961188494E-5,0.201178269207806,0.0,0.0030551115824733353,0.0,
0.0,0.004803599643335604,1.3138351961188494E-5,0.1989218225945002,0.0,0.0030551115824733353,0.0,
0.0,0.004803599643335604,1.3138351961188494E-5,0.1986945124398299,0.0,0.0030551115824733353,0.0,
0.0,0.004803599643335604,1.3138351961188494E-5,0.19837514233414322,0.0,0.0030551115824733353,0.0,
0.0,0.004803599643335604,1.3138351961188494E-5,0.19923835738599038,0.0,0.0030551115824733353,0.0,
0.0,0.004803599643335604,1.3138351961188494E-5,0.20057456025250808,0.0,0.0030551115824733353,0.0,
0.0,0.004803599643335604,1.3138351961188494E-5,0.19033820518817599,0.0,0.0030551115824733353,0.0,
0.0,0.004803599643335604,1.3138351961188494E-5,0.19100236394936382,0.0,0.0030551115824733353,0.0,
0.0,0.004803599643335604,1.3138351961188494E-5,0.19192009941188148,0.0,0.0030551115824733353,0.0,
0.0,0.004803599643335604,1.3138351961188494E-5,0.19345268911464197,0.0,0.0030551115824733353,0.0,
0.0,0.004803599643335604,1.3138351961188494E-5,0.19492545597946598,0.0,0.0030551115824733353,0.0,
0.0,0.004803599643335604,1.3138351961188494E-5,0.19743045499464854,0.0,0.0030551115824733353,0.0,
0.0,0.004803599643335604,1.3138351961188494E-5,0.20526733368043965,0.0,0.0030551115824733353,0.0,
0.0,0.004803599643335604,1.3138351961188494E-5,0.20435311322783978,0.0,0.0030551115824733353,0.0,
0.0,0.004803599643335604,1.3138351961188494E-5,0.19382732132077454,0.0,0.0030551115824733353,0.0,
0.0,0.004803599643335604,1.3138351961188494E-5,0.19691804959461842,0.0,0.0030551115824733353,0.0,
0.0,0.004803599643335604,1.3138351961188494E-5,0.19799095548950774,0.0,0.0030551115824733353,0.0,
0.0,0.004803599643335604,1.3138351961188494E-5,0.19132731079728157,0.0,0.0030551115824733353,0.0,
0.0,0.004803599643335604,1.3138351961188494E-5,0.19132731079728157,0.0,0.0030551115824733353,0.0,
0.0,0.004803599643335604,1.3138351961188494E-5,0.1834382184807495,0.0,0.0030551115824733353,0.0,
0.0,0.004803599643335604,1.3138351961188494E-5,0.18338663822588622,0.0,0.0030551115824733353,0.0,
0.0,0.004803599643335604,1.3138351961188494E-5,0.18597722720762624,0.0,0.0030551115824733353,0.0,
0.0,0.004803599643335604,1.3138351961188494E-5,0.18597722720762624,0.0,0.0030551115824733353,0.0,
0.0,0.004803599643335604,1.3138351961188494E-5,0.18597722720762624,0.0,0.0030551115824733353,0.0,
0.0,0.004803599643335604,1.3138351961188494E-5,0.18597722720762624,0.0,0.0030551115824733353,0.0,
0.0,0.004803599643335604,1.3138351961188494E-5,0.19521917770894215,0.0,0.0030551115824733353,0.0,
0.0,0.004803599643335604,1.3138351961188494E-5,0.19521917770894215,0.0,0.0030551115824733353,0.0,
0.0,0.004803599643335604,1.3138351961188494E-5,0.18467326231679956,0.0,0.0030551115824733353,0.0,
0.0,0.004803599643335604,1.3138351961188494E-5,0.178048886524686,0.0,0.0030551115824733353,0.0,
0.0,0.004803599643335604,1.3138351961188494E-5,0.16780773663503323,0.0,0.0030551115824733353,0.0,
0.0,0.004803599643335604,1.3138351961188494E-5,0.16671628551700307,0.0,0.0030551115824733353,0.0,
0.0,0.004803599643335604,1.3138351961188494E-5,0.15542208938297497,0.0,0.0030551115824733353,0.0,
0.0,0.004803599643335604,1.3138351961188494E-5,0.15403879769636275,0.0,0.0030551115824733353,0.0,
0.0,0.004803599643335604,1.3138351961188494E-5,0.15652154951883776,0.0,0.0030551115824733353,0.0,
0.0,0.004803599643335604,1.3138351961188494E-5,0.15807060871120643,0.0,0.0030551115824733353,0.0,
0.0,0.004803599643335604,1.3138351961188494E-5,0.16744966352582735,0.0,0.0030551115824733353,0.0,
0.0,0.004803599643335604,1.3138351961188494E-5,0.16744966352582735,0.0,0.0030551115824733353,0.0,
0.0,0.004803599643335604,1.3138351961188494E-5,0.16799814462562895,0.0,0.0030551115824733353,0.0,
0.0,0.004803599643335604,1.3138351961188494E-5,0.16794628678248427,0.0,0.0030551115824733353,0.0,
0.0,0.004803599643335604,1.3138351961188494E-5,0.16794628678248427,0.0,0.0030551115824733353,0.0,
0.0,0.004803599643335604,1.3138351961188494E-5,0.16802019606882038,0.0,0.0030551115824733353,0.0,
0.0,0.004803599643335604,1.3138351961188494E-5,0.1682220834963235,0.0,0.0030551115824733353,0.0,
0.0,0.004803599643335604,1.3138351961188494E-5,0.16960226629144684,0.0,0.0030551115824733353,0.0,
0.0,0.004803599643335604,1.3138351961188494E-5,0.1718691072813266,0.0,0.0030551115824733353,0.0,
0.0,0.004803599643335604,1.3138351961188494E-5,0.1718691072813266,0.0,0.0030551115824733353,0.0,
0.0,0.004803599643335604,1.3138351961188494E-5,0.18135632354805634,0.0,0.0030551115824733353,0.0,
0.0,0.004803599643335604,1.3138351961188494E-5,0.18368158062451245,0.0,0.0030551115824733353,0.0,
0.0,0.004803599643335604,1.3138351961188494E-5,0.18858013205933769,0.0,0.0030551115824733353,0.0,
0.0,0.004803599643335604,1.3138351961188494E-5,0.18508027796599452,0.0,0.0030551115824733353,0.0,
0.0,0.004803599643335604,1.3138351961188494E-5,0.18420904408139963,0.0,0.0030551115824733353,0.0,
0.0,0.004803599643335604,1.3138351961188494E-5,0.18058701364676005,0.0,0.0030551115824733353,0.0,
0.0,0.004803599643335604,1.3138351961188494E-5,0.1766424621703834,0.0,0.0030551115824733353,0.0,
0.0,0.004803599643335604,1.3138351961188494E-5,0.16903385298839058,0.0,0.0030551115824733353,0.0,
0.0,0.004803599643335604,1.3138351961188494E-5,0.16903385298839058,0.0,0.0030551115824733353,0.0,
0.0,0.004803599643335604,1.3138351961188494E-5,0.17090908687487086,0.0,0.0030551115824733353,0.0,
0.0,0.004803599643335604,1.3138351961188494E-5,0.17090908687487086,0.0,0.0030551115824733353,0.0,
0.0,0.004803599643335604,1.3138351961188494E-5,0.1723163133254181,0.0,0.0030551115824733353,0.0,
0.0,0.004803599643335604,1.3138351961188494E-5,0.17952738186664005,0.0,0.0030551115824733353,0.0,
0.0,0.004803599643335604,1.3138351961188494E-5,0.18132452408211056,0.0,0.0030551115824733353,0.0,
0.0,0.004803599643335604,1.3138351961188494E-5,0.18858010067442493,0.0,0.0030551115824733353,0.0,
0.0,0.004803599643335604,1.3138351961188494E-5,0.19217914379753234,0.0,0.0030551115824733353,0.0,
0.0,0.004803599643335604,1.3138351961188494E-5,0.19553586236407536,0.0,0.0030551115824733353,0.0,
0.0,0.004803599643335604,1.3138351961188494E-5,0.19460566731929843,0.0,0.0030551115824733353,0.0,
0.0,0.004803599643335604,1.3138351961188494E-5,0.18847968650036515,0.0,0.0030551115824733353,0.0,
0.0,0.004803599643335604,1.3138351961188494E-5,0.18896292322072636,0.0,0.0030551115824733353,0.0,
0.0,0.004803599643335604,1.3138351961188494E-5,0.1884878414921848,0.0,0.0030551115824733353,0.0,
0.0,0.004803599643335604,1.3138351961188494E-5,0.19050676028634184,0.0,0.0030551115824733353,0.0,
0.0,0.004803599643335604,1.3138351961188494E-5,0.19046288453750632,0.0,0.0030551115824733353,0.0,
0.0,0.004803599643335604,1.3138351961188494E-5,0.19046288453750632,0.0,0.0030551115824733353,0.0,
0.0,0.004803599643335604,1.3138351961188494E-5,0.19539974582977787,0.0,0.0030551115824733353,0.0,
0.0,0.004803599643335604,1.3138351961188494E-5,0.19333409431909146,0.0,0.0030551115824733353,0.0,
0.0,0.004803599643335604,1.3138351961188494E-5,0.19318234836647885,0.0,0.0030551115824733353,0.0,
0.0,0.004803599643335604,1.3138351961188494E-5,0.19343773216097299,0.0,0.0030551115824733353,0.0,
0.0,0.004803599643335604,1.3138351961188494E-5,0.18782177261268113,0.0,0.0030551115824733353,0.0,
0.0,0.004803599643335604,1.3138351961188494E-5,0.1812723024380104,0.0,0.0030551115824733353,0.0,
0.0,0.004803599643335604,1.3138351961188494E-5,0.18091515161199112,0.0,0.0030551115824733353,0.0,
0.0,0.004803599643335604,1.3138351961188494E-5,0.17765069995416266,0.0,0.0030551115824733353,0.0,
0.0,0.004803599643335604,1.3138351961188494E-5,0.1762098057093558,0.0,0.0030551115824733353,0.0,
0.0,0.004803599643335604,1.3138351961188494E-5,0.1714575975138654,0.0,0.0030551115824733353,0.0,
0.0,0.004803599643335604,1.3138351961188494E-5,0.1714575975138654,0.0,0.0030551115824733353,0.0,
0.0,0.004803599643335604,1.3138351961188494E-5,0.17126889428498576,0.0,0.0030551115824733353,0.0,
0.0,0.004803599643335604,1.3138351961188494E-5,0.17393340025805654,0.0,0.0030551115824733353,0.0,
0.0,0.004803599643335604,1.3138351961188494E-5,0.1755655718322491,0.0,0.0030551115824733353,0.0,
0.0,0.004803599643335604,1.3138351961188494E-5,0.17839320518052812,0.0,0.0030551115824733353,0.0,
0.0,0.004803599643335604,1.3138351961188494E-5,0.17889574110766332,0.0,0.0030551115824733353,0.0,
0.0,0.004803599643335604,1.3138351961188494E-5,0.18405636959886507,0.0,0.0030551115824733353,0.0,
0.0,0.004803599643335604,1.3138351961188494E-5,0.19132566818517588,0.0,0.0030551115824733353,0.0,
0.0,0.004803599643335604,1.3138351961188494E-5,0.1928717595634672,0.0,0.0030551115824733353,0.0,
0.0,0.004803599643335604,1.3138351961188494E-5,0.18957026926005877,0.0,0.0030551115824733353,0.0,
0.0,0.004803599643335604,1.3138351961188494E-5,0.18549826239795383,0.0,0.0030551115824733353,0.0,
0.0,0.004803599643335604,1.3138351961188494E-5,0.18415799137108785,0.0,0.0030551115824733353,0.0,
0.0,0.004803599643335604,1.3138351961188494E-5,0.1850369999672461,0.0,0.0030551115824733353,0.0,
0.0,0.004803599643335604,1.3138351961188494E-5,0.18920167812744312,0.0,0.0030551115824733353,0.0,
0.0,0.004803599643335604,1.3138351961188494E-5,0.1892661700422589,0.0,0.0030551115824733353,0.0,
0.0,0.004803599643335604,1.3138351961188494E-5,0.19086539360023966,0.0,0.0030551115824733353,0.0,
0.0,0.004803599643335604,1.3138351961188494E-5,0.18791025712308462,0.0,0.0030551115824733353,0.0,
0.0,0.004803599643335604,1.3138351961188494E-5,0.18791025712308462,0.0,0.0030551115824733353,0.0,
0.0,0.004803599643335604,1.3138351961188494E-5,0.19152337484631318,0.0,0.0030551115824733353,0.0,
0.0,0.004803599643335604,1.3138351961188494E-5,0.1936311004115234,0.0,0.0030551115824733353,0.0,
0.0,0.004803599643335604,1.3138351961188494E-5,0.19282280011784475,0.0,0.0030551115824733353,0.0,
0.0,0.004803599643335604,1.3138351961188494E-5,0.18696502054153805,0.0,0.0030551115824733353,0.0,
0.0,0.004803599643335604,1.3138351961188494E-5,0.18292418075913403,0.0,0.0030551115824733353,0.0,
0.0,0.004803599643335604,1.3138351961188494E-5,0.19245573138208216,0.0,0.0030551115824733353,0.0,
0.0,0.004803599643335604,1.3138351961188494E-5,0.19809578156360633,0.0,0.0030551115824733353,0.0,
0.0,0.004803599643335604,1.3138351961188494E-5,0.20938718811603205,0.0,0.0030551115824733353,0.0,
0.0,0.004803599643335604,1.3138351961188494E-5,0.21945709432090846,0.0,0.0030551115824733353,0.0,
0.0,0.004803599643335604,1.3138351961188494E-5,0.22031399797864487,0.0,0.0030551115824733353,0.0,
0.0,0.004803599643335604,1.3138351961188494E-5,0.21473274913110646,0.0,0.0030551115824733353,0.0,
0.0,0.004803599643335604,1.3138351961188494E-5,0.21047407224349682,0.0,0.0030551115824733353,0.0,
0.0,0.004803599643335604,1.3138351961188494E-5,0.20852270791153465,0.0,0.0030551115824733353,0.0,
0.0,0.004803599643335604,1.3138351961188494E-5,0.1898917144088363,0.0,0.0030551115824733353,0.0,
0.0,0.004803599643335604,1.3138351961188494E-5,0.18909596214328936,0.0,0.0030551115824733353,0.0,
0.0,0.004803599643335604,1.3138351961188494E-5,0.18804815523107754,0.0,0.0030551115824733353,0.0,
0.0,0.004803599643335604,1.3138351961188494E-5,0.18804815523107754,0.0,0.0030551115824733353,0.0,
0.0,0.004803599643335604,1.3138351961188494E-5,0.17582406246870402,0.0,0.0030551115824733353,0.0,
0.0,0.004803599643335604,1.3138351961188494E-5,0.16807686668616548,0.0,0.0030551115824733353,0.0,
0.0,0.004803599643335604,1.3138351961188494E-5,0.16819593497395174,0.0,0.0030551115824733353,0.0,
0.0,0.004803599643335604,1.3138351961188494E-5,0.1704160487061115,0.0,0.0030551115824733353,0.0,
0.0,0.004803599643335604,1.3138351961188494E-5,0.1704160487061115,0.0,0.0030551115824733353,0.0,
0.0,0.004803599643335604,1.3138351961188494E-5,0.1704160487061115,0.0,0.0030551115824733353,0.0,
0.0,0.004803599643335604,1.3138351961188494E-5,0.17860185601938963,0.0,0.0030551115824733353,0.0,
0.0,0.004803599643335604,1.3138351961188494E-5,0.18797099630519795,0.0,0.0030551115824733353,0.0,
0.0,0.004803599643335604,1.3138351961188494E-5,0.1932024323680772,0.0,0.0030551115824733353,0.0,
0.0,0.004803599643335604,1.3138351961188494E-5,0.1821098469510336,0.0,0.0030551115824733353,0.0,
0.0,0.004803599643335604,1.3138351961188494E-5,0.17685796639262055,0.0,0.0030551115824733353,0.0,
0.0,0.004803599643335604,1.3138351961188494E-5,0.17256755727834625,0.0,0.0030551115824733353,0.0,
0.0,0.004803599643335604,1.3138351961188494E-5,0.17094984297198346,0.0,0.0030551115824733353,0.0,
0.0,0.004803599643335604,1.3138351961188494E-5,0.1708028537759404,0.0,0.0030551115824733353,0.0,
0.0,0.004803599643335604,1.3138351961188494E-5,0.1702092596695529,0.0,0.0030551115824733353,0.0,
0.0,0.004803599643335604,1.3138351961188494E-5,0.1692251423230691,0.0,0.0030551115824733353,0.0,
0.0,0.004803599643335604,1.3138351961188494E-5,0.15934465467333825,0.0,0.0030551115824733353,0.0,
0.0,0.004803599643335604,1.3138351961188494E-5,0.15475649003615632,0.0,0.0030551115824733353,0.0,
0.0,0.004803599643335604,1.3138351961188494E-5,0.15475649003615632,0.0,0.0030551115824733353,0.0,
0.0,0.004803599643335604,1.3138351961188494E-5,0.15511052183693058,0.0,0.0030551115824733353,0.0,
0.0,0.004803599643335604,1.3138351961188494E-5,0.15615414200976,0.0,0.0030551115824733353,0.0,
0.0,0.004803599643335604,1.3138351961188494E-5,0.15953104101875287,0.0,0.0030551115824733353,0.0,
0.0,0.004803599643335604,1.3138351961188494E-5,0.1776647164289267,0.0,0.0030551115824733353,0.0,
0.0,0.004803599643335604,1.3138351961188494E-5,0.1781501010305524,0.0,0.0030551115824733353,0.0,
0.0,0.004803599643335604,1.3138351961188494E-5,0.17567498530499112,0.0,0.0030551115824733353,0.0,
0.0,0.004803599643335604,1.3138351961188494E-5,0.179076936235047,0.0,0.0030551115824733353,0.0,
0.0,0.004803599643335604,1.3138351961188494E-5,0.18280251212815574,0.0,0.0030551115824733353,0.0,
0.0,0.004803599643335604,1.3138351961188494E-5,0.18280251212815574,0.0,0.0030551115824733353,0.0,
0.0,0.004803599643335604,1.3138351961188494E-5,0.18657073776347632,0.0,0.0030551115824733353,0.0,
0.0,0.004803599643335604,1.3138351961188494E-5,0.18954963586202808,0.0,0.0030551115824733353,0.0,
0.0,0.004803599643335604,1.3138351961188494E-5,0.1947557589137266,0.0,0.0030551115824733353,0.0,
0.0,0.004803599643335604,1.3138351961188494E-5,0.19554388578379517,0.0,0.0030551115824733353,0.0,
0.0,0.004803599643335604,1.3138351961188494E-5,0.19554388578379517,0.0,0.0030551115824733353,0.0,
0.0,0.004803599643335604,1.3138351961188494E-5,0.19719696674566323,0.0,0.0030551115824733353,0.0,
0.0,0.004803599643335604,1.3138351961188494E-5,0.2001346640604264,0.0,0.0030551115824733353,0.0,
0.0,0.004803599643335604,1.3138351961188494E-5,0.1992013096364362,0.0,0.0030551115824733353,0.0,
0.0,0.004803599643335604,1.3138351961188494E-5,0.19977298464447724,0.0,0.0030551115824733353,0.0,
0.0,0.004803599643335604,1.3138351961188494E-5,0.2010039144495227,0.0,0.0030551115824733353,0.0,
0.0,0.004803599643335604,1.3138351961188494E-5,0.20105449874721126,0.0,0.0030551115824733353,0.0,
0.0,0.004803599643335604,1.3138351961188494E-5,0.20164251874323036,0.0,0.0030551115824733353,0.0,
0.0,0.004803599643335604,1.3138351961188494E-5,0.21048219208074118,0.0,0.0030551115824733353,0.0,
0.0,0.004803599643335604,1.3138351961188494E-5,0.21048219208074118,0.0,0.0030551115824733353,0.0,
0.0,0.004803599643335604,1.3138351961188494E-5,0.19749641392266515,0.0,0.0030551115824733353,0.0,
0.0,0.004803599643335604,1.3138351961188494E-5,0.18435879752378737,0.0,0.0030551115824733353,0.0,
0.0,0.004803599643335604,1.3138351961188494E-5,0.18538816024511598,0.0,0.0030551115824733353,0.0,
0.0,0.004803599643335604,1.3138351961188494E-5,0.18841754252052514,0.0,0.0030551115824733353,0.0,
0.0,0.004803599643335604,1.3138351961188494E-5,0.18841754252052514,0.0,0.0030551115824733353,0.0,
0.0,0.004803599643335604,1.3138351961188494E-5,0.18841754252052514,0.0,0.0030551115824733353,0.0,
0.0,0.004803599643335604,1.3138351961188494E-5,0.18878899338418414,0.0,0.0030551115824733353,0.0,
0.0,0.004803599643335604,1.3138351961188494E-5,0.18412836094973078,0.0,0.0030551115824733353,0.0,
0.0,0.004803599643335604,1.3138351961188494E-5,0.18107443999729186,0.0,0.0030551115824733353,0.0,
0.0,0.004803599643335604,1.3138351961188494E-5,0.18174422105118818,0.0,0.0030551115824733353,0.0,
0.0,0.004803599643335604,1.3138351961188494E-5,0.17286792758670197,0.0,0.0030551115824733353,0.0,
0.0,0.004803599643335604,1.3138351961188494E-5,0.17836876540417893,0.0,0.0030551115824733353,0.0,
0.0,0.004803599643335604,1.3138351961188494E-5,0.17862894441567626,0.0,0.0030551115824733353,0.0,
0.0,0.004803599643335604,1.3138351961188494E-5,0.1781094367327484,0.0,0.0030551115824733353,0.0,
0.0,0.004803599643335604,1.3138351961188494E-5,0.18337163187671507,0.0,0.0030551115824733353,0.0,
0.0,0.004803599643335604,1.3138351961188494E-5,0.18337163187671507,0.0,0.0030551115824733353,0.0,
0.0,0.004803599643335604,1.3138351961188494E-5,0.18554819097643954,0.0,0.0030551115824733353,0.0,
0.0,0.004803599643335604,1.3138351961188494E-5,0.18554819097643954,0.0,0.0030551115824733353,0.0,
0.0,0.004803599643335604,1.3138351961188494E-5,0.19020529440527703,0.0,0.0030551115824733353,0.0,
0.0,0.004803599643335604,1.3138351961188494E-5,0.19020529440527703,0.0,0.0030551115824733353,0.0,
0.0,0.004803599643335604,1.3138351961188494E-5,0.1813056825297841,0.0,0.0030551115824733353,0.0,
0.0,0.004803599643335604,1.3138351961188494E-5,0.1813056825297841,0.0,0.0030551115824733353,0.0,
0.0,0.004803599643335604,1.3138351961188494E-5,0.18307271677985038,0.0,0.0030551115824733353,0.0,
0.0,0.004803599643335604,1.3138351961188494E-5,0.18548586467409162,0.0,0.0030551115824733353,0.0,
0.0,0.004803599643335604,1.3138351961188494E-5,0.17977262979341202,0.0,0.0030551115824733353,0.0,
0.0,0.004803599643335604,1.3138351961188494E-5,0.17977262979341202,0.0,0.0030551115824733353,0.0,
0.0,0.004803599643335604,1.3138351961188494E-5,0.17760860247299873,0.0,0.0030551115824733353,0.0,
0.0,0.004803599643335604,1.3138351961188494E-5,0.17837500893581149,0.0,0.0030551115824733353,0.0,
0.0,0.004803599643335604,1.3138351961188494E-5,0.18158353519904358,0.0,0.0030551115824733353,0.0,
0.0,0.004803599643335604,1.3138351961188494E-5,0.1810058362471283,0.0,0.0030551115824733353,0.0,
0.0,0.004803599643335604,1.3138351961188494E-5,0.1810058362471283,0.0,0.0030551115824733353,0.0,
0.0,0.004803599643335604,1.3138351961188494E-5,0.17922855258682502,0.0,0.0030551115824733353,0.0,
0.0,0.004803599643335604,1.3138351961188494E-5,0.17839034881838045,0.0,0.0030551115824733353,0.0,
0.0,0.004803599643335604,1.3138351961188494E-5,0.17216339985683274,0.0,0.0030551115824733353,0.0,
0.0,0.004803599643335604,1.3138351961188494E-5,0.1675470602534426,0.0,0.0030551115824733353,0.0,
0.0,0.004803599643335604,1.3138351961188494E-5,0.16537119513006618,0.0,0.0030551115824733353,0.0,
0.0,0.004803599643335604,1.3138351961188494E-5,0.16537119513006618,0.0,0.0030551115824733353,0.0,
0.0,0.004803599643335604,1.3138351961188494E-5,0.17412193284968974,0.0,0.0030551115824733353,0.0,
0.0,0.004803599643335604,1.3138351961188494E-5,0.1743251747727154,0.0,0.0030551115824733353,0.0,
0.0,0.004803599643335604,1.3138351961188494E-5,0.17329162691474492,0.0,0.0030551115824733353,0.0,
0.0,0.004803599643335604,1.3138351961188494E-5,0.17502705114034378,0.0,0.0030551115824733353,0.0,
0.0,0.004803599643335604,1.3138351961188494E-5,0.17576181939278135,0.0,0.0030551115824733353,0.0,
0.0,0.004803599643335604,1.3138351961188494E-5,0.175894605847704,0.0,0.0030551115824733353,0.0,
0.0,0.004803599643335604,1.3138351961188494E-5,0.175894605847704,0.0,0.0030551115824733353,0.0,
0.0,0.004803599643335604,1.3138351961188494E-5,0.17663457527708473,0.0,0.0030551115824733353,0.0,
0.0,0.004803599643335604,1.3138351961188494E-5,0.17705617640586024,0.0,0.0030551115824733353,0.0,
0.0,0.004803599643335604,1.3138351961188494E-5,0.17687137406088857,0.0,0.0030551115824733353,0.0,
0.0,0.004803599643335604,1.3138351961188494E-5,0.17526627644017156,0.0,0.0030551115824733353,0.0,
0.0,0.004803599643335604,1.3138351961188494E-5,0.170483752748474,0.0,0.0030551115824733353,0.0,
0.0,0.004803599643335604,1.3138351961188494E-5,0.17330186815813187,0.0,0.0030551115824733353,0.0,
0.0,0.004803599643335604,1.3138351961188494E-5,0.17409356057175845,0.0,0.0030551115824733353,0.0,
0.0,0.004803599643335604,1.3138351961188494E-5,0.1683894951748739,0.0,0.0030551115824733353,0.0,
0.0,0.004803599643335604,1.3138351961188494E-5,0.16630533044600915,0.0,0.0030551115824733353,0.0,
0.0,0.004803599643335604,1.3138351961188494E-5,0.16844023902421282,0.0,0.0030551115824733353,0.0,
0.0,0.004803599643335604,1.3138351961188494E-5,0.16893111717152373,0.0,0.0030551115824733353,0.0,
0.0,0.004803599643335604,1.3138351961188494E-5,0.1683777524283937,0.0,0.0030551115824733353,0.0,
0.0,0.004803599643335604,1.3138351961188494E-5,0.16022794898612241,0.0,0.0030551115824733353,0.0,
0.0,0.004803599643335604,1.3138351961188494E-5,0.16096900889535248,0.0,0.0030551115824733353,0.0,
0.0,0.004803599643335604,1.3138351961188494E-5,0.15844692422610238,0.0,0.0030551115824733353,0.0,
0.0,0.004803599643335604,1.3138351961188494E-5,0.15868753534858482,0.0,0.0030551115824733353,0.0,
0.0,0.004803599643335604,1.3138351961188494E-5,0.15868753534858482,0.0,0.0030551115824733353,0.0,
0.0,0.004803599643335604,1.3138351961188494E-5,0.1545315859214399,0.0,0.0030551115824733353,0.0,
0.0,0.004803599643335604,1.3138351961188494E-5,0.1556536340752884,0.0,0.0030551115824733353,0.0,
0.0,0.004803599643335604,1.3138351961188494E-5,0.1618348012606555,0.0,0.0030551115824733353,0.0,
0.0,0.004803599643335604,1.3138351961188494E-5,0.1651001692846881,0.0,0.0030551115824733353,0.0,
0.0,0.004803599643335604,1.3138351961188494E-5,0.16559563017485746,0.0,0.0030551115824733353,0.0,
0.0,0.004803599643335604,1.3138351961188494E-5,0.16704160515268235,0.0,0.0030551115824733353,0.0,
0.0,0.004803599643335604,1.3138351961188494E-5,0.16704160515268235,0.0,0.0030551115824733353,0.0,
0.0,0.004803599643335604,1.3138351961188494E-5,0.16704160515268235,0.0,0.0030551115824733353,0.0,
0.0,0.004803599643335604,1.3138351961188494E-5,0.16704160515268235,0.0,0.0030551115824733353,0.0,
0.0,0.004803599643335604,1.3138351961188494E-5,0.17332125095474898,0.0,0.0030551115824733353,0.0,
0.0,0.004803599643335604,1.3138351961188494E-5,0.1748099774804745,0.0,0.0030551115824733353,0.0,
0.0,0.004803599643335604,1.3138351961188494E-5,0.1746169577778796,0.0,0.0030551115824733353,0.0,
0.0,0.004803599643335604,1.3138351961188494E-5,0.1783688564092108,0.0,0.0030551115824733353,0.0,
0.0,0.004803599643335604,1.3138351961188494E-5,0.18176940457242086,0.0,0.0030551115824733353,0.0,
0.0,0.004803599643335604,1.3138351961188494E-5,0.18015622207752802,0.0,0.0030551115824733353,0.0,
0.0,0.004803599643335604,1.3138351961188494E-5,0.18467226105408457,0.0,0.0030551115824733353,0.0,
0.0,0.004803599643335604,1.3138351961188494E-5,0.1936880375004774,0.0,0.0030551115824733353,0.0,
0.0,0.004803599643335604,1.3138351961188494E-5,0.1943432836275193,0.0,0.0030551115824733353,0.0,
0.0,0.004803599643335604,1.3138351961188494E-5,0.18833336962600036,0.0,0.0030551115824733353,0.0,
0.0,0.004803599643335604,1.3138351961188494E-5,0.1846235892356346,0.0,0.0030551115824733353,0.0,
0.0,0.004803599643335604,1.3138351961188494E-5,0.18256402366670324,0.0,0.0030551115824733353,0.0,
0.0,0.004803599643335604,1.3138351961188494E-5,0.18256402366670324,0.0,0.0030551115824733353,0.0,
0.0,0.004803599643335604,1.3138351961188494E-5,0.18043311339137613,0.0,0.0030551115824733353,0.0,
0.0,0.004803599643335604,1.3138351961188494E-5,0.17845959190050203,0.0,0.0030551115824733353,0.0,
0.0,0.004803599643335604,1.3138351961188494E-5,0.17719171347432433,0.0,0.0030551115824733353,0.0,
0.0,0.004803599643335604,1.3138351961188494E-5,0.1760154390678558,0.0,0.0030551115824733353,0.0,
0.0,0.004803599643335604,1.3138351961188494E-5,0.17569315105064257,0.0,0.0030551115824733353,0.0,
0.0,0.004803599643335604,1.3138351961188494E-5,0.17856613668045465,0.0,0.0030551115824733353,0.0,
0.0,0.004803599643335604,1.3138351961188494E-5,0.1834184874000381,0.0,0.0030551115824733353,0.0,
0.0,0.004803599643335604,1.3138351961188494E-5,0.18878477408712524,0.0,0.0030551115824733353,0.0,
0.0,0.004803599643335604,1.3138351961188494E-5,0.19294442092608965,0.0,0.0030551115824733353,0.0,
0.0,0.004803599643335604,1.3138351961188494E-5,0.19294442092608965,0.0,0.0030551115824733353,0.0,
0.0,0.004803599643335604,1.3138351961188494E-5,0.18727439676602894,0.0,0.0030551115824733353,0.0,
0.0,0.004803599643335604,1.3138351961188494E-5,0.18470304711524457,0.0,0.0030551115824733353,0.0,
0.0,0.004803599643335604,1.3138351961188494E-5,0.18575808511722353,0.0,0.0030551115824733353,0.0,
0.0,0.004803599643335604,1.3138351961188494E-5,0.17499526952904848,0.0,0.0030551115824733353,0.0,
0.0,0.004803599643335604,1.3138351961188494E-5,0.17376548218326193,0.0,0.0030551115824733353,0.0,
0.0,0.004803599643335604,1.3138351961188494E-5,0.17340177607233156,0.0,0.0030551115824733353,0.0,
0.0,0.004803599643335604,1.3138351961188494E-5,0.17502519712866466,0.0,0.0030551115824733353,0.0,
0.0,0.004803599643335604,1.3138351961188494E-5,0.17770062007820975,0.0,0.0030551115824733353,0.0,
0.0,0.004803599643335604,1.3138351961188494E-5,0.17770062007820975,0.0,0.0030551115824733353,0.0,
0.0,0.004803599643335604,1.3138351961188494E-5,0.18152160557899197,0.0,0.0030551115824733353,0.0,
0.0,0.004803599643335604,1.3138351961188494E-5,0.1983128847707072,0.0,0.0030551115824733353,0.0,
0.0,0.004803599643335604,1.3138351961188494E-5,0.1983128847707072,0.0,0.0030551115824733353,0.0,
0.0,0.004803599643335604,1.3138351961188494E-5,0.20097640307118814,0.0,0.0030551115824733353,0.0,
0.0,0.004803599643335604,1.3138351961188494E-5,0.20161654507556112,0.0,0.0030551115824733353,0.0,
0.0,0.004803599643335604,1.3138351961188494E-5,0.20161654507556112,0.0,0.0030551115824733353,0.0,
0.0,0.004803599643335604,1.3138351961188494E-5,0.1978473321623528,0.0,0.0030551115824733353,0.0,
0.0,0.004803599643335604,1.3138351961188494E-5,0.1978473321623528,0.0,0.0030551115824733353,0.0,
0.0,0.004803599643335604,1.3138351961188494E-5,0.20394827988801084,0.0,0.0030551115824733353,0.0,
0.0,0.004803599643335604,1.3138351961188494E-5,0.20358218918450083,0.0,0.0030551115824733353,0.0,
0.0,0.004803599643335604,1.3138351961188494E-5,0.2029852705678472,0.0,0.0030551115824733353,0.0,
0.0,0.004803599643335604,1.3138351961188494E-5,0.20362454623883278,0.0,0.0030551115824733353,0.0,
0.0,0.004803599643335604,1.3138351961188494E-5,0.19502791165347583,0.0,0.0030551115824733353,0.0,
0.0,0.004803599643335604,1.3138351961188494E-5,0.18382834504541212,0.0,0.0030551115824733353,0.0,
0.0,0.004803599643335604,1.3138351961188494E-5,0.17447712930915393,0.0,0.0030551115824733353,0.0,
0.0,0.004803599643335604,1.3138351961188494E-5,0.17006166349904844,0.0,0.0030551115824733353,0.0,
0.0,0.004803599643335604,1.3138351961188494E-5,0.16776827139087733,0.0,0.0030551115824733353,0.0,
0.0,0.004803599643335604,1.3138351961188494E-5,0.16136697146723103,0.0,0.0030551115824733353,0.0,
0.0,0.004803599643335604,1.3138351961188494E-5,0.16114508417723822,0.0,0.0030551115824733353,0.0,
0.0,0.004803599643335604,1.3138351961188494E-5,0.16114508417723822,0.0,0.0030551115824733353,0.0,
0.0,0.004803599643335604,1.3138351961188494E-5,0.16114508417723822,0.0,0.0030551115824733353,0.0,
0.0,0.004803599643335604,1.3138351961188494E-5,0.1628255158154683,0.0,0.0030551115824733353,0.0,
0.0,0.004803599643335604,1.3138351961188494E-5,0.1644377860631511,0.0,0.0030551115824733353,0.0,
0.0,0.004803599643335604,1.3138351961188494E-5,0.16841487862072677,0.0,0.0030551115824733353,0.0,
0.0,0.004803599643335604,1.3138351961188494E-5,0.1660146608306863,0.0,0.0030551115824733353,0.0,
0.0,0.004803599643335604,1.3138351961188494E-5,0.16629755348530204,0.0,0.0030551115824733353,0.0,
0.0,0.004803599643335604,1.3138351961188494E-5,0.16442522841309673,0.0,0.0030551115824733353,0.0,
0.0,0.004803599643335604,1.3138351961188494E-5,0.16428688171656536,0.0,0.0030551115824733353,0.0,
0.0,0.004803599643335604,1.3138351961188494E-5,0.165336220285537,0.0,0.0030551115824733353,0.0,
0.0,0.004803599643335604,1.3138351961188494E-5,0.16897269430239412,0.0,0.0030551115824733353,0.0,
0.0,0.004803599643335604,1.3138351961188494E-5,0.1703560422187024,0.0,0.0030551115824733353,0.0,
0.0,0.004803599643335604,1.3138351961188494E-5,0.1702756826544581,0.0,0.0030551115824733353,0.0,
0.0,0.004803599643335604,1.3138351961188494E-5,0.1691492817989202,0.0,0.0030551115824733353,0.0,
0.0,0.004803599643335604,1.3138351961188494E-5,0.1691492817989202,0.0,0.0030551115824733353,0.0,
0.0,0.004803599643335604,1.3138351961188494E-5,0.1691492817989202,0.0,0.0030551115824733353,0.0,
0.0,0.004803599643335604,1.3138351961188494E-5,0.1700150791446092,0.0,0.0030551115824733353,0.0,
0.0,0.004803599643335604,1.3138351961188494E-5,0.16511297336407876,0.0,0.0030551115824733353,0.0,
0.0,0.004803599643335604,1.3138351961188494E-5,0.1613999431281469,0.0,0.0030551115824733353,0.0,
0.0,0.004803599643335604,1.3138351961188494E-5,0.1660544731110061,0.0,0.0030551115824733353,0.0,
0.0,0.004803599643335604,1.3138351961188494E-5,0.1613392961154421,0.0,0.0030551115824733353,0.0,
0.0,0.004803599643335604,1.3138351961188494E-5,0.14945375432029365,0.0,0.0030551115824733353,0.0,
0.0,0.004803599643335604,1.3138351961188494E-5,0.14789365742817057,0.0,0.0030551115824733353,0.0,
0.0,0.004803599643335604,1.3138351961188494E-5,0.14789365742817057,0.0,0.0030551115824733353,0.0,
0.0,0.004803599643335604,1.3138351961188494E-5,0.1494890094556238,0.0,0.0030551115824733353,0.0,
0.0,0.004803599643335604,1.3138351961188494E-5,0.1545162288430082,0.0,0.0030551115824733353,0.0,
0.0,0.004803599643335604,1.3138351961188494E-5,0.15667865517787313,0.0,0.0030551115824733353,0.0,
0.0,0.004803599643335604,1.3138351961188494E-5,0.1580099896045206,0.0,0.0030551115824733353,0.0,
0.0,0.004803599643335604,1.3138351961188494E-5,0.1602530338334407,0.0,0.0030551115824733353,0.0,
0.0,0.004803599643335604,1.3138351961188494E-5,0.1614052273714926,0.0,0.0030551115824733353,0.0,
0.0,0.004803599643335604,1.3138351961188494E-5,0.15737537271739327,0.0,0.0030551115824733353,0.0,
0.0,0.004803599643335604,1.3138351961188494E-5,0.15728929525959573,0.0,0.0030551115824733353,0.0,
0.0,0.004803599643335604,1.3138351961188494E-5,0.15735880811634148,0.0,0.0030551115824733353,0.0,
0.0,0.004803599643335604,1.3138351961188494E-5,0.15268238397738876,0.0,0.0030551115824733353,0.0,
0.0,0.004803599643335604,1.3138351961188494E-5,0.16099989883745058,0.0,0.0030551115824733353,0.0,
0.0,0.004803599643335604,1.3138351961188494E-5,0.16231529786712662,0.0,0.0030551115824733353,0.0,
0.0,0.004803599643335604,1.3138351961188494E-5,0.1626481035309146,0.0,0.0030551115824733353,0.0,
0.0,0.004803599643335604,1.3138351961188494E-5,0.1626481035309146,0.0,0.0030551115824733353,0.0,
0.0,0.004803599643335604,1.3138351961188494E-5,0.15806373944466365,0.0,0.0030551115824733353,0.0,
0.0,0.004803599643335604,1.3138351961188494E-5,0.17807912451472788,0.0,0.0030551115824733353,0.0,
0.0,0.004803599643335604,1.3138351961188494E-5,0.17807912451472788,0.0,0.0030551115824733353,0.0,
0.0,0.004803599643335604,1.3138351961188494E-5,0.17694666939163667,0.0,0.0030551115824733353,0.0,
0.0,0.004803599643335604,1.3138351961188494E-5,0.1773472778821465,0.0,0.0030551115824733353,0.0,
0.0,0.004803599643335604,1.3138351961188494E-5,0.17846249751276777,0.0,0.0030551115824733353,0.0,
0.0,0.004803599643335604,1.3138351961188494E-5,0.180062746925994,0.0,0.0030551115824733353,0.0,
0.0,0.004803599643335604,1.3138351961188494E-5,0.18163712483531055,0.0,0.0030551115824733353,0.0,
0.0,0.004803599643335604,1.3138351961188494E-5,0.18268839747758212,0.0,0.0030551115824733353,0.0,
0.0,0.004803599643335604,1.3138351961188494E-5,0.18523802790732602,0.0,0.0030551115824733353,0.0,
0.0,0.004803599643335604,1.3138351961188494E-5,0.18523802790732602,0.0,0.0030551115824733353,0.0,
0.0,0.004803599643335604,1.3138351961188494E-5,0.18523802790732602,0.0,0.0030551115824733353,0.0,
0.0,0.004803599643335604,1.3138351961188494E-5,0.1872574963061304,0.0,0.0030551115824733353,0.0,
0.0,0.004803599643335604,1.3138351961188494E-5,0.19120212597094796,0.0,0.0030551115824733353,0.0,
0.0,0.004803599643335604,1.3138351961188494E-5,0.18667356644576985,0.0,0.0030551115824733353,0.0,
0.0,0.004803599643335604,1.3138351961188494E-5,0.18226065057951416,0.0,0.0030551115824733353,0.0,
0.0,0.004803599643335604,1.3138351961188494E-5,0.18142265597121918,0.0,0.0030551115824733353,0.0,
0.0,0.004803599643335604,1.3138351961188494E-5,0.17874791317409544,0.0,0.0030551115824733353,0.0,
0.0,0.004803599643335604,1.3138351961188494E-5,0.1818390101340622,0.0,0.0030551115824733353,0.0,
0.0,0.004803599643335604,1.3138351961188494E-5,0.18571319048972465,0.0,0.0030551115824733353,0.0,
0.0,0.004803599643335604,1.3138351961188494E-5,0.18743234229496958,0.0,0.0030551115824733353,0.0,
0.0,0.004803599643335604,1.3138351961188494E-5,0.18749156450884547,0.0,0.0030551115824733353,0.0,
0.0,0.004803599643335604,1.3138351961188494E-5,0.1854994735015984,0.0,0.0030551115824733353,0.0,
0.0,0.004803599643335604,1.3138351961188494E-5,0.1854994735015984,0.0,0.0030551115824733353,0.0,
0.0,0.004803599643335604,1.3138351961188494E-5,0.1854994735015984,0.0,0.0030551115824733353,0.0,
0.0,0.004803599643335604,1.3138351961188494E-5,0.18662587388836566,0.0,0.0030551115824733353,0.0,
0.0,0.004803599643335604,1.3138351961188494E-5,0.18662587388836566,0.0,0.0030551115824733353,0.0,
0.0,0.004803599643335604,1.3138351961188494E-5,0.1919062046532104,0.0,0.0030551115824733353,0.0,
0.0,0.004803599643335604,1.3138351961188494E-5,0.19004957286102356,0.0,0.0030551115824733353,0.0,
0.0,0.004803599643335604,1.3138351961188494E-5,0.18786986292549906,0.0,0.0030551115824733353,0.0,
0.0,0.004803599643335604,1.3138351961188494E-5,0.18920870427538658,0.0,0.0030551115824733353,0.0,
0.0,0.004803599643335604,1.3138351961188494E-5,0.19135604200081585,0.0,0.0030551115824733353,0.0,
0.0,0.004803599643335604,1.3138351961188494E-5,0.18958671333461402,0.0,0.0030551115824733353,0.0,
0.0,0.004803599643335604,1.3138351961188494E-5,0.18782563933198665,0.0,0.0030551115824733353,0.0,
0.0,0.004803599643335604,1.3138351961188494E-5,0.18840681442217622,0.0,0.0030551115824733353,0.0,
0.0,0.004803599643335604,1.3138351961188494E-5,0.19301294820636145,0.0,0.0030551115824733353,0.0,
0.0,0.004803599643335604,1.3138351961188494E-5,0.19506000583006528,0.0,0.0030551115824733353,0.0,
0.0,0.004803599643335604,1.3138351961188494E-5,0.198113933412139,0.0,0.0030551115824733353,0.0,
0.0,0.004803599643335604,1.3138351961188494E-5,0.20260884630712767,0.0,0.0030551115824733353,0.0,
0.0,0.004803599643335604,1.3138351961188494E-5,0.180730824512412,0.0,0.0030551115824733353,0.0,
0.0,0.004803599643335604,1.3138351961188494E-5,0.17528121806519,0.0,0.0030551115824733353,0.0,
0.0,0.004803599643335604,1.3138351961188494E-5,0.17703054342995064,0.0,0.0030551115824733353,0.0,
0.0,0.004803599643335604,1.3138351961188494E-5,0.17703054342995064,0.0,0.0030551115824733353,0.0,