
0.0
1.456716690843774E-6
8.102108181354533E-6
7.373727053542253E-6
5.348238816514964E-6
4.033732745145501E-6
3.284934400803367E-6
2.7488862408243512E-6
2.302857493870796E-6
1.9285471917097035E-6
1.6140140998573084E-6
1.3523869230430708E-6
1.4111285927518571E-4
1.1208615518040414E-4
7.834165771027216E-4
0.0014159302918453425
0.046335668424841873
0.05507551392344753
0.052789142356102554
0.0491309697421463
0.04456773305852945
0.0380578195122991
0.03257049587155936
0.02688363016135705
0.02230904755496457
0.018284770095561557
0.015039308112633142
0.01235703415655889
0.010188005272711442
0.00841824749229091
0.0069476141148385176
0.006581601824377428
0.0091108428414537
0.00943791546202319
0.00923407979753475
0.00835139805790058
0.007372828488086825
0.00634830984128343
0.005392790105203313
0.004522410802584923
0.003757088832983743
0.0031066966872490822
0.0025433607362047336
0.002548840141581478
0.0050056730554552745
0.005665323661001052
0.005801014404066903
0.005318304344021857
0.0051549748027844315
0.005946694615516435
0.00572520323727232
0.0052779902843692805
0.004600150142221467
0.0039330267524915336
0.0033120242187796964
0.0027449890705285563
0.002265997628904633
0.0021364061679781873
0.014136022567967074
0.013909022179001296
0.018119902754478497
0.01815846137737984
0.019600752160272447
0.018934226572652178
0.01934448402544226
0.019138030804892993
0.01907971144029919
0.01880401841137838
0.018642071015512338
0.018398138894713312
0.01819281091434279
0.0180086201763271
0.017862066278700708
0.017118568825432806
0.016397468069892267
0.023716071603360582
0.02334980422618137
0.02275288395949041
0.022096367075611814
0.027837386673554447
0.02659684627392698
0.02506340857957945
0.024057995279108044
0.02120627367406365
0.021569874094522965
0.0190267343546214
0.028562470080280053
0.026127596748906686
0.025830472995100842
0.022414855896783763
0.02081235574639679
0.019590233897466797
0.019153174473472954
0.01879728093145688
0.017830481588384177
0.01693644396577601
0.015801936526955034
0.014661387519160443
0.013465309110510113
0.01241319336281662
0.011504022505760688
0.010628660701352283
0.00977731327927793
0.008943780568077589
0.008075938045159584
0.007374592433576726
0.006902576809956864
0.0062015991813171795
0.0057121916972972
0.005160145657876544
0.0048462006124748965
0.004479413487827326
0.004123021565576367
0.003792180382759125
0.003546245653615383
0.0032054186987704627
0.002974812728575037
0.002723846874673894
0.0024457447055017574
0.0022242628996818185
0.0020280642747464777
0.0018378113765128684
0.0016321099476007427
0.0015023606778497953
0.0013581679699051768
0.0012234883410972817
0.0011128457108776448
0.0010329583477180857
9.249549732443509E-4
8.648345900978554E-4
7.90323091109022E-4
7.965121986083225E-4
8.204186067894966E-4
8.824624463653092E-4
9.540200685125981E-4
0.0010079303431088909
0.0010237896393194513
0.0010491968610705758
0.001067567761679362
0.0010695978549624845
0.001024475008587465
0.001000427343547059
9.454591919440502E-4
9.279767142772686E-4
8.999413633757796E-4
8.602458324052244E-4
8.149498112586378E-4
7.909373880266101E-4
7.603826086422089E-4
7.093474295360478E-4
6.888234052478609E-4
6.687255406215983E-4
6.349139517473033E-4
5.976078237255525E-4
5.760289978038909E-4
5.406925081008194E-4
5.048508327927565E-4
4.868842652593448E-4
4.5742967296225436E-4
4.2971840266435037E-4
3.9893986752859286E-4
3.8908827919858683E-4
3.7466856303011145E-4
3.6617060382715107E-4
3.6526741265666075E-4
3.554702594768882E-4
3.5813657748451057E-4
3.5147932420944214E-4
3.5794873149741675E-4
3.4938998655652926E-4
3.34923972154196E-4
3.22908678605427E-4
3.2797813161044285E-4
3.226439668932428E-4
3.4786236963290534E-4
3.761541030004122E-4
4.037104732468412E-4
0.0013266308479651853
0.001589936467314839
0.0025763706258688534
0.004169613750574614
0.005205656034433698
0.0066988475869624925
0.007808762513602035
0.009433103247185338
0.010954910306942255
0.011998354654884864
0.012092715019756088
0.013027949480997569
0.013798233306198142
0.013883950296402632
0.01381423012904907
0.01341965466941026
0.012875946148938262
0.012233716434298736
0.011540584192506474
0.010824372668569032
0.010150977274213756
0.009437151343140236
0.0087556903725211
0.008089914931605982
0.007504397496849628
0.006894589757067163
0.006358933877848913
0.005837504670230436
0.005276286371980866
0.004839783081666321
0.004412607893422631
0.0040829138435901574
0.0035650105986068836
0.003611520786492384
0.003410469202526073
0.00492990615582694
0.004849771282536149
0.005496566334274301
0.005860884642520981
0.0061738345983129005
0.006194502363672404
0.006165296645798703
0.00600538971254159
0.006582484082026154
0.006157910010468664
0.006310125094167608
0.006074013291214863
0.005985601210984962
0.005663008723615879
0.00536223147219732
0.00569335932748153
0.005124193448402543
0.005223010360474109
0.004960809680367071
0.004835778456002818
0.00451804668131353
0.004264678927788227
0.0038854987642246708
0.003613202077311602
0.003872189211897828
0.0033670787792753434
0.0035398100534748023
0.0034592426078956487
0.0035629209743628758
0.0034115281784801873
0.0033304099730623016
0.003179788121237935
0.002957303000041947
0.003346030994770656
0.0031773741367705495
0.003442996653367448
0.02398957421100393
0.0316219823370825
0.036452726283263175
0.05353836889955507
0.05672820267400003
0.06527101576573581
0.06421544128541122
0.062454901750321444
0.06511634928330712
0.06601265306545272
0.06643113313177888
0.059726293898428665
0.05594887447700942
0.050741186798972764
0.047662118690679676
0.0436188972703669
0.040279635104184704
0.03830578492105287
0.0353495559223803
0.03234071583681549
0.02926544503903712
0.02647871289127112
0.02362981248992585
0.02101804972394114
0.01864897982180835
0.016361126818724085
0.014317700562028576
0.012445829987488947
0.010777499011123341
0.009255279012389154
0.008008663948331394
0.006871220000107427
0.005857778006955013
0.005011522356753481
0.004239759130541457
0.0036304340619338835
0.0030641594290530478
0.0026042409709709246
0.017976891228109
0.017794079877803966
0.021912174434412523
0.022055909420591446
0.022896376268338032
0.02357985637063366
0.025072172659299494
0.02522272253805421
0.02526799820572991
0.024595621339098317
0.02841448594724955
0.027358222712230065
0.027012543021422267
0.02523581079312427
0.023652135589038992
0.02173342382806846
0.021408505410739548
0.01985001616416871
0.018531081039237524
0.01701533673182402
0.015979817218797362
0.014776679586505562
0.013930024061223248
0.012981607506033046
0.012200990876961934
0.011439038445209928
0.010689401652100373
0.009990411020938422
0.009396559338256224
0.008843425386819358
0.008290479247526785
0.007767780539173712
0.007257774424523863
0.006755058355827201
0.006262354011441479
0.005793324368808058
0.005332622358938216
0.004891119001633819
0.005227025047402598
0.004919865037240311
0.004853962448394221
0.006171769104160939
0.006093489809178361
0.006248448783951762
0.005980852695949519
0.00577958739926982
0.005423446751088191
0.005139083664685882
0.004814615713124872
0.004530058696562557
0.004239581435519524
0.003941104313303488
0.0036950031857722913
0.0034664946379610773
0.003242365203518768
0.004760377035686121
0.004702042965860107
0.005388950475665739
0.005262840136426131
0.006112193034783238
0.007141352070935939
0.007742813989143928
0.008096057505349932
0.008166676468966275
0.00804774108841133
0.007764953931731259
0.007370436448309069
0.0069686338760104275
0.006491074081473975
0.006734478407057459
0.0064048028205961624
0.006138569110107427
0.005647033744197711
0.005873446453606839
0.005417372251680189
0.0054581627624143815
0.005152674243716688
0.004839366409238834
0.004417295172312115
0.004032025084397023
0.003591806258720361
0.003171162075938812
0.0027861680551605123
0.003668670584524326
0.003300863604095298
0.0033103015333597915
0.0029247665492758176
0.0026700630468456995
0.002349216055446607
0.0018655613718868587
0.0024282392127259506
0.0047084688074975345
0.006238972976410362
0.00723120840901955
0.012626560614773652
0.01262974528421366
0.014567003659105179
0.014521235689629538
0.014920093937780467
0.014717768526283372
0.014456149207934421
0.013992690739426453
0.013194902364504971
0.015139815320207218
0.01425674969287318
0.013651959782238203
0.011015326265170844
0.010850312622989624
0.010636269519259132
0.010010407147649324
0.009254189174536506
0.008313200949712675
0.0073375163931661755
0.006349459065568105
0.005403757336477568
0.004660674782417144
0.003974226686203481
0.003414170670122483
0.0029337799663697365
0.002535333664323974
0.002199874002067614
0.001920914842187666
0.001684849168898407
0.001487283438250934
0.0013191157931464385
0.0011761993475868091
0.0010528445619149298
9.468832998984086E-4
8.537305047182641E-4
7.723132492159521E-4
6.999556347366347E-4
6.358318843060406E-4
5.788066014258087E-4
5.270484843844646E-4
4.8040133226005295E-4
4.378910599596301E-4
3.994122025032323E-4
3.646967653443576E-4
3.328592241623614E-4
3.0388549361655767E-4
2.772615660947097E-4
2.5347918194556574E-4
2.3151740441580644E-4
2.1169817578957289E-4
1.9361540105201704E-4
1.9065987657888842E-4
2.0379085785093842E-4
2.1330386465254642E-4
2.230560202918842E-4
2.2628025872440644E-4
2.260579218686485E-4
2.498709334605487E-4
2.4611689088390755E-4
2.572047507241962E-4
2.53613189828836E-4
2.5478677164693424E-4
2.494982114841254E-4
2.4539241383487846E-4
2.4002966554000833E-4
2.3288530778356866E-4
2.2615421305137087E-4
2.1810938851497217E-4
2.0972309165285836E-4
2.0090736991260064E-4
1.9199878209410286E-4
1.8323695322008913E-4
1.7441523785044916E-4
1.6560365966315896E-4
1.5679591852462557E-4
1.4971852150832664E-4
1.4114878273308908E-4
1.3391849526759702E-4
1.2601778236756824E-4
1.187728052487201E-4
1.1204677811946456E-4
1.0527841143130982E-4
9.889470071894419E-5
9.26212547806098E-5
8.668599535380085E-5
8.088305934145192E-5
7.542938069981905E-5
7.006960274645772E-5
6.511288335536938E-5
7.328987729777907E-5
7.258839810646005E-5
7.630765713755559E-5
7.590181423897475E-5
7.573301177210337E-5
9.663475209781364E-5
9.391208274099353E-5
1.0518282410479261E-4
9.979837121643079E-5
9.877723145952789E-5
9.85226017389638E-5
9.736232758417061E-5
9.600768330847129E-5
2.455311878431665E-4
2.506023484556275E-4
2.888932790311823E-4
2.8383006905822756E-4
2.8090658685388025E-4
2.6733919961089374E-4
2.531834876478369E-4
2.3958317553323996E-4
2.213718092539989E-4
2.0272340991245213E-4
1.8288819006280195E-4
1.633518169824988E-4
1.441306277784934E-4
1.2611226030840407E-4
1.369766252362474E-4
2.0997735086539346E-4
0.0011687483544002577
0.001309058099981918
0.0017049772247536236
0.0018391227408511776
0.002010467281476623
0.0020857026145251947
0.002144344742308781
0.0021582673778677963
0.0020699946760830744
0.0019480990323573243
0.0017850981595351953
0.0016085409242184779
0.0014308749236747462
0.0012698907129109315
0.0011179901591088252
9.763700864646581E-4
0.001379821757589977
0.001457269052718132
0.0015077309424229009
0.0016910200704978872
0.0016497031252407587
0.0016365961593566858
0.001468932273387044
0.0013344459819611286
0.0011835319146073057
0.0010548934695313206
9.279380630443162E-4
8.125292849491894E-4
7.031036505266505E-4
6.03656099384886E-4
5.127230468165299E-4
4.3169593837759834E-4
3.6036460758191713E-4
4.272804325994344E-4
4.242815207583631E-4
4.209978588273551E-4
3.88007259063913E-4
3.521925281273403E-4
3.093613604756785E-4
2.6836171729691214E-4
2.3285942189107272E-4
2.1541868660318746E-4
1.9647647697226445E-4
1.8190944211112444E-4
1.9285740914793965E-4
1.873021354350244E-4
1.9606708204618868E-4
1.936038096692512E-4
1.9209807941343785E-4
1.848349488866259E-4
1.761310893966869E-4
1.6483023952647578E-4
1.526632916335846E-4
1.222334445211902E-4
0.014596311186978227
0.015059218303131254
0.018585150557877177
0.01606874117134254
0.01794520587706949
0.014684306181927205
0.050586801453673384
0.048981460345347436
0.05724664849817336
0.05488001899661201
0.052462490169305015
0.04723616953421441
0.04336569967948892
0.036823127365726196
0.04462061467412611
0.04084196674729609
0.038571244653246385
0.03375424020615388
0.0302923576809257
0.02624451100269163
0.02393949735004737
0.020860593845799906
0.01830127467121966
0.01584340014325182
0.01377888707379658
0.012114056442239916
0.010453268959584336
0.009054348110131354
0.007803861924764731
0.006727566247350002
0.006235625368992724
0.005464499165022215
0.0048364931358021125
0.00425212099854211
0.0037747458158321596
0.0033296402169205566
0.0029283502310409357
0.0025746667758448677
0.002251580105567982
0.001968932099782677
0.0017099800876708535
0.001483953522512846
0.0012898770384018924
0.001117287563335302
9.736291452245673E-4
8.470697987548925E-4
7.408822194259259E-4
6.516610660121339E-4
5.677496416248384E-4
4.997425605618499E-4
4.3407214668263476E-4
3.845351799276878E-4
3.3277283069307173E-4
2.9287147186133326E-4
2.5661993232179163E-4
2.2528576808415578E-4
1.9705344275528077E-4
1.7117602326872287E-4
1.4913909387813686E-4
1.4199438753148647E-4
1.3047498219010407E-4
1.262717255346683E-4
1.226856896267985E-4
1.1831947011041856E-4
1.1907726078624665E-4
1.1730221766156058E-4
1.1421536266363265E-4
1.10676865648579E-4
1.075828730053166E-4
1.045977381316155E-4
9.964148563296889E-5
9.75757718733888E-5
9.33502998591625E-5
8.824097310468491E-5
8.646459790299933E-5
8.032109844929825E-5
7.75451126674367E-5
7.507867610252001E-5
7.028884354518409E-5
6.79799675926004E-5
6.520085528626953E-5
6.246575614009901E-5
5.994465818479309E-5
5.630792694667009E-5
5.47655949187927E-5
5.129368345895726E-5
4.8717941326375024E-5
4.646502567962249E-5
4.412134103958481E-5
4.1782777996884364E-5
3.9828815419805014E-5
3.8130099425455833E-5
3.628291761780614E-5
3.4639974285457126E-5
3.261435252610021E-5
3.172321012736834E-5
3.0758442882069674E-5
2.9119773872059743E-5
2.8620002571345728E-5
2.7255859374091182E-5
2.6715979547694654E-5
2.5904385186188732E-5
2.532926681198584E-5
2.4545754859426888E-5
2.5459972900389908E-5
2.5548877941604114E-5
2.6109773852786146E-5
2.7242555700690573E-5
2.8166569091399257E-5
2.937800426023777E-5
2.94991104791437E-5
2.9554288676702797E-5
2.888194924784522E-5
2.8924524355397738E-5
2.8042180950095284E-5
2.7872663139868762E-5
2.675248939368219E-5
2.5709725620462565E-5
2.4899879818827256E-5
2.4210265077879128E-5
2.3513400662759738E-5
2.2926585213059036E-5
2.2202602778873153E-5
2.1617023443390017E-5
2.091928230740187E-5
2.0982102833423942E-5
2.1064934486165353E-5
2.1583800330132157E-5
2.2348746725109914E-5
2.284534394626777E-5
2.3514749643847725E-5
2.4635545845840282E-5
2.4884555058530636E-5
2.8322412470308896E-5
2.988773953250009E-5
3.228319024045543E-5
3.335853920456995E-5
3.755249386779082E-5
3.8170605281061867E-5
4.041989051814119E-5
4.1645533474946576E-5
4.279135680403359E-5
4.3225046225959035E-5
4.343203272819895E-5
4.302512454935125E-5
4.225398984663465E-5
4.1766633355149034E-5
4.071735904660991E-5
3.920267108943606E-5
3.7330655379034445E-5
3.5663776959672815E-5
3.417488273115877E-5
3.2335172585891285E-5
3.119570728496843E-5
2.9299332530615916E-5
2.7514268107226674E-5
2.5781234214251173E-5
2.3912549995826345E-5
2.283626460751354E-5
2.148342775537757E-5
2.0184861274813017E-5
1.8854258057997073E-5
1.789210769388387E-5
1.6990182212832755E-5
1.6100266841990936E-5
1.5365185199128974E-5
1.4617750112085294E-5
1.385173147934607E-5
1.3145758613665491E-5
1.2597698304220817E-5
1.1983511848692774E-5
1.1512009573990693E-5
1.1104420036798367E-5
1.0707705148888097E-5
1.0058010070492328E-5
9.422777117153089E-6
8.656051714273956E-6
8.444255413406622E-6
7.985905520500763E-6
7.598234374398919E-6
7.262709576698811E-6
6.869584840152949E-6
6.691071492814106E-6
8.085801994548647E-6
9.113757299858637E-6
1.0323319517385807E-5
7.550521366919299E-5
9.806088851297117E-5
0.011811116131555298
0.01383254141330893
0.01900401885489301
0.021026228755751237
0.02483629474200701
0.02631665308642305
0.028622082179742173
0.02428049245486186
0.02575734146276959
0.022054268685972513
0.05149174173820729
0.047270721614702214
0.0521598324567463
0.04939873860826076
0.05485831014814624
0.08013006158504624
0.08275268771215845
0.07206128087793484
0.0773790501398605
0.06446600925828651
0.06746100048611303
0.056655900463589884
0.057301881403676584
0.04978715290098697
0.04885030954961076
0.04319936858291222
0.04038191617575118
0.03530209125034405
0.031715254793031694
0.02769884996780793
0.02499380395314041
0.022211769275721886
0.020019957502744164
0.017908834405193752
0.01610596637137225
0.01441466363432762
0.012921756940542975
0.011545722662137348
0.010315461468212665
0.009223067079683522
0.008242016869666895
0.007362315870243788
0.006584743960340969
0.005885988942685053
0.005282400408513958
0.00472243558444696
0.0042375122078167245
0.0037965756472387873
0.003389662942097173
0.0030483558764602034
0.002728797623531691
0.0024436189692329515
0.0022009548063089026
0.001972525230744699
0.0017765547416714958
0.001605987762317442
0.0014428570994142072
0.0013026369384408095
0.0011713619863614581
0.0010520743427822731
9.458666461682296E-4
8.467607455759481E-4
7.57588996859451E-4
6.800496813192551E-4
6.089175299127102E-4
5.491322415723004E-4
4.890273326612739E-4
4.344048816084744E-4
3.904353089676264E-4
3.489984520950783E-4
3.0927031566182345E-4
2.8168802622848904E-4
2.490599078137477E-4
2.2329009640691068E-4
1.9955703857055135E-4
1.7720605781370704E-4
1.5837068193594021E-4
1.4492699835062496E-4
1.276624001161038E-4
1.1956916807226942E-4
1.0368765170618451E-4
9.494319278880304E-5
8.55959595964026E-5
7.81784383106279E-5
7.161606045208961E-5
6.473173705479746E-5
5.990796776262608E-5
5.4481480674028327E-5
4.9881806850120074E-5
4.514970387516811E-5
4.048130978680809E-5
3.8238999777350455E-5
3.4575920274605185E-5
3.113308620658645E-5
2.9173281567756656E-5
2.6242374435627297E-5
2.43023663996413E-5
2.2001330734573946E-5
2.0635255866382736E-5
2.647689999823695E-5
3.833888777931496E-5
5.646978865600801E-5
7.708072973351927E-5
9.439874000133374E-5
1.097833571315585E-4
1.242628987379119E-4
1.3354844961949993E-4
1.4234361120115898E-4
1.5150013131616798E-4
1.559767405940715E-4
1.5719117309041542E-4
1.575562513169093E-4
1.568652572520263E-4
1.556621622775696E-4
1.470424115952135E-4
1.4577677910141516E-4
1.3711701051986064E-4
1.2939635298676728E-4
1.1828295998233693E-4
1.1257847771244961E-4
1.0663359357251512E-4
9.436617847217498E-5
8.892888809289924E-5
8.228742069045218E-5
7.524355613632418E-5
1.1703578597532514E-4
1.5695729994365023E-4
1.9874888807506848E-4
2.3074134823727462E-4
2.530964904967607E-4
2.6742920986370835E-4
2.749606917837089E-4
2.737168328160298E-4
2.660869868681152E-4
2.532326268618865E-4
2.3931641189010476E-4
2.2650038696070242E-4
2.089255238378548E-4
1.9492291874067456E-4
1.7738063797285134E-4
1.6220344118395304E-4
1.4525027308719642E-4
1.3249874586413347E-4
1.1770079556377344E-4
1.2196556681852703E-4
0.0013570218863519577
0.0019587141265260677
0.0025138578010965805
0.002768121971271496
0.002879917863326795
0.00282370156140335
0.002680231115237766
0.00247031142781729
0.0022254465001513065
0.0019826796245023576
0.0017633628806739755
0.0015523228185621498
0.0013560038492805408
0.001177618757802267
0.0010238546887568584
9.200832368077178E-4
8.239426064860915E-4
7.41459897410294E-4
6.690936330416271E-4
7.835823753369898E-4
7.244920580781015E-4
8.49472440740316E-4
8.01836251311538E-4
7.622315327072915E-4
8.21613988438399E-4
7.63921166591175E-4
7.669132607452637E-4
7.118736020526919E-4
6.503051958009444E-4
5.836481313154015E-4
5.155373298217255E-4
4.509961307346271E-4
3.880457319966001E-4
3.317013435396976E-4
2.8347489234372997E-4
2.400766117676959E-4
2.0454718591152523E-4
1.947188416365836E-4
1.6903187289473047E-4
1.87033696714768E-4
0.0093327232757977
0.011712856518025132
0.013876194621274079
0.013818903147600209
0.013425493356504385
0.012402541369642351
0.011524558401745615
0.010328466741315835
0.009173892506510802
0.008092315638287082
0.007150175940763024
0.006269130967988112
0.005460039717213354
0.004803464480888686
0.004425002108854446
0.003909849272810161
0.0034863356756771086
0.0030590690573422214
0.0027007488759036723
0.0023662165549269308
0.002591965729081934
0.008674135947078504
0.009474124283858593
0.010392067059136319
0.00982730956036614
0.009185142753217797
0.008136783160734254
0.00787875036296206
0.01375824914362941
0.012425635195673603
0.012389776050092102
0.010566009335358707
0.009278542251863997
0.0077032143204547494
0.006428026428465739
0.005230992924299975
0.0042969471622683955
0.0036024011065109024
0.0030378686872028393
0.002586112330375018
0.002206794180859108
0.0018887795764136676
0.001623360285458801
0.0013984417503628895
0.0012123427632242541
0.0010566390769263642
9.249947082308568E-4
8.144999923957593E-4
7.204566018471072E-4
6.408861436277273E-4
5.726787711848425E-4
5.134054136156577E-4
4.6253076003969915E-4
4.1809609369256636E-4
3.8120331422818366E-4
3.4894267541503063E-4
3.208570442625357E-4
2.950656718599143E-4
2.7214558197967393E-4
2.5106193889406147E-4
2.306558637551597E-4
2.1167087256567947E-4
1.947295100028448E-4
1.8017646710312554E-4
1.659064759981714E-4
1.5275294232242284E-4
1.4116373075622257E-4
1.3020088993408334E-4
1.2032788107911647E-4
1.0984980384622087E-4
1.0099807143949847E-4
9.305125915343409E-5
8.578989386252016E-5
7.898211115110546E-5
7.326269308713057E-5