
0.0,0.0,0.0,0.0,0.0,0.0,0.0,
0.0,0.0,0.0,0.0,0.0,0.0,0.0,
0.0,0.0,0.0,0.0,0.0,0.0,0.0,
0.0,0.0,0.0,0.0,0.0,0.0,0.0,
0.0,0.0,0.0,0.0,0.0,0.0,0.0,
0.0,0.0,0.0,0.0,0.0,0.0,0.0,
0.0,0.0,0.0,0.0,0.0,0.0,0.0,
0.0,0.0,0.0,0.0,0.0,0.0,0.0,
0.0,0.0,0.0,0.0,0.0,0.0,0.0,
0.0,0.0,0.0,0.0,0.0,0.0,0.0,
0.0,0.0,0.0,0.0014639429689795604,0.0,0.0,0.0,
0.0,0.0,0.0,0.0014639429689795604,0.0,0.0,0.0,
0.0,0.0,0.0,0.0014639429689795604,0.0,0.0,0.0,
0.0,0.0,0.0,0.010262826994624665,0.0,0.0,0.0,
0.0,0.0,0.0,0.009246626362249656,0.0,0.0,0.0,
0.0,0.0,0.0,0.021119242526660403,0.0,0.0,0.0,
0.0,0.0,0.0,0.050087365616504655,0.0,0.0,0.0,
0.0,0.0,0.0,0.0808622143913498,0.0,0.0,0.0,
0.0,0.0,0.0,0.1559654909784124,0.0,0.0,0.0,
0.0,0.0,0.0,0.22792464386033418,0.0,0.0,0.0,
0.0,0.0,0.0,0.22792464386033418,0.0,0.0,0.0,
0.0,0.0,0.0,0.22792464386033418,0.0,0.0,0.0,
0.0,0.0,0.0,0.3032103031722952,0.0,0.0,0.0,
0.0,0.0,0.0,0.3032103031722952,0.0,0.0,0.0,
0.0,0.0,0.0,0.3032103031722952,0.0,0.0,0.0,
0.0,0.0,0.0,0.3568482765297579,0.0,0.0,0.0,
0.0,0.0,0.0,0.3568482765297579,0.0,0.0,0.0,
0.0,0.0,0.0,0.3999028660716945,0.0,0.0,0.0,
0.0,0.0,0.0,0.3999028660716945,0.0,0.0,0.0,
0.0,0.0,0.0,0.3999028660716945,0.0,0.0,0.0,
0.0,0.0,0.0,0.3999028660716945,0.0,0.0,0.0,
0.0,0.0,0.0,0.3999028660716945,0.0,0.0,0.0,
0.0,0.0,0.0,0.45927173171047136,0.0,0.0,0.0,
0.0,0.0,0.0,0.45927173171047136,0.0,0.0,0.0,
0.0,0.0,0.0,0.5011348195897818,0.0,0.0,0.0,
0.0,0.0,0.0,0.5011348195897818,0.0,0.0,0.0,
0.0,0.0,0.0,0.5872307691057815,0.0,0.0,0.0,
0.0,0.0,0.0,0.743462912191608,0.0,0.0,0.0,
0.0,0.0,0.0,0.743462912191608,0.0,0.0,0.0,
0.0,0.0,0.0,0.743462912191608,0.0,0.0,0.0,
0.0,0.0,0.0,0.7957098992899796,0.0,0.0,0.0,
0.0,0.0,0.0,0.8394505153965381,0.0,0.0,0.0,
0.0,0.0,0.0,0.8394505153965381,0.0,0.0,0.0,
0.0,0.0,0.0,0.8717946453564486,0.0,0.0,0.0,
0.0,0.0,0.0,0.8959789347282007,0.0,0.0,0.0,
0.0,0.0,0.0,0.8959789347282007,0.0,0.0,0.0,
0.0,0.0,0.0,0.8953550495513867,0.0,0.0,0.0,
0.0,0.0,0.0,0.8953550495513867,0.0,0.0,0.0,
0.0,0.0,0.0,0.8539052717278379,0.0,0.0,0.0,
0.0,0.0,0.0,0.8729258794686487,0.0,0.0,0.0,
0.0,0.0,0.0,0.8765560455640594,0.0,0.0,0.0,
0.0,0.0,0.0,0.881548259723468,0.0,0.0,0.0,
0.0,0.0,0.0,0.8499313017006209,0.0,0.0,0.0,
0.0,0.0,0.0,0.8499313017006209,0.0,0.0,0.0,
0.0,0.0,0.0,0.8499313017006209,0.0,0.0,0.0,
0.0,0.0,0.0,0.8789560702406943,0.0,0.0,0.0,
0.0,0.0,0.0,0.9380014666824179,0.0,0.0,0.0,
0.0,0.0,0.0,1.0297972730852674,0.0,0.0,0.0,
0.0,0.0,0.0,0.970656710497084,0.0,0.0,0.0,
0.0,0.0,0.0,0.9630143731779972,0.0,0.0,0.0,
0.0,0.0,0.0,0.9630143731779972,0.0,0.0,0.0,
0.0,0.0,0.0,0.9630143731779972,0.0,0.0,0.0,
0.0,0.0,0.0,0.9630143731779972,0.0,0.0,0.0,
0.0,0.0,0.0,0.9630143731779972,0.0,0.0,0.0,
0.0,0.0,0.0,0.9964330329538978,0.0,0.0,0.0,
0.0,0.0,0.0,1.0910428345932268,0.0,0.0,0.0,
0.0,0.0,0.0,1.139045263532231,0.0,0.0,0.0,
0.0,0.0,0.0,1.1588329525998762,0.0,0.0,0.0,
0.0,0.0,0.0,1.1634677069000596,0.0,0.0,0.0,
0.0,0.0,0.0,1.1728326902581205,0.0,0.0,0.0,
0.0,0.0,0.0,1.1728326902581205,0.0,0.0,0.0,
0.0,0.0,0.0,1.1965402709714466,0.0,0.0,0.0,
0.0,0.0,0.0,1.1965402709714466,0.0,0.0,0.0,
0.0,0.0,0.0,1.171822493056187,0.0,0.0,0.0,
0.0,0.0,0.0,1.171822493056187,0.0,0.0,0.0,
0.0,0.0,0.0,1.2042167563851753,0.0,0.0,0.0,
0.0,0.0,0.0,1.2215665852051252,0.0,0.0,0.0,
0.0,0.0,0.0,1.2215665852051252,0.0,0.0,0.0,
0.0,0.0,0.0,1.2665274343452921,0.0,0.0,0.0,
0.0,0.0,0.0,1.2746235708025822,0.0,0.0,0.0,
0.0,0.0,0.0,1.2746235708025822,0.0,0.0,0.0,
0.0,0.0,0.0,1.2746235708025822,0.0,0.0,0.0,
0.0,0.0,0.0,1.2746235708025822,0.0,0.0,0.0,
0.0,0.0,0.0,1.2746235708025822,0.0,0.0,0.0,
0.0,0.0,0.0,1.3807091521319024,0.0,0.0,0.0,
0.0,0.0,0.0,1.3989474550491887,0.0,0.0,0.0,
0.0,0.0,0.0,1.3285278776315654,0.0,0.0,0.0,
0.0,0.0,0.0,1.3285278776315654,0.0,0.0,0.0,
0.0,0.0,0.0,1.2553102680467547,0.0,0.0,0.0,
0.0,0.0,0.0,1.2553102680467547,0.0,0.0,0.0,
0.0,0.0,0.0,1.2682092703873702,0.0,0.0,0.0,
0.0,0.0,0.0,1.2682092703873702,0.0,0.0,0.0,
0.0,0.0,0.0,1.2768283760871926,0.0,0.0,0.0,
0.0,0.0,0.0,1.2768283760871926,0.0,0.0,0.0,
0.0,0.0,0.0,1.304906255047489,0.0,0.0,0.0,
0.0,0.0,0.0,1.304906255047489,0.0,0.0,0.0,
0.0,0.0,0.0,1.304906255047489,0.0,0.0,0.0,
0.0,0.0,0.0,1.304906255047489,0.0,0.0,0.0,
0.0,0.0,0.0,1.3442456947095796,0.0,0.0,0.0,
0.0,0.0,0.0,1.3754547343323271,0.0,0.0,0.0,
0.0,0.0,0.0,1.464307971208876,0.0,0.0,0.0,
0.0,0.0,0.0,1.4413780049028293,0.0,0.0,0.0,
0.0,0.0,0.0,1.4238413941396701,0.0,0.0,0.0,
0.0,0.0,0.0,1.4238413941396701,0.0,0.0,0.0,
0.0,0.0,0.0,1.4057634055582322,0.0,0.0,0.0,
0.0,0.0,0.0,1.4057634055582322,0.0,0.0,0.0,
0.0,0.0,0.0,1.4057634055582322,0.0,0.0,0.0,
0.0,0.0,0.0,1.3830486965453785,0.0,0.0,0.0,
0.0,0.0,0.0,1.3830486965453785,0.0,0.0,0.0,
0.0,0.0,0.0,1.5280687245957507,0.0,0.0,0.0,
0.0,0.0,0.0,1.5280687245957507,0.0,0.0,0.0,
0.0,0.0,0.0,1.5280687245957507,0.0,0.0,0.0,
0.0,0.0,0.0,1.5280687245957507,0.0,0.0,0.0,
0.0,0.0,0.0,1.5688737619722164,0.0,0.0,0.0,
0.0,0.0,0.0,1.5688737619722164,0.0,0.0,0.0,
0.0,0.0,0.0,1.5252470558384554,0.0,0.0,0.0,
0.0,0.0,0.0,1.5252470558384554,0.0,0.0,0.0,
0.0,0.0,0.0,1.543239456684809,0.0,0.0,0.0,
0.0,0.0,0.0,1.6654332464242856,0.0,0.0,0.0,
0.0,0.0,0.0,1.6194553832751462,0.0,0.0,0.0,
0.0,0.0,0.0,1.6194553832751462,0.0,0.0,0.0,
0.0,0.0,0.0,1.602325759967092,0.0,0.0,0.0,
0.0,0.0,0.0,1.5997659314634307,0.0,0.0,0.0,
0.0,0.0,0.0,1.5997659314634307,0.0,0.0,0.0,
0.0,0.0,0.0,1.6130675107705064,0.0,0.0,0.0,
0.0,0.0,0.0,1.6148518151420523,0.0,0.0,0.0,
0.0,0.0,0.0,1.6148518151420523,0.0,0.0,0.0,
0.0,0.0,0.0,1.5985023280492199,0.0,0.0,0.0,
0.0,0.0,0.0,1.5847342854804698,0.0,0.0,0.0,
0.0,0.0,0.0,1.5847342854804698,0.0,0.0,0.0,
0.0,0.0,0.0,1.4534573094064687,0.0,0.0,0.0,
0.0,0.0,0.0,1.4941385585735603,0.0,0.0,0.0,
0.0,0.0,0.0,1.4941385585735603,0.0,0.0,0.0,
0.0,0.0,0.0,1.465795611108252,0.0,0.0,0.0,
0.0,0.0,0.0,1.5749788182139024,0.0,0.0,0.0,
0.0,0.0,0.0,1.6714121778680509,0.0,0.0,0.0,
0.0,0.0,0.0,1.6714121778680509,0.0,0.0,0.0,
0.0,0.0,0.0,1.6714121778680509,0.0,0.0,0.0,
0.0,0.0,0.0,1.4898169210140861,0.0,0.0,0.0,
0.0,0.0,0.0,1.4488821984303322,0.0,0.0,0.0,
0.0,0.0,0.0,1.3825743352407476,0.0,0.0,0.0,
0.0,0.0,0.0,1.3825743352407476,0.0,0.0,0.0,
0.0,0.0,0.0,1.379751628909176,0.0,0.0,0.0,
0.0,0.0,0.0,1.3666469038191142,0.0,0.0,0.0,
0.0,0.0,0.0,1.3666469038191142,0.0,0.0,0.0,
0.0,0.0,0.0,1.3666469038191142,0.0,0.0,0.0,
0.0,0.0,0.0,1.3666469038191142,0.0,0.0,0.0,
0.0,0.0,0.0,1.3666469038191142,0.0,0.0,0.0,
0.0,0.0,0.0,1.3666469038191142,0.0,0.0,0.0,
0.0,0.0,0.0,1.3666469038191142,0.0,0.0,0.0,
0.0,0.0,0.0,1.3666469038191142,0.0,0.0,0.0,
0.0,0.0,0.0,1.5079871173098112,0.0,0.0,0.0,
0.0,0.0,0.0,1.6529234498727001,0.0,0.0,0.0,
0.0,0.0,0.0,1.6529234498727001,0.0,0.0,0.0,
0.0,0.0,0.0,1.6949570222639654,0.0,0.0,0.0,
0.0,0.0,0.0,1.6949570222639654,0.0,0.0,0.0,
0.0,0.0,0.0,1.6735056437806823,0.0,0.0,0.0,
0.0,0.0,0.0,1.6735056437806823,0.0,0.0,0.0,
0.0,0.0,0.0,1.6549496643167356,0.0,0.0,0.0,
0.0,0.0,0.0,1.6549496643167356,0.0,0.0,0.0,
0.0,0.0,0.0,1.7517218284390765,0.0,0.0,0.0,
0.0,0.0,0.0,1.734356843373184,0.0,0.0,0.0,
0.0,0.0,0.0,1.734356843373184,0.0,0.0,0.0,
0.0,0.0,0.0,1.7238187507644684,0.0,0.0,0.0,
0.0,0.0,0.0,1.7238187507644684,0.0,0.0,0.0,
0.0,0.0,0.0,1.7276459192034352,0.0,0.0,0.0,
0.0,0.0,0.0,1.7276459192034352,0.0,0.0,0.0,
0.0,0.0,0.0,1.7276459192034352,0.0,0.0,0.0,
0.0,0.0,0.0,1.7276459192034352,0.0,0.0,0.0,
0.0,0.0,0.0,1.6507939882646014,0.0,0.0,0.0,
0.0,0.0,0.0,1.6507939882646014,0.0,0.0,0.0,
0.0,0.0,0.0,1.7892517941355237,0.0,0.0,0.0,
0.0,0.0,0.0,1.7892517941355237,0.0,0.0,0.0,
0.0,0.0,0.0,1.7965101424393843,0.0,0.0,0.0,
0.0,0.0,0.0,1.9233008090711758,0.0,0.0,0.0,
0.0,0.0,0.0,1.9233008090711758,0.0,0.0,0.0,
0.0,0.0,0.0,1.9233008090711758,0.0,0.0,0.0,
0.0,0.0,0.0,1.837939683532749,0.0,0.0,0.0,
0.0,0.0,0.0,1.837939683532749,0.0,0.0,0.0,
0.0,0.0,0.0,1.7403121832068635,0.0,0.0,0.0,
0.0,0.0,0.0,1.6980056462765059,0.0,0.0,0.0,
0.0,0.0,0.0,1.6980056462765059,0.0,0.0,0.0,
0.0,0.0,0.0,1.6980056462765059,0.0,0.0,0.0,
0.0,0.0,0.0,1.6980056462765059,0.0,0.0,0.0,
0.0,0.0,0.0,1.592116691415219,0.0,0.0,0.0,
0.0,0.0,0.0,1.592116691415219,0.0,0.0,0.0,
0.0,0.0,0.0,1.587474479766022,0.0,0.0,0.0,
0.0,0.0,0.0,1.584669864227255,0.0,0.0,0.0,
0.0,0.0,0.0,1.584669864227255,0.0,0.0,0.0,
0.0,0.0,0.0,1.584669864227255,0.0,0.0,0.0,
0.0,0.0,0.0,1.5887882091988987,0.0,0.0,0.0,
0.0,0.0,0.0,1.5887882091988987,0.0,0.0,0.0,
0.0,0.0,0.0,1.5887882091988987,0.0,0.0,0.0,
0.0,0.0,0.0,1.6975266910017162,0.0,0.0,0.0,
0.0,0.0,0.0,1.647460656316994,0.0,0.0,0.0,
0.0,0.0,0.0,1.6351322571375517,0.0,0.0,0.0,
0.0,0.0,0.0,1.6351322571375517,0.0,0.0,0.0,
0.0,0.0,0.0,1.627693478146663,0.0,0.0,0.0,
0.0,0.0,0.0,1.6002930017405177,0.0,0.0,0.0,
0.0,0.0,0.0,1.58833279994987,0.0,0.0,0.0,
0.0,0.0,0.0,1.497862948580717,0.0,0.0,0.0,
0.0,0.0,0.0,1.6354764210438515,0.0,0.0,0.0,
0.0,0.0,0.0,1.552380896250685,0.0,0.0,0.0,
0.0,0.0,0.0,1.436271386183727,0.0,0.0,0.0,
0.0,0.0,0.0,1.436271386183727,0.0,0.0,0.0,
0.0,0.0,0.0,1.436271386183727,0.0,0.0,0.0,
0.0,0.0,0.0,1.601004765068132,0.0,0.0,0.0,
0.0,0.0,0.0,1.601004765068132,0.0,0.0,0.0,
0.0,0.0,0.0,1.644094552400634,0.0,0.0,0.0,
0.0,0.0,0.0,1.7755516657258579,0.0,0.0,0.0,
0.0,0.0,0.0,1.7755516657258579,0.0,0.0,0.0,
0.0,0.0,0.0,1.7025844498461937,0.0,0.0,0.0,
0.0,0.0,0.0,1.791195542519853,0.0,0.0,0.0,
0.0,0.0,0.0,1.7540662883539782,0.0,0.0,0.0,
0.0,0.0,0.0,1.6876957194275781,0.0,0.0,0.0,
0.0,0.0,0.0,1.6306761527561588,0.0,0.0,0.0,
0.0,0.0,0.0,1.6306761527561588,0.0,0.0,0.0,
0.0,0.0,0.0,1.6272557388599824,0.0,0.0,0.0,
0.0,0.0,0.0,1.6272557388599824,0.0,0.0,0.0,
0.0,0.0,0.0,1.6272557388599824,0.0,0.0,0.0,
0.0,0.0,0.0,1.6272557388599824,0.0,0.0,0.0,
0.0,0.0,0.0,1.6308075265426583,0.0,0.0,0.0,
0.0,0.0,0.0,1.6308075265426583,0.0,0.0,0.0,
0.0,0.0,0.0,1.6399359791544672,0.0,0.0,0.0,
0.0,0.0,0.0,1.6399359791544672,0.0,0.0,0.0,
0.0,0.0,0.0,1.7675504860035671,0.0,0.0,0.0,
0.0,0.0,0.0,1.8930482960285449,0.0,0.0,0.0,
0.0,0.0,0.0,1.8930482960285449,0.0,0.0,0.0,
0.0,0.0,0.0,1.7929295020754024,0.0,0.0,0.0,
0.0,0.0,0.0,1.8848683006762408,0.0,0.0,0.0,
0.0,0.0,0.0,1.8944536563320755,0.0,0.0,0.0,
0.0,0.0,0.0,1.9980304376970341,0.0,0.0,0.0,
0.0,0.0,0.0,1.941041177746325,0.0,0.0,0.0,
0.0,0.0,0.0,1.8813131471682611,0.0,0.0,0.0,
0.0,0.0,0.0,1.8813131471682611,0.0,0.0,0.0,
0.0,0.0,0.0,1.8813131471682611,0.0,0.0,0.0,
0.0,0.0,0.0,1.8469801319696673,0.0,0.0,0.0,
0.0,0.0,0.0,1.8963253006278684,0.0,0.0,0.0,
0.0,0.0,0.0,1.8963253006278684,0.0,0.0,0.0,
0.0,0.0,0.0,1.8117047136548565,0.0,0.0,0.0,
0.0,0.0,0.0,1.7790890398263604,0.0,0.0,0.0,
0.0,0.0,0.0,1.6039756418981366,0.0,0.0,0.0,
0.0,0.0,0.0,1.5775814801352634,0.0,0.0,0.0,
0.0,0.0,0.0,1.5775814801352634,0.0,0.0,0.0,
0.0,0.0,0.0,1.5594695680707897,0.0,0.0,0.0,
0.0,0.0,0.0,1.5594695680707897,0.0,0.0,0.0,
0.0,0.0,0.0,1.513803766351007,0.0,0.0,0.0,
0.0,0.0,0.0,1.513803766351007,0.0,0.0,0.0,
0.0,0.0,0.0,1.513803766351007,0.0,0.0,0.0,
0.0,0.0,0.0,1.513803766351007,0.0,0.0,0.0,
0.0,0.0,0.0,1.5527918934896654,0.0,0.0,0.0,
0.0,0.0,0.0,1.5624981193881868,0.0,0.0,0.0,
0.0,0.0,0.0,1.4390326229040729,0.0,0.0,0.0,
0.0,0.0,0.0,1.4043873154810127,0.0,0.0,0.0,
0.0,0.0,0.0,1.3331724412565222,0.0,0.0,0.0,
0.0,0.0,0.0,1.3331724412565222,0.0,0.0,0.0,
0.0,0.0,0.0,1.3331724412565222,0.0,0.0,0.0,
0.0,0.0,0.0,1.3331724412565222,0.0,0.0,0.0,
0.0,0.0,0.0,1.3331724412565222,0.0,0.0,0.0,
0.0,0.0,0.0,1.478014074093188,0.0,0.0,0.0,
0.0,0.0,0.0,1.384850824307274,0.0,0.0,0.0,
0.0,0.0,0.0,1.384850824307274,0.0,0.0,0.0,
0.0,0.0,0.0,1.384850824307274,0.0,0.0,0.0,
0.0,0.0,0.0,1.384850824307274,0.0,0.0,0.0,
0.0,0.0,0.0,1.384850824307274,0.0,0.0,0.0,
0.0,0.0,0.0,1.384850824307274,0.0,0.0,0.0,
0.0,0.0,0.0,1.3682354027382901,0.0,0.0,0.0,
0.0,0.0,0.0,1.3658028291561992,0.0,0.0,0.0,
0.0,0.0,0.0,1.3516368512720565,0.0,0.0,0.0,
0.0,0.0,0.0,1.308049058044708,0.0,0.0,0.0,
0.0,0.0,0.0,1.3166256975101855,0.0,0.0,0.0,
0.0,0.0,0.0,1.3286816860010935,0.0,0.0,0.0,
0.0,0.0,0.0,1.3286816860010935,0.0,0.0,0.0,
0.0,0.0,0.0,1.3286816860010935,0.0,0.0,0.0,
0.0,0.0,0.0,1.3576382952951784,0.0,0.0,0.0,
0.0,0.0,0.0,1.3725433742712838,0.0,0.0,0.0,
0.0,0.0,0.0,1.3725433742712838,0.0,0.0,0.0,
0.0,0.0,0.0,1.3884914291571981,0.0,0.0,0.0,
0.0,0.0,0.0,1.3962173674753755,0.0,0.0,0.0,
0.0,0.0,0.0,1.4138557922101698,0.0,0.0,0.0,
0.0,0.0,0.0,1.4138557922101698,0.0,0.0,0.0,
0.0,0.0,0.0,1.45457205296829,0.0,0.0,0.0,
0.0,0.0,0.0,1.45457205296829,0.0,0.0,0.0,
0.0,0.0,0.0,1.6142893430741903,0.0,0.0,0.0,
0.0,0.0,0.0,1.7624187029650105,0.0,0.0,0.0,
0.0,0.0,0.0,1.7624187029650105,0.0,0.0,0.0,
0.0,0.0,0.0,1.7624187029650105,0.0,0.0,0.0,
0.0,0.0,0.0,1.7624187029650105,0.0,0.0,0.0,
0.0,0.0,0.0,1.7477437614017144,0.0,0.0,0.0,
0.0,0.0,0.0,1.7477437614017144,0.0,0.0,0.0,
0.0,0.0,0.0,1.7477437614017144,0.0,0.0,0.0,
0.0,0.0,0.0,1.6686998336477095,0.0,0.0,0.0,
0.0,0.0,0.0,1.616440826976394,0.0,0.0,0.0,
0.0,0.0,0.0,1.616440826976394,0.0,0.0,0.0,
0.0,0.0,0.0,1.5717183085562376,0.0,0.0,0.0,
0.0,0.0,0.0,1.75629451391063,0.0,0.0,0.0,
0.0,0.0,0.0,1.75629451391063,0.0,0.0,0.0,
0.0,0.0,0.0,1.7433145574787088,0.0,0.0,0.0,
0.0,0.0,0.0,1.7432896345232662,0.0,0.0,0.0,
0.0,0.0,0.0,1.757707043748458,0.0,0.0,0.0,
0.0,0.0,0.0,1.7761488453012908,0.0,0.0,0.0,
0.0,0.0,0.0,1.7724307346641164,0.0,0.0,0.0,
0.0,0.0,0.0,1.9125593692453018,0.0,0.0,0.0,
0.0,0.0,0.0,1.9125593692453018,0.0,0.0,0.0,
0.0,0.0,0.0,1.8852800146708355,0.0,0.0,0.0,
0.0,0.0,0.0,1.8656685404891828,0.0,0.0,0.0,
0.0,0.0,0.0,1.8656685404891828,0.0,0.0,0.0,
0.0,0.0,0.0,1.6972246020823079,0.0,0.0,0.0,
0.0,0.0,0.0,1.8463943348818204,0.0,0.0,0.0,
0.0,0.0,0.0,1.9819880143193263,0.0,0.0,0.0,
0.0,0.0,0.0,1.855366046675595,0.0,0.0,0.0,
0.0,0.0,0.0,1.855366046675595,0.0,0.0,0.0,
0.0,0.0,0.0,1.855366046675595,0.0,0.0,0.0,
0.0,0.0,0.0,1.7851672822752962,0.0,0.0,0.0,
0.0,0.0,0.0,1.908127457104118,0.0,0.0,0.0,
0.0,0.0,0.0,1.908127457104118,0.0,0.0,0.0,
0.0,0.0,0.0,1.8058151744557471,0.0,0.0,0.0,
0.0,0.0,0.0,1.8058151744557471,0.0,0.0,0.0,
0.0,0.0,0.0,1.9422305822576378,0.0,0.0,0.0,
0.0,0.0,0.0,1.9422305822576378,0.0,0.0,0.0,
0.0,0.0,0.0,1.86641574276362,0.0,0.0,0.0,
0.0,0.0,0.0,1.7781304602459924,0.0,0.0,0.0,
0.0,0.0,0.0,1.7261340171876152,0.0,0.0,0.0,
0.0,0.0,0.0,1.7261340171876152,0.0,0.0,0.0,
0.0,0.0,0.0,1.6708823738499836,0.0,0.0,0.0,
0.0,0.0,0.0,1.6604682220833393,0.0,0.0,0.0,
0.0,0.0,0.0,1.6604682220833393,0.0,0.0,0.0,
0.0,0.0,0.0,1.6604682220833393,0.0,0.0,0.0,
0.0,0.0,0.0,1.6419563613174246,0.0,0.0,0.0,
0.0,0.0,0.0,1.6419563613174246,0.0,0.0,0.0,
0.0,0.0,0.0,1.6236905591454063,0.0,0.0,0.0,
0.0,0.0,0.0,1.6236905591454063,0.0,0.0,0.0,
0.0,0.0,0.0,1.5324774560330936,0.0,0.0,0.0,
0.0,0.0,0.0,1.5121943019356607,0.0,0.0,0.0,
0.0,0.0,0.0,1.5121943019356607,0.0,0.0,0.0,
0.0,0.0,0.0,1.5178396095157143,0.0,0.0,0.0,
0.0,0.0,0.0,1.5309048075779206,0.0,0.0,0.0,
0.0,0.0,0.0,1.5309048075779206,0.0,0.0,0.0,
0.0,0.0,0.0,1.5309048075779206,0.0,0.0,0.0,
0.0,0.0,0.0,1.5334884887315439,0.0,0.0,0.0,
0.0,0.0,0.0,1.4796040164774285,0.0,0.0,0.0,
0.0,0.0,0.0,1.4796040164774285,0.0,0.0,0.0,
0.0,0.0,0.0,1.4796040164774285,0.0,0.0,0.0,
0.0,0.0,0.0,1.433079996817872,0.0,0.0,0.0,
0.0,0.0,0.0,1.400746085673753,0.0,0.0,0.0,
0.0,0.0,0.0,1.5737504705794616,0.0,0.0,0.0,
0.0,0.0,0.0,1.4849258528008646,0.0,0.0,0.0,
0.0,0.0,0.0,1.4849258528008646,0.0,0.0,0.0,
0.0,0.0,0.0,1.4849258528008646,0.0,0.0,0.0,
0.0,0.0,0.0,1.4849258528008646,0.0,0.0,0.0,
0.0,0.0,0.0,1.4774388165050596,0.0,0.0,0.0,
0.0,0.0,0.0,1.4337878560212243,0.0,0.0,0.0,
0.0,0.0,0.0,1.4337878560212243,0.0,0.0,0.0,
0.0,0.0,0.0,1.4337878560212243,0.0,0.0,0.0,
0.0,0.0,0.0,1.4337878560212243,0.0,0.0,0.0,
0.0,0.0,0.0,1.4337878560212243,0.0,0.0,0.0,
0.0,0.0,0.0,1.4337878560212243,0.0,0.0,0.0,
0.0,0.0,0.0,1.4830943300489228,0.0,0.0,0.0,
0.0,0.0,0.0,1.515307654640263,0.0,0.0,0.0,
0.0,0.0,0.0,1.515307654640263,0.0,0.0,0.0,
0.0,0.0,0.0,1.5273497954228012,0.0,0.0,0.0,
0.0,0.0,0.0,1.524278465246717,0.0,0.0,0.0,
0.0,0.0,0.0,1.524278465246717,0.0,0.0,0.0,
0.0,0.0,0.0,1.524278465246717,0.0,0.0,0.0,
0.0,0.0,0.0,1.5209590300878248,0.0,0.0,0.0,
0.0,0.0,0.0,1.5209590300878248,0.0,0.0,0.0,
0.0,0.0,0.0,1.5209590300878248,0.0,0.0,0.0,
0.0,0.0,0.0,1.5209590300878248,0.0,0.0,0.0,
0.0,0.0,0.0,1.5209590300878248,0.0,0.0,0.0,
0.0,0.0,0.0,1.5209590300878248,0.0,0.0,0.0,
0.0,0.0,0.0,1.5209590300878248,0.0,0.0,0.0,
0.0,0.0,0.0,1.7223590811169631,0.0,0.0,0.0,
0.0,0.0,0.0,1.61744090989118,0.0,0.0,0.0,
0.0,0.0,0.0,1.3027219325742678,0.0,0.0,0.0,
0.0,0.0,0.0,1.2856651546534366,0.0,0.0,0.0,
0.0,0.0,0.0,1.2856651546534366,0.0,0.0,0.0,
0.0,0.0,0.0,1.2856651546534366,0.0,0.0,0.0,
0.0,0.0,0.0,1.2856651546534366,0.0,0.0,0.0,
0.0,0.0,0.0,1.3028120443329203,0.0,0.0,0.0,
0.0,0.0,0.0,1.3028120443329203,0.0,0.0,0.0,
0.0,0.0,0.0,1.3028120443329203,0.0,0.0,0.0,
0.0,0.0,0.0,1.3028120443329203,0.0,0.0,0.0,
0.0,0.0,0.0,1.3383199822251428,0.0,0.0,0.0,
0.0,0.0,0.0,1.3383199822251428,0.0,0.0,0.0,
0.0,0.0,0.0,1.39095962627222,0.0,0.0,0.0,
0.0,0.0,0.0,1.3645911963611193,0.0,0.0,0.0,
0.0,0.0,0.0,1.3645911963611193,0.0,0.0,0.0,
0.0,0.0,0.0,1.550364478837711,0.0,0.0,0.0,
0.0,0.0,0.0,1.550364478837711,0.0,0.0,0.0,
0.0,0.0,0.0,1.4987328402373472,0.0,0.0,0.0,
0.0,0.0,0.0,1.4987328402373472,0.0,0.0,0.0,
0.0,0.0,0.0,1.638244923530584,0.0,0.0,0.0,
0.0,0.0,0.0,1.638244923530584,0.0,0.0,0.0,
0.0,0.0,0.0,1.6524892350999272,0.0,0.0,0.0,
0.0,0.0,0.0,1.6657744579999092,0.0,0.0,0.0,
0.0,0.0,0.0,1.677496501294911,0.0,0.0,0.0,
0.0,0.0,0.0,1.6897399032217504,0.0,0.0,0.0,
0.0,0.0,0.0,1.6790617135095045,0.0,0.0,0.0,
0.0,0.0,0.0,1.6790617135095045,0.0,0.0,0.0,
0.0,0.0,0.0,1.6790617135095045,0.0,0.0,0.0,
0.0,0.0,0.0,1.8108197423405268,0.0,0.0,0.0,
0.0,0.0,0.0,1.8108197423405268,0.0,0.0,0.0,
0.0,0.0,0.0,1.8108197423405268,0.0,0.0,0.0,
0.0,0.0,0.0,1.818313222735215,0.0,0.0,0.0,
0.0,0.0,0.0,1.818313222735215,0.0,0.0,0.0,
0.0,0.0,0.0,1.808896085700495,0.0,0.0,0.0,
0.0,0.0,0.0,1.808896085700495,0.0,0.0,0.0,
0.0,0.0,0.0,1.808896085700495,0.0,0.0,0.0,
0.0,0.0,0.0,1.9134161274709474,0.0,0.0,0.0,
0.0,0.0,0.0,1.9134161274709474,0.0,0.0,0.0,
0.0,0.0,0.0,1.8103866263703041,0.0,0.0,0.0,
0.0,0.0,0.0,1.7473783646505292,0.0,0.0,0.0,
0.0,0.0,0.0,1.6245066984628296,0.0,0.0,0.0,
0.0,0.0,0.0,1.6055205654519291,0.0,0.0,0.0,
0.0,0.0,0.0,1.5478599268455988,0.0,0.0,0.0,
0.0,0.0,0.0,1.6675115509773817,0.0,0.0,0.0,
0.0,0.0,0.0,1.6029140768749635,0.0,0.0,0.0,
0.0,0.0,0.0,1.6029140768749635,0.0,0.0,0.0,
0.0,0.0,0.0,1.6029140768749635,0.0,0.0,0.0,
0.0,0.0,0.0,1.5801122378498091,0.0,0.0,0.0,
0.0,0.0,0.0,1.5801122378498091,0.0,0.0,0.0,
0.0,0.0,0.0,1.6230626158875074,0.0,0.0,0.0,
0.0,0.0,0.0,1.6230626158875074,0.0,0.0,0.0,
0.0,0.0,0.0,1.6230626158875074,0.0,0.0,0.0,
0.0,0.0,0.0,1.6230626158875074,0.0,0.0,0.0,
0.0,0.0,0.0,1.6230626158875074,0.0,0.0,0.0,
0.0,0.0,0.0,1.6473469191422154,0.0,0.0,0.0,
0.0,0.0,0.0,1.6161420685094219,0.0,0.0,0.0,
0.0,0.0,0.0,1.6317300655585558,0.0,0.0,0.0,
0.0,0.0,0.0,1.635391273937851,0.0,0.0,0.0,
0.0,0.0,0.0,1.6420801802018168,0.0,0.0,0.0,
0.0,0.0,0.0,1.6073290683177155,0.0,0.0,0.0,
0.0,0.0,0.0,1.735524513850485,0.0,0.0,0.0,
0.0,0.0,0.0,1.6831660835010092,0.0,0.0,0.0,
0.0,0.0,0.0,1.8002220427010172,0.0,0.0,0.0,
0.0,0.0,0.0,1.8002220427010172,0.0,0.0,0.0,
0.0,0.0,0.0,1.7730169323209306,0.0,0.0,0.0,
0.0,0.0,0.0,1.74938652666069,0.0,0.0,0.0,
0.0,0.0,0.0,1.6965138644530997,0.0,0.0,0.0,
0.0,0.0,0.0,1.6981554010401534,0.0,0.0,0.0,
0.0,0.0,0.0,1.6782026439769384,0.0,0.0,0.0,
0.0,0.0,0.0,1.7998244086209854,0.0,0.0,0.0,
0.0,0.0,0.0,1.78678912351173,0.0,0.0,0.0,
0.0,0.0,0.0,1.7638809524418013,0.0,0.0,0.0,
0.0,0.0,0.0,1.7469212057391486,0.0,0.0,0.0,
0.0,0.0,0.0,1.7469212057391486,0.0,0.0,0.0,
0.0,0.0,0.0,1.847970766806179,0.0,0.0,0.0,
0.0,0.0,0.0,1.847970766806179,0.0,0.0,0.0,
0.0,0.0,0.0,1.847970766806179,0.0,0.0,0.0,
0.0,0.0,0.0,1.847970766806179,0.0,0.0,0.0,
0.0,0.0,0.0,1.847970766806179,0.0,0.0,0.0,
0.0,0.0,0.0,1.847970766806179,0.0,0.0,0.0,
0.0,0.0,0.0,1.8556199904082578,0.0,0.0,0.0,
0.0,0.0,0.0,1.8556199904082578,0.0,0.0,0.0,
0.0,0.0,0.0,1.932320052633954,0.0,0.0,0.0,
0.0,0.0,0.0,1.932320052633954,0.0,0.0,0.0,
0.0,0.0,0.0,1.9193948383617583,0.0,0.0,0.0,
0.0,0.0,0.0,1.8604500079442887,0.0,0.0,0.0,
0.0,0.0,0.0,1.9605165462144105,0.0,0.0,0.0,
0.0,0.0,0.0,1.9001726304675564,0.0,0.0,0.0,
0.0,0.0,0.0,1.879274080669076,0.0,0.0,0.0,
0.0,0.0,0.0,1.8731318348345394,0.0,0.0,0.0,
0.0,0.0,0.0,1.8731318348345394,0.0,0.0,0.0,
0.0,0.0,0.0,1.8589452993256945,0.0,0.0,0.0,
0.0,0.0,0.0,1.8589452993256945,0.0,0.0,0.0,
0.0,0.0,0.0,1.8589452993256945,0.0,0.0,0.0,
0.0,0.0,0.0,1.8376035706440164,0.0,0.0,0.0,
0.0,0.0,0.0,1.8358679104046085,0.0,0.0,0.0,
0.0,0.0,0.0,1.8848471247935517,0.0,0.0,0.0,
0.0,0.0,0.0,1.8848471247935517,0.0,0.0,0.0,
0.0,0.0,0.0,1.7770270642672588,0.0,0.0,0.0,
0.0,0.0,0.0,1.7770270642672588,0.0,0.0,0.0,
0.0,0.0,0.0,1.7598798254130847,0.0,0.0,0.0,
0.0,0.0,0.0,1.7598798254130847,0.0,0.0,0.0,
0.0,0.0,0.0,1.659678817697569,0.0,0.0,0.0,
0.0,0.0,0.0,1.70820024393077,0.0,0.0,0.0,
0.0,0.0,0.0,1.526686994301099,0.0,0.0,0.0,
0.0,0.0,0.0,1.526686994301099,0.0,0.0,0.0,
0.0,0.0,0.0,1.526686994301099,0.0,0.0,0.0,
0.0,0.0,0.0,1.526686994301099,0.0,0.0,0.0,
0.0,0.0,0.0,1.526686994301099,0.0,0.0,0.0,
0.0,0.0,0.0,1.526686994301099,0.0,0.0,0.0,
0.0,0.0,0.0,1.5127931621852948,0.0,0.0,0.0,
0.0,0.0,0.0,1.6605655275739175,0.0,0.0,0.0,
0.0,0.0,0.0,1.5965284266788944,0.0,0.0,0.0,
0.0,0.0,0.0,1.4962817226765386,0.0,0.0,0.0,
0.0,0.0,0.0,1.4828808035873773,0.0,0.0,0.0,
0.0,0.0,0.0,1.5800887033786588,0.0,0.0,0.0,
0.0,0.0,0.0,1.4855938786979872,0.0,0.0,0.0,
0.0,0.0,0.0,1.5730954951299017,0.0,0.0,0.0,
0.0,0.0,0.0,1.4370457007916149,0.0,0.0,0.0,
0.0,0.0,0.0,1.413651847127291,0.0,0.0,0.0,
0.0,0.0,0.0,1.3837594356914142,0.0,0.0,0.0,
0.0,0.0,0.0,1.3707412471027547,0.0,0.0,0.0,
0.0,0.0,0.0,1.2844063988825811,0.0,0.0,0.0,
0.0,0.0,0.0,1.2844063988825811,0.0,0.0,0.0,
0.0,0.0,0.0,1.2844063988825811,0.0,0.0,0.0,
0.0,0.0,0.0,1.2844063988825811,0.0,0.0,0.0,
0.0,0.0,0.0,1.2807403535030542,0.0,0.0,0.0,
0.0,0.0,0.0,1.299326547581468,0.0,0.0,0.0,
0.0,0.0,0.0,1.3028389555011444,0.0,0.0,0.0,
0.0,0.0,0.0,1.378330011584388,0.0,0.0,0.0,
0.0,0.0,0.0,1.378330011584388,0.0,0.0,0.0,
0.0,0.0,0.0,1.378330011584388,0.0,0.0,0.0,
0.0,0.0,0.0,1.3783096365062288,0.0,0.0,0.0,
0.0,0.0,0.0,1.3113825027281796,0.0,0.0,0.0,
0.0,0.0,0.0,1.3113825027281796,0.0,0.0,0.0,
0.0,0.0,0.0,1.3249818915486715,0.0,0.0,0.0,
0.0,0.0,0.0,1.310005464123992,0.0,0.0,0.0,
0.0,0.0,0.0,1.3084731952786748,0.0,0.0,0.0,
0.0,0.0,0.0,1.3084731952786748,0.0,0.0,0.0,
0.0,0.0,0.0,1.3084731952786748,0.0,0.0,0.0,
0.0,0.0,0.0,1.3084731952786748,0.0,0.0,0.0,
0.0,0.0,0.0,1.301597334281402,0.0,0.0,0.0,
0.0,0.0,0.0,1.3053498082414765,0.0,0.0,0.0,
0.0,0.0,0.0,1.234956994617262,0.0,0.0,0.0,
0.0,0.0,0.0,1.244522744553083,0.0,0.0,0.0,
0.0,0.0,0.0,1.2449420899502461,0.0,0.0,0.0,
0.0,0.0,0.0,1.2518891312843767,0.0,0.0,0.0,
0.0,0.0,0.0,1.2518891312843767,0.0,0.0,0.0,
0.0,0.0,0.0,1.2518891312843767,0.0,0.0,0.0,
0.0,0.0,0.0,1.2046894753494874,0.0,0.0,0.0,
0.0,0.0,0.0,1.2046894753494874,0.0,0.0,0.0,
0.0,0.0,0.0,1.2204887685244044,0.0,0.0,0.0,
0.0,0.0,0.0,1.2204887685244044,0.0,0.0,0.0,
0.0,0.0,0.0,1.2204887685244044,0.0,0.0,0.0,
0.0,0.0,0.0,1.2296568162493786,0.0,0.0,0.0,
0.0,0.0,0.0,1.214242624364851,0.0,0.0,0.0,
0.0,0.0,0.0,1.214242624364851,0.0,0.0,0.0,
0.0,0.0,0.0,1.214242624364851,0.0,0.0,0.0,
0.0,0.0,0.0,1.2240745146915084,0.0,0.0,0.0,
0.0,0.0,0.0,1.2240745146915084,0.0,0.0,0.0,
0.0,0.0,0.0,1.2240745146915084,0.0,0.0,0.0,
0.0,0.0,0.0,1.251699990773496,0.0,0.0,0.0,
0.0,0.0,0.0,1.2513133766338016,0.0,0.0,0.0,
0.0,0.0,0.0,1.2513133766338016,0.0,0.0,0.0,
0.0,0.0,0.0,1.3066414784941685,0.0,0.0,0.0,
0.0,0.0,0.0,1.3066414784941685,0.0,0.0,0.0,
0.0,0.0,0.0,1.3066414784941685,0.0,0.0,0.0,
0.0,0.0,0.0,1.4773406256713817,0.0,0.0,0.0,
0.0,0.0,0.0,1.4717457452519396,0.0,0.0,0.0,
0.0,0.0,0.0,1.4981189346805517,0.0,0.0,0.0,
0.0,0.0,0.0,1.6326178790131247,0.0,0.0,0.0,
0.0,0.0,0.0,1.5619159534964657,0.0,0.0,0.0,
0.0,0.0,0.0,1.5619159534964657,0.0,0.0,0.0,
0.0,0.0,0.0,1.5619159534964657,0.0,0.0,0.0,
0.0,0.0,0.0,1.5137228024179146,0.0,0.0,0.0,
0.0,0.0,0.0,1.5137228024179146,0.0,0.0,0.0,
0.0,0.0,0.0,1.5137228024179146,0.0,0.0,0.0,
0.0,0.0,0.0,1.7450743103386754,0.0,0.0,0.0,
0.0,0.0,0.0,1.734443206638947,0.0,0.0,0.0,
0.0,0.0,0.0,1.5537972822317894,0.0,0.0,0.0,
0.0,0.0,0.0,1.5537972822317894,0.0,0.0,0.0,
0.0,0.0,0.0,1.519250726174073,0.0,0.0,0.0,
0.0,0.0,0.0,1.519250726174073,0.0,0.0,0.0,
0.0,0.0,0.0,1.4805869908009228,0.0,0.0,0.0,
0.0,0.0,0.0,1.4796258155793733,0.0,0.0,0.0,
0.0,0.0,0.0,1.4567231431317171,0.0,0.0,0.0,
0.0,0.0,0.0,1.4567231431317171,0.0,0.0,0.0,
0.0,0.0,0.0,1.4567231431317171,0.0,0.0,0.0,
0.0,0.0,0.0,1.4567231431317171,0.0,0.0,0.0,
0.0,0.0,0.0,1.4567231431317171,0.0,0.0,0.0,
0.0,0.0,0.0,1.6121880032561595,0.0,0.0,0.0,
0.0,0.0,0.0,1.6121880032561595,0.0,0.0,0.0,
0.0,0.0,0.0,1.6121880032561595,0.0,0.0,0.0,
0.0,0.0,0.0,1.6092002879131024,0.0,0.0,0.0,
0.0,0.0,0.0,1.61179389113376,0.0,0.0,0.0,
0.0,0.0,0.0,1.595710607659933,0.0,0.0,0.0,
0.0,0.0,0.0,1.5961057133691317,0.0,0.0,0.0,
0.0,0.0,0.0,1.5961057133691317,0.0,0.0,0.0,
0.0,0.0,0.0,1.544585832572729,0.0,0.0,0.0,
0.0,0.0,0.0,1.544585832572729,0.0,0.0,0.0,
0.0,0.0,0.0,1.676504085750886,0.0,0.0,0.0,
0.0,0.0,0.0,1.6428966066911954,0.0,0.0,0.0,
0.0,0.0,0.0,1.6428059852036232,0.0,0.0,0.0,
0.0,0.0,0.0,1.633841104873153,0.0,0.0,0.0,
0.0,0.0,0.0,1.633841104873153,0.0,0.0,0.0,
0.0,0.0,0.0,1.6404476231109315,0.0,0.0,0.0,
0.0,0.0,0.0,1.6246900037973655,0.0,0.0,0.0,
0.0,0.0,0.0,1.6135170119561,0.0,0.0,0.0,
0.0,0.0,0.0,1.5178737565920692,0.0,0.0,0.0,
0.0,0.0,0.0,1.5178737565920692,0.0,0.0,0.0,
0.0,0.0,0.0,1.477157252816747,0.0,0.0,0.0,
0.0,0.0,0.0,1.4835201230886252,0.0,0.0,0.0,
0.0,0.0,0.0,1.5865036181665444,0.0,0.0,0.0,
0.0,0.0,0.0,1.5865036181665444,0.0,0.0,0.0,
0.0,0.0,0.0,1.5865036181665444,0.0,0.0,0.0,
0.0,0.0,0.0,1.5599576681098408,0.0,0.0,0.0,
0.0,0.0,0.0,1.5163122599266696,0.0,0.0,0.0,
0.0,0.0,0.0,1.6538484248279954,0.0,0.0,0.0,
0.0,0.0,0.0,1.7413918593431519,0.0,0.0,0.0,
0.0,0.0,0.0,1.6341980684317838,0.0,0.0,0.0,
0.0,0.0,0.0,1.6341980684317838,0.0,0.0,0.0,
0.0,0.0,0.0,1.747945508063918,0.0,0.0,0.0,
0.0,0.0,0.0,1.747945508063918,0.0,0.0,0.0,
0.0,0.0,0.0,1.747945508063918,0.0,0.0,0.0,
0.0,0.0,0.0,1.747945508063918,0.0,0.0,0.0,
0.0,0.0,0.0,1.85543383167755,0.0,0.0,0.0,
0.0,0.0,0.0,1.8124645352321136,0.0,0.0,0.0,
0.0,0.0,0.0,1.8124645352321136,0.0,0.0,0.0,
0.0,0.0,0.0,1.8124645352321136,0.0,0.0,0.0,
0.0,0.0,0.0,1.7886087506734554,0.0,0.0,0.0,
0.0,0.0,0.0,1.7791107732647093,0.0,0.0,0.0,
0.0,0.0,0.0,1.7791107732647093,0.0,0.0,0.0,
0.0,0.0,0.0,1.7049427018280758,0.0,0.0,0.0,
0.0,0.0,0.0,1.7049427018280758,0.0,0.0,0.0,
0.0,0.0,0.0,1.7035333451152948,0.0,0.0,0.0,
0.0,0.0,0.0,1.6406488792448872,0.0,0.0,0.0,
0.0,0.0,0.0,1.6406488792448872,0.0,0.0,0.0,
0.0,0.0,0.0,1.694613690060185,0.0,0.0,0.0,
0.0,0.0,0.0,1.694613690060185,0.0,0.0,0.0,
0.0,0.0,0.0,1.709355410919277,0.0,0.0,0.0,
0.0,0.0,0.0,1.7175986597136406,0.0,0.0,0.0,
0.0,0.0,0.0,1.7175986597136406,0.0,0.0,0.0,
0.0,0.0,0.0,1.7175986597136406,0.0,0.0,0.0,
0.0,0.0,0.0,1.6789541960081467,0.0,0.0,0.0,
0.0,0.0,0.0,1.6789541960081467,0.0,0.0,0.0,
0.0,0.0,0.0,1.763613243623168,0.0,0.0,0.0,
0.0,0.0,0.0,1.763613243623168,0.0,0.0,0.0,
0.0,0.0,0.0,1.5157847185789013,0.0,0.0,0.0,
0.0,0.0,0.0,1.6295988042012546,0.0,0.0,0.0,
0.0,0.0,0.0,1.6295988042012546,0.0,0.0,0.0,
0.0,0.0,0.0,1.5615410566750119,0.0,0.0,0.0,
0.0,0.0,0.0,1.5411063908351241,0.0,0.0,0.0,
0.0,0.0,0.0,1.5465513363953347,0.0,0.0,0.0,
0.0,0.0,0.0,1.5465513363953347,0.0,0.0,0.0,
0.0,0.0,0.0,1.5465513363953347,0.0,0.0,0.0,
0.0,0.0,0.0,1.4938656272966118,0.0,0.0,0.0,
0.0,0.0,0.0,1.4831746078684218,0.0,0.0,0.0,
0.0,0.0,0.0,1.4831746078684218,0.0,0.0,0.0,
0.0,0.0,0.0,1.487691753354478,0.0,0.0,0.0,
0.0,0.0,0.0,1.486400114613859,0.0,0.0,0.0,
0.0,0.0,0.0,1.6098736634164421,0.0,0.0,0.0,
0.0,0.0,0.0,1.5158358182926261,0.0,0.0,0.0,
0.0,0.0,0.0,1.4264212433911363,0.0,0.0,0.0,
0.0,0.0,0.0,1.4264212433911363,0.0,0.0,0.0,
0.0,0.0,0.0,1.3883444323203087,0.0,0.0,0.0,
0.0,0.0,0.0,1.3883444323203087,0.0,0.0,0.0,
0.0,0.0,0.0,1.5010474328457057,0.0,0.0,0.0,
0.0,0.0,0.0,1.5010474328457057,0.0,0.0,0.0,
0.0,0.0,0.0,1.5063881698370212,0.0,0.0,0.0,
0.0,0.0,0.0,1.562443816231595,0.0,0.0,0.0,
0.0,0.0,0.0,1.562443816231595,0.0,0.0,0.0,
0.0,0.0,0.0,1.6173111889929752,0.0,0.0,0.0,
0.0,0.0,0.0,1.6173111889929752,0.0,0.0,0.0,
0.0,0.0,0.0,1.6206928746683453,0.0,0.0,0.0,
0.0,0.0,0.0,1.7311326589273992,0.0,0.0,0.0,
0.0,0.0,0.0,1.6923192004249008,0.0,0.0,0.0,
0.0,0.0,0.0,1.6923192004249008,0.0,0.0,0.0,
0.0,0.0,0.0,1.613432173334535,0.0,0.0,0.0,
0.0,0.0,0.0,1.6064265830407565,0.0,0.0,0.0,
0.0,0.0,0.0,1.6049723815147015,0.0,0.0,0.0,
0.0,0.0,0.0,1.6049723815147015,0.0,0.0,0.0,
0.0,0.0,0.0,1.6049723815147015,0.0,0.0,0.0,
0.0,0.0,0.0,1.6051987603745164,0.0,0.0,0.0,
0.0,0.0,0.0,1.6051987603745164,0.0,0.0,0.0,
0.0,0.0,0.0,1.699803998713913,0.0,0.0,0.0,
0.0,0.0,0.0,1.6400081091216296,0.0,0.0,0.0,
0.0,0.0,0.0,1.6400081091216296,0.0,0.0,0.0,
0.0,0.0,0.0,1.502727884249838,0.0,0.0,0.0,
0.0,0.0,0.0,1.502727884249838,0.0,0.0,0.0,
0.0,0.0,0.0,1.447235080719385,0.0,0.0,0.0,
0.0,0.0,0.0,1.4189540916775594,0.0,0.0,0.0,
0.0,0.0,0.0,1.379277863959113,0.0,0.0,0.0,
0.0,0.0,0.0,1.3351411432139981,0.0,0.0,0.0,
0.0,0.0,0.0,1.3351411432139981,0.0,0.0,0.0,
0.0,0.0,0.0,1.3351411432139981,0.0,0.0,0.0,
0.0,0.0,0.0,1.3351411432139981,0.0,0.0,0.0,
0.0,0.0,0.0,1.343956874898778,0.0,0.0,0.0,
0.0,0.0,0.0,1.2848680347182415,0.0,0.0,0.0,
0.0,0.0,0.0,1.2848680347182415,0.0,0.0,0.0,
0.0,0.0,0.0,1.2850424761520896,0.0,0.0,0.0,
0.0,0.0,0.0,1.2967615262727887,0.0,0.0,0.0,
0.0,0.0,0.0,1.2959996175969255,0.0,0.0,0.0,
0.0,0.0,0.0,1.2959996175969255,0.0,0.0,0.0,
0.0,0.0,0.0,1.2959996175969255,0.0,0.0,0.0,
0.0,0.0,0.0,1.311218001541075,0.0,0.0,0.0,
0.0,0.0,0.0,1.3475272309904271,0.0,0.0,0.0,
0.0,0.0,0.0,1.347123859934861,0.0,0.0,0.0,
0.0,0.0,0.0,1.4621081292256586,0.0,0.0,0.0,
0.0,0.0,0.0,1.4621081292256586,0.0,0.0,0.0,
0.0,0.0,0.0,1.5192385367943908,0.0,0.0,0.0,
0.0,0.0,0.0,1.4965459858510097,0.0,0.0,0.0,
0.0,0.0,0.0,1.4965459858510097,0.0,0.0,0.0,
0.0,0.0,0.0,1.4761923601729792,0.0,0.0,0.0,
0.0,0.0,0.0,1.4761923601729792,0.0,0.0,0.0,
0.0,0.0,0.0,1.4761923601729792,0.0,0.0,0.0,
0.0,0.0,0.0,1.4761923601729792,0.0,0.0,0.0,
0.0,0.0,0.0,1.4761923601729792,0.0,0.0,0.0,
0.0,0.0,0.0,1.4622372226128115,0.0,0.0,0.0,
0.0,0.0,0.0,1.444316783777053,0.0,0.0,0.0,
0.0,0.0,0.0,1.4274641605983147,0.0,0.0,0.0,
0.0,0.0,0.0,1.528163837613169,0.0,0.0,0.0,
0.0,0.0,0.0,1.436032540106839,0.0,0.0,0.0,
0.0,0.0,0.0,1.391295454074996,0.0,0.0,0.0,
0.0,0.0,0.0,1.3845723043127494,0.0,0.0,0.0,
0.0,0.0,0.0,1.3460467132430984,0.0,0.0,0.0,
0.0,0.0,0.0,1.3508688724443618,0.0,0.0,0.0,
0.0,0.0,0.0,1.3543109504626056,0.0,0.0,0.0,
0.0,0.0,0.0,1.3176810769259952,0.0,0.0,0.0,
0.0,0.0,0.0,1.3176810769259952,0.0,0.0,0.0,
0.0,0.0,0.0,1.4766901307348805,0.0,0.0,0.0,
0.0,0.0,0.0,1.4716148426454925,0.0,0.0,0.0,
0.0,0.0,0.0,1.4716148426454925,0.0,0.0,0.0,
0.0,0.0,0.0,1.4716148426454925,0.0,0.0,0.0,
0.0,0.0,0.0,1.5889345521533853,0.0,0.0,0.0,
0.0,0.0,0.0,1.5889345521533853,0.0,0.0,0.0,
0.0,0.0,0.0,1.6067146731021287,0.0,0.0,0.0,
0.0,0.0,0.0,1.5451540591098911,0.0,0.0,0.0,
0.0,0.0,0.0,1.5451540591098911,0.0,0.0,0.0,
0.0,0.0,0.0,1.4971156716795098,0.0,0.0,0.0,
0.0,0.0,0.0,1.4971156716795098,0.0,0.0,0.0,
0.0,0.0,0.0,1.5197776619801868,0.0,0.0,0.0,
0.0,0.0,0.0,1.5481792140311872,0.0,0.0,0.0,
0.0,0.0,0.0,1.5481792140311872,0.0,0.0,0.0,
0.0,0.0,0.0,1.4636857368054983,0.0,0.0,0.0,
0.0,0.0,0.0,1.4636857368054983,0.0,0.0,0.0,
0.0,0.0,0.0,1.4636857368054983,0.0,0.0,0.0,
0.0,0.0,0.0,1.4636857368054983,0.0,0.0,0.0,
0.0,0.0,0.0,1.5231662476578438,0.0,0.0,0.0,
0.0,0.0,0.0,1.304238108242062,0.0,0.0,0.0,
0.0,0.0,0.0,1.281973670463685,0.0,0.0,0.0,
0.0,0.0,0.0,1.281973670463685,0.0,0.0,0.0,
0.0,0.0,0.0,1.281973670463685,0.0,0.0,0.0,
0.0,0.0,0.0,1.281973670463685,0.0,0.0,0.0,
0.0,0.0,0.0,1.3011294250083192,0.0,0.0,0.0,
0.0,0.0,0.0,1.313688593292095,0.0,0.0,0.0,
0.0,0.0,0.0,1.313688593292095,0.0,0.0,0.0,
0.0,0.0,0.0,1.310485819264788,0.0,0.0,0.0,
0.0,0.0,0.0,1.310485819264788,0.0,0.0,0.0,
0.0,0.0,0.0,1.2777989198288366,0.0,0.0,0.0,
0.0,0.0,0.0,1.4370215463814,0.0,0.0,0.0,
0.0,0.0,0.0,1.4370215463814,0.0,0.0,0.0,
0.0,0.0,0.0,1.4370215463814,0.0,0.0,0.0,
0.0,0.0,0.0,1.4370215463814,0.0,0.0,0.0,
0.0,0.0,0.0,1.4370215463814,0.0,0.0,0.0,
0.0,0.0,0.0,1.4370215463814,0.0,0.0,0.0,
0.0,0.0,0.0,1.4370215463814,0.0,0.0,0.0,
0.0,0.0,0.0,1.4370215463814,0.0,0.0,0.0,
0.0,0.0,0.0,1.4370215463814,0.0,0.0,0.0,
0.0,0.0,0.0,1.46920518771663,0.0,0.0,0.0,
0.0,0.0,0.0,1.46920518771663,0.0,0.0,0.0,
0.0,0.0,0.0,1.46920518771663,0.0,0.0,0.0,
0.0,0.0,0.0,1.4899268167340793,0.0,0.0,0.0,
0.0,0.0,0.0,1.4899268167340793,0.0,0.0,0.0,
0.0,0.0,0.0,1.6455988089676263,0.0,0.0,0.0,
0.0,0.0,0.0,1.577360647500829,0.0,0.0,0.0,
0.0,0.0,0.0,1.577360647500829,0.0,0.0,0.0,
0.0,0.0,0.0,1.5722770981921774,0.0,0.0,0.0,
0.0,0.0,0.0,1.5722770981921774,0.0,0.0,0.0,
0.0,0.0,0.0,1.6778636932694961,0.0,0.0,0.0,
0.0,0.0,0.0,1.6778636932694961,0.0,0.0,0.0,
0.0,0.0,0.0,1.6778636932694961,0.0,0.0,0.0,
0.0,0.0,0.0,1.6669027245410954,0.0,0.0,0.0,
0.0,0.0,0.0,1.6403374387646645,0.0,0.0,0.0,
0.0,0.0,0.0,1.6403374387646645,0.0,0.0,0.0,
0.0,0.0,0.0,1.5849835012514968,0.0,0.0,0.0,
0.0,0.0,0.0,1.7283922807392504,0.0,0.0,0.0,
0.0,0.0,0.0,1.7283922807392504,0.0,0.0,0.0,
0.0,0.0,0.0,1.7283922807392504,0.0,0.0,0.0,
0.0,0.0,0.0,1.7283922807392504,0.0,0.0,0.0,
0.0,0.0,0.0,1.7283922807392504,0.0,0.0,0.0,
0.0,0.0,0.0,1.7283922807392504,0.0,0.0,0.0,
0.0,0.0,0.0,1.5655254073725875,0.0,0.0,0.0,
0.0,0.0,0.0,1.7174382914294781,0.0,0.0,0.0,
0.0,0.0,0.0,1.6355475474715975,0.0,0.0,0.0,
0.0,0.0,0.0,1.6355475474715975,0.0,0.0,0.0,
0.0,0.0,0.0,1.783700190801148,0.0,0.0,0.0,
0.0,0.0,0.0,1.6054953179172093,0.0,0.0,0.0,
0.0,0.0,0.0,1.6054953179172093,0.0,0.0,0.0,
0.0,0.0,0.0,1.6054953179172093,0.0,0.0,0.0,
0.0,0.0,0.0,1.3671417600945908,0.0,0.0,0.0,
0.0,0.0,0.0,1.3468460041925225,0.0,0.0,0.0,
0.0,0.0,0.0,1.3468460041925225,0.0,0.0,0.0,
0.0,0.0,0.0,1.3314512250836674,0.0,0.0,0.0,
0.0,0.0,0.0,1.3314512250836674,0.0,0.0,0.0,
0.0,0.0,0.0,1.3424899072643794,0.0,0.0,0.0,
0.0,0.0,0.0,1.3424899072643794,0.0,0.0,0.0,
0.0,0.0,0.0,1.3040328031859318,0.0,0.0,0.0,
0.0,0.0,0.0,1.3040328031859318,0.0,0.0,0.0,
0.0,0.0,0.0,1.3040328031859318,0.0,0.0,0.0,
0.0,0.0,0.0,1.3133782359460875,0.0,0.0,0.0,
0.0,0.0,0.0,1.3133782359460875,0.0,0.0,0.0,
0.0,0.0,0.0,1.3133782359460875,0.0,0.0,0.0,
0.0,0.0,0.0,1.3270305264118671,0.0,0.0,0.0,
0.0,0.0,0.0,1.3270305264118671,0.0,0.0,0.0,
0.0,0.0,0.0,1.3270305264118671,0.0,0.0,0.0,
0.0,0.0,0.0,1.3416665123857263,0.0,0.0,0.0,
0.0,0.0,0.0,1.3416665123857263,0.0,0.0,0.0,
0.0,0.0,0.0,1.3712803016103434,0.0,0.0,0.0,
0.0,0.0,0.0,1.3311370809482967,0.0,0.0,0.0,
0.0,0.0,0.0,1.3311370809482967,0.0,0.0,0.0,
0.0,0.0,0.0,1.3311370809482967,0.0,0.0,0.0,
0.0,0.0,0.0,1.3311370809482967,0.0,0.0,0.0,
0.0,0.0,0.0,1.319225882297631,0.0,0.0,0.0,
0.0,0.0,0.0,1.319225882297631,0.0,0.0,0.0,
0.0,0.0,0.0,1.3435757540790212,0.0,0.0,0.0,
0.0,0.0,0.0,1.375849407355135,0.0,0.0,0.0,
0.0,0.0,0.0,1.365718419694279,0.0,0.0,0.0,
0.0,0.0,0.0,1.359140363129826,0.0,0.0,0.0,
0.0,0.0,0.0,1.356123691916638,0.0,0.0,0.0,
0.0,0.0,0.0,1.3327867395448734,0.0,0.0,0.0,
0.0,0.0,0.0,1.352723693132821,0.0,0.0,0.0,
0.0,0.0,0.0,1.316711697741242,0.0,0.0,0.0,
0.0,0.0,0.0,1.316711697741242,0.0,0.0,0.0,
0.0,0.0,0.0,1.4873681960484857,0.0,0.0,0.0,
0.0,0.0,0.0,1.4696482238342132,0.0,0.0,0.0,
0.0,0.0,0.0,1.4696482238342132,0.0,0.0,0.0,
0.0,0.0,0.0,1.4696482238342132,0.0,0.0,0.0,
0.0,0.0,0.0,1.4696482238342132,0.0,0.0,0.0,
0.0,0.0,0.0,1.4696482238342132,0.0,0.0,0.0,
0.0,0.0,0.0,1.4696482238342132,0.0,0.0,0.0,
0.0,0.0,0.0,1.4696482238342132,0.0,0.0,0.0,
0.0,0.0,0.0,1.4696482238342132,0.0,0.0,0.0,
0.0,0.0,0.0,1.3906827875493997,0.0,0.0,0.0,
0.0,0.0,0.0,1.305067216209957,0.0,0.0,0.0,
0.0,0.0,0.0,1.2846361212928052,0.0,0.0,0.0,
0.0,0.0,0.0,1.3502241023208634,0.0,0.0,0.0,
0.0,0.0,0.0,1.3258588701597218,0.0,0.0,0.0,
0.0,0.0,0.0,1.3142208910101232,0.0,0.0,0.0,
0.0,0.0,0.0,1.3074632208912438,0.0,0.0,0.0,
0.0,0.0,0.0,1.2765401776815917,0.0,0.0,0.0,
0.0,0.0,0.0,1.2765401776815917,0.0,0.0,0.0,
0.0,0.0,0.0,1.2765401776815917,0.0,0.0,0.0,
0.0,0.0,0.0,1.2659921579426558,0.0,0.0,0.0,
0.0,0.0,0.0,1.2710438410663665,0.0,0.0,0.0,
0.0,0.0,0.0,1.2567047396917814,0.0,0.0,0.0,
0.0,0.0,0.0,1.2429008559535368,0.0,0.0,0.0,
0.0,0.0,0.0,1.1762681409731508,0.0,0.0,0.0,
0.0,0.0,0.0,1.1686468502834544,0.0,0.0,0.0,
0.0,0.0,0.0,1.1686468502834544,0.0,0.0,0.0,
0.0,0.0,0.0,1.1951707653430241,0.0,0.0,0.0,
0.0,0.0,0.0,1.213521188037262,0.0,0.0,0.0,
0.0,0.0,0.0,1.249602231510237,0.0,0.0,0.0,
0.0,0.0,0.0,1.249602231510237,0.0,0.0,0.0,
0.0,0.0,0.0,1.249602231510237,0.0,0.0,0.0,
0.0,0.0,0.0,1.249602231510237,0.0,0.0,0.0,
0.0,0.0,0.0,1.249602231510237,0.0,0.0,0.0,
0.0,0.0,0.0,1.249602231510237,0.0,0.0,0.0,
0.0,0.0,0.0,1.249602231510237,0.0,0.0,0.0,
0.0,0.0,0.0,1.4169741712247659,0.0,0.0,0.0,
0.0,0.0,0.0,1.5811268221375452,0.0,0.0,0.0,
0.0,0.0,0.0,1.543024959134647,0.0,0.0,0.0,
0.0,0.0,0.0,1.6867779146247006,0.0,0.0,0.0,
0.0,0.0,0.0,1.6248276502830643,0.0,0.0,0.0,
0.0,0.0,0.0,1.6248276502830643,0.0,0.0,0.0,
0.0,0.0,0.0,1.760907091928178,0.0,0.0,0.0,
0.0,0.0,0.0,1.7998134847645089,0.0,0.0,0.0,
0.0,0.0,0.0,1.7998134847645089,0.0,0.0,0.0,
0.0,0.0,0.0,1.7303539629546878,0.0,0.0,0.0,
0.0,0.0,0.0,1.7303539629546878,0.0,0.0,0.0,
0.0,0.0,0.0,1.7303539629546878,0.0,0.0,0.0,
0.0,0.0,0.0,1.7099093228373503,0.0,0.0,0.0,
0.0,0.0,0.0,1.7099093228373503,0.0,0.0,0.0,
0.0,0.0,0.0,1.6515207447583298,0.0,0.0,0.0,
0.0,0.0,0.0,1.6057057692915084,0.0,0.0,0.0,
0.0,0.0,0.0,1.6057057692915084,0.0,0.0,0.0,
0.0,0.0,0.0,1.6057057692915084,0.0,0.0,0.0,
0.0,0.0,0.0,1.6057057692915084,0.0,0.0,0.0,
0.0,0.0,0.0,1.6193111925700021,0.0,0.0,0.0,
0.0,0.0,0.0,1.611704774627324,0.0,0.0,0.0,
0.0,0.0,0.0,1.611704774627324,0.0,0.0,0.0,
0.0,0.0,0.0,1.6193707824826347,0.0,0.0,0.0,
0.0,0.0,0.0,1.6193707824826347,0.0,0.0,0.0,
0.0,0.0,0.0,1.6390793992915451,0.0,0.0,0.0,
0.0,0.0,0.0,1.7515379847308572,0.0,0.0,0.0,
0.0,0.0,0.0,1.7457861275080153,0.0,0.0,0.0,
0.0,0.0,0.0,1.71525741679356,0.0,0.0,0.0,
0.0,0.0,0.0,1.6930113666430595,0.0,0.0,0.0,
0.0,0.0,0.0,1.6930113666430595,0.0,0.0,0.0,
0.0,0.0,0.0,1.6882695608013756,0.0,0.0,0.0,
0.0,0.0,0.0,1.621631652078447,0.0,0.0,0.0,
0.0,0.0,0.0,1.621631652078447,0.0,0.0,0.0,
0.0,0.0,0.0,1.621631652078447,0.0,0.0,0.0,
0.0,0.0,0.0,1.737782974452572,0.0,0.0,0.0,
0.0,0.0,0.0,1.6241162475829078,0.0,0.0,0.0,
0.0,0.0,0.0,1.6241162475829078,0.0,0.0,0.0,
0.0,0.0,0.0,1.6241162475829078,0.0,0.0,0.0,
0.0,0.0,0.0,1.6241162475829078,0.0,0.0,0.0,
0.0,0.0,0.0,1.5947150797060439,0.0,0.0,0.0,
0.0,0.0,0.0,1.5974952860034533,0.0,0.0,0.0,
0.0,0.0,0.0,1.600165083787636,0.0,0.0,0.0,
0.0,0.0,0.0,1.600165083787636,0.0,0.0,0.0,
0.0,0.0,0.0,1.600165083787636,0.0,0.0,0.0,
0.0,0.0,0.0,1.7313455797204211,0.0,0.0,0.0,
0.0,0.0,0.0,1.7313455797204211,0.0,0.0,0.0,
0.0,0.0,0.0,1.6715451565799782,0.0,0.0,0.0,
0.0,0.0,0.0,1.6715451565799782,0.0,0.0,0.0,
0.0,0.0,0.0,1.770376772236257,0.0,0.0,0.0,
0.0,0.0,0.0,1.7393575267546075,0.0,0.0,0.0,
0.0,0.0,0.0,1.7346604586393555,0.0,0.0,0.0,
0.0,0.0,0.0,1.5750940623277685,0.0,0.0,0.0,
0.0,0.0,0.0,1.5750940623277685,0.0,0.0,0.0,
0.0,0.0,0.0,1.691361847844395,0.0,0.0,0.0,
0.0,0.0,0.0,1.691361847844395,0.0,0.0,0.0,
0.0,0.0,0.0,1.691361847844395,0.0,0.0,0.0,
0.0,0.0,0.0,1.6968791039363045,0.0,0.0,0.0,
0.0,0.0,0.0,1.6958255694047486,0.0,0.0,0.0,
0.0,0.0,0.0,1.6958424496911362,0.0,0.0,0.0,
0.0,0.0,0.0,1.8051531051964385,0.0,0.0,0.0,
0.0,0.0,0.0,1.8051531051964385,0.0,0.0,0.0,
0.0,0.0,0.0,1.7903546976327978,0.0,0.0,0.0,
0.0,0.0,0.0,1.7221824625498916,0.0,0.0,0.0,
0.0,0.0,0.0,1.675020992513295,0.0,0.0,0.0,
0.0,0.0,0.0,1.675020992513295,0.0,0.0,0.0,
0.0,0.0,0.0,1.675020992513295,0.0,0.0,0.0,
0.0,0.0,0.0,1.675020992513295,0.0,0.0,0.0,
0.0,0.0,0.0,1.675020992513295,0.0,0.0,0.0,
0.0,0.0,0.0,1.675020992513295,0.0,0.0,0.0,
0.0,0.0,0.0,1.675020992513295,0.0,0.0,0.0,
0.0,0.0,0.0,1.675020992513295,0.0,0.0,0.0,
0.0,0.0,0.0,1.6762843964256187,0.0,0.0,0.0,
0.0,0.0,0.0,1.6762843964256187,0.0,0.0,0.0,
0.0,0.0,0.0,1.6762843964256187,0.0,0.0,0.0,
0.0,0.0,0.0,1.6762843964256187,0.0,0.0,0.0,
0.0,0.0,0.0,1.6762843964256187,0.0,0.0,0.0,
0.0,0.0,0.0,1.7268385166790445,0.0,0.0,0.0,
0.0,0.0,0.0,1.6631167636972428,0.0,0.0,0.0,
0.0,0.0,0.0,1.6630571995591281,0.0,0.0,0.0,
0.0,0.0,0.0,1.6057896377868817,0.0,0.0,0.0,
0.0,0.0,0.0,1.709547544974918,0.0,0.0,0.0,
0.0,0.0,0.0,1.694166252727658,0.0,0.0,0.0,
0.0,0.0,0.0,1.7456610051222377,0.0,0.0,0.0,
0.0,0.0,0.0,1.7456610051222377,0.0,0.0,0.0,
0.0,0.0,0.0,1.729662277881689,0.0,0.0,0.0,
0.0,0.0,0.0,1.6557737296806263,0.0,0.0,0.0,
0.0,0.0,0.0,1.565175666243026,0.0,0.0,0.0,
0.0,0.0,0.0,1.554286611151887,0.0,0.0,0.0,
0.0,0.0,0.0,1.554286611151887,0.0,0.0,0.0,
0.0,0.0,0.0,1.5436646271040417,0.0,0.0,0.0,
0.0,0.0,0.0,1.5430360099434979,0.0,0.0,0.0,
0.0,0.0,0.0,1.5430360099434979,0.0,0.0,0.0,
0.0,0.0,0.0,1.5430360099434979,0.0,0.0,0.0,
0.0,0.0,0.0,1.5430360099434979,0.0,0.0,0.0,
0.0,0.0,0.0,1.5430360099434979,0.0,0.0,0.0,
0.0,0.0,0.0,1.539000550869423,0.0,0.0,0.0,
0.0,0.0,0.0,1.539000550869423,0.0,0.0,0.0,
0.0,0.0,0.0,1.5491503895348873,0.0,0.0,0.0,
0.0,0.0,0.0,1.5561384277639991,0.0,0.0,0.0,
0.0,0.0,0.0,1.5561384277639991,0.0,0.0,0.0,
0.0,0.0,0.0,1.5494957396980056,0.0,0.0,0.0,
0.0,0.0,0.0,1.6766063579281385,0.0,0.0,0.0,
0.0,0.0,0.0,1.6600864982965724,0.0,0.0,0.0,
0.0,0.0,0.0,1.6600864982965724,0.0,0.0,0.0,
0.0,0.0,0.0,1.6600864982965724,0.0,0.0,0.0,
0.0,0.0,0.0,1.6600864982965724,0.0,0.0,0.0,
0.0,0.0,0.0,1.6356328141414325,0.0,0.0,0.0,
0.0,0.0,0.0,1.7614808876483015,0.0,0.0,0.0,
0.0,0.0,0.0,1.7614808876483015,0.0,0.0,0.0,
0.0,0.0,0.0,1.7369993216323278,0.0,0.0,0.0,
0.0,0.0,0.0,1.7274342196432484,0.0,0.0,0.0,
0.0,0.0,0.0,1.707994178692045,0.0,0.0,0.0,
0.0,0.0,0.0,1.6407876147426685,0.0,0.0,0.0,
0.0,0.0,0.0,1.6407876147426685,0.0,0.0,0.0,
0.0,0.0,0.0,1.6873105238585357,0.0,0.0,0.0,
0.0,0.0,0.0,1.6873105238585357,0.0,0.0,0.0,
0.0,0.0,0.0,1.8091366457824218,0.0,0.0,0.0,
0.0,0.0,0.0,1.7437333820986756,0.0,0.0,0.0,
0.0,0.0,0.0,1.7437333820986756,0.0,0.0,0.0,
0.0,0.0,0.0,1.7163643504040011,0.0,0.0,0.0,
0.0,0.0,0.0,1.660808040651366,0.0,0.0,0.0,
0.0,0.0,0.0,1.660808040651366,0.0,0.0,0.0,
0.0,0.0,0.0,1.6582583572805298,0.0,0.0,0.0,
0.0,0.0,0.0,1.6582583572805298,0.0,0.0,0.0,
0.0,0.0,0.0,1.6582583572805298,0.0,0.0,0.0,
0.0,0.0,0.0,1.633641076759912,0.0,0.0,0.0,
0.0,0.0,0.0,1.5339931705279146,0.0,0.0,0.0,
0.0,0.0,0.0,1.5201415258718427,0.0,0.0,0.0,
0.0,0.0,0.0,1.6190950197335907,0.0,0.0,0.0,
0.0,0.0,0.0,1.5996527797240376,0.0,0.0,0.0,
0.0,0.0,0.0,1.710688959452902,0.0,0.0,0.0,
0.0,0.0,0.0,1.6838602050897316,0.0,0.0,0.0,
0.0,0.0,0.0,1.673877705155168,0.0,0.0,0.0,
0.0,0.0,0.0,1.6488653751344,0.0,0.0,0.0,
0.0,0.0,0.0,1.6465118129902825,0.0,0.0,0.0,
0.0,0.0,0.0,1.642718823156556,0.0,0.0,0.0,
0.0,0.0,0.0,1.642718823156556,0.0,0.0,0.0,
0.0,0.0,0.0,1.7288736704444014,0.0,0.0,0.0,
0.0,0.0,0.0,1.7288736704444014,0.0,0.0,0.0,
0.0,0.0,0.0,1.7288736704444014,0.0,0.0,0.0,
0.0,0.0,0.0,1.7362350103064457,0.0,0.0,0.0,
0.0,0.0,0.0,1.7362350103064457,0.0,0.0,0.0,
0.0,0.0,0.0,1.7362350103064457,0.0,0.0,0.0,
0.0,0.0,0.0,1.6599718065133955,0.0,0.0,0.0,
0.0,0.0,0.0,1.6599718065133955,0.0,0.0,0.0,
0.0,0.0,0.0,1.6599718065133955,0.0,0.0,0.0,
0.0,0.0,0.0,1.778117507164589,0.0,0.0,0.0,
0.0,0.0,0.0,1.753522052371053,0.0,0.0,0.0,
0.0,0.0,0.0,1.753522052371053,0.0,0.0,0.0,
0.0,0.0,0.0,1.7254193291049513,0.0,0.0,0.0,
0.0,0.0,0.0,1.8151768675393645,0.0,0.0,0.0,
0.0,0.0,0.0,1.8151768675393645,0.0,0.0,0.0,
0.0,0.0,0.0,1.7699471959895159,0.0,0.0,0.0,
0.0,0.0,0.0,1.7384233250676264,0.0,0.0,0.0,
0.0,0.0,0.0,1.7384233250676264,0.0,0.0,0.0,
0.0,0.0,0.0,1.6904469434147638,0.0,0.0,0.0,
0.0,0.0,0.0,1.6904469434147638,0.0,0.0,0.0,
0.0,0.0,0.0,1.6586516968289606,0.0,0.0,0.0,
0.0,0.0,0.0,1.6586516968289606,0.0,0.0,0.0,
0.0,0.0,0.0,1.6586516968289606,0.0,0.0,0.0,