
0.0
0.0
0.0
0.0
0.0
0.0
0.0
0.0
0.0
0.0
0.0
0.0
0.0
0.0
0.0
6.018531076210112E-36
1.862645149230957E-9
2.1175823681357508E-22
1.862645149230957E-9
1.0151767349262597E-115
8.077935669463161E-28
8.077935669463161E-28
3.9827297778311307E-59
3.944304555492418E-31
0.007812500116415322
0.007812500007275958
2.273736767137815E-13
1.1368684110974782E-13
4.2351647362715017E-22
4.2351647362715017E-22
1.0027616276014402E-62
7.523163845262667E-37
2.3646862246096134E-10
2.489206407880949E-60
2.6101218260932553E-54
1.3566642758087631E-166
2.350988701644575E-38
2.7635739376302223E-76
3.606632272572553E-130
2.983370434054475E-154
8.271806125530277E-25
1.2446030555725113E-60
1.6472184286297693E-83
5.2765890720539716E-228
9.313225746154785E-10
6.812735744013041E-108
6.681911775230489E-52
0.0
0.0
7.6784476871456305E-239
7.571533991467358E-270
0.0
2.6269035528309608E-287
4.794036587204811E-94
0.0
1.6472184286297693E-83
3.610388751729659E-276
0.0
0.0
4.794036587204811E-94
2.8421709430404007E-14
0.0
2.8421709430404007E-14
0.0
6.908934844075556E-77
0.0
2.8421709430404007E-14
0.0
0.0
0.0
0.0
0.0
0.0
0.0
0.0
4.1402108026390476E-171
0.0
0.0
0.0
0.0
0.0
0.001953125
0.001953125
0.0
0.0
0.0
0.0
0.0
0.0
0.0
0.0
0.0
0.0
0.0
0.0
0.0
6.6174449004242214E-24
0.0
1.1881822289344749E-212
3.5257702653609953E-279
0.0
0.0
0.0
0.0
0.0
0.0
4.078315292499078E-56
0.0
0.0
0.0
0.0
0.0
0.0
0.0
0.0
0.0
0.0
0.0
0.0
0.0
0.0
0.0
0.0
0.0
0.0
0.0
5.5271478752604446E-76
0.0
0.0
0.0
0.0
0.0
0.0
0.0
0.0
0.0
0.0
0.0
0.0
0.0
0.0
0.0
0.0
0.0
0.0
0.0
0.0
0.0
0.0
7.8545495444763625E-90
0.0
2.9008355198595578E-216
0.0
0.0
0.0
0.0
0.0
0.0
2.652494739E-315
0.0
0.0
0.0
0.0
0.0
0.0
4.0215293667718976E-87
0.0
0.0
0.0
0.0
0.0
0.0
0.0
1.3832261657045163E-222
0.0
0.0
0.0
0.0
0.0
0.0
0.03125
0.0
0.03125
0.0
0.0
1.1653657392500323E-156
1.1653657392500323E-156
0.0
0.0
0.0
0.0
0.0
0.0
0.0
0.0
2.652494739E-315
9.273015376718553E-69
9.282673663550585E-215
0.0
1.3967014978599092E-250
0.0
2.3534373682645353E-184
0.0
0.0
0.0
0.0
1.3967014978599092E-250
0.0
0.0
0.0
0.0
0.0
0.0
5.8268286962501615E-157
1.3967014978599092E-250
5.8268286962501615E-157
1.3967014978599092E-250
0.0
6.503898174780929E-260
0.0
6.503898174780929E-260
1.1716381358559617E-243
0.0
0.0
0.0
0.0
0.0
0.0
1.3967014978599092E-250
0.0
3.2033329522929615E-145
0.0
0.0
0.0
0.0
0.0
0.0
0.0
0.0
0.0
0.0
0.0
1.7215675123832985E-282
0.0
0.0
0.0
0.0
0.0
0.0
0.0
0.0
0.0
0.0
2.3534373682645353E-184
2.3534373682645353E-184
0.0
0.0
1.0507614211323843E-286
0.0
0.0
0.0
0.0
1.8306845872749401E-245
0.0
4.2030456845295373E-286
0.0
9.016580681431383E-131
0.0
0.0
5.010420900022432E-293
0.0
0.0
0.0
4.445517498970155E-162
0.0
0.0
2.5876317516494047E-172
4.118046071574423E-84
4.118046071574423E-84
4.118046071574423E-84
0.0
0.0
0.0
0.0
0.0
0.0
0.0
0.0
0.0
0.0
0.0
0.0
0.0
0.0
0.0
0.0
0.0
0.0
0.0
3.4211388289180104E-49
0.0
0.0
1.3191472680134929E-228
0.0
0.0
0.0
0.0
0.0
5.327993384780537E-256
0.0
0.0
0.0
0.0
0.0
0.0
0.0
0.0
0.0
0.0
0.0
0.0
0.0
4.0215293667718976E-87
0.0
0.0
0.0
0.0
0.0
0.0
0.0
0.0
0.0
0.0
0.0
0.0
0.0
3.7453410837537587E-96
0.0
0.0
0.0
0.0
1.3363823550460978E-51
0.0
0.0
0.0
0.0
0.0
0.0
1.5490367659397273E-120
3.4211388289180104E-49
0.0
1.4103081061443981E-278
0.0
0.0
0.0
0.0
0.0
0.0
0.0
0.0
0.0
0.0
0.0
0.0
0.0
0.0
0.0
0.0
0.0
0.0
0.0
0.0
0.0
0.0
0.0
0.0
5.8774717541114375E-39
0.0
0.0
0.0
0.0
0.0
0.0
0.0
0.0
0.0
0.0
0.0
5.327993384780537E-256
0.0
5.327993384780537E-256
3.491753744649773E-251
0.0
0.0
4.1624948318597947E-258
0.0
0.0
0.0
0.0
0.0
0.0
0.0
0.0
0.0
0.0
0.0
8.043058733543795E-87
0.0
0.0
0.0
0.0
0.0
0.0
4.799029804466019E-240
0.0
0.0
0.0
0.0
0.0
0.0
0.0
0.0
0.0
0.0
0.0
0.0
0.0
0.0
0.0
1.0064294952495521E-233
0.0
0.0
0.0
0.0
0.0
0.0
0.0
0.0
0.0
0.0
0.0
0.0
0.0
0.0
0.0
0.0
0.0
0.0
0.0
0.0
0.0
0.0
0.0
0.0
0.0
0.0
0.0
0.0
0.0
0.0
0.0
0.0
0.0
0.0
0.0
0.0
0.0
0.0
0.0
0.0
0.0
1.0010415475915505E-146
0.0
0.0
0.0
0.0
0.0
0.0
0.0
0.0
0.0
1.1997574511165048E-240
0.0
1.4088407314736535E-132
0.0
0.0
0.0
0.0
0.0
0.0
0.0
0.0
0.0
0.0
4.0825630519695637E-202
1.512731216738015E-123
3.2311742677852644E-27
0.0
3.3299958654878358E-257
0.0
0.0
0.0
0.0
0.0
0.0
0.0
0.0
0.0
0.0
1.0064294952495521E-233
0.0
0.0
0.0
0.0
0.0
0.0
0.0
0.0
0.0
0.0
0.0
0.0
0.0
0.0
0.0
6.018531076210112E-36
0.0
3.3299958654878358E-257
0.0
0.0
9.546676135936265E-153
0.0
0.0
0.0
0.0
0.0
0.0
1.88079096131566E-37
0.0
0.0
1.88079096131566E-37
0.0
0.0
0.0
3.4766779039175E-310
1.4088407314736535E-132
1.4088407314736535E-132
0.0
0.0
0.0
1.6242827758820155E-114
0.0
0.0
0.0
4.5719495651291E-100
0.0
0.0
0.0
0.0
0.0
0.0
4.5719495651291E-100
0.0
0.0
0.0
0.0
0.0
0.0
0.0
0.0
0.0
0.0
0.0
0.0
0.0
0.0
0.0
0.0
0.0
0.0
0.0
0.0
1.0451361413042083E-199
1.0451361413042083E-199
0.0
0.0
1.2634920662350609E-175
1.0451361413042083E-199
0.0
0.0
0.0
0.0
0.0
0.0
0.0
1.2446030555722283E-60
0.0
0.0
0.0
0.0
1.3234889800848443E-23
0.0
0.0
0.0
0.0
0.0
0.0
0.0
0.0
0.0
0.0
0.0
0.0
0.0
3.3881317890172014E-21
0.0
0.0
0.0
1.0842021724855044E-19
0.0
0.0
0.0
0.0
0.0
0.0
0.0
0.0
0.0
6.7833213790438156E-167
1.32624737E-315
0.0
0.0
0.0
0.0
0.0
0.0
0.0
3.10130032290503E-266
0.0
0.0
0.0
0.0
0.0
0.0
0.0
0.0
0.0
0.0
0.0
0.0
0.0
0.0
1.4852277861680936E-213
0.0
0.0
0.0
0.0
0.0
0.0
0.0
3.9696644133184383E-264
0.0
0.0
0.0
0.0
1.5557538194652854E-61
0.0
2.3182538441796384E-69
0.0
0.0
2.2108591501041778E-75
0.0
0.0
0.0
0.0
0.0
0.0
0.0
0.0
0.0
0.0
0.0
0.0
0.0
0.0
0.0
0.0
0.0
0.0
0.0
0.0
0.0
0.0
0.0
0.0
0.0
0.0
0.0
0.0
0.0
0.0
0.0
0.0
0.0
0.0
0.0
0.0
0.0
0.0
0.0
0.0
1.9571956640712625E-295
0.0
5.379898476197808E-284
0.0
0.0
0.0
0.0
0.0
0.0
0.0
0.0
0.0
0.0
0.0
0.0
0.0
5.998787255582524E-241
0.0
0.0
1.9073486328125E-6
0.0
0.0
0.0
0.0
1.7936620343357659E-43
0.0
1.5356895374291261E-238
0.0
0.0
0.0
0.0
0.0
0.0
0.0
0.0
0.0
0.0
0.0
0.0
0.0
0.0
0.0
0.0
0.0
0.0
0.0
0.0
0.0
0.0
0.0
0.0
1.73833895195875E-310
0.0
0.0
0.0
0.0
0.0
0.0
4.0825630519695637E-202
0.0
0.0
1.688508503057271E-226
0.0
7.888609052210118E-31
7.888609052210118E-31
0.0
0.0625
0.0
1.512731216738015E-123
0.0
0.0
0.0
0.0
0.0
1.688508503057271E-226
0.0
0.0
0.0
1.688508503057271E-226
3.8725919148493183E-121
1.688508503057271E-226
7.778769097326427E-62
0.0
1.6940658945086007E-21
0.0
0.0
0.0
1.688508503057271E-226
0.0
0.0
0.0
0.0
0.0
1.0496681418073576E-140
0.0
0.0
0.0
0.0
0.0
2.350988701644575E-38
0.0
0.0
0.0
0.0
0.0
0.0
0.0
0.0
0.0
0.0
0.0
0.0
0.0
0.0
0.0
1.5878657653273753E-263
8.129872718476162E-261
0.0
5.714936956411375E-101
0.0
0.0
0.0
0.0
0.0
0.0
0.0
0.0
0.0
0.0
0.0
0.0
0.0
0.0
0.0
0.0
0.0
0.0
0.0
0.0
0.0
0.0
0.0
0.0
6.776263578034403E-21
0.0
0.0
0.0
0.0
0.0
0.0
0.0
0.0
0.0
0.0
0.0
0.0
2.6128403532605207E-200
2.6128403532605207E-200
0.0
0.0
0.0
0.0
0.0
0.0
0.0
0.0
1.6259745436952323E-260
0.0
0.0
0.0
0.0
0.0
0.0
0.0
0.0
0.0
0.0
0.0
0.0
0.0
0.0
3.248565551764031E-114
0.0
0.0
0.0
0.0
0.0
0.0
0.0
0.0
0.0
0.0
0.0
0.0
0.0
0.0
0.0
0.0
1.761050914342067E-133
0.0
0.0
0.0
3.3881317890172014E-21
3.8518598887744717E-34
3.8518598887744717E-34
0.0
9.495567745759799E-66
0.0
6.938893903907228E-18
0.0
0.0
1.56575653125701E-294
6.938893903907228E-18
0.0
6.938893903907228E-18
0.0
0.0
0.0
0.0
0.0
0.0
0.0
0.0
5.6902623986817984E-160
0.0
8.900295434028806E-308
2.182346090406108E-252
0.0
0.0
0.0
0.0
0.0
0.0
1.73833895195875E-310
0.0
2.2761049594727193E-159
0.0
0.0
0.0
0.0
0.0
0.0
0.0
0.0
2.4892061111444567E-60
0.0
0.0
0.0
0.0
0.0
0.0
0.0
0.0
0.0
0.0
0.0
0.0
0.0
0.0
0.0
0.0
0.0
0.0
0.0
0.0
0.0
0.0
0.0
0.0
0.0
0.0
0.0
0.0
0.0
0.0
0.0
0.0
0.0
0.0
0.0
0.0
0.0
0.0
0.0
0.0
0.0
0.0
0.0
0.0