
0.0
2.8375350918001187E-15
3.124339976967941E-15
2.2761150657055775E-8
3.13028597016552E-8
3.179372245313408E-8
4.2667138185381903E-7
4.924830988249542E-7
5.022126725025385E-7
4.4099782834250084E-7
3.718315598983677E-7
3.0261131597332846E-7
2.880710163343036E-7
2.5471797921491626E-7
2.7911545093593444E-7
2.764276576054048E-7
2.9649974248671324E-7
2.954190540231314E-7
2.9928459170305423E-7
2.8987797771289053E-7
2.833601880927709E-7
2.7370286182401284E-7
3.5104569028866046E-7
4.339409961201143E-7
5.411903894509653E-7
6.311998821049454E-7
7.187996356988517E-7
7.664210533924526E-7
7.967551127330184E-7
7.986632624865871E-7
7.855875124477874E-7
7.550051691355984E-7
7.144395674354154E-7
6.648286687469122E-7
6.241438097244569E-7
6.460806009004542E-7
6.739335470420718E-7
7.107108284233256E-7
7.357133767099603E-7
7.424549471017895E-7
7.286860479138611E-7
6.982005858133926E-7
6.546948102541271E-7
6.026576626433191E-7
5.461797032147461E-7
4.996375090428666E-7
4.560963857284794E-7
4.523673799957589E-7
4.524027730182168E-7
4.5600820659359907E-7
4.53737092616616E-7
4.6420362529914536E-7
4.720529480973933E-7
4.816250515084984E-7
4.848623589030246E-7
4.797276418919529E-7
4.6590406492414946E-7
4.457390034498126E-7
4.222951648041696E-7
3.952649466475315E-7
3.6693407357295873E-7
3.373104665819967E-7
3.0748517120166707E-7
2.781570177862861E-7
2.5068324510040584E-7
2.2507295149839805E-7
2.0151898337341814E-7
1.8701082517576464E-7
1.990928814052147E-7
2.1435059887940004E-7
2.2799331041867286E-7
2.344850512086637E-7
2.3418118422757055E-7
2.275059552779809E-7
2.1613684492704015E-7
2.0135717628246637E-7
1.8446366669481492E-7
1.6652807487582944E-7
1.5521895795858865E-7
1.675205989498634E-7
1.8057183849872255E-7
1.90666627322967E-7
1.9677993214699075E-7
2.082192248884535E-7
2.143347927199132E-7
2.167598320661755E-7
2.1330280648744051E-7
2.0516298215812094E-7
1.9315559420393893E-7
1.7945292744845843E-7
1.645673432064391E-7
1.498014752208765E-7
1.3545747226285546E-7
1.2175195728510448E-7
1.0873512797392006E-7
9.92404685754618E-8
1.0007881114942661E-7
1.0206264357050274E-7
1.0543486987044744E-7
1.2398513198607714E-7
1.4163366436247376E-7
1.5901999139631724E-7
1.715004087176995E-7
1.7672514532812885E-7
1.7649899660553762E-7
1.781240411160076E-7
1.7651110016663886E-7
1.7304977750144048E-7
1.6633781237044385E-7
1.575692635020963E-7
1.501422987756106E-7
1.422310080942849E-7
1.3347736822729283E-7
1.2363619181623884E-7
1.1297477083715444E-7
1.0206187778433398E-7
9.119060882330743E-8
8.066291210839078E-8
7.0730051611148E-8
6.153737187904206E-8
5.381064902031848E-8
5.134523654396917E-8
5.008094832073517E-8
4.959721833589116E-8
4.852317571859068E-8
4.689605873886134E-8
4.595687939083961E-8
4.4761801188695905E-8
4.3089658948526845E-8
4.078852194034729E-8
3.795586101241798E-8
3.4910237049159885E-8
3.1706044319082566E-8
2.8658065788942288E-8
2.6921716381334918E-8
2.556881763069269E-8
2.4398857656949638E-8
2.312473378670724E-8
2.168771785105004E-8
2.0088418728931413E-8
1.836955448742156E-8
1.6595513845569058E-8
1.4904101237532872E-8
1.3287488982561639E-8
1.1835054709545031E-8
1.0529770738614659E-8
9.374369830300693E-9
8.335451651638194E-9
7.399363419789268E-9
6.56759819058669E-9
5.82224935606859E-9
5.162764458157187E-9
4.576112528890407E-9
4.056571139238514E-9
3.5946846566619403E-9
3.1842320888042396E-9
2.971856859210084E-9
4.14150687340322E-9
1.4679104381505319E-8
2.7206122755006564E-8
4.009193500005059E-8
5.117272002519113E-8
6.019186699037066E-8
6.712206351278595E-8
7.240087223729883E-8
7.63091905818041E-8
7.780196288753582E-8
7.696916350503555E-8
7.403655477675235E-8
6.971967846916529E-8
6.913001637167659E-8
6.917190891585152E-8
6.856182592910784E-8
6.652639949097521E-8
6.317078029902299E-8
5.882841056172516E-8
5.3864749998337935E-8
4.860330188914858E-8
4.331111331412336E-8
3.821232610647635E-8
3.3415562961313566E-8
2.8995787526313046E-8
2.4980321971076303E-8
2.13822126557781E-8
1.8194627941925303E-8
1.5402992199157023E-8
1.2986670931077111E-8
1.0913285531275725E-8
9.157681852070662E-9
7.678491410462404E-9
6.440352720626104E-9
5.406934738587147E-9
4.547207726434477E-9
3.833476206909081E-9
3.244959181591567E-9
2.7585681852329485E-9
2.3604812232703195E-9
2.0320049451216307E-9
1.7611489218270836E-9
1.5414556008796983E-9
1.3614273565585349E-9
1.2861587804489516E-9
1.3702815399822762E-9
4.653594549045618E-9
8.420362833878221E-9
1.2336943624412307E-8
1.536121080252807E-8
1.7384370954627364E-8
1.8356731065890164E-8
1.8446750564265562E-8
1.7847567076585082E-8
1.703300560634521E-8
2.385656820147116E-8
3.2255620965309874E-8
4.093925592714527E-8
4.8199631797018556E-8
5.390154191529957E-8
5.905549756379529E-8
6.318506571609716E-8
6.592034164930093E-8
6.746651378800426E-8
6.745726956394136E-8
6.609816607247356E-8
6.351023661386462E-8
6.00005598312392E-8
5.5907803198173986E-8
5.4216612708060474E-8
5.291141660134195E-8
5.166868084806052E-8
4.98012930283251E-8
4.743227222067048E-8
4.449660981350356E-8
4.119832642616999E-8
3.764133945707029E-8
3.399776823963897E-8
3.046876485783306E-8
2.963764014376273E-8
2.931468913363346E-8
2.9282022328347287E-8
2.88068953641278E-8
2.7976715391335182E-8
2.6662800672511454E-8
2.5021748091518002E-8
2.3109198573029176E-8
2.1061557745704822E-8
1.8957412570234374E-8
1.6884279326523238E-8
1.4895541718658775E-8
1.3034762256458289E-8
1.1325824854762737E-8
9.782023425077463E-9
8.406151563674474E-9
7.194147858974435E-9
6.137177195875549E-9
5.223208990109758E-9
4.438788678609257E-9
3.769720829722428E-9
3.2776198594288743E-9
5.23003155458957E-9
7.484860889952433E-9
9.902500482432713E-9
1.1688264826189869E-8
1.2904852533033236E-8
1.3427054866671799E-8
1.3407591721370033E-8
1.2930931434340646E-8
1.2143570947380948E-8
1.1152159083663136E-8
1.0128500242893833E-8
1.1052450350392071E-8
1.2105372222866878E-8
1.3370598204178397E-8
1.4178043480458108E-8
1.4580536724137193E-8
1.4474710655398407E-8
1.397923995414273E-8
1.3161913203482076E-8
1.2137669196341223E-8
1.0991728980134783E-8
9.802568351301153E-9
8.627941739193438E-9
7.508995606056769E-9
6.473328986015121E-9
5.535374984383143E-9
4.701872348734811E-9
3.9718999629560095E-9
3.341012881384548E-9
2.8013421719497562E-9
2.3440495827342895E-9
1.9594023561743937E-9
1.6380179305288747E-9
1.370857342776986E-9
1.1497564371558456E-9
9.673491838198759E-10
8.703388779598266E-10
2.45627735733699E-9
4.194617851032667E-9
6.680741659754899E-9
8.839076136023618E-9
1.1022633311702352E-8
5.790366149081904E-7
2.0134772253374238E-6
3.4800390184681204E-6
4.752459763948056E-6
5.680639819972761E-6
6.273501116111324E-6
6.545376400725538E-6
6.552389114818133E-6
6.35212419567634E-6
6.019519766182845E-6
5.620510891632376E-6
5.194061839994873E-6
4.7617560541408115E-6
4.327822221064043E-6
3.90238124491372E-6
3.494317675358498E-6
3.113137686194889E-6
2.7623851282764824E-6
2.4424980647809204E-6
2.1516085751128423E-6
1.8877536524092511E-6
1.6488849017704933E-6
1.433399691457154E-6
1.2399308794360433E-6
1.0673043618679663E-6
9.143947202379098E-7
7.807471534959145E-7
6.646537709080939E-7
5.651190921972673E-7
4.802606203032213E-7
4.082459111466829E-7
3.472494586058092E-7
2.956978890417591E-7
2.52157884395788E-7
2.1542185108228173E-7
1.8443888014218612E-7
1.5832465927809973E-7
1.3632202037425393E-7
1.178033979739655E-7
1.0272490770726176E-7
2.1980273950326754E-7
5.460709443907143E-7
8.976733864252175E-7
1.2094803232298535E-6
1.4318346828718561E-6
1.559023220463497E-6
1.5977460459250055E-6
1.5658533926245289E-6
1.4824039688680175E-6
1.3655248528416145E-6
1.2304497439698604E-6
1.088859914610804E-6
9.493433841199005E-7
8.178931716315058E-7
7.918532707382919E-7
9.245324639864187E-7
1.0784214600453337E-6
1.210482223566335E-6
1.287896549944022E-6
1.7436780829098276E-6
2.806722297377783E-6
3.8520395419308866E-6
4.752651083256429E-6
5.391445804722653E-6
5.743487481731641E-6
5.8313015224753885E-6
6.062278847852758E-6
6.665785383309383E-6
7.2999318204037535E-6
7.979578280749183E-6
8.44687377635485E-6
8.679523135182074E-6
8.677571471890536E-6
8.479384445259953E-6
8.117512806980785E-6
7.637621662625183E-6
7.078028731989875E-6
6.477136192582607E-6
5.868902637595623E-6
5.282795756178108E-6
4.734698613623584E-6
4.238726679628692E-6
3.7967172949477776E-6
3.4123719633258995E-6
3.0759106118366103E-6
2.780307282772197E-6
2.517704174538964E-6
2.2820589686618266E-6
2.0690386265188087E-6
1.8750778823270003E-6
1.6980933891416694E-6
1.5361156638637434E-6
1.3883155359989062E-6
1.2581321755778342E-6
1.147564755858065E-6
1.0507951383472807E-6
9.650207924203165E-7
8.856872726480179E-7
8.110268691948356E-7
7.392675942841714E-7
6.70244834485343E-7
6.038736513476254E-7
5.406912996400373E-7
4.811229601494386E-7
4.2568586030615663E-7
3.746918947148667E-7
3.283545000979195E-7
2.8669869092739563E-7
2.4963418507168925E-7
2.1694752020481905E-7
1.8835371294350448E-7
1.635254908208489E-7
1.4253396662098194E-7
1.245468278648829E-7
1.0936564710192449E-7
2.2900886681559365E-7
5.423615784548353E-7
8.669233586931043E-7
1.1677844638293545E-6
1.3818817188083183E-6
1.5136900913644278E-6
1.5601555121099376E-6
1.5406779956743342E-6
1.4698760266229285E-6
1.3656621958070124E-6
1.2411670011203896E-6
1.1082846511864321E-6
9.753950956811298E-7
8.482169838408516E-7
7.303260125463174E-7
6.23571669944461E-7
5.287259552576173E-7
4.457001001759467E-7
3.739523078846729E-7
3.1259435386557205E-7
2.606092896958303E-7
2.1690254953417842E-7
1.8051614572829952E-7
2.8557508931791584E-7
5.856720024060442E-7
8.93814380747955E-7
1.1959247028170335E-6
1.4392725284337325E-6
1.633233345117471E-6
1.772044670994401E-6
1.8682421933645016E-6
1.912676295857545E-6
1.896961332499615E-6
1.8314063220510045E-6
1.7305584948289426E-6
1.6117916996906781E-6
1.4835481898960036E-6
1.3511192253536128E-6
1.218556301145787E-6
1.088645946368428E-6
9.637354398595198E-7
8.45712823575166E-7
8.087922259614435E-7
8.869294330616831E-7
9.775386793144783E-7
1.0670000097160887E-6
1.1218957847952138E-6
1.1340993998822635E-6
1.1383923408217415E-6
1.1611007367533627E-6
1.1622739119927285E-6
1.135859973334785E-6
1.0819908953358076E-6
1.0082018773109503E-6
9.515008766287931E-7
9.329349143098854E-7
9.090532282910142E-7
8.865164915362699E-7
8.702070070366825E-7
8.41987172250671E-7
8.00476372722655E-7
7.505722260946601E-7
6.987318337352385E-7
6.448618783656568E-7
5.891589717650972E-7
5.329034408613309E-7
4.778329742120522E-7
4.2572214858631963E-7
3.7817244241979214E-7
3.35336301613025E-7
2.9720192449271153E-7
2.6337658966673715E-7
2.3345043390458267E-7
2.139950800087478E-7
2.0900131180264392E-7
2.0767828497203345E-7
2.0558502254594211E-7
2.0050700086904904E-7
1.9194841961099663E-7
1.8029265131662702E-7
1.6636325900820805E-7
1.5109576004935385E-7
1.475020874052003E-7
1.6165991784602714E-7
1.7431353567319345E-7
1.8159882275969668E-7
1.8157515487126165E-7
1.7521109732329315E-7
1.640718557032817E-7
1.4994489972626928E-7
1.3436193420456607E-7
1.1849481118833707E-7
1.0318270087239511E-7
8.893811092113975E-8
7.605865764989546E-8
6.465342251116473E-8
5.4726596315028316E-8
4.6201696280878026E-8
3.906036476466415E-8
3.30557713075487E-8
2.805945082122893E-8
2.3894891210130397E-8
2.8955776696418524E-8
4.697566920072996E-8
6.402201669803648E-8
7.68990926841435E-8
8.42437574937322E-8
8.658196032999056E-8
8.486753437739068E-8
8.034341558930199E-8
7.411812126552714E-8
6.697827341407299E-8
5.954630552346384E-8
5.913393595696636E-8
6.892084558371358E-8
7.770902517283736E-8
8.339032191957991E-8
8.49064353857681E-8
8.70767289591995E-8
9.263315093514382E-8
9.56513555925453E-8
9.561139654000267E-8
9.245373088744246E-8
8.694246301725716E-8
7.984570982935352E-8
7.192317704424434E-8
6.379224474398065E-8
5.8989046132989554E-8
5.9148510395914494E-8
6.059900990019694E-8
6.29678002826094E-8
6.433630407675501E-8
6.458230377204001E-8
6.358066842501653E-8
6.143005845570861E-8
5.819240534556291E-8
5.4156557099169725E-8
4.96470034486643E-8
4.4946247820095765E-8
4.027701850766097E-8
3.584020341029132E-8
3.177296454711913E-8
2.804064843238714E-8
2.5442028627974004E-8
2.4581066898861062E-8
2.409502764972043E-8
2.3783370222525333E-8
2.379825901769192E-8
2.3521597663958877E-8
2.2781475427856998E-8
2.1592569997443898E-8
2.0076142595907163E-8
1.8612731415248786E-8
1.7208790991161772E-8
1.5917675371225867E-8
1.4707320134429097E-8
1.3537336611233006E-8
1.24068767546047E-8
1.146456891906508E-8
1.0637881944021339E-8
1.000786255580072E-8
9.452839734989994E-9
9.989017966921112E-9
1.0623950805237152E-8
1.1264380740123692E-8
1.1784501083280058E-8
1.2242731163577275E-8
1.2617566491597129E-8
1.2686480752812658E-8
1.257142001576645E-8
1.2244475569678722E-8
1.1781031638397939E-8
1.118321890808893E-8
1.0616328584644981E-8
1.0006530005270794E-8
9.391928308070018E-9
9.10395581286238E-9
8.85090499714124E-9
8.613799559301894E-9
8.318612481294669E-9
7.991016148772435E-9
7.60641318162485E-9
1.491480924697874E-8
2.6422840938966007E-7
5.351697203733993E-7
7.900804225471844E-7
9.881199858317098E-7
1.141809281292704E-6
1.2449155874335644E-6
1.3028229627610368E-6
1.335886616447828E-6
1.3387188024763199E-6
1.3153187193931448E-6
1.267922963330886E-6
1.2014427291077336E-6
1.1208078408493426E-6
1.0309310804077873E-6
9.379925056512185E-7
8.898643753519673E-7
8.467333686168685E-7
8.237146859880064E-7
8.007843079005208E-7
9.166343817862227E-7
1.240551338739555E-6
1.5594616783115524E-6
1.8225999051600802E-6
2.0030009823110408E-6
2.0964647496636314E-6
2.111287607701616E-6
2.0609161304391856E-6
1.960812097067888E-6
1.8256634701723161E-6
1.6688765419051264E-6
1.5020920072316765E-6
1.353478746567178E-6
1.2165427752461812E-6
1.1017437097559524E-6
1.0012634877029967E-6
9.128780699367972E-7
8.620668920012006E-7
8.701973500864406E-7
8.854211822937385E-7
8.959239748262524E-7
8.875839657548602E-7
8.608870491742877E-7
8.167096657691822E-7
7.599009645225117E-7
6.946794142277756E-7
6.254963198174981E-7
5.557766926800033E-7
4.882630472879997E-7
4.248007352789722E-7
3.6658011713839655E-7
3.141902963748299E-7
2.6817240081893456E-7
2.395934338662854E-7
2.1808464356219224E-7
2.0413536063802289E-7
1.9226950247402172E-7
1.8195542914178533E-7
1.7116209278174277E-7
1.91619047574621E-7
2.6784447118193025E-7
3.4206098544668437E-7
4.0326674379049734E-7
4.394594160849714E-7
4.525142421909166E-7
4.4946229368299624E-7
4.3237762135129856E-7
4.0629448246059113E-7
3.7378903635553415E-7
3.383820545256113E-7
3.0186728048349066E-7
2.661570116049964E-7
2.3229056722097728E-7
2.0448075788944093E-7
1.799549424541741E-7
1.5964792855295735E-7
1.4182388268359808E-7
1.2628622066224376E-7
1.1222223581639114E-7
9.956906055462108E-8
8.801302407456965E-8
1.0371563635223712E-7
1.6673074903359788E-7
2.2712539429224486E-7
2.776251670661692E-7
3.107921951788473E-7
3.3170265051256575E-7
3.409833717879418E-7
3.4295268256907286E-7
3.376219742168094E-7
3.251976699269479E-7
3.070231707578339E-7
2.846121331262311E-7
2.600589789062389E-7
2.3488364995598221E-7
2.1086502073990506E-7
1.8824827610164636E-7
1.6713092950924354E-7
1.4749700482187994E-7
1.2941843660403417E-7
1.1287422984456442E-7
9.817957982550259E-8
8.505866440849038E-8
7.358882670227486E-8
1.3998429189371647E-7
3.2418800834127224E-7
5.100642093716359E-7
6.813416640271423E-7
8.097388302010171E-7
8.898654280597338E-7
9.285550641293844E-7
9.380898181265028E-7
9.265005153720996E-7
9.028525996127844E-7
8.709521510925516E-7
8.350570167218807E-7
7.964369993125331E-7
7.569835835976054E-7
7.170508955812116E-7
6.893348964805483E-7
7.019825795008986E-7
7.266195182805981E-7
7.628204282497422E-7
7.927828698906275E-7
8.078703167445255E-7
8.051019568341758E-7
7.840964620248248E-7
7.475402463413504E-7
6.987007735086879E-7
6.415631291853446E-7
5.797343176551332E-7
5.458113210600676E-7
5.772214892104886E-7
6.083036368198336E-7
6.303221117667382E-7
6.293540826315544E-7
6.090940424332971E-7
5.724675802014379E-7
5.45725422425024E-7
5.577518056527333E-7
5.650459290661702E-7
5.633122109144738E-7
5.454386334469728E-7
5.148702111192289E-7
4.846603184554998E-7
4.708585979375618E-7
4.545940253998942E-7
5.015413436626507E-7
6.469247365556427E-7
7.898118705324155E-7
9.090134939636426E-7
9.88588641895371E-7
1.0254651821960586E-6
1.0236069433790819E-6
9.898773077300837E-7
9.324238194769743E-7
8.589523610343473E-7
7.764417413793562E-7
6.904888618825629E-7
6.055042682883583E-7
5.245757007619017E-7
4.49858650055209E-7
3.8250603999960087E-7
3.4976753595298464E-7
3.669977416302611E-7
3.9009796438362504E-7
4.217729390518715E-7
4.5912717896670366E-7
4.835420324970419E-7
5.001192981846449E-7
5.46284122566556E-7
5.846093691105049E-7
6.175747503860499E-7
6.334769442420475E-7
6.294032254444637E-7
6.077016374925455E-7
5.723903658540606E-7
5.278038962962281E-7
4.778444767296938E-7
4.771987073950172E-7
5.657452303594605E-7
6.521449704601732E-7
7.260289937202771E-7
7.702473997584145E-7
7.846844220075595E-7
7.710201078480851E-7
7.357857638364605E-7
6.848877625083214E-7
6.244079540839457E-7
5.594041774307387E-7
5.308289838068105E-7
5.647585500465241E-7
6.241143585562966E-7
9.64582408683079E-7
1.3241057976723973E-6
1.6935820470450674E-6
1.990322133532673E-6
2.2258515738078913E-6
2.3883278740470313E-6
2.507902512431526E-6
2.5756480984809328E-6
2.583411505688972E-6
2.536455999799321E-6
2.4403858425954714E-6
2.306014460098855E-6
2.1441901950470496E-6
1.9650480104365753E-6
1.7777238401368606E-6
1.5895746546729354E-6
1.40651593820641E-6
1.23282585689936E-6
1.071481419274742E-6
9.242563041160348E-7
7.920409055157598E-7
6.75084525085857E-7
5.727485329769219E-7
4.841475320310768E-7
4.0802789449748497E-7
3.431134121927926E-7
2.8807681908053443E-7
2.41671209478718E-7
2.0274568491834354E-7
2.086216111285729E-7
4.5884814124725023E-7
7.083702607614885E-7
9.488606187307773E-7
1.1030016897561683E-6
1.1828442948590986E-6
1.196560379114311E-6
1.1622317378014517E-6
1.095034398997462E-6
1.0073408463094455E-6
9.093256945168395E-7
8.077459288036352E-7
7.081731363306176E-7
6.137071387807465E-7
5.268046818002587E-7
4.4840048225410953E-7
3.7907609746436803E-7
3.185954951600693E-7
2.665726630236871E-7
2.2225880596856257E-7
1.8489358298950106E-7
1.5362972886543887E-7
1.5565138240603475E-7
3.5290701236389384E-7
5.51163747705252E-7
7.584204206809999E-7
9.129896210784116E-7
1.0018531293358966E-6
1.0307583018121466E-6
1.0108360050613914E-6
9.577130069474666E-7
8.828630533370115E-7
7.971244233969036E-7
7.07921713951427E-7
6.242722158635628E-7
5.481731761948933E-7
4.814537024387224E-7
4.2350708179731244E-7
3.737823989606878E-7
3.294346308129287E-7
2.898130604658967E-7
2.538185651552695E-7
2.2119212716944052E-7
1.917086875305121E-7
1.652558230609752E-7
1.4174551667586603E-7
1.2103921822251722E-7
1.0298573151845513E-7
8.739300421499112E-8
7.404033203822327E-8
6.269450434993712E-8
5.311518661647256E-8
4.5077242713661666E-8
3.835948003558435E-8
3.2761103689023604E-8
2.81030780640999E-8
2.42364903814363E-8
2.102205877207219E-8
1.8348337836393613E-8
1.6117339123840178E-8
1.4254287291560169E-8
1.2689369306150555E-8
1.1378653311359512E-8
2.552307446882014E-8
1.4463471859460088E-7
2.657255773226723E-7
3.690605570801303E-7
4.349796868146996E-7
4.6358593497514436E-7
4.6417870667579484E-7
4.435735892032043E-7
4.105198487703075E-7
3.7009091398695043E-7
3.2724974477536797E-7
2.846096009676018E-7
2.4437502963178926E-7
2.0750534931527532E-7
1.7466333464929215E-7
1.4592077016972583E-7
1.2122444519176577E-7
1.2398972471229176E-7
3.404688306771257E-7
5.809115983608618E-7
1.2944159624736686E-6
2.0118624854586695E-6
2.61358096430846E-6
3.0586288212104873E-6
3.357416114933624E-6
3.5535681170585546E-6
3.686783896022179E-6
3.7703445398114622E-6
3.8224186672612284E-6
3.850608779545269E-6
3.864371629819484E-6
3.863159413051071E-6
3.7995317218309033E-6
3.6939645831307955E-6
3.5305047599547987E-6
3.343442123028321E-6
3.134824109670022E-6
2.913765449632111E-6
2.6854658984295534E-6
2.4522047033115635E-6
2.2192495299545382E-6
2.0075343062605143E-6
2.0433555315472052E-6
2.1064306555055785E-6
2.2200679852656875E-6
2.285587804516859E-6
2.375209510589563E-6
2.4104257624160222E-6
2.412735979832776E-6
2.3636328356323185E-6
2.2735022575546765E-6
2.1543617275124455E-6
2.0876222764961276E-6
2.0208928449353237E-6
2.090619638097316E-6
2.1598739340964524E-6
2.239031774870116E-6
2.281108602886036E-6
2.264582230258589E-6
2.1991295566076516E-6
2.087244634811257E-6
1.9493099719123138E-6
1.8036575389011316E-6
1.650935761951035E-6
1.5004700320453196E-6
1.353236272417652E-6
1.211196030340223E-6
1.0765104642487065E-6
9.491042847137323E-7
8.3091542567582E-7
7.218641350037648E-7
6.230997694699499E-7
5.349918729927006E-7
4.5738569753339264E-7
3.896889549772766E-7
3.312380143390315E-7
2.8101917952543386E-7
2.3820990626568095E-7
2.0184007533942378E-7
1.7113380908516702E-7
1.4573838585738146E-7
1.2463030046713322E-7
1.1390822080351799E-7
2.2964906005377664E-7
3.5801237276958067E-7
5.305357468598177E-7
6.696787896668652E-7
7.694532628054563E-7
8.246754799851416E-7
8.393646956600621E-7
8.244585867193933E-7
7.847647019645414E-7
7.306449520642589E-7
6.65638517163125E-7
5.969715281010383E-7
5.270348814576776E-7
4.599034319942886E-7
3.967759280196665E-7
3.3941745289561444E-7
2.8804229004933715E-7
2.430312794093492E-7
2.080969105107248E-7
2.5256841631851495E-7
3.0266795142517044E-7
3.546654998187543E-7
3.877141173930347E-7
3.9755658474082E-7
3.907935493135488E-7
3.688808927703732E-7
3.3951065644383764E-7
3.0484952523724663E-7
2.6941541061881317E-7
2.3441244843612393E-7
2.0187635719568332E-7
1.743617580338708E-7
2.2336834286195382E-7
2.8289036773389075E-7
4.320316787597719E-7