
0.0
1.483935993764508E-15
8.662758314088088E-16
8.69691994060658E-13
4.4035389326213544E-12
7.554344567513171E-12
3.841194655675368E-9
1.4006968483983878E-5
2.1498545685712088E-5
6.521177900377545E-5
1.2286809619766243E-4
1.7946552613682857E-4
2.4595612988129927E-4
2.94087177147174E-4
3.286749013021343E-4
3.4252980024906536E-4
3.366825973321505E-4
3.1094087887135596E-4
2.8144034414961185E-4
2.3757464337502738E-4
1.913859319150648E-4
1.5271884774830318E-4
3.896762182981663E-4
1.3976059756238556E-4
6.968884873119261E-5
6.843725747431128E-5
4.718408514216558E-5
3.482035973188864E-5
2.359082647410289E-5
1.580333053713549E-5
1.0208661966942624E-5
6.446516452717234E-6
3.9812284799477695E-6
2.415549860247155E-6
1.4456206736698975E-6
8.569326960817686E-7
5.053013459359754E-7
2.976055097982235E-7
1.7496669059562662E-6
1.2163028597413935E-6
1.2435419230355017E-6
1.598893559772031E-6
7.15450453780314E-6
7.2845324419754945E-6
5.643111891906181E-6
4.75487847723264E-6
3.3838428112765402E-6
2.4771425696281835E-6
1.7276789638951142E-6
1.1976718711520497E-6
8.088798928858628E-7
5.37631659265888E-7
3.502072398598233E-7
2.2490785318420498E-7
1.4249808948897467E-7
7.563969739622741E-7
6.189199834424248E-7
2.3875609026973013E-6
1.86703915903192E-6
1.4305377760939532E-6
1.075618798185796E-6
6.977699735861612E-7
4.677839959768448E-7
2.984798089154481E-7
2.2832031918934552E-7
1.4241979558616324E-7
6.360671826196845E-7
5.191907771475931E-7
1.2662016706142575E-6
1.0258773045441105E-6
9.13276342211632E-7
6.429879779270206E-7
5.473111157385566E-7
3.865357940503168E-7
2.7693256088230906E-7
1.9072990682881445E-7
1.2424919528261928E-7
4.6861641905909336E-7
3.650016536695834E-7
1.1560341032179712E-6
1.0448997824054304E-6
1.0876072476776243E-6
9.560956165374865E-7
8.615833951504787E-7
7.455868284336747E-7
6.478058255419095E-7
7.664069841060739E-7
2.3561573868329474E-6
2.4064639070653323E-6
4.247235889607171E-5
1.1068833600932907E-5
4.362374642472331E-6
2.5094594153975656E-6
1.636475565959285E-6
1.2197253065281206E-6
8.744089057339089E-7
6.554309277980521E-7
4.7484065503478857E-7
3.3152340543008697E-7
2.660420643795836E-7
1.8805938687587913E-7
1.2995432587648917E-7
8.841093699721398E-8
5.913813748983002E-8
3.9018229772878325E-8
2.549742512536553E-8
1.6570051454625428E-8
1.0751346383393002E-8
7.197542324002476E-7
3.1173459988176633E-6
2.8693227999780467E-4
2.404083001587258E-4
1.8847090037892448E-4
1.329563709187134E-4
8.448030915916424E-5
5.5736789187269086E-5
3.743030876977558E-5
2.8142133490697238E-5
2.1617100038802047E-5
1.7347131645145863E-5
1.3689805570759315E-5
8.801761588460397E-5
8.077542265305989E-5
5.175616462468047E-5
3.4646356086302914E-5
2.3988502709589052E-5
1.6931906384387078E-5
2.2498394016566977E-5
2.0194021165404373E-5
1.600730198232467E-5
1.2884546827280945E-5
9.895043841838967E-6
7.637082100706411E-6
3.8504831438429304E-5
2.8590674362017466E-5
1.8102732547439806E-5
1.177207686282364E-5
9.024269510531141E-6
6.561773849984602E-6
1.7558779122900006E-5
1.647320030119258E-5
7.062155578027405E-6
4.10966989422018E-6
2.8542106243211425E-6
1.9889479578462523E-6
1.3808072546346498E-6
9.455506065106452E-7
1.4627062825364733E-6
1.048909452985135E-6
1.0583713468339356E-6
7.440649059982809E-7
5.337249783018465E-7
3.67587408551902E-7
2.5316230515784763E-7
1.8421055107971048E-7
1.324799735563356E-7
4.83416149513502E-7
5.234750697103307E-7
6.16747800103827E-7
6.077376768218249E-7
6.239794407993044E-7
6.104712631542449E-7
6.056500920094622E-7
5.902605241784764E-7
5.768910947730294E-7
5.596240692522362E-7
5.436911707001237E-7
5.274111890657303E-7
5.256151997776971E-7
5.088073687676034E-7
4.885742167314207E-7
4.6317669285090597E-7
4.403076959341031E-7
4.155172226379112E-7
3.960243081397091E-7
3.778631194914638E-7
3.593264520375022E-7
3.444817945182378E-7
3.268670368592579E-7
3.1099811966525367E-7
2.9599871073844436E-7
2.8174468792169995E-7
2.6776997451191075E-7
2.5786168131924335E-7
3.231952101613735E-7
7.143755787366091E-7
2.7057009468494064E-7
1.6091607491518833E-7
1.225609569953437E-7
3.3920699699840016E-7
2.903480899464647E-7
2.174038030508708E-7
1.5697736491812886E-7
2.892652060848966E-7
2.2844630679804567E-7
1.669692917802946E-7
1.171001094174085E-7
9.141607581750643E-8
6.960784068387113E-8
1.0968054175169417E-7
9.433769703209232E-8
3.3396426616649796E-7
4.5877643237000047E-7
1.206712417090032E-7
4.494933415727274E-8
2.4001635689320728E-8
1.4689627357807749E-8
1.0387361882857871E-8
6.941028522474536E-9
1.2995979817858809E-8
4.531832969451853E-9
3.945419932271442E-9
1.3954045902906824E-9
7.519453635577367E-10
4.8251537287045E-10
3.160761482424621E-10
2.032466612616204E-10
1.2712074748670293E-10
2.470681344155005E-10
1.289137878385002E-10
1.079598937481662E-10
7.482498635559602E-11
5.025842288756538E-11
3.336928920652078E-11
2.1883027556628047E-11
1.586525159199576E-11
1.0693965175008186E-11
8.286121114911622E-12
5.943246098377478E-12
2.444189061765122E-5
1.825421834802015E-5
8.896863597445443E-6
4.620006145538204E-6
2.7564956455102873E-6
1.8868292654207105E-6
5.538927789897277E-7
3.270953087328349E-7
3.2709258080494387E-7
3.6185028894428886E-7
3.991475822303015E-7
4.2278126868144883E-7
4.331931669152406E-7
4.6353544992521334E-7
1.9259280977608873E-7
1.306864249006511E-7
1.0575333480085572E-7
1.2672830905817825E-7
1.3771572589676685E-7
1.3671947028559532E-7
1.3133907006565522E-7
1.2390286764441567E-7
1.15957661324484E-7
1.0948517890050857E-7
1.035989926344504E-7
9.766762927370838E-8
9.331551347964565E-8
8.666873256119971E-8
8.287504793813922E-8
7.93866717680294E-8
7.637844626021159E-8
7.233900457304909E-8
6.84890525931319E-8
6.559367573689804E-8
6.499709540936995E-8
6.43800357506534E-8
6.101481741871994E-8
5.842214439246369E-8
5.594810996014088E-8
5.4937238635193866E-8
5.296037033498994E-8
1.4196246352146315E-8
7.350993318972077E-9
5.126886788920452E-9
4.469116618633023E-9
3.965811398947644E-9
3.661392229263648E-9
3.5065376373828055E-9
3.3551062092178125E-9
3.2445272332576007E-9
3.1453157988241834E-9
2.911225763154609E-9
2.7995991625654975E-9
2.7286562105964206E-9
2.6617899206765984E-9
2.602374350459685E-9
2.5461803748525585E-9
2.4807850180437164E-9
2.421156179079028E-9
2.1133912444087776E-9
2.1562538259102596E-9
1.9540417822483605E-9
1.591602429417154E-9
1.577983766277908E-9
1.5341284737595369E-9
1.5797936420026318E-9
1.6727373286229633E-9
1.741835265109417E-9
1.6874451491398373E-9
1.7055131475190058E-9
1.6603622594271762E-9
1.6404677418643655E-9
1.721989696656425E-9
1.8097007994578676E-9
1.887012268384197E-9
1.9977769568494024E-9
2.1001643343241602E-9
2.074684260369366E-9
2.174532387028155E-9
1.9840427520104705E-9
1.794392205358422E-9
1.6748349876254707E-9
1.5941030376908412E-9
1.5813109518465642E-9
1.4887306799187667E-9
1.518705228248716E-9
1.4615899761032378E-9
1.3537751947389088E-9
1.3723670679720555E-9
1.3835128846885471E-9
1.4028564877993686E-9
1.3719120524302197E-9
1.5866308675866723E-9
1.541817039443736E-9
1.4545918444613905E-9
1.3820081392952018E-9
1.4336240421910745E-9
1.372867001955588E-9
1.3049761916863458E-9
1.375621041530309E-9
1.5400014673440504E-9
1.4320985524473454E-9
1.5010702639028249E-9
1.6782912614287459E-9
1.8298698659906016E-9
1.3165914756957852E-9
1.314072738027136E-9
1.3109432196863948E-9
1.396220267274724E-9
1.4702031696601874E-9
1.6088803925974592E-9
1.7350375490631498E-9
1.8882687095917934E-9
1.785063609303164E-9
1.8668549826137186E-9
1.907794081403846E-9
1.975195293677327E-9
2.0526659256258635E-9
2.1384203321190466E-9
2.196257591826925E-9
2.287725023479062E-9
2.372722655728802E-9
2.4712223032142737E-9
2.5351241911620313E-9
2.62681509790889E-9
2.7016001942179235E-9
2.793974492330855E-9
2.867081777355461E-9
2.9409581669868723E-9
3.017990166416761E-9
3.1457661851295855E-9
3.2436544295118966E-9
3.3272356120608943E-9
3.3716535332863628E-9
3.4305132596775712E-9
3.498476242272002E-9
3.5530766553545573E-9
3.643135112550299E-9
3.7071515013844816E-9
3.806540262438378E-9
3.866740452350256E-9
3.901162153941033E-9
3.904751077207592E-9
3.03611044174065E-9
2.793079511819293E-9
2.1058202068302906E-9
1.9621631890233997E-9
1.9495885039670346E-9
2.0762532340161243E-9
2.2679821493064216E-9
1.3755901170832535E-9
1.2837795226589252E-9
1.3411319585666593E-9
1.5169896640301686E-9
1.638916185131121E-9
1.7877558973484361E-9
1.898565180673523E-9
2.0119544652301475E-9
2.108903008490451E-9
2.2149723955918555E-9
2.3245339889080854E-9
2.4307936230342524E-9
2.576176277097352E-9
2.626333943649086E-9
2.725990890421691E-9
2.8517455757625323E-9
2.939134908373611E-9
3.082680509844764E-9
3.2241022753357046E-9
3.390005934528474E-9
3.6133909558852233E-9
3.838579639880446E-9
4.1147190577414474E-9
4.221030838343764E-9
4.527299323139947E-9
4.690676756775166E-9
4.940449067402824E-9
5.207136089196402E-9
5.347495987305427E-9
5.575737589851874E-9
5.611121389100165E-9
5.969048583270656E-9
5.863534230531194E-9
5.3835529115294305E-9
5.263779151804502E-9
3.718539349112966E-9
3.2482346407747502E-9
3.070147402804553E-9
3.126703632423567E-9
3.234268918491059E-9
3.3676243138229343E-9
3.5078993886073275E-9
3.7113901814957075E-9
3.909402768233348E-9
4.134071196786769E-9
4.302489583167062E-9
4.665884739675678E-9
4.7663134190444705E-9
4.941305494367069E-9
4.996199452300704E-9
5.274801511347583E-9
5.5072304910834835E-9
5.891640820599576E-9
5.838798770174839E-9
6.012098107533786E-9
6.169592615770146E-9
6.269962564809164E-9
6.2506548610413665E-9
6.674136578564098E-9
6.543552780693101E-9
6.6457904437190586E-9
6.264412771946982E-9
5.786539024015448E-9
5.543236203844959E-9
4.386473494320628E-9
3.92387714054585E-9
3.8416242210054864E-9
8.253457355045991E-10
2.4629211972381E-10
1.3932224547366783E-10
1.2967232254133689E-10
1.4152738624245E-10
1.7298064564624833E-10
2.1022702940380703E-10
2.5054376886160327E-10
2.908402904121852E-10
3.3876659935064415E-10
3.90086690766608E-10
4.531207957685696E-10
5.242016035022446E-10
4.9241243015067E-10
5.279064170383006E-10
5.888587723135112E-10
6.798192008505116E-10
7.937531362951315E-10
9.31281815250368E-10
1.1248168629480665E-9
1.3069724973251513E-9
1.523339866294505E-9
1.8116346060482672E-9
1.9915532267819592E-9
2.240074752705744E-9
2.524836920524626E-9
2.941026801377998E-9
3.120816797351227E-9
7.334043752278411E-10
2.527510579029308E-10
1.551947429451156E-10
1.460205057312549E-10
1.404585084889295E-10
1.3045139796046926E-10
1.1965322019830636E-10
1.2249548545823093E-10
1.3641631441497122E-10
1.610800730287694E-10
1.9883715184382E-10
2.471868367896627E-10
3.1202430053002073E-10
2.805474911367216E-10
3.1224692786545816E-10
3.542645991306037E-10
4.23857942432385E-10
4.541154785735264E-10
2.2730152342629026E-10
1.8365096311551368E-10
1.8272033381929135E-10
1.9534434810676735E-10
2.1517186712850831E-10
2.4953643271553093E-10
2.9672858058371675E-10
3.63218726883738E-10
1.9030717434892184E-10
1.5850131197004068E-10
1.6171677636879908E-10
1.8293093647459912E-10
2.1765363150603917E-10
2.744438720225307E-10
3.504276933398861E-10
4.5641349221463016E-10
5.924699196992318E-10
7.666734311184998E-10
9.208668514617122E-10
1.0575743881173146E-9
1.1723489112644125E-9
1.2756686254786948E-9
1.3734997962556478E-9
1.4706611932871712E-9
1.5703310587131384E-9
1.6776036236801816E-9
1.7903449218979035E-9
1.9120143277429413E-9
2.0472082313652014E-9
2.190022169279918E-9
2.334456996520149E-9
2.5032569334046974E-9
2.6799495011337415E-9
2.5093237984272754E-9
2.3601143188876545E-9
2.307279763517313E-9
2.3292786034348907E-9
2.427791876145145E-9
2.5837352950698585E-9
2.7375391954885927E-9
2.9522071198496546E-9
3.2064899627932305E-9
1.8346197944530287E-9
1.481218971871646E-9
1.4202006516114931E-9
1.500832198583458E-9
3.515723496360957E-10
1.3031630912808225E-10
9.353787122928229E-11
9.584573981753509E-11
1.1069436475132652E-10
1.3539644658172203E-10
1.6967828121054963E-10
2.1728778323996267E-10
2.815044201276138E-10
9.167218806051756E-11
5.5395102955730374E-11
4.690865363101429E-11
4.035585272808169E-11
3.895400139479011E-11
4.2969630081754E-11
4.991161384346878E-11
6.137024749690595E-11
7.168100308273019E-11
8.634752279242165E-11
9.458902301478641E-11
1.0545015214180453E-10
1.1502335088412492E-10
1.2722657232522355E-10
1.4047889209366463E-10
1.5430116778567073E-10
1.686779820286659E-10
1.833961680890698E-10
1.9905082433335398E-10
2.1539549283998726E-10
1.9704077154548013E-10
1.9464699237273786E-10
1.9777664246828274E-10
2.026692596024513E-10
2.1868304613484546E-10
2.436932402909325E-10
2.803816939615626E-10
3.3147096078948685E-10
3.9987412504976283E-10
4.920650749887322E-10
6.118520259649197E-10
7.698507462441882E-10
9.736184617840596E-10
1.221451486823237E-9
1.3808069995972662E-9
1.5334329198661675E-9
1.678395863064719E-9
1.8376079457987435E-9
2.0105440916214434E-9
2.187524126116266E-9
2.359988205081701E-9
2.546371970610977E-9
2.700385245348755E-9
2.8574263041199432E-9
3.0721042175127787E-9
3.2417034914223264E-9
3.4541987627751572E-9
3.6653629076966045E-9
3.80576339567864E-9
4.030519282006865E-9
4.193460466026551E-9
4.443404641156025E-9
4.649970417418487E-9
4.902202441135033E-9
5.311851210019513E-9
5.262684498708074E-9
5.372819640398353E-9
5.2683105683181894E-9
5.439424971443125E-9
4.197823500324811E-9
3.4577629281537443E-9
3.0474789393415458E-9
1.802479302697786E-9
1.516796041214724E-9
1.448386670687942E-9
1.5435774558540717E-9
1.7281857460418701E-9
1.968756758282042E-9
2.1770608311109334E-9
5.901718884783606E-10
3.092934815429191E-10
2.5685004112317574E-10
2.8230464205373166E-10
3.248328267005514E-10
3.9452390872415796E-10
4.731915471494493E-10
5.71118026031125E-10
1.1375285730065427E-10
2.5317505518759042E-11
8.251799542344194E-12
5.2680146976653136E-12
5.4250795763056164E-12
6.735830713136921E-12
4.619042680311158E-12
3.851104857838857E-12
3.704423168979992E-12
3.951415766723156E-12
4.533444793590446E-12
4.923363714127154E-12
4.347185628141551E-12
5.008037426885297E-12
5.737870327338949E-12
2.872647336327789E-11
7.376888915376581E-11
1.1205773962727406E-10
1.4051883145508019E-10
2.0639050664104907E-10
2.1630900967911253E-10
2.0201417483630816E-10
2.6103970474377226E-10
2.3527403795906963E-10
1.9818033360368467E-10
1.6513715813536297E-10
1.4906949448468797E-10
1.3728618197443387E-10
1.3080383248226198E-10
1.2621092048350993E-10
1.2391080535599244E-10
1.232288347030092E-10
1.2434275136814986E-10
1.2705521971955597E-10
1.3139629929346403E-10
1.3468930551327238E-10
1.370607269341515E-10
1.4132277973300232E-10
1.470658218946344E-10
1.5449920015969804E-10
1.6228118027315915E-10
1.713766078209501E-10
1.8112437458596187E-10
1.9094597259997098E-10
2.0152694928504286E-10
2.1310336985433563E-10
2.2394354770104613E-10
2.358072468954021E-10
2.4778087846121373E-10
2.616139119675909E-10
2.7708651660346605E-10
2.9381228611412805E-10
3.1304209443071617E-10
3.322126443703753E-10
3.560269882465543E-10
3.765063839783479E-10
4.033772924840118E-10
4.287738090382379E-10
4.485519517612842E-10
4.735978338139224E-10
2.105048709322643E-10
1.5807923298812668E-10
1.3655566369433032E-10
1.3261623182832052E-10
1.3029284992112326E-10
1.3373269153246115E-10
1.4086508284112294E-10
1.5293320969823602E-10
1.7392352513745068E-10
1.3950201278570235E-10
1.1702751284387748E-10
9.121836033787852E-11
1.440520325483904E-10
1.1195912170992159E-10
1.1353327802285594E-10
9.03666454896194E-11
8.578082214143631E-11
8.282075811232729E-11
8.563440969778591E-11
8.935708114440896E-11
9.516077686419115E-11
1.0472427786945626E-10
1.1514781180740144E-10
1.2985827485437886E-10
1.4640477445538928E-10
1.670672936627447E-10
1.9044323631820118E-10
2.176529661195055E-10
2.4704410062699455E-10
2.8008426827205876E-10
3.1274268034552626E-10
2.5433848823882393E-10
3.022659199941778E-10
2.9297314603416723E-10
2.848637455136205E-10
3.171255328216827E-10
3.164813359394347E-10
3.589640943479665E-10
4.095076957925806E-10
4.849527665272648E-10
5.793680632176528E-10
6.987890925198433E-10
8.442390389427428E-10
1.0230233664872187E-9
1.239387370637253E-9
1.499212688172584E-9
1.8074994100372342E-9
2.172479679132595E-9
2.596559329630387E-9
3.0878437212852203E-9
3.647618849539243E-9
4.2878610055312406E-9
5.022469020856446E-9
5.840058360121603E-9
1.4927861662880771E-9
7.251987765491452E-10
6.209071060780928E-10
7.260756520331983E-10
8.709072951890645E-10
1.0959626387294038E-9
1.3680370123679611E-9
1.7206399497400373E-9
2.1479183937350425E-9
7.124722969231608E-10
5.061641331131395E-10
5.200667856917211E-10
6.403586473221426E-10
7.90674332086721E-10
1.0093707040566236E-9
1.2823863024731441E-9
1.6380905851891085E-9
2.079187849546518E-9
2.6424167486511197E-9
3.272790321806177E-9
4.043411984891352E-9
4.759370189005951E-9
5.522039223976804E-9
6.316460680684264E-9
7.199214784817548E-9
8.228953122213233E-9
9.415772736237254E-9
1.0705074797146147E-8
1.2125122821528104E-8
1.3679703301948754E-8
1.5432147600805766E-8
1.7500418887743067E-8
1.958425103335718E-8
2.182376842618285E-8
2.41799682897923E-8
2.6771594557360755E-8
2.937964910134255E-8
3.27480387537219E-8
3.649964015961307E-8
4.044598702581973E-8
4.060671011300574E-8
4.3185344955883176E-8
8.87051132447754E-9
2.0116871203995213E-9
6.18470223551664E-10
3.600942731976358E-10
3.065416800660371E-10
3.084609981460429E-10
3.217589086889534E-10
3.458209650174593E-10
3.772255686329323E-10
4.16196265425688E-10
4.6303394908420314E-10
5.137328622943664E-10
5.676389886065777E-10
6.217448334388426E-10
6.786723132408431E-10
7.394385949690055E-10
8.061757040402491E-10
8.813914894009734E-10
9.661514991548153E-10
1.0588951951890368E-9
1.1659099865554956E-9
1.2885016892841527E-9
1.4293144270793359E-9
1.5095719953558838E-9
1.5732542358909799E-9
1.629937634140792E-9
1.3225173214861284E-9
5.75316543733063E-10
3.7886529570172485E-10
3.2794797725730017E-10
3.2994717589173494E-10
3.553984444568686E-10
3.911832075530393E-10
4.33203862516146E-10
4.893454158175698E-10
5.663277986244143E-10
1.395371997940288E-10
5.790552282551813E-11
4.6790934809625685E-11
5.174921536893915E-11
6.249134564735164E-11
7.865067579762646E-11
1.0064660955081471E-10
1.2982762852400768E-10
1.672974917552719E-10
2.041968815471538E-10
5.858019031966826E-11
3.2436273432863906E-11
3.133115625132295E-11
3.7019372712021224E-11
4.6176584122607704E-11
5.91840481142864E-11
7.586542392527952E-11
9.005031602104105E-11
1.0461509487986476E-10
1.2036443993952469E-10
1.3453457795607905E-10
1.5655942653755363E-10
1.8684811388001157E-10
2.2782186320785872E-10
2.81455827967152E-10
3.538580695990385E-10
4.476400391819536E-10
5.706529022249902E-10
7.240823474545079E-10
8.54159952321781E-10
9.786497152673597E-10
1.112129179556652E-9
1.267106106696356E-9
1.4397503602909414E-9
1.651638615015825E-9
1.9116430067801786E-9
2.2076493394641837E-9
2.5594511373230115E-9
2.993313102740516E-9
3.4946253658944737E-9
4.079562501903395E-9
4.706993338551191E-9
5.4805675945390155E-9
6.099099029561215E-9
7.008331864076523E-9
7.474991054666106E-9
8.035899305229233E-9
8.445608322662276E-9
8.300015636712186E-9
4.212895141582576E-9
3.0176712955491434E-9
2.5855303615434547E-9
2.5049573072973456E-9
2.4728172841932346E-9
2.2970079606850314E-9
2.301713757373248E-9
2.3276410519439257E-9
2.3787903601312783E-9
2.418839615935335E-9
2.557627001490497E-9
2.653626859016435E-9
2.8262240602512893E-9
3.032464208961553E-9
3.2277281740915553E-9
3.5753506677820074E-9
3.873337156966683E-9
4.334589115578941E-9
4.418422869848737E-9
4.6590112191471425E-9
5.119456373207625E-9
5.5580850834245015E-9
5.86968793253624E-9
6.61888838349848E-9
6.322570200697205E-9
6.477836887896399E-9
6.819174734756904E-9
6.9975562565489105E-9
6.704463713249061E-9
6.3921708823124385E-9
4.631500241866119E-9
4.1174818757884825E-9
3.498691040609571E-9
3.2226226171639847E-9
2.9773232268679604E-9
2.880786255678546E-9
5.579924957911404E-10
1.1040511277962367E-10
2.427383816750065E-11
7.570462747279107E-12
4.284102860941458E-12
3.6092632678609686E-12
3.7008291124670986E-12
3.911281394573972E-12
3.544901106077543E-12
3.4811554417620496E-12
3.5817958820910114E-12
3.7138119664024336E-12
4.003142493115105E-12
4.350623883648387E-12
4.830739622703868E-12
5.3820850165752375E-12
5.9273807311890115E-12
6.4374934765184975E-12
6.967777863206857E-12
7.498542830598166E-12
2.4597778226500273E-12
1.408326521887022E-12
1.1905567461407907E-12
1.1308259882020258E-12
1.185675463163962E-12
1.2151092800486876E-12
1.3170427904836368E-12
1.3925153691683914E-12
1.3990112158572967E-12
1.5532769590191653E-12
1.7756101026674145E-12
2.0199504171124337E-12
2.32030462448437E-12
2.756485815579075E-12
3.347317445273851E-12
1.0684749431456434E-12
6.218847327749072E-13
5.456231516267039E-13
5.700415098844186E-13
6.452114072096603E-13
7.146669281052717E-13
9.063087629742871E-13
1.0726999167601086E-12
1.2882882098966967E-12
1.5657502946081535E-12
1.9508453745786864E-12
2.470558697679723E-12
3.1755399219684032E-12
4.137500464285412E-12
5.430486620520647E-12
7.191714194917963E-12
9.47436162989572E-12
1.1486888857480701E-11
1.4173319812674053E-11
1.4787865283909227E-11
1.7903833800256333E-11
2.1417985121826536E-11
2.6463260528798012E-11
3.313925178289866E-11
4.219225037439446E-11
5.40194060324691E-11
6.887753404742635E-11
7.761483839976754E-11
8.661228780835717E-11
1.0248324455994061E-10
1.1894291740424317E-10
1.3397428075484475E-10
1.5162880337133364E-10
1.7419466310397304E-10
2.0173503746936724E-10
2.3759846351798534E-10
2.832621293808445E-10
3.3588017589881036E-10
4.0506861787161877E-10
4.827523300272813E-10
5.862255528226943E-10
6.614778116623188E-10
7.505082914615943E-10
8.062681393064178E-10
9.023332924491659E-10
9.713411668584337E-10
1.0829215474114618E-9
1.140104972164947E-9
1.1864347123958227E-9
1.1332642157727306E-9
1.2561263002683834E-9
1.3002989344156063E-9
1.173668553555506E-9
1.124728286514485E-9
1.1222020015097125E-9
9.791280313645517E-10
9.168895592711199E-10
8.879915890453794E-10
7.993702407194563E-10
7.5122537558132E-10
7.321756955490468E-10
7.487301754311268E-10
7.408674371343341E-10
7.177433486416158E-10