
0.0
0.0020893043562563215
0.0019002306165224745
0.001860407973189758
0.002311642743874445
0.0896643520218231
0.07701941850289817
0.08120288996336042
0.05710266076790872
0.04449969053524213
0.028906067716853934
0.020527037459255888
0.012859745888724492
0.00854743302951231
0.005190209907708399
0.0033404563475873906
0.0020741080688912858
0.0013536274296919858
8.951072429082188E-4
6.104579956639842E-4
4.3308256680855885E-4
3.1492016722185106E-4
2.398543911738044E-4
1.808141903646657E-4
1.3899531500094034E-4
1.0473264619534974E-4
8.429390554993412E-5
6.410361774247476E-5
4.986742633715467E-5
3.7042777254090796E-5
2.8406786091872787E-5
2.1188765741867268E-5
1.6422623091557923E-5
1.2485810664399475E-5
1.0267529333211566E-5
7.946323198033586E-6
6.780356590095639E-6
5.4662213148131934E-6
4.945267282821714E-6
4.12630585524154E-6
3.959318088074423E-6
3.376959127985324E-6
3.3915742465235754E-6
2.922030232372717E-6
2.6504190318120663E-6
2.7168763434742237E-6
2.350516817814998E-6
2.126442485879894E-6
1.8237841663093567E-6
1.978241833436237E-6
2.936275601753577E-6
2.6672895134745754E-6
2.7309640887983094E-6
2.3620062868807984E-6
2.004565869043188E-6
1.7331626319048826E-6
1.4705680795725778E-6
1.2848263911449808E-6
1.1034715019666526E-6
9.932311015521295E-7
8.749852070666076E-7
8.174349733510515E-7
7.397125272836331E-7
6.849388660021482E-7
6.281609187704645E-7
5.828533723513698E-7
5.372198387730188E-7
6.686698229432769E-7
6.288550277067343E-7
6.304053409525125E-7
6.881690730212028E-7
6.882784249767046E-7
6.488093620373312E-7
6.267377940087407E-7
5.914606540053618E-7
5.745501374984339E-7
6.20464844737597E-7
5.942248102071265E-7
6.398556630940989E-7
6.063719529061183E-7
6.035921343473484E-7
5.933954753453758E-7
5.806657295157083E-7
5.676292597180521E-7
5.671494268528369E-7
5.525344629589609E-7
5.95488116764894E-7
5.61315595257258E-7
5.482203893185336E-7
5.240028251051308E-7
7.264327013663869E-7
8.183086972641033E-7
1.1061166294986743E-6
1.3885943676733994E-6
2.0128765656301568E-6
2.333825602576017E-6
2.8017937023758783E-6
3.0895955387215096E-6
3.4842704753002067E-6
3.7567112148194914E-6
4.100481151526971E-6
4.243656924274444E-6
4.5453748206122975E-6
4.8115555158323694E-6
5.048223681482643E-6
5.326355985177541E-6
5.551571357660451E-6
5.655546730736214E-6
5.485742218499761E-6
5.5550863784194405E-6
5.220449838702193E-6
5.248232636382806E-6
4.8927561998496766E-6
4.904988451903613E-6
4.559308144253256E-6
4.260264240066934E-6
3.949375602325575E-6
3.934451302251254E-6
3.6596536420917973E-6
3.720859858051216E-6
3.8112988636992876E-6
3.830126693478216E-6
3.819427732142651E-6
3.7911688185206114E-6
3.5181324834334314E-6
3.431544577840372E-6
3.122274390268377E-6
3.039721068337073E-6
2.760252314258299E-6
2.6961341971217883E-6
2.708632640328922E-6
2.6220687385931676E-6
2.5297491036044326E-6
2.43608599009693E-6
2.2118941699471928E-6
1.9498737766631335E-6
1.9174028930655623E-6
1.8110916740219278E-6
1.6166169281083212E-6
1.5919256595796759E-6
1.3782792615009487E-6
1.3917009737045616E-6
1.1923398408327652E-6
1.2259811691274691E-6
1.0466235753167096E-6
1.0911219119647589E-6
9.305943039813674E-7
8.485038990759062E-7
7.243293103278144E-7
7.625237727997996E-7
7.556474850360774E-7
6.931630148264739E-7
7.302416420767052E-7
6.432878046642601E-7
6.897576864555413E-7
5.971910644214951E-7
6.430562971962464E-7
5.532937055554806E-7
5.087951434561525E-7
5.319334432206157E-7
5.370166607392766E-7
4.926190119424691E-7
5.259695302806928E-7
4.639913786020562E-7
5.080721850650105E-7
4.4358342689119936E-7
4.919942510579399E-7
5.000548599966987E-7
5.354431301381714E-7
5.202804704689166E-7
5.372612395626701E-7
4.529774272431484E-7
4.3635777759950515E-7
3.522410508048873E-7
3.3610745764999746E-7
2.7000105717136687E-7
2.334050147864478E-7
1.8921246245959727E-7
1.8373575404750847E-7
1.5084723656220413E-7
1.312610912586386E-7
1.6916733955577416E-7
1.3964787277134282E-7
1.345977598013628E-7
1.0896707496382291E-7
9.413958186555287E-8
8.543890602942891E-8
3.3737911479061535E-7
5.098472735108075E-7
9.794977812894356E-7
2.133480495427673E-6
3.1979497212087442E-6
4.423839231182789E-6
5.9219283191606245E-6
7.2081813189796276E-6
8.27739803779797E-6
9.433901272809808E-6
1.0034277182459159E-5
1.1084042001939146E-5
1.116662498104757E-5
1.1237602074309246E-5
1.2890812388658125E-5
1.230780318426347E-5
1.440924099053728E-5
1.3233107685774464E-5
1.332613865972395E-5
1.2123055425789954E-5
1.2185791190934641E-5
1.165388102025052E-5
1.4043263843804066E-5
1.2461644505062495E-5
1.2206806249906649E-5
1.1455847966759096E-5
1.1284911783338788E-5
1.0445038140191052E-5
1.0442539440238272E-5
9.720139426772001E-6
9.323007543774592E-6
8.698174879984355E-6
8.907240724388827E-6
8.218919957332536E-6
8.578789220518443E-6
8.53172809971953E-6
7.947056075724722E-6
8.172057021405913E-6
7.355532576770436E-6
7.688455555098913E-6
6.813419650176071E-6
6.354069499627697E-6
8.686766601410828E-6
7.247349937041257E-6
7.626351491125478E-6
6.372191678196277E-6
5.987352258802277E-6
5.2041837954403265E-6
5.543108293160897E-6
4.577875437486024E-6
4.714955593222041E-6
4.077906914392835E-6
4.023653793115573E-6
3.6913374784601938E-6
3.6982193587822965E-6
3.54161280782033E-6
3.6100763329960066E-6
3.4973634553589114E-6
3.605209496025323E-6
3.477664971627419E-6
3.4098693593216786E-6
3.5094754072332634E-6
3.3365550584070957E-6
3.2041485132017345E-6
3.3502670923447746E-6
3.1116084321454687E-6
3.341615469507946E-6
4.504833916987324E-6
3.858710510390722E-6
3.849033964607017E-6
3.433404379684246E-6
3.845532438093387E-6
3.133052276285855E-6
3.1691036203934666E-6
2.7248702089960695E-6
2.616909929211247E-6
2.1852268431064847E-6
2.1276650291618266E-6
1.8549364528380776E-6
1.8421285743671344E-6
1.6456655464014105E-6
1.6266447721033338E-6
1.5022730948185714E-6
1.5296103098795871E-6
1.4255866087281464E-6
1.4717442981748488E-6
1.3786046822571497E-6
1.4283318008212976E-6
1.4386840272024924E-6
1.3580502272936536E-6
1.3047652152232996E-6
1.21042687188227E-6
1.1823617724601612E-6
1.109069111365589E-6
1.1583248139487575E-6
1.0821895204508594E-6
1.152437035289834E-6
1.0522373478132434E-6
1.1169152285480153E-6
1.0058376440525592E-6
1.0710313073410112E-6
9.632631455479693E-7
1.0388745545231468E-6
9.406557899356768E-7
8.905998944832206E-7
9.697675189936083E-7
8.799493272745884E-7
1.0085211561770867E-6
1.0450207493253148E-6
1.0027283977769254E-6
1.0899240954206268E-6
1.1469054811455146E-6
1.224571034019402E-6
1.2802527317964062E-6
1.3252323353572665E-6
1.3782432176559444E-6
1.3593666036539174E-6
1.3167562630259746E-6
1.2402235210657392E-6
1.1390252538704617E-6
1.0638374406263336E-6
9.339837424732539E-7
8.782283729961426E-7
7.559155068790969E-7
7.215109427456832E-7
6.172420571610224E-7
5.543549774175236E-7
4.780157143137429E-7
4.645450155056987E-7
4.4201696155970785E-7
3.9233739303249276E-7
3.9562823409965353E-7
3.870036180153834E-7
3.8853555303358896E-7
3.3854257327062684E-7
3.491043229326716E-7
2.9919611989424993E-7
3.2164094468375676E-7
2.8071133807424515E-7
3.1514529773371635E-7
3.272322102557691E-7
3.6532541590799083E-7
3.407107278494363E-7
3.9104785576455994E-7
3.5502573370365563E-7
4.1344235819410496E-7
6.407425887062703E-7
5.157715091677701E-7
5.046862786965705E-7
4.1203982496602654E-7
3.762264028491129E-7
3.2276946537999406E-7
2.980947600322126E-7
2.594116645854399E-7
2.422372633417739E-7
2.329915949036692E-7
2.2283418313074917E-7
2.317120337098252E-7
2.3223280864272146E-7
2.3621351566125638E-7
2.439694463668127E-7
2.847108421990557E-7
4.4214222486285323E-7
4.4560425187902875E-7
4.934580898303953E-7
4.935106084736117E-7
6.335628758472006E-7
6.204533832722054E-7
6.683539063254637E-7
6.458488346221842E-7
6.708173956777095E-7
6.517894738004088E-7
6.883294389505006E-7
6.751606398564656E-7
6.858530894182747E-7
8.874139904966225E-7
8.621321796608555E-7
9.021106745335942E-7
9.077971191379497E-7
9.401798421182909E-7
9.176661593619826E-7
9.55764954905523E-7
9.340712633860969E-7
9.815483320333507E-7
1.0192954514138241E-6
1.0623718689016585E-6
1.364444396549969E-6
1.2094484633325171E-6
1.3901505285089685E-6
1.1781211581177072E-6
1.158222752695556E-6
1.0559616484004305E-6
1.009899949506136E-6
9.507865675785271E-7
9.455314557463076E-7
8.530565705780816E-7
8.509642372001373E-7
7.637131513827971E-7
7.620324643501334E-7
7.22466582339873E-7
6.658040800676998E-7
6.542617618935355E-7
5.86512609225681E-7
5.458555119099988E-7
6.971895579047784E-7
5.87737354615139E-7
5.650574663140913E-7
4.948053196556395E-7
4.459103176649688E-7
4.078707321398981E-7
3.881987853015206E-7
3.721744566150929E-7
3.4205475124342435E-7
3.4654111296019257E-7
3.2883216729044134E-7
3.209199537204993E-7
3.3844296116241126E-7
3.1865349917856847E-7
3.4730521593642506E-7
3.228880683341747E-7
3.5645456839015316E-7
3.27136449055893E-7
3.627568661190819E-7
3.2881226093523283E-7
3.6484180909852907E-7
5.397766934136905E-7
4.3645381515042E-7
4.7086523431108265E-7
3.79613148144566E-7
3.7690598171847927E-7
3.270987627299912E-7
2.9114313150751363E-7
2.488095491992457E-7
2.2723222752140557E-7
2.0301579471881044E-7
1.920777885619591E-7
1.7531683174437793E-7
1.6708306080750022E-7
1.567445888953251E-7
1.4869335869755913E-7
1.7301444558414276E-7
1.69278448593024E-7
1.6237158963007285E-7
1.501481246804317E-7
1.4243820190208562E-7
1.3068119889134567E-7
1.2585779363116496E-7
1.1911009279523761E-7
1.2471668909940276E-7
1.5091761037462255E-7
1.5152447005093951E-7
1.6326417099567223E-7
1.6988059268740087E-7
1.8862863943567285E-7
1.9028356670897886E-7
1.9880485781208942E-7
1.957315796524707E-7
1.9404719054541896E-7
1.9014708147634093E-7
1.922649253718208E-7
1.8338132205840183E-7
1.8689758194251227E-7
1.750310353114711E-7
1.792800751782495E-7
1.6519380771406466E-7
1.5602369369310434E-7
1.4291057620131654E-7
1.369707519994714E-7
1.4706538749626806E-7
1.432966508873894E-7
1.441458493106256E-7
1.4059969876745147E-7
1.811641626558565E-7
2.2415108706461724E-7
3.603630057260526E-7
4.668431349250654E-7
6.887768260209854E-7
8.378957592481052E-7
1.003025256626819E-6
1.1903089059314862E-6
1.31686224694953E-6
1.5094066747827118E-6
1.5754729546076379E-6
1.6233748684026165E-6
1.79835112779336E-6
1.775594855732735E-6
1.7593074145079547E-6
2.623151491691629E-6
2.32981588009696E-6
2.470928017225192E-6
2.277779450187673E-6
2.186865516613661E-6
2.0962891115836787E-6
1.9607211445227466E-6
1.819588367497046E-6
1.6861590077482754E-6
1.534602326421775E-6
1.6420364035207094E-6
1.4718401734776268E-6
1.4324404620581654E-6
1.2819791441498868E-6
1.357036273223318E-6
1.2751466207884665E-6
1.363422024631151E-6
1.3792530881792073E-6
1.317816780249683E-6
1.377362770178071E-6
1.2778915115022362E-6
1.362426751852178E-6
1.25337275547869E-6
1.3533312435994386E-6
1.2391936717094256E-6
1.3467865589068465E-6
1.2259443552398717E-6
1.3349550192267252E-6
1.206222728152796E-6
1.3121786724199823E-6
1.1762159609740764E-6
1.2763392995828422E-6
1.135320522081609E-6
1.2282002669829896E-6
1.0850801754239783E-6
9.983169598532428E-7
8.781863930494388E-7
7.531221836704989E-7
1.4394919598701007E-6
1.1932364331904598E-6
1.1578610270667972E-6
9.115593940897194E-7
8.044972421026182E-7
7.349193724286201E-7
6.411177581291201E-7
5.664361128122796E-7
5.360455314839156E-7
5.541615835994191E-7
5.351508870731358E-7
5.152368140135947E-7
5.275442014644277E-7
5.26187906742636E-7
5.511079296587139E-7
5.565588913485653E-7
5.766508071811886E-7
5.81161245577783E-7
6.314731876952713E-7
6.012994199891292E-7
6.138796183458766E-7
5.854057957778823E-7
5.686659941137036E-7
5.476452153268124E-7
5.204609238593127E-7
5.050263371392821E-7
5.413468678220663E-7
5.187719846076095E-7
4.83793977642744E-7
4.4581675225699994E-7
4.19641747805496E-7
3.86923463583615E-7
3.708357162944969E-7
3.5237451289446026E-7
3.416805277381512E-7
3.39645765141584E-7
3.284794892874111E-7
3.2293750427979177E-7
3.063764607514052E-7
2.9069444994812327E-7
2.780818533062159E-7
2.595222235031244E-7
2.5027265695637397E-7
2.398767686951552E-7
2.316210563730239E-7
2.2280902681039854E-7
2.5696371594525046E-7
2.2012245222398978E-7
2.0755099987985076E-7
1.8397577158090284E-7
1.8089326270224593E-7
1.5796311217509903E-7
1.5070370157448562E-7
1.338836270251297E-7
1.3146979287680495E-7
1.1634543411270017E-7
1.0969294653519201E-7
1.015079217171647E-7
1.1313546890592421E-7
1.2337071770698114E-7
1.4960954589015393E-7
1.808494233200689E-7
2.17589139632037E-7
2.616588374099011E-7
3.114516280437159E-7
3.4044551117390643E-7
3.889288125503354E-7
4.0767771322657107E-7
4.5302939320534873E-7
4.575942543088729E-7
4.669705910428859E-7
5.019922991031689E-7
4.880310563904981E-7
5.309509539991425E-7
5.026174623120453E-7
5.47840146864873E-7
5.096306474004145E-7
4.894898965885092E-7
6.138305625699691E-7
5.834072598841295E-7
5.641867718396595E-7
5.45297379518921E-7
4.954812807399531E-7
4.898602026373857E-7
4.787467339792749E-7
4.784537068403467E-7
4.584322218855761E-7
4.6793477652085337E-7
4.425483279582171E-7
4.612257854979676E-7
4.7417288742579225E-7
4.909610322735378E-7
4.755462280100596E-7
4.925015020617873E-7
4.6335366523628507E-7
4.798024174607054E-7
4.434236936892987E-7
4.172373512822275E-7
4.296425698239178E-7
4.332140504304427E-7
4.4821043272351664E-7
4.5229936969496505E-7
4.2082104185471193E-7
4.2547877674520977E-7
3.7940971069343563E-7
3.847378198579618E-7
3.364652945787385E-7
3.435158244799042E-7
3.337901990881778E-7
3.3275899355969933E-7
3.695997257470943E-7
3.2902131143021397E-7
2.99680090457766E-7
2.5974893520528276E-7
2.1957052396165344E-7
1.8586313526787665E-7
1.558466977360456E-7
1.4035049257103551E-7
1.1988548795068605E-7
1.1240733195069044E-7
9.688788769006152E-8
8.564053547197532E-8
7.51240460892511E-8
6.70842220983707E-8
7.365914564311157E-8
7.806439125599809E-8
8.890719578722814E-8
9.873668167990428E-8
1.1105994426599205E-7
1.1253112975379898E-7
1.1348074213096216E-7
1.1266154804493458E-7
1.1031413590092238E-7
1.0791998713311343E-7
1.4879982896863204E-7
1.5899831407816984E-7
1.7168436101014441E-7
1.6648862194734743E-7
1.8140366809842471E-7
1.860765671518095E-7
2.0330352055497677E-7
2.1522941496497953E-7
3.1132685934404616E-7
2.776468712848109E-7
2.873769689566518E-7
2.7574134124210134E-7
2.698042843740347E-7
2.727162228701345E-7
2.621026215955418E-7
2.719610734931325E-7
2.576392308463843E-7
2.4986973076404434E-7
2.3482831502827716E-7
2.4727123838393077E-7
2.3126301118124807E-7
2.489411698319395E-7
2.2902228140620453E-7
2.475470991428225E-7
2.2486190489957743E-7
2.4368529956934937E-7
2.1962757158083137E-7
2.3881618482602594E-7
2.1425099511587343E-7
2.3357839426583198E-7
3.4278119301646875E-7
2.81547442413049E-7
2.665901860710617E-7
2.2154203796312174E-7
2.2400837447719031E-7
1.872887767725656E-7
1.713742446358974E-7
1.4539132793252396E-7
1.2935668845105359E-7
1.1866090405607283E-7
1.0813215705849172E-7
1.0653128416324918E-7
1.003317349307071E-7
9.65972625605511E-8
1.312883142350823E-7
1.2482356622198586E-7
1.3399934275632305E-7
1.282734067891462E-7
1.2787805944427842E-7
1.2326720351312018E-7
1.4203094061930616E-7
1.6681715482067326E-7
1.6536216712253874E-7
1.8921589751559493E-7
1.8377087646446063E-7
1.8173618148131244E-7
1.8482525891966766E-7
1.7748264158435E-7
1.776890678935153E-7
1.692351192065162E-7
1.6767581255972496E-7
1.708214831022547E-7
1.6780500312706029E-7
1.5981920603210754E-7
1.514413994360626E-7
1.5936334036891587E-7
1.5183873324794753E-7
1.4398664584840844E-7
1.3237742710305337E-7
1.2544933924677592E-7
1.1759052743285795E-7
1.1052564763694506E-7
1.5418182566061253E-7
1.4392195981241886E-7
1.491796733722191E-7
1.413572810188393E-7
1.4716600777445952E-7
1.4666402313845428E-7
1.7999986529704618E-7
1.9661497325750776E-7
2.2413335651304834E-7
2.412312291135286E-7
3.2139976239609435E-7
3.3312776879864134E-7
4.3201883731888465E-7
4.252028653599627E-7
5.292165271326476E-7
8.263847199418901E-7
7.492672471857545E-7
7.9592966722459E-7
6.980287716221884E-7
7.014473389571434E-7
6.17773225620685E-7
5.778594773034679E-7
5.155626341319863E-7
4.5964119093114955E-7
4.4036743375769694E-7
4.3746780509676413E-7
4.2136608591815365E-7
4.229070237682287E-7
3.8542689688838964E-7
3.8982798241463923E-7
3.509386708952952E-7
3.667757403977129E-7
3.3475642024654577E-7
3.185025169385325E-7
3.456091250850658E-7
3.200878495437647E-7
3.061429512434743E-7
3.4762087462711903E-7
5.347130006967599E-7
4.616423006488669E-7
4.575088070792688E-7
4.1459440238577294E-7
3.753835885562698E-7
3.5603259564659884E-7
3.14070385000379E-7
3.082928352352974E-7
2.9366689489273743E-7
2.8738715146695505E-7
2.8728113477680015E-7
2.7242100509788857E-7
2.496892244929545E-7
2.3638982014192643E-7
2.067150454859614E-7
1.9841547476808317E-7
1.708353636495704E-7
1.5375311608814708E-7
1.4650952087354027E-7
1.4035356554696387E-7
1.3525407598636442E-7
1.7039340340200323E-7
1.3237081012049344E-7
1.199065527604476E-7
9.547579421587527E-8
8.199201198975864E-8
7.441388441890951E-8
6.218311185546282E-8
5.371611472961847E-8
4.858845234717374E-8
4.0838101135196776E-8
3.477081765163421E-8
3.523743938904939E-8
4.238123650383682E-8
5.078762729418148E-8
6.017556515632407E-8
7.226115269453566E-8
8.256988410105276E-8
9.874302540489457E-8
1.0832434829221139E-7
1.2551109276502645E-7
1.663737844977066E-7
1.6503821968544429E-7
1.9440279335259537E-7
1.8738646020644023E-7
1.9789316631555244E-7
2.1215412213842078E-7
2.1069845753934732E-7
2.0760587472922475E-7
2.0914863488960383E-7
2.017386229161084E-7
1.9913102629794908E-7
1.9771541971635806E-7
1.9110391244467415E-7
1.921811570154853E-7
1.8223868713192435E-7
1.8456306204913757E-7
1.7226916339203967E-7
1.6315226395209378E-7
1.650252628441153E-7
1.5166010037642937E-7
1.4098799161944174E-7
1.2706107276559938E-7
1.321238817608459E-7
1.2242034493289555E-7
1.139150766863874E-7
1.0365804418691304E-7
1.1022605277138428E-7
1.0121951800878303E-7
9.469402694799024E-8
1.039196886355408E-7
1.0487366192739503E-7
1.0159453605768812E-7
1.0888289852949219E-7
1.6112385058058123E-7
1.374304543808209E-7
1.3917228903000565E-7
1.2710031698057015E-7
1.2366054903926492E-7
1.1087744037042456E-7
1.0382630842256823E-7
1.0099418365254807E-7
9.189543816117942E-8
9.2807686211583E-8
8.348885091809831E-8
8.604149888478752E-8
7.677184587385008E-8
7.146322545763508E-8
6.256825416002879E-8
9.654171855186803E-8
7.924890856946341E-8
7.73369788703278E-8
6.461741413193897E-8
6.764184406955404E-8
5.6172854590077756E-8
5.2755882970125305E-8
4.574464010209693E-8
4.882510168539695E-8
5.32464619006387E-8
6.311618272090706E-8
7.807462096360309E-8
9.697393106030374E-8
1.1063453237297879E-7
1.2450068954457905E-7
1.479194511837698E-7
1.556974787063029E-7
1.8173878529157936E-7
1.823845815794063E-7
2.0878725318729955E-7
2.021014435433844E-7
2.2783621288289791E-7
2.4119303819730665E-7
2.597650587485079E-7
3.6420964619670735E-7
3.050067505544087E-7
3.017910704180887E-7
2.651259084470137E-7
2.513846233866115E-7
2.187882176424835E-7
2.0194461587910392E-7
1.8881331106022915E-7
1.688166521680236E-7
1.6441591175827673E-7
1.5785937580466735E-7
1.4275543754608252E-7
1.4326655054294184E-7
1.8767166261650476E-7
1.5214421861735773E-7
1.4747340881245908E-7
1.278799876007332E-7
1.1598164272229318E-7
1.0229150222778629E-7
9.268466464897592E-8
8.209528647882635E-8
9.741074176192556E-8
8.363035965497125E-8
8.337494753602533E-8
7.521810510594029E-8
7.365715536569674E-8
8.157050371207357E-8
7.5270038302105E-8
7.404252356959198E-8
7.492216995058465E-8
7.490639302461718E-8
8.012092850293097E-8
8.087873648466288E-8
8.80331505049128E-8
8.771468956527683E-8
8.890190908073243E-8
8.729340259677908E-8
8.893194958959917E-8
1.0352736532526809E-7
1.0145293682009335E-7
1.0991919822139826E-7
1.0812268923270527E-7
1.1393381288478176E-7
1.133355550215807E-7
1.1403629192762754E-7
1.1908914428797787E-7
1.287500149713996E-7
1.7350602514338828E-7
1.598165173925752E-7
1.8414234120097599E-7
1.7172021011751497E-7
1.8816069449734258E-7
1.7633076245901835E-7
1.7370975033423185E-7
1.6931821543058816E-7
1.622141497857727E-7
1.6113531923249724E-7
1.529458022985368E-7
1.531673069833309E-7
1.4402761878024542E-7
1.4514577221316255E-7
1.3508210886884255E-7
1.3711000388281186E-7
1.2644977813046217E-7
1.2944171555171896E-7
1.183923948770406E-7
1.110126265756337E-7
1.010429341243001E-7
1.0265017716100573E-7
1.0523519419925711E-7
1.0617268368017283E-7
1.0980173225900965E-7
9.895939514650991E-8
1.0193580960160292E-7
1.0003780440092151E-7
9.32900992010508E-8
9.756313243216297E-8
8.936586136796508E-8
9.732131536959091E-8
1.402577120823237E-7
1.1613647348542975E-7
1.2953601844904728E-7
1.0779693442644849E-7
1.0886024396548602E-7
9.471434598944701E-8
8.949995556454166E-8
8.182455583799273E-8
7.691595993219394E-8
7.400965383973966E-8
7.045810182158378E-8
7.13294560105386E-8
6.868018673817046E-8
7.231334207779487E-8
6.970871996398856E-8
7.515271928450465E-8
7.187563053960965E-8
7.048049571170186E-8
9.406343313428579E-8
8.532252132054401E-8
9.260518118490215E-8
8.141400869420787E-8
8.375299166717356E-8
9.105011605525381E-8
8.29120035550934E-8
7.930623439859006E-8
7.595758140005259E-8
7.4441995158918E-8
7.452927001295962E-8
7.544979844315176E-8
7.611478230985657E-8
7.817155380772842E-8
8.070014314539895E-8
8.09597592363303E-8
8.396651963865324E-8
8.237972865026114E-8
7.835388926511309E-8
7.764278672273664E-8
7.233104663065647E-8
7.184573479006503E-8
6.870019875739835E-8
6.516348983732289E-8
6.087335882780826E-8
5.744823970603199E-8
5.574640102659789E-8
5.3309008157371595E-8
4.902589986861514E-8
4.986680789262494E-8
6.059122132390344E-8
5.329872187256541E-8
5.1866085657620154E-8
4.831804184858801E-8