
0.0
0.0016751707815240344
0.0016498450256188398
0.0013981651079083737
0.0011402235210546134
0.0012168036262561587
0.0011711367597000426
0.0011283825095683743
0.001070114941445962
9.924994796781089E-4
9.327666636321682E-4
8.899025698817558E-4
8.565151512057844E-4
7.735165388033391E-4
7.579830560490274E-4
7.602509930072914E-4
8.312394206330966E-4
9.53308215203471E-4
0.0011808830435982144
0.0014978042114335045
0.0019664949281305477
0.002503047941599284
0.003152749089282046
0.003902537653041844
0.00487177862413414
0.0061386693140155525
0.007854120238961506
0.00986972117753771
0.012153465688856578
0.013686429913142282
0.014946258050216548
0.015234595035514234
0.027769128854618665
0.029094406035455215
0.03400928130057674
0.03693084296783839
0.04073196084793885
0.0433936192385449
0.04449486618729447
0.04680524524631952
0.04827811944757821
0.048829613051667824
0.048773834163790136
0.048467940972603575
0.047694530920684604
0.046708649023128136
0.045526116700190425
0.043960835743008374
0.042575830488360965
0.04130242121888369
0.0397011802625294
0.03823407808092714
0.03653021516242539
0.03487097151989317
0.03329425246740178
0.03174813882601115
0.030509176853717745
0.029316942394624672
0.027944375784243716
0.026876495793559167
0.025527626785548246
0.024261440414926894
0.023195433079520853
0.02243214941910386
0.02169859777302784
0.020980554531754198
0.020037798734688778
0.018989892430410073
0.018158294925123008
0.017518307554641708
0.017088296580743064
0.016761065862087966
0.016219601320764578
0.015543509984094869
0.01502024549871726
0.014753245302222441
0.014325794961988063
0.01392803831906337
0.01949094019373703
0.0217482983468255
0.025311736117430973
0.026119440336283984
0.02875553358189026
0.028975627523525716
0.031107972936513403
0.030960247352153913
0.03259570016236288
0.03206668272310649
0.033270157428292084
0.032397784611102855
0.033239630874330635
0.032129713488836635
0.029940909804205135
0.028905423681615423
0.030278804055973448
0.0301049342421569
0.03131397608733726
0.030663104300443268
0.03132471315582635
0.030253804869707437
0.029116558771092826
0.027955975626486836
0.027438115762275395
0.029102131718516975
0.026548733840155683
0.026963934835428333
0.024340023574993194
0.024576929334539793
0.02217056858845106
0.022298884621722075
0.020107594152497618
0.018750847792365525
0.06666124216862865
0.08365986936592475
0.09087370876380402
0.10277047352540068
0.10771185974865738
0.11466952151772317
0.11681378526664567
0.11977206071461324
0.11979390200098158
0.11791306613832771
0.1169944979882388
0.11266159163187271
0.1110163307236784
0.10553254780216059
0.1033656163471782
0.09747300454496857
0.08670357122858975
0.07934789554778782
0.07155694916543369
0.06757660826747083
0.06226033979339703
0.06051011806999452
0.06094003220911458
0.05935256008939674
0.06313874015631978
0.06528111051822169
0.0706733164767554
0.06458794216776104
0.059852765960211676
0.05845373992185553
0.05946626486967154
0.059503463515129036
0.11331328009543964
0.1240651019391633
0.13622354237536616
0.15372549742249358
0.16876070962212075
0.18285096527844266
0.19017068987836822
0.19783213931934007
0.21264607851561987
0.2271405762918426
0.2389286411962918
0.24541712322575465
0.25380114721705943
0.26427556597273866
0.2797573450808533
0.2892398613416362
0.27434733339060063
0.2868894863047954
0.29425233996763817
0.3134200186402336
0.3242614213192285
0.3359717585967529
0.27858327093555635
0.2610896904855848
0.2340909733504643
0.22821189270350933
0.21044364980433006
0.20521274502300224
0.19108642590302144
0.18707917534015767
0.17429047117050456
0.1712314528428187
0.15962942695323123
0.1566557207979667
0.1457771770252935
0.13023835328181688
0.12025508860317999
0.11091639971223388
0.10342316016504709
0.09652737863675619
0.09076129755182386
0.08525083298510817
0.08028214297330007
0.07543109815179411
0.07108112637931091
0.07199524581934666
0.06839899497773588
0.06936305059213484
0.06582227696822938
0.0665319441251362
0.06297691921184186
0.06332895936122834
0.05977603389303838
0.05981920222195966
0.05629678416862512
0.056043255672332
0.05259865354375265
0.052112869920659805
0.05403331507582828
0.0478441851113136
0.048894231155825425
0.04324163766110052
0.0407326089448372
0.036545785581512336
0.033825444097652875
0.030355434929669543
0.027773077222232097
0.02502701790422248
0.022621509054089432
0.020360902533036306
0.018304966197096567
0.016417985713426456
0.01467043114002224
0.013110584241041294
0.013406244338637265
0.012260764454585344
0.01180994945645551
0.010673355551140885
0.009954382963570308
0.008930984231941323
0.008168634165869585
0.007285675972086871
0.0065786662502521475
0.0058603716815347736
0.005257084467415791
0.004683628905391315
0.0042071143382372
0.0037723934361445013
0.0034077209430932336
0.00309017305075105
0.0028166049018832494
0.0025881878391870875
0.002394922783723874
0.002223016195453527
0.002090193732783957
0.0019682326855025426
0.001877094768560765
0.0017975108318904949
0.0017223974556552315
0.0016724098455876692
0.0034681503076653504
0.010383594163643433
0.013305736715109878
0.017065637622766527
0.017371870239943778
0.02023396604464928
0.02303528890016101
0.025310045162148746
0.025294584094461968
0.026523025838382085
0.028301547734332667
0.031767382060741214
0.02987867901491082
0.03282962735663658
0.03147868371466974
0.03382510188250263
0.032302948274979024
0.0341692870740891
0.03299194115070136
0.05369257758025649
0.07284153694257281
0.09142136361543961
0.10571126360252489
0.12323090562990978
0.14176476507070307
0.13328776994183555
0.13931131614499667
0.1451577099147012
0.1562906645274792
0.18405286177075925
0.18453158213393148
0.19167128679086998
0.19710905358407826
0.20291612536225942
0.20782076458136187
0.2063366188554191
0.21329352626902537
0.2112584803893099
0.18921110631329027
0.19000015739784484
0.1941630980093449
0.19985682965106835
0.2050535233468157
0.21001024842636412
0.21037002252037618
0.22693881364137514
0.20354871437198413
0.20561579679027867
0.1944394774416064
0.18618594456451293
0.18464890401730133
0.18351550916481996
0.19294485237376005
0.21036595146403753
0.2115532790572938
0.16710011537116212
0.1674800719990439
0.16174488545558763
0.15978787284641813
0.15531215940263554
0.15077319664892402
0.17204791534547945
0.17835266650521167
0.1866609962789211
0.1887373179793928
0.20228085067288365
0.2472121531348265
0.22335706273975986
0.22991462524678125
0.20809195598423663
0.20298826967956463
0.19358883233408816
0.18220475002439043
0.18227567802537037
0.17207273786034025
0.15764659705530318
0.1521408265883991
0.144425494337497
0.13910188407918703
0.15500285013414114
0.1478841560589221
0.13620203981837356
0.1340432491839299
0.1274259406782675
0.12495901240381993
0.12009557820718947
0.11699359858066752
0.11260186933181619
0.1090580465020527
0.10540075834476927
0.10189519284625223
0.09845759990012089
0.09517744441672309
0.09213312967312881
0.08918083285238185
0.08635868426642317
0.08390527425665832
0.08098306380231012
0.07881543779952484
0.07642459888552583
0.0738574812164967
0.0720247635691361
0.06979355612294628
0.06779759915355747
0.06581403399289343
0.06404236817408497
0.06215946215788279
0.060556113587648015
0.05889846320998363
0.05869566219248575
0.05756896570061052
0.056467514515763234
0.05513944876278722
0.07111305546843624
0.06582150523423314
0.06973852664098507
0.07080477051405987
0.07079631411567082
0.06865130462332301
0.06725396034607721
0.06561072017447617
0.06388538032696389
0.062198451830992804
0.06933893885402492
0.065676749798612
0.0696608955551807
0.07209264712631483
0.06753313050527417
0.06981745407686248
0.06520583485072744
0.06178098061985608
0.05839032841825389
0.062132653331570885
0.057460687681678106
0.0591357336247265
0.05477984222709093
0.051559721987905885
0.048484887343653395
0.04588993397683936
0.04348244029457023
0.04157389013730152
0.038928741967614595
0.0369425929341021
0.03468212606987601
0.032732896717000116
0.038682818588885275
0.034847658474699325
0.033055101355386404
0.030464656505782915
0.028435882657544438
0.026523890915190643
0.024798848718022168
0.02328884914004163
0.022055260469729103
0.020775836362658732
0.01964904762655383
0.01857224288950358
0.017584904134071194
0.01672468023662089
0.02572869683070673
0.021839817230884837
0.024151115691214115
0.022331582028829042
0.026304091580264807
0.027162962878311155
0.02991268308813476
0.03395354143606827
0.03776109470985573
0.038388105865883586
0.04240203644868774
0.03924583965293889
0.038753656925117945
0.03884007760865065
0.040311025660183554
0.039194183335404385
0.040211936615509564
0.04137064304432473
0.03847514314744549
0.039010286241783786
0.0358099703557061
0.03592080469013286
0.06473263803881694
0.06745789482552088
0.07666131799648374
0.08001458730196788
0.09588297861758201
0.10247630225178685
0.10780979405954004
0.11678062412288313
0.10835379539949082
0.10784230538927483
0.11002424067209711
0.11206066699402882
0.1146525840158107
0.11704161517189181
0.1175152752886611
0.11849665834898927
0.11942661560368827
0.12022128828924201
0.12165476643125021
0.12071797674611542
0.1211632965285197
0.11916267480847065
0.11790895460037751
0.11748567858910351
0.11719001010715634
0.12441735993686595
0.13408703889709095
0.13832967754703354
0.13975235005740572
0.14176744784966228
0.1475688281481713
0.14924775923961955
0.1278853518988653
0.12864698494267995
0.11274883298277648
0.10154608626588671
0.09950755661736892
0.0923603341868916
0.0996381214128175
0.09106653569217418
0.09342268504487274
0.08496371982317634
0.08588150878245279
0.08441223911410636
0.07295405325550983
0.07482038879217424
0.06497808107624596
0.06637359766067631
0.05817438930659108
0.05384966614365662
0.05020896305364075
0.04691658286108509
0.04421957009776223
0.0416829526770271
0.03959978960425284
0.037612170302283164
0.03591989698944573
0.03437292069062185
0.03335191733505335
0.04202200466507746
0.03598781722317173
0.039122338791120856
0.03415607876687067
0.03246048828568168
0.03180204895315034
0.03297475151480086
0.03963374530937938
0.04711022138554659
0.05818711824991133
0.0665317379619376
0.07134255001376659
0.0747687145995721
0.07734759087598274
0.08023133474901074
0.08233148368752921
0.08490382572066862
0.08696131937984654
0.08895055148696368
0.09092394773113802
0.09094746129387121
0.09106786076072429
0.09205258649443701
0.1013973242809289
0.10364896244263558
0.10046814784652627
0.09447927535248342
0.0923038259673624
0.08959665495260152
0.08444946903311243
0.08294515760274862
0.08142379334145979
0.08062820475837826
0.08031997068843644
0.07882035026025597
0.07522939618398608
0.07436555455752689
0.0698074956389775
0.06824990485291005
0.06682829868946485
0.08660679986369979
0.09190078938382862
0.09666733810376832
0.09975453970547525
0.10245639096853815
0.1103608958247155
0.11328348544109924
0.12342300425255788
0.1339574817945637
0.14592285348137427
0.15400016862662835
0.16112860364208262
0.17029009648048984
0.17441102925595273
0.1741056439993863
0.16944319479475092
0.16666100164058173
0.1637405840268106
0.1625549252935147
0.1568571777068088
0.1842407255901953
0.1966138238032558
0.20617839687722975
0.21966067245543847
0.22751613264152162
0.23693478092477896
0.24088118032964193
0.23151771246981417
0.22579883325337327
0.22036781379971362
0.2141320169365646
0.2095052270893155
0.2044721247263893
0.1999239359366052
0.19626366880288412
0.1925113606969017
0.18927503342095894
0.18649583774628967
0.18332509230179467
0.18047770147324102
0.17781035002886572
0.1756083556837686
0.1732651723333921
0.17132809453488881
0.16939809413479592
0.167648350479393
0.16586510876090207
0.1642340112397267
0.16264455066642403
0.16106504521015166
0.15964454845465734
0.15830544012471418
0.15657678307923711
0.15513668028027872
0.153805563545811
0.15283896447582965
0.15127454346568667
0.15001688014865402
0.14858751366691217
0.14719700383403153
0.1476975245723966
0.14755838134845872
0.14649143204530649
0.1458230786070084
0.144645943652859
0.14358934993322825
0.14284244040948907
0.1392334522736145
0.1355278666439922
0.1345117685577666
0.13298366268816533
0.11665691465522578
0.11654257160827794
0.11018194511094845
0.10630831990782766
0.1152567050587459
0.11649392439575915
0.11990303533375078
0.10399079107317252
0.10282054326588233
0.09607218260252628
0.11254004040102612
0.11575800799791179
0.12290230149617946
0.11179231767709723
0.10195550982905162
0.10305804683363909
0.10086433705724725
0.1144068559476776
0.10556429024475648
0.10307777955417281
0.10177291574467605
0.10077022805789794
0.09902249248092615
0.09718804474925287
0.09525604833028066
0.09462434755108352
0.09179709291257299
0.09169572082500096
0.11262728505685449
0.11463286125394033
0.10208022800897325
0.10171310098326392
0.09712062082531918
0.09289018005580758
0.08766356360369239
0.08714434667246722
0.08203761160824546
0.08123799378302834
0.07680210557578714
0.07376498125870269
0.07019488961547875
0.06729793456945911
0.06407655389968347
0.06140995565295624
0.05814620835578934
0.05570085266586273
0.05273521488863712
0.05043890288102214
0.04779630482234588
0.045496742060705586
0.04312276030429268
0.04100304126513346
0.0391816330848636
0.03710340383314446
0.03534984398900872
0.03365610878443018
0.03193434886732016
0.030508949476524647
0.02896719239085782
0.02763066084411342
0.02630180675770732
0.025073323406428132
0.023973592760936836
0.02284221122024941
0.021786097172505327
0.020850195692834268
0.01993591754696471
0.01912700315370643
0.01813241070554671
0.017500230739890068
0.016687764113710958
0.016048057551435124
0.015272866945451963
0.014730678008374791
0.014112876006443729
0.013538308036619871
0.01302401425339037
0.012545412425768305
0.012124919812582036
0.011759411549104915
0.011339754614492357
0.010998097602487872
0.010651941711085886
0.010370160150585053
0.014539648031194296
0.014277485209252764
0.017489326210334572
0.0176272121359604
0.02032698924309665
0.020697261406467972
0.022860393713201917
0.023067323078037435
0.024795679911046593
0.024724904419065143
0.024511443059636505
0.024027791420872958
0.023181298658878843
0.022326953763050154
0.02106794995394434
0.020073392112084112
0.018722914054001658
0.017622831984291768
0.016207827238806188
0.015110542381420336
0.013981194878401468
0.01285756442245619
0.011965109978033395
0.010960969019302103
0.010201160228038388
0.009438079964710886
0.008673304455477879
0.008136958409532396
0.007453722417656417
0.0069364775519172705
0.0065753373449841225
0.006035716492201714
0.0057082493151043535
0.005304971773340685
0.00502081234033598
0.004742985316392017
0.004488136965932206
0.004315494103856446
0.004082924962669764
0.003968473272641318
0.0037766238100375472
0.0036665176909704274
0.00353127451472444
0.0033908427651625126
0.0032879029960953734
0.0031662691623530518
0.0030387250560480615
0.00296382073669441
0.0029497814444527297
0.002845344766165221
0.0028217345842489003
0.002719630089803678
0.002688746213697974
0.0026036625917560336
0.002537050258518778
0.0025165303260142264
0.0024417485310050586
0.002401272191588247
0.002362104755810568
0.002275328450003527
0.002293194173830981
0.0021749047752279566
0.002192584174003732
0.002179436344820734
0.0021307141092880223
0.0022168610182023967
0.002183636997607322
0.002198903696639121
0.0022178162205867546
0.0021528966748787614
0.0021381391919331892
0.002089837353710254
0.0021114907612428953
0.002076764529487151
0.002146923799520374
0.002116030510048597
0.00212091607822285
0.0021407632657251484
0.0020874009840876123
0.00212304267138779
0.002073621917486032
0.0020505207513824013
0.0020360655656597505
0.0020086110779237594
0.001976993438846464
0.0020182334496926906
0.0019744520463267135
0.0019734124209285176
0.0019903050974177153
0.0019228525725923766
0.0019610584284752855
0.0019554526151139644
0.0019307600264495987
0.0019342626664927962
0.0018929456814966838
0.0018620033871874718
0.0018820839889988619
0.0018881298228015664
0.0019006291779244543
0.0019536414674853598
0.001896075883746795
0.0019153939376662693
0.001901979249233095
0.0019017493707249556
0.001906681790390138
0.0019315816461754924
0.001877956091817733
0.0019018874862955434
0.0018589209992019636
0.0018463569519157745
0.0018162346265583427
0.0018524736578234271
0.0018314176051671305
0.0018571108896496744
0.0018792634306614433
0.0018555596020499315
0.0018281226195975388
0.0018048684320084414
0.0017597296219660922
0.0017340193942126081
0.0033375878631977133
0.0032852059183713497
0.005661525522095293
0.005804861812449294
0.006891720443187963
0.006846273084644748
0.007150745109079472
0.006828401180037176
0.006695186151745136
0.0062831463731791255
0.0060023166033847004
0.005623892084955736
0.005319725601119576
0.004984838054963797
0.004682570850121025
0.004360924178933267
0.004127125889964753
0.0038787260436581447
0.0037253294393365115
0.003505749116453588
0.0033662093329299638
0.0031603259670441573
0.003078341876023259
0.0028942187901625028
0.002791205386493169
0.0026569586230686857
0.002552155035848883
0.0024362747621058944
0.0023161583690013165
0.002261996453055174
0.0021654175657311973
0.0020685765897832152
0.0020031790679121463
0.001953160078081581
0.0018980991687924348
0.0018675666264687284
0.0018539030649914565
0.0017843010499968965
0.0017570548207543153
0.0017141419719103415
0.001636573454222531
0.0016455311294020882
0.001561566783576704
0.0015830763755531176
0.001530430284441391
0.0014993584191787246
0.0014727546826031142
0.0014292264436965494
0.0014275591287554383
0.0014291284003736888
0.0014668371640524688
0.0015177662570431492
0.0015682919507242976
0.0016075167513884096
0.0016430025584513188
0.0016614050550394163
0.0016527096540244464
0.0016655685160457576
0.0016445345686771562
0.0016248298424577593
0.0016175434359979187
0.0015876935490159699
0.0015403387704402314
0.0015238741342054297
0.001452120961725627
0.0014611219137970273
0.0013960830785325524
0.0014214363394555768
0.0013794162081418493
0.0013955023886229772
0.0013753726772485874
0.0013879781015965877
0.0013721870405858367
0.0013660297671986442
0.0013998780774891126
0.0013832696170609452
0.0014419600569146557
0.0014399967995111958
0.0014351688748299107
0.0014232152875545882
0.002649127475587473
0.0026085781641545813
0.004819363111859454
0.005186656907194464
0.006931288344373356
0.007450730243553588
0.008842608295241978
0.009818389685852356
0.019812665839025745
0.02331000824701349
0.02949669968550975
0.032796328265851625
0.045396215589782296
0.04486969089143782
0.051453478997265795
0.04896559146109846
0.050199659742435516
0.05131545339759231
0.0501050830190545
0.05198991520485316
0.04613121656788229
0.04501727652292627
0.04213542570976454
0.03862030351509447
0.036901402857704525
0.03380735049258
0.032079805241319016
0.02940729312470392
0.027620367189187974
0.02533333186739557
0.023582629671082093
0.021626713030465015
0.020016456454376042
0.018307214001466128
0.0168892792338663
0.01544893962050018
0.014202856638636433
0.013007437381710294
0.017015227350352522
0.014927148747014533
0.01732270920213499
0.015864856575690058
0.017587957870015644
0.016326244525592774
0.017533725601604638
0.01635003573462731
0.015845664041572362
0.014810661180394164
0.014029146402065856
0.012988781552261788
0.012090965104009982
0.011073278116197259
0.010168036607373308
0.009238302261760681
0.009742946100460738
0.008863962492722704
0.009406933280435414
0.008713696809185989
0.009175858821847361
0.008635811909977541
0.00826430623932125
0.0077509242343911594
0.007197977700795367
0.006665855905450296
0.0060864918439576445
0.005570450222751513
0.005415162152144676
0.00495692755344364
0.0064803294989268624
0.005874403025934025
0.006336692236753566
0.005804953455656464
0.005704392878605265
0.005289087034852722
0.004960040332548368
0.004521894429204525
0.004119421733957191
0.0036882061306116034
0.003324666472217009
0.002954540721379069
0.002656368048452827
0.00239679816054964
0.0021892970045257402
0.0020054385612716078
0.0018651705587649236
0.0017371697888180267
0.0016374810421846406
0.0015448571711971742
0.0014727586755813452
0.0013960782846524295
0.001337003531864357
0.0012765988177281641
0.0012210609189172474
0.001169066907250062
0.0011260024347171196
0.0010763137288356253
0.0010379140185102348
9.966683549740656E-4
9.668765868168219E-4
9.316803443113065E-4
9.006166019434993E-4
8.736675922234994E-4
8.461012250444958E-4
8.209126546571031E-4
8.045714542833366E-4
7.886767794427468E-4
7.748452229150386E-4
7.695291796655359E-4
7.526977316610412E-4
7.49588008869181E-4
7.40051732997346E-4
7.349806699225234E-4
7.236381564489986E-4
7.170862463493525E-4
7.029414583192232E-4
6.902147684192634E-4
6.781441153082654E-4
6.64750797334998E-4
6.565884971499518E-4
6.452722810349436E-4
6.380878243324955E-4