
0.0
1.4249124755157872E-4
1.6472533890504772E-4
1.2278850630198298E-4
1.5513267484069284E-4
0.06768773310464937
0.058745354327195576
0.07444128712814835
0.06134344971418746
0.06160018027338289
0.05051320283145745
0.04840354350265754
0.042776888508553476
0.042155304576055284
0.03909929705730045
0.0387890498887862
0.03650588590041381
0.0586297810590244
0.058016064051949534
0.060415681444534734
0.05757636191214585
0.05777835253041538
0.05486990165229534
0.054079002754468544
0.05164053532466666
0.05065925534534183
0.048537421215565806
0.047529297964095274
0.04574977657570241
0.04476910824032105
0.04324179813531943
0.042208785037250625
0.040927671939820644
0.04007532749107192
0.038898154509977065
0.035771292325689485
0.03435043782026289
0.032347723394598946
0.031209262003797582
0.02976405573381297
0.02849225343484472
0.027315262114042303
0.026060768728434734
0.025088316148445776
0.024595877582201605
0.02404220707704685
0.023223014835169663
0.021899173086920864
0.02150308478143335
0.02020115867958089
0.019957823473646868
0.01869825302580602
0.018468166798164615
0.017208693354172633
0.017001235650044803
0.01631313818863987
0.016246449742603846
0.01541832550095844
0.015239379535073674
0.014348546950348878
0.014151767715187523
0.013252691078781112
0.013062740872427356
0.012196320773701235
0.01142061158544708
0.011057451107591244
0.01088155931828943
0.010899763306574193
0.010397366910961027
0.010166286275752152
0.009568809527591473
0.009052422213117103
0.008293715815554749
0.007686773883482264
0.0069909940982537016
0.006435502525873823
0.006022082449691233
0.0056301797756710065
0.005360044847588197
0.005144808370924399
0.004882276006685161
0.004710748343477324
0.004456358469923352
0.004343084994523689
0.0041028900236247485
0.004028566241513317
0.003803434663979311
0.0037552098850590367
0.0035431984167918528
0.0035118996416017944
0.0033104821923145558
0.003289679426476003
0.0032907414745488865
0.0033485468294105016
0.0032207529671089757
0.003065566346327995
0.002861181025110674
0.002637643012711954
0.00241528704366378
0.0022676220329487535
0.0021431028670321427
0.0020578863075789108
0.0019441374709111736
0.0018265725528674199
0.001701837455229767
0.0015790965532577524
0.0014582267531128613
0.001382459737400126
0.0012934332445918059
0.0012501030530419324
0.0012139595103791761
0.0012006852231386937
0.0011598593470268633
0.0011103124029232944
0.0010926502029748088
0.0010410267295145397
0.0010354845508107715
9.775956318319992E-4
9.763691442014094E-4
9.178211880596641E-4
8.960087750890103E-4
8.323117492788636E-4
7.912060806812896E-4
7.27997775953248E-4
6.842646184774631E-4
6.278621013436793E-4
6.004791632505087E-4
5.72288017698653E-4
5.604712294243715E-4
5.302550015715789E-4
5.203396469742199E-4
4.912022415974273E-4
4.8398775030108104E-4
4.5562844187064665E-4
4.4893533558813006E-4
4.240817480163545E-4
4.1889448712834906E-4
4.086382506044117E-4
4.08266768139681E-4
3.91310668494124E-4
3.876222738329392E-4
3.6772411214728814E-4
3.627289846156427E-4
3.411776231190569E-4
3.353505707123959E-4
3.3211787469533194E-4
3.320446542682027E-4
3.282630967192382E-4
3.2655178569222174E-4
3.1554328240582875E-4
3.1042999976362435E-4
2.958484598411415E-4
2.8925252188861163E-4
2.7365771242246495E-4
2.6685624758630903E-4
2.589823572116905E-4
2.468499056682441E-4
2.400202353955908E-4
2.260317658789699E-4
2.125262743427757E-4
2.0539649222518774E-4
2.0216855219402355E-4
2.007806567133001E-4
1.9115483152079758E-4
1.8076335612822645E-4
1.6814363450714061E-4
1.6295913990681187E-4
1.5363790624027535E-4
1.5140727356987004E-4
1.4381712634130398E-4
1.4096252738313457E-4
1.332274681193782E-4
1.3130452323554815E-4
1.2869185125861628E-4
1.2924401655382738E-4
1.2736522737386688E-4
1.273646705525313E-4
1.2489445195232703E-4
1.240714389639112E-4
1.2096232321553678E-4
1.2044672185324609E-4
1.1745735401496536E-4
1.169236591333204E-4
1.1027642758064155E-4
1.0857439113875167E-4
1.0137099417649026E-4
1.0007819545221282E-4
9.342039942093373E-5
9.270024665747296E-5
8.677764453815057E-5
8.65101669722407E-5
8.150040295044149E-5
8.15441673605601E-5
7.963601579298471E-5
8.061543056416745E-5
7.865285833665759E-5
7.689116762207415E-5
7.440647399486276E-5
7.179270118374432E-5
6.973338765008745E-5
6.69759004794349E-5
6.543075026449603E-5
6.595356437366551E-5
6.579915081620585E-5
6.363166173513755E-5
6.214886914488728E-5
5.933526178553423E-5
5.8029648992522825E-5
5.5313180187781034E-5
5.438460755653953E-5
5.195052958777567E-5
5.132615215387319E-5
4.9136300003666385E-5
4.87006970948893E-5
4.667435597402083E-5
4.633705204791689E-5
4.440943814255251E-5
4.4113230944277675E-5
4.224643056996728E-5
4.196112233159044E-5
4.284921736586372E-5
4.356665831291203E-5
4.36992693885358E-5
4.490137601681381E-5
4.475266211792531E-5
4.294703988351523E-5
4.1776585267443804E-5
3.941325861743131E-5
3.783276502318867E-5
3.561523983744061E-5
3.4601662151158146E-5
3.254000561920502E-5
3.18370209258472E-5
3.0234521149028346E-5
2.9990709995658097E-5
2.8707540825406555E-5
2.8677958416675213E-5
2.7525312577132582E-5
2.756473784263575E-5
2.64432588578709E-5
2.6488979258000194E-5
2.5362222940965885E-5
2.539119949085476E-5
2.4253711588095424E-5
2.4260320217964488E-5
2.3227780715344186E-5
2.2639964806575718E-5
2.1344473432068425E-5
2.0854504544944646E-5
2.0428665807515666E-5
1.9703212307030406E-5
1.84976930718878E-5
1.732387569849709E-5
1.679081844999952E-5
1.595915913535863E-5
1.567979105654111E-5
1.4855831180028317E-5
1.4712895496540166E-5
1.3891660623605133E-5
1.38376841041833E-5
1.3812396438086696E-5
1.414082939857805E-5
1.3882370760586368E-5
1.3451132030084205E-5
1.2998499717460293E-5
1.2438653900560405E-5
1.2037201719634564E-5
1.1472462917319357E-5
1.1132189197064155E-5
1.1248898129012746E-5
1.119474868388933E-5
1.1237248256115126E-5
1.1038060870157222E-5
1.0693914932560274E-5
1.0324315033426785E-5
9.876741667028345E-6
9.560234146401173E-6
9.386789423107385E-6
8.94974616360607E-6
8.787706831645767E-6
8.310068064648768E-6
7.970679970717212E-6
7.470641792936631E-6
7.193869779788491E-6
6.794558282716001E-6
6.5954300082895286E-6
6.23560872549473E-6
6.063808344316077E-6
5.7397783885566485E-6
5.603075003049538E-6
5.310317324900596E-6
5.1994084519429035E-6
4.9298666182930165E-6
4.837178225896063E-6
4.586118572705584E-6
4.507445277930516E-6
4.2727694657649E-6
4.035391450145094E-6
3.7470225525295882E-6
3.474561048050674E-6
3.3703669862387755E-6
3.2827256278576304E-6
3.275577462737215E-6
3.156523303057229E-6
3.138390054735161E-6
3.0056017290487386E-6
2.9113890965739445E-6
2.7489426491267264E-6
2.63238047866509E-6
2.526028918430596E-6
2.4264364959506205E-6
2.278942435110863E-6
2.1542661057163197E-6
2.072044164547062E-6
1.9808386634225906E-6
1.9340213434683597E-6
1.8497052439098613E-6
1.7423284867038372E-6
1.713102748279425E-6
1.6151603588840616E-6
1.6144626850591644E-6
1.516428928728737E-6
1.4748524277561075E-6
1.3662522671152184E-6
1.2897558219648286E-6
1.1823360403027638E-6
1.1155477831610042E-6
1.0612466269446876E-6
1.0137959100534128E-6
9.85361315157878E-7
9.843514028678021E-7
9.84877346420625E-7
9.762802541205703E-7
9.78833733427443E-7
9.609941593694172E-7
9.618963117625612E-7
9.336829695686398E-7
9.303651973258867E-7
8.93906224474314E-7
8.869636822781579E-7
8.458643129014351E-7
8.381887054731647E-7
7.961814443019501E-7
7.502475298612461E-7
6.989222661421772E-7
6.727031423699994E-7
6.347396492653775E-7
5.887388504042072E-7
5.460180474353405E-7
5.041957709451533E-7
4.6711499609100545E-7
4.5092930218230953E-7
4.267508871238646E-7
3.9671534695755664E-7
3.6837977461909087E-7
3.5152056793581154E-7
3.3825791959538585E-7
3.2609701198328005E-7
3.1888917247937203E-7
3.179653841322076E-7
3.1970153884153624E-7
3.1469490614239596E-7
3.198751975427491E-7
3.1440688835639844E-7
3.051655036023737E-7
2.930992671217213E-7
2.801566415817222E-7
2.765393840018271E-7
2.656782362293013E-7
2.521638259479796E-7
2.3798624134907318E-7
2.333425183396416E-7
2.2316092395193372E-7
2.1051942333969196E-7
1.9795789128078095E-7
1.8789415448546598E-7
1.8227596139441867E-7
1.8061208050434759E-7
1.8271641585141304E-7
1.876842481535478E-7
1.8454225258994542E-7
1.894839681851442E-7
1.8391611862326682E-7
1.7950972118303696E-7
1.7058403880653217E-7
1.7017517944040164E-7
1.6227411409503292E-7
1.5466283568694332E-7
1.449600740492007E-7
1.3655184940495083E-7
1.275225236294768E-7
1.243189970912211E-7
1.2257717106954205E-7
1.239410330633059E-7
1.2452249042769855E-7
1.2699498385644443E-7
1.2477227518116763E-7
1.2141457712991252E-7
1.1658298139179746E-7
1.1243879836442045E-7
1.0656765132949434E-7
9.995277871554537E-8
9.331997049330656E-8
8.675828304732649E-8
8.059480050121511E-8
7.456893592290404E-8
6.90261358946653E-8
6.44926180141011E-8
6.035076141306858E-8
5.779960503964379E-8
5.50557622298239E-8
5.3707114375891506E-8
5.179354662447447E-8
5.11399829389809E-8
4.9685628143215834E-8
4.823925313757652E-8
4.7952774303174135E-8
4.637080148564238E-8
4.6736638308866575E-8
4.6735027463009755E-8
4.7892622400797756E-8
4.952293866270537E-8
5.149367939865821E-8
5.2021641115982047E-8
5.3825527049883835E-8
5.350833826239278E-8
5.4927960154178526E-8
5.378984712486137E-8
5.223418072246657E-8
5.267390620628962E-8
5.040183966770829E-8
5.143022895699595E-8
4.888202545702878E-8
5.013783446778533E-8
4.8118740472463754E-8
4.782180119423014E-8
4.5375380888482944E-8
4.5126207696876194E-8
4.2713577753686815E-8
4.279833279597317E-8
4.054420366113239E-8
4.09863877871694E-8
3.892498812528489E-8
3.9623744916807944E-8
3.9809890955504485E-8
3.8925424966927115E-8
3.9437878007260673E-8
3.8168301150642455E-8
3.885569524989301E-8
3.883532020558412E-8
3.993569912966352E-8
3.890656240619737E-8
3.959675563301977E-8
4.0299277417767695E-8
4.139738252491966E-8
4.157697327838208E-8
4.216340331084563E-8
4.087344681520158E-8
4.1054700509218476E-8
3.9081032585604415E-8
3.904218375877767E-8
3.684208439962887E-8
3.6746264962861694E-8
3.665363395696282E-8
3.7363816888067264E-8
3.785039523287026E-8
3.86339095335449E-8
3.562262859831902E-8
3.580781274728251E-8
3.2521026028606095E-8
3.28623944383725E-8
3.2412956460629374E-8
3.340732767362208E-8
3.07366992567293E-8
3.106496736142721E-8
2.8321882994593746E-8
2.8749930659076922E-8
2.6306716089018836E-8
2.5342718436829863E-8
2.3084320164804745E-8
2.2512999422514517E-8
2.1629449688188467E-8
2.143692932525985E-8
1.9924688204697643E-8
1.908829921385643E-8
1.8430624904376953E-8
1.8086145603306572E-8
1.7795700113266906E-8
1.742607431270417E-8
1.729325098785801E-8
1.688443081404657E-8
1.5829683237328856E-8
1.6088243298273043E-8
1.5257327309249308E-8
1.5558438808735633E-8
1.4692660864196183E-8
1.4609489437277967E-8
1.3719611272760479E-8
1.342651924245396E-8
1.2579345376254006E-8
1.2071399021637707E-8
1.127441874920832E-8
1.1082411821493944E-8
1.0773005422506727E-8
1.086265476529962E-8
1.0602501208266579E-8
1.0792846518101554E-8
1.0528899688408833E-8
1.0743214351224032E-8
1.0439937003587321E-8
1.0652229582042738E-8
1.031153723585637E-8
1.022462935132242E-8
9.767890988581283E-9
9.850140214129078E-9
9.434354971812389E-9
9.57435887841451E-9
9.167489574549448E-9
9.32913575332018E-9
8.927364945082587E-9
8.502553514885208E-9
7.965612637749175E-9
7.782500395016254E-9
7.479343880325037E-9
7.199379495523175E-9
7.129420462548297E-9
6.868970637300401E-9
6.912745189128734E-9
6.637375026252989E-9
6.728496367485601E-9
6.437925167934394E-9
6.551403035138761E-9
6.248719169451552E-9
6.3739857007608714E-9
6.434026265861324E-9
6.682842518674158E-9
6.673588718494147E-9
6.829820110280622E-9
6.582582918122823E-9
6.450447618040643E-9
6.108064388522464E-9
5.840869990697819E-9
5.473448588952814E-9
5.367456849059773E-9
5.230524557620359E-9
5.241061946018643E-9
5.047881927078779E-9
5.069993667067315E-9
4.8557957778868426E-9
4.891889042014081E-9
4.667736312463376E-9
4.711580153176568E-9
4.485180396127824E-9
4.355358259281959E-9
4.269505535115571E-9
4.147457804948702E-9
3.953960401136707E-9
3.956313637061105E-9
3.918085532203198E-9
3.982665939210246E-9
3.845014342423518E-9
3.9137966359672035E-9
3.735577443341721E-9
3.808007253730565E-9
3.6036718107696173E-9
3.6751861896176322E-9
3.4588903850374227E-9
3.529508254827653E-9
3.3102475689311755E-9
3.3805315321260768E-9
3.3997401617578762E-9
3.5380038223565065E-9
3.4948052004777543E-9
3.5903654014042773E-9
3.485900399882899E-9
3.473588607295562E-9
3.3346832325499646E-9
3.421376221258355E-9
3.194988900844952E-9
3.14928083378304E-9
2.9255565126710695E-9
2.9205106221756353E-9
2.846741121611162E-9
2.903418787755146E-9
2.7576610457474385E-9
2.788680557033436E-9
2.760015924313229E-9
2.8271600711441724E-9
2.6769267729516113E-9
2.6997220849234915E-9
2.5209240265876343E-9
2.433517548943357E-9
2.2574722116472224E-9
2.2432665571388627E-9
2.1140813789602056E-9
2.130283267134499E-9
2.016235807455906E-9
2.0460257513019146E-9
1.9368957407502076E-9
1.9672164093228506E-9
1.883250364693404E-9
1.923740459492338E-9
1.8977643761656662E-9
1.953669185056168E-9
1.9576556145001046E-9
2.01230982945791E-9
1.9416455902345063E-9
1.9658924246240275E-9
1.867751073385741E-9
1.8831446983281514E-9
1.778109867173262E-9
1.7914455553030083E-9
1.7674163065246437E-9
1.8021350930719137E-9
1.7119032316518286E-9
1.720222059257856E-9
1.6223159809537048E-9
1.6305399407993257E-9
1.536354125426688E-9
1.5468652933421178E-9
1.5390121379392465E-9
1.5736098336026559E-9
1.5096695323778926E-9
1.4843902892242108E-9
1.407083540795802E-9
1.3877527799498396E-9
1.3380810140226734E-9
1.3601235627950112E-9
1.3319243777125147E-9
1.3541969141147347E-9
1.3295341667777202E-9
1.3470577696082E-9
1.3209222419345036E-9
1.3303580804804415E-9
1.2865828201839894E-9
1.283609705621364E-9
1.2358819805969256E-9
1.2190297677960975E-9
1.166379201749175E-9
1.1473228849000158E-9
1.098844116516713E-9
1.0772738940049747E-9
1.0081849279542667E-9
9.820288230407202E-10
9.176174707117847E-10
9.001316892880971E-10
8.469866440890798E-10
8.387124157407974E-10
7.955638826349051E-10
7.940131283956126E-10
7.850359958758929E-10
7.65268942907037E-10
7.540326958513864E-10
7.268427260610222E-10
7.007219243454502E-10
6.687913949099882E-10
6.597288936847934E-10
6.491187401764697E-10
6.615034088281363E-10
6.570770386214965E-10
6.657365858017375E-10
6.702565889282718E-10
6.679624089116138E-10
6.643999095510266E-10
6.511698606797102E-10
6.479247571149534E-10
6.521694714247532E-10
6.592058379132419E-10
6.407093944304313E-10
6.378045334126724E-10
6.121217497782739E-10
5.86936967933901E-10
5.539403721755441E-10
5.474434731336853E-10
5.468876421747987E-10
5.529913951462664E-10
5.35549093785123E-10
5.140467679167945E-10
4.87267567155528E-10
4.676596152165402E-10
4.4609772099472886E-10
4.405777784544394E-10
4.257338340608837E-10
4.2365309106002693E-10
4.242898635427537E-10
4.3062637682372953E-10
4.216475624500583E-10
4.1953670760108545E-10
4.163983098146809E-10
4.053162777766417E-10
4.005580084067457E-10
3.849283431512688E-10
3.8178485974183454E-10
3.802421459616611E-10
3.6654625082335E-10
3.642242186512585E-10
3.46042313005473E-10
3.461883108410543E-10
3.267313390727734E-10
3.140209425592175E-10
2.9210721939659274E-10
2.86926900123645E-10
2.725940098233097E-10
2.7196759017843254E-10
2.665383555967201E-10
2.699055349719331E-10
2.607221303184038E-10
2.629267634615661E-10
2.523600392267818E-10
2.5380762045225415E-10
2.417679613664316E-10
2.344229548809285E-10
2.201341763443651E-10
2.1275172038001417E-10
2.0106024174401428E-10
1.992987060968153E-10
1.9025083220826177E-10
1.9032691598596474E-10
1.8163796461177683E-10
1.826649678515999E-10
1.741611266759432E-10
1.7056851659861464E-10
1.6697015688098538E-10
1.6429392915933543E-10
1.6309650327505305E-10
1.6381117880632803E-10
1.6478975110426004E-10
1.653714885582484E-10
1.6637525960305593E-10
1.7126036200609082E-10
1.66378457862225E-10
1.633397427554651E-10
1.551985893524899E-10
1.5253915333024156E-10
1.4789364289515264E-10
1.4628691654381428E-10
1.444954199650173E-10
1.3801828256189033E-10
1.3140251540464025E-10
1.2360237034740022E-10
1.2037769719965548E-10
1.1376150428337728E-10
1.0814349775990865E-10
1.0118554706785172E-10
9.623871379852132E-11
9.046785073776099E-11
8.593782021355095E-11
8.082364103287404E-11
7.667437001709576E-11
7.437876861666588E-11
7.378516172148375E-11
7.376522761106092E-11
7.191158295062086E-11
7.183214039691612E-11
6.945753121849392E-11
6.969833605628228E-11
6.700074174716284E-11
6.548352131206163E-11
6.198146263725473E-11
6.189935340736426E-11
5.901110701830528E-11
5.949578075146448E-11
5.67246817051447E-11
5.382518328325654E-11
5.012046739287678E-11
4.614142047886344E-11
4.255260399268661E-11
4.102101721121306E-11
4.029649111624732E-11
4.041244140609252E-11
3.926185023672092E-11
3.976804872294299E-11
3.8633538499856055E-11
3.946055520559338E-11
3.8245703018635175E-11
3.8871852969667734E-11
3.865639293066011E-11
3.962854974168281E-11
3.913463324804297E-11
3.855838805035083E-11
3.86864019872949E-11
3.764999841709455E-11
3.7906350103157605E-11
3.637091787244706E-11
3.51168400465712E-11
3.3105763470300826E-11
3.255002503522753E-11
3.230404100119331E-11
3.2607015047635386E-11
3.1792317466572544E-11
3.192334315298434E-11
3.078308014961473E-11
3.086309279339429E-11
2.955189420351825E-11
2.9602190808678396E-11
2.927817375468179E-11
2.962231518114131E-11
2.9424962436130566E-11
2.97194868135139E-11
2.9683120485986374E-11
2.8679830589299647E-11
2.829762503474595E-11
2.697456551028034E-11
2.6574518027134425E-11
2.5168030241873278E-11
2.4804047678446282E-11
2.4518110629083407E-11
2.465693286462847E-11
2.4686009119119557E-11
2.4983029154152773E-11
2.5018039602175657E-11
2.4640426726305215E-11
2.4208497865164424E-11
2.259497763587493E-11
2.1795407396563388E-11
2.0830246039561403E-11
1.953479331657894E-11
1.828362743795664E-11
1.7118259979731702E-11
1.6245800332250765E-11
1.5345642129914537E-11
1.4697188641514486E-11
1.4025625613905997E-11
1.3553423115642395E-11
1.319336076997936E-11
1.285847874645605E-11
1.284077871869461E-11
1.264496931451181E-11
1.2719064308614085E-11
1.2435898819221836E-11
1.2274357953683964E-11
1.197966155975775E-11
1.1986296292840086E-11
1.1707581784212181E-11
1.1698366884706083E-11
1.1361642881687394E-11
1.1335987151031691E-11
1.0948097210728402E-11
1.054529412144293E-11
9.952897010329885E-12
9.883119648356387E-12
9.457028959814872E-12
9.514406298283142E-12
9.068364235557399E-12
9.177657626619384E-12
8.706078812740394E-12
8.842846006084143E-12
8.355178694314026E-12
8.507564537800612E-12
8.013853630504324E-12
8.175808019107271E-12
7.684000403381737E-12
7.358629789176742E-12
6.76827352808265E-12
6.720852111675579E-12
6.315285442686168E-12
6.385493524380108E-12
6.023016435049507E-12
6.1441951667959525E-12
5.801340057504943E-12
5.948335632952998E-12
5.616955718983938E-12
5.775157348723778E-12
5.8609533438648134E-12
5.699953057397466E-12
5.816454816280093E-12
6.019084079023973E-12
5.744130584768051E-12
5.91954044291697E-12
6.075414412270449E-12
5.75977981875699E-12
5.89551568973418E-12
5.436656985032704E-12
5.6090322956772205E-12
5.123238341324574E-12
5.310836761409017E-12
5.316812631732575E-12
5.6370639219243786E-12
5.586902490186419E-12
5.818207987025196E-12
5.65720207239472E-12
5.715688468893351E-12
5.474618486419813E-12
5.422437004462323E-12
5.168965462271601E-12
5.010384219367486E-12
4.7307380709406465E-12
4.550584314000673E-12
4.2054855167796874E-12
4.030820035621794E-12
3.741656322153285E-12
3.6239539923889618E-12
3.3739441972967916E-12
3.2065244893810626E-12
3.0919289399226395E-12
3.0844361996622473E-12
3.0631402603084395E-12
2.969520952708759E-12
2.9340746804705975E-12
2.8181803675404637E-12
2.8023745365045064E-12
2.6854286448822447E-12
2.6908910092045414E-12
2.5808326346949594E-12
2.602901074939046E-12
2.4998316101662084E-12
2.5327975778011737E-12
2.4338647347588157E-12
2.472862637890835E-12
2.375027622729401E-12
2.416620972331389E-12
2.3228840720047065E-12
2.351320467927668E-12
2.2521783207000777E-12
2.2806154519339045E-12
2.1861737788984884E-12
2.215108975669594E-12
2.1225581674888248E-12
2.150975300035086E-12
2.058517630381092E-12
2.086058199749912E-12
1.9933514442849577E-12
2.020041440446104E-12
1.927441754674455E-12
1.8564291999868236E-12
1.7325491982880446E-12
1.6759436175123933E-12
1.5775317831734612E-12
1.5655209376044749E-12
1.4944577160873549E-12
1.5005868249182926E-12
1.4771137084926723E-12
1.5079321674749272E-12
1.4664784261252741E-12
1.4967279798961031E-12
1.5119918826090315E-12
1.5640082283910278E-12
1.595429475181603E-12
1.6420260317249135E-12
1.6454965727503022E-12
1.6666747000180082E-12
1.5902564033542272E-12
1.582086483207635E-12
1.5537855262069884E-12
1.5593636612513662E-12
1.5496340695320616E-12
1.4601860764014067E-12
1.4321210952317943E-12
1.3257559648780775E-12
1.3052511096897146E-12
1.231741368552968E-12
1.2311167986314901E-12
1.2037487284476303E-12
1.1646770970478277E-12
1.1397714583300033E-12
1.1404457884848634E-12
1.1382195312993274E-12
1.0894832513089483E-12
1.0379954101024457E-12
9.750912524075317E-13
9.67317551440592E-13
9.23875085981807E-13
9.3071390511192E-13
8.859025355032137E-13
8.980368204870391E-13
8.511715303893111E-13
8.195934186214266E-13
7.600293262465149E-13
7.646638831369261E-13
7.640975412832354E-13
7.896726233933511E-13
7.694127354778976E-13
7.788423293438592E-13
7.485261396653452E-13
7.545783315099194E-13
7.210861314112073E-13
7.266852581211865E-13
6.926937973409917E-13
6.985595445292055E-13
6.64936437051124E-13
6.580897464211448E-13
6.209420676382714E-13
5.965103277662259E-13
5.577482790832878E-13
5.504892372593491E-13
5.261846125166076E-13
5.082516311127127E-13
4.97844692461615E-13
4.826334797044907E-13
4.802539605912242E-13
4.814234684770825E-13
4.893488656848048E-13
4.775644822784112E-13
4.660897903652311E-13
4.4540614146228223E-13
4.3087739304036884E-13
4.097137183377201E-13
4.00076329719191E-13
3.785034904029614E-13
3.590314265175135E-13