
0.0,0.0,0.0,0.0,0.0,0.0,0.0,0.0,
0.0,0.0,0.0,0.0,0.0,0.0,0.0,0.0,
0.0,0.0,0.0,0.0,0.0,0.0,0.0,0.0,
0.0,0.0,0.0,0.0,0.0,0.0,0.0,0.0,
0.0,0.0,0.0,0.0,0.0,0.0,0.0,0.0,
0.0,0.0,0.0,0.0,0.0,0.0,0.0,0.0,
0.0,0.0,0.0,6.546612077340061E-5,0.0,0.0,0.0,0.0,
0.0,0.0,0.0025952183390477424,9.234249721759956E-5,0.0,0.0,0.0,0.0,
0.0,0.0,0.006000259767513711,0.0012649327585482475,0.0,0.0,0.0,0.0,
0.0,0.0,0.006609895913949778,0.003363884364517605,0.0,0.0,0.0,0.0,
0.0,0.0,0.006609895913949778,0.003443559245895389,0.0,0.0,0.0026507581209365004,0.0,
0.0,0.0,0.007787877246733235,0.00642818014238378,0.0,0.0,0.00472245147635186,0.0,
0.0,0.0,0.008123970670788716,0.006291872501267803,0.0,0.0,0.00472245147635186,0.0,
0.0,0.0,0.00844088457812247,0.005649170106293055,0.0,0.0,0.00472245147635186,0.0,
0.0,0.0,0.008897888616158806,0.006961550833072918,0.0,0.0,0.006223975347332302,0.0,
0.0,0.0,0.009729085480039933,0.007253151042879178,0.0,0.0,0.006223975347332302,0.0,
0.0,0.0,0.009693961954609155,0.007232847658851027,0.0,0.0,0.006223975347332302,0.0,
0.0,0.0,0.00980153068072923,0.007196687600297035,0.0,0.0,0.006223975347332302,8.109006448504482E-4,
0.0,0.0,0.010002389653994075,0.007086137432572498,0.0,0.0,0.006223975347332302,8.109006448504482E-4,
0.0,0.0,0.010075714507129994,0.007087686317981762,0.0,0.0,0.006223975347332302,8.109006448504482E-4,
0.0,0.0,0.009784943417233814,0.008178092812391437,0.0,0.0,0.006223975347332302,8.109006448504482E-4,
0.0,0.0,0.009327076847892414,0.007665963234767786,0.0,0.0,0.006223975347332302,8.109006448504482E-4,
0.0,0.0,0.00887136902132349,0.007665963234767786,0.0,0.0,0.006223975347332302,8.109006448504482E-4,
0.0,0.0,0.009098859347477034,0.007760693923163605,0.0,0.0,0.006223975347332302,8.109006448504482E-4,
0.0,0.0,0.00855186466731726,0.007642609578864026,0.0,0.0,0.006223975347332302,8.109006448504482E-4,
0.0,0.0,0.009466809953448632,0.007532423775976136,0.0,0.0,0.006573496775509738,8.109006448504482E-4,
0.0,0.0,0.009669556288329613,0.007396405111049871,0.0,0.0,0.006573496775509738,8.109006448504482E-4,
0.0,0.0,0.008538535371551331,0.006854132159349191,0.0,0.0,0.006573496775509738,8.109006448504482E-4,
0.0,0.0,0.008344909576321578,0.00717638941070246,0.0,0.0,0.006573496775509738,8.109006448504482E-4,
0.0,0.0,0.008107406977998746,0.0068705308716846165,0.0,0.0,0.006811422383223686,8.109006448504482E-4,
0.0,0.0,0.007604749119538279,0.00669882467948321,0.0,0.0,0.006811422383223686,8.109006448504482E-4,
0.0,0.0,0.007500325023153607,0.006755211151943601,0.0,0.0,0.006811422383223686,8.109006448504482E-4,
0.0,0.0,0.007428981100676354,0.006742890419225942,0.0,0.0,0.006811422383223686,8.109006448504482E-4,
0.0,0.0,0.007223012852531888,0.0063574504485283895,0.0,0.0,0.006811422383223686,8.109006448504482E-4,
0.0,0.0,0.007164991692872343,0.006103000093610249,0.0,0.0,0.006811422383223686,8.109006448504482E-4,
0.0,0.0,0.007164991692872343,0.006213560284993381,0.0,0.0,0.006811422383223686,8.109006448504482E-4,
0.0,0.0,0.00714958494377301,0.006093692946943311,0.0,0.0,0.006811422383223686,0.0013982193961418151,
0.0,0.0,0.007024546959745343,0.005832214155642158,0.0,0.0,0.006811422383223686,0.0013982193961418151,
0.0,0.0,0.007024546959745343,0.00568122683843637,0.0,0.0,0.006811422383223686,0.0013982193961418151,
0.0,0.0,0.006617408101907455,0.00659217681895325,0.0,0.0,0.006811422383223686,0.0013982193961418151,
0.0,0.0,0.006761580954281905,0.00723584299072374,0.0,0.0,0.006811422383223686,0.0013982193961418151,
0.0,0.0,0.006761580954281905,0.00723584299072374,0.0,0.0,0.006811422383223686,0.0013982193961418151,
0.0,0.0,0.0068166507409270745,0.00723584299072374,0.0,0.0,0.006811422383223686,0.0013982193961418151,
0.0,0.0,0.006802308250591362,0.0069567548125120905,0.0,0.0,0.006811422383223686,0.0013982193961418151,
0.0,0.0,0.006707660867154709,0.007587081543663503,0.0,0.0,0.006811422383223686,0.0013982193961418151,
0.0,0.0,0.007568552469163357,0.007437373750721684,0.0,0.0,0.008394321585383776,0.0013982193961418151,
0.0,0.0,0.008106558164637652,0.010803686505635016,0.0,0.0,0.008394321585383776,0.0013982193961418151,
0.0,0.0,0.00869424078370044,0.011045412342475875,0.0,0.0,0.008476993088954114,0.0013982193961418151,
0.0,0.0,0.008689108070161359,0.010885393611009642,0.0,0.0,0.008476993088954114,0.0013982193961418151,
0.0,0.0,0.00879747936846,0.010790710255186119,0.0,0.0,0.008476993088954114,0.0013982193961418151,
0.0,0.0,0.00888516358397178,0.010480084617815777,0.0,0.0,0.008476993088954114,0.0013982193961418151,
0.0,0.0,0.00888516358397178,0.011060506091880822,0.0,0.0,0.008476993088954114,0.0013982193961418151,
0.0,0.0,0.009944916579195244,0.013724756189079172,0.0,0.0,0.008476993088954114,0.0013982193961418151,
0.0,0.0,0.009944916579195244,0.013724756189079172,0.0,0.0,0.008476993088954114,0.0013982193961418151,
0.0,0.0,0.010454058647336787,0.014363748887857911,0.0,0.0,0.010154230766314505,0.0013982193961418151,
0.0,0.0,0.010321367771175559,0.0149139736244641,0.0,0.0,0.010154230766314505,0.0013982193961418151,
0.0,0.0,0.010321367771175559,0.01684357227884738,0.0,0.0,0.010154230766314505,0.004292124484206078,
0.0,0.0,0.010321367771175559,0.01684357227884738,0.0,0.0,0.010154230766314505,0.004292124484206078,
0.0,0.0,0.010321367771175559,0.01899637099484107,0.0,0.0,0.010154230766314505,0.004292124484206078,
0.0,0.0,0.010362277923675351,0.020561735882877737,0.0,0.0,0.010154230766314505,0.004292124484206078,
0.0,0.0,0.011967706805397766,0.021340814799194023,0.0,0.0,0.010154230766314505,0.004292124484206078,
0.0,0.0,0.012823059502948164,0.022413901649545775,0.0,0.0,0.010154230766314505,0.004292124484206078,
0.0,0.0,0.01541700652649949,0.024294933301584432,0.0,0.0,0.010154230766314505,0.004292124484206078,
0.0,0.0,0.01728583525554856,0.022902524488656775,0.0,0.0,0.010154230766314505,0.004292124484206078,
0.0,0.0,0.016498527199674977,0.022180314906715067,0.0,0.0,0.010154230766314505,0.004292124484206078,
0.0,0.0,0.016088951805534737,0.023681026487356854,0.0,0.0,0.010154230766314505,0.004292124484206078,
0.0,0.0,0.015377768639630883,0.024996307088985772,0.0,0.0,0.010154230766314505,0.004292124484206078,
0.0,0.0,0.015377768639630883,0.024996307088985772,0.0,0.0,0.010154230766314505,0.010639432673875706,
0.0,0.0,0.018327852339532356,0.03263440371417904,0.0,0.0,0.010154230766314505,0.010639432673875706,
0.0,0.0,0.020086033266645487,0.029154414335484803,0.0,0.0,0.010154230766314505,0.010639432673875706,
0.0,0.0,0.02026571333192112,0.027876141180177956,0.0,0.0,0.010154230766314505,0.010639432673875706,
0.0,0.0,0.021936876590090026,0.03142460919160963,0.0,0.0,0.010154230766314505,0.010639432673875706,
0.0,0.0,0.021740716421982532,0.03152288904306917,0.0,0.0,0.010154230766314505,0.010639432673875706,
0.0,0.0,0.02171076147457776,0.030676921597766284,0.0,0.0,0.010154230766314505,0.010639432673875706,
0.0,0.0,0.02171076147457776,0.03172526934838214,0.0,0.0,0.010154230766314505,0.010639432673875706,
0.0,0.0,0.021748636093834744,0.032741054046937924,0.0,0.0,0.010154230766314505,0.010639432673875706,
0.0,0.0,0.020946916411743094,0.03559714926962229,0.0,0.0,0.010154230766314505,0.010639432673875706,
0.0,0.0,0.022493942990644323,0.03369195667491993,0.0,0.0,0.010154230766314505,0.010639432673875706,
0.0,0.0,0.0229969753046879,0.03239730127423474,0.0,0.0,0.010154230766314505,0.010639432673875706,
0.0,0.0,0.0229969753046879,0.031210068300409993,0.0,0.0,0.010154230766314505,0.010639432673875706,
0.0,0.0,0.023635270688496288,0.0328172604821906,0.0,0.0,0.010154230766314505,0.010639432673875706,
0.0,0.0,0.023635270688496288,0.036137619216748074,0.0,0.0,0.010154230766314505,0.010639432673875706,
0.0,0.0,0.0255514209156697,0.036137619216748074,0.0,0.0,0.010154230766314505,0.010639432673875706,
0.0,0.0,0.025569069715082656,0.036907630653202586,0.0,0.0,0.010154230766314505,0.010639432673875706,
0.0,0.0,0.025569069715082656,0.036907630653202586,0.0,0.0,0.010154230766314505,0.010639432673875706,
0.0,0.0,0.02503457456211429,0.03746121541848966,0.0,0.0,0.010154230766314505,0.010639432673875706,
0.0,0.0,0.02553378152377161,0.03737545626030182,0.0,0.0,0.010154230766314505,0.010639432673875706,
0.0,0.0,0.02553378152377161,0.03737545626030182,0.0,0.0,0.010154230766314505,0.010639432673875706,
0.0,0.0,0.02553378152377161,0.03737545626030182,0.0,0.0,0.010154230766314505,0.010639432673875706,
0.0,0.0,0.028093709098363246,0.037703887993833896,0.0,0.0,0.010154230766314505,0.010639432673875706,
0.0,0.0,0.028093709098363246,0.037703887993833896,0.0,0.0,0.010154230766314505,0.010639432673875706,
0.0,0.0,0.028093709098363246,0.035680325752797754,0.0,0.0,0.010154230766314505,0.010639432673875706,
0.0,0.0,0.028093709098363246,0.035680325752797754,0.0,0.0,0.010154230766314505,0.010639432673875706,
0.0,0.0,0.028093709098363246,0.035680325752797754,0.0,0.0,0.010154230766314505,0.010639432673875706,
0.0,0.0,0.028093709098363246,0.035680325752797754,0.0,0.0,0.010154230766314505,0.010639432673875706,
0.0,0.0,0.028093709098363246,0.03732818233611752,0.0,0.0,0.010154230766314505,0.010639432673875706,
0.0,0.0,0.028093709098363246,0.0397492029363881,0.0,0.0,0.010154230766314505,0.010639432673875706,
0.0,0.0,0.028093709098363246,0.04205853886144713,0.0,0.0,0.010154230766314505,0.010639432673875706,
0.0,0.0,0.028093709098363246,0.046336876162072146,0.0,0.0,0.010154230766314505,0.010639432673875706,
0.0,0.0,0.02894798669839069,0.04423769410036073,0.0,0.0,0.010154230766314505,0.010639432673875706,
0.0,0.0,0.02894798669839069,0.04637481930023921,0.0,0.0,0.010154230766314505,0.010639432673875706,
0.0,0.0,0.02894798669839069,0.04572122316553042,0.0,0.0,0.010154230766314505,0.010639432673875706,
0.0,0.0,0.02894798669839069,0.04814839035167528,0.0,0.0,0.010154230766314505,0.010639432673875706,
0.0,0.0,0.02894798669839069,0.04814839035167528,0.0,0.0,0.010154230766314505,0.010639432673875706,
0.0,0.0,0.02894798669839069,0.04814839035167528,0.0,0.0,0.010154230766314505,0.010639432673875706,
0.0,0.0,0.02894798669839069,0.04814839035167528,0.0,0.0,0.010154230766314505,0.010639432673875706,
0.0,0.0,0.0374764489596963,0.053558595290217885,0.0,0.0,0.010154230766314505,0.010639432673875706,
0.0,0.0,0.03973968518412249,0.05439679293738537,0.0,0.0,0.010154230766314505,0.010639432673875706,
0.0,0.0,0.040069344768614935,0.050365753994442854,0.0,0.0,0.010154230766314505,0.010639432673875706,
0.0,0.0,0.04124148683222822,0.0506021481234698,0.0,0.0,0.010154230766314505,0.010639432673875706,
0.0,0.0,0.04124148683222822,0.0506021481234698,0.0,0.0,0.010154230766314505,0.010639432673875706,
0.0,0.0,0.04124148683222822,0.0506021481234698,0.0,0.0,0.010154230766314505,0.010639432673875706,
0.0,0.0,0.04124136188218796,0.05179705789091912,0.0,0.0,0.010154230766314505,0.010639432673875706,
0.0,0.0,0.04124136188218796,0.05120534109005798,0.0,0.0,0.010154230766314505,0.010639432673875706,
0.0,0.0,0.04152092927750727,0.05203087904619485,0.0,0.0,0.010154230766314505,0.010639432673875706,
0.0,0.0,0.04152092927750727,0.05203087904619485,0.0,0.0,0.010154230766314505,0.010639432673875706,
0.0,0.0,0.043485962924823644,0.05413882644242177,0.0,0.0,0.010154230766314505,0.010639432673875706,
0.0,0.0,0.043485962924823644,0.05413882644242177,0.0,0.0,0.010154230766314505,0.010639432673875706,
0.0,0.0,0.043485962924823644,0.05413882644242177,0.0,0.0,0.010154230766314505,0.010639432673875706,
0.0,0.0,0.04363424772955214,0.05544267309405962,0.0,0.0,0.010154230766314505,0.010639432673875706,
0.0,0.0,0.04331609230243316,0.05544267309405962,0.0,0.0,0.010154230766314505,0.010639432673875706,
0.0,0.0,0.04331609230243316,0.05611919576907175,0.0,0.0,0.010154230766314505,0.010639432673875706,
0.0,0.0,0.04929820604692892,0.057237038692021756,0.0,0.0,0.010154230766314505,0.010639432673875706,
0.0,0.0,0.04758226309662128,0.057599869542050194,0.0,0.0,0.010154230766314505,0.010639432673875706,
0.0,0.0,0.04758226309662128,0.05955063922258995,0.0,0.0,0.010154230766314505,0.010639432673875706,
0.0,0.0,0.04655243288887765,0.057406821526995215,0.0,0.0,0.010154230766314505,0.010639432673875706,
0.0,0.0,0.046231459180692595,0.06361242579101727,0.0,0.0,0.010154230766314505,0.010639432673875706,
0.0,0.0,0.04575737842960144,0.06479376060854405,0.0,0.0,0.010154230766314505,0.010639432673875706,
0.0,0.0,0.04795166018652257,0.06459620693177617,0.0,0.0,0.010154230766314505,0.010639432673875706,
0.0,0.0,0.04795166018652257,0.06459620693177617,0.0,0.0,0.010154230766314505,0.010639432673875706,
0.0,0.0,0.04795166018652257,0.06395904509341992,0.0,0.0,0.010154230766314505,0.010639432673875706,
0.0,0.0,0.051623336685209374,0.05793505866652507,0.0,0.0,0.010154230766314505,0.010639432673875706,
0.0,0.0,0.051623336685209374,0.05793505866652507,0.0,0.0,0.010154230766314505,0.010639432673875706,
0.0,0.0,0.050045420470723655,0.05376647008605317,0.0,0.0,0.010154230766314505,0.010639432673875706,
0.0,0.0,0.046938946719706984,0.05562579510930224,0.0,0.0,0.010154230766314505,0.010639432673875706,
0.0,0.0,0.04617024267602122,0.049739022943844184,0.0,0.0,0.010154230766314505,0.010639432673875706,
0.0,0.0,0.04470978170863442,0.04721078870640531,0.0,0.0,0.013200004233020056,0.010639432673875706,
0.0,0.0,0.04475825612931833,0.04721078870640531,0.0,0.0,0.013200004233020056,0.010639432673875706,
0.0,0.0,0.04230366029923493,0.046833302659367956,0.0,0.0,0.013200004233020056,0.010639432673875706,
0.0,0.0,0.04230366029923493,0.04647105945253929,0.0,0.0,0.013200004233020056,0.010639432673875706,
0.0,0.0,0.04176729272800502,0.045960085331263265,0.0,0.0,0.013200004233020056,0.010639432673875706,
0.0,0.0,0.04191163622220951,0.05041483866077082,0.0,0.0,0.013200004233020056,0.010639432673875706,
0.0,0.0,0.04191163622220951,0.051969967576336394,0.0,0.0,0.013200004233020056,0.010639432673875706,
0.0,0.0,0.04191163622220951,0.05344809731852359,0.0,0.0,0.013200004233020056,0.010639432673875706,
0.0,0.0,0.04191163622220951,0.050063507221891373,0.0,0.0,0.013200004233020056,0.010639432673875706,
0.0,0.0,0.041540304223868056,0.05236508138630715,0.0,0.0,0.013200004233020056,0.010639432673875706,
0.0,0.0,0.041540304223868056,0.05236508138630715,0.0,0.0,0.013200004233020056,0.010639432673875706,
0.0,0.0,0.04140217435449139,0.05376346958685541,0.0,0.0,0.013200004233020056,0.010639432673875706,
0.0,0.0,0.04140217435449139,0.05376346958685541,0.0,0.0,0.013200004233020056,0.010639432673875706,
0.0,0.0,0.04140217435449139,0.0558665495244568,0.0,0.0,0.013200004233020056,0.010639432673875706,
0.0,0.0,0.044751287059214745,0.06251021616693851,0.0,0.0,0.013200004233020056,0.010639432673875706,
0.0,0.0,0.044751287059214745,0.06251021616693851,0.0,0.0,0.013200004233020056,0.010639432673875706,
0.0,0.0,0.044430540701887386,0.06533961466068122,0.0,0.0,0.013200004233020056,0.010639432673875706,
0.0,0.0,0.044430540701887386,0.06533961466068122,0.0,0.0,0.013200004233020056,0.010639432673875706,
0.0,0.0,0.044430540701887386,0.06533961466068122,0.0,0.0,0.013200004233020056,0.010639432673875706,
0.0,0.0,0.044430540701887386,0.062462743497157996,0.0,0.0,0.013200004233020056,0.010639432673875706,
0.0,0.0,0.044430540701887386,0.06529183312603638,0.0,0.0,0.013200004233020056,0.010639432673875706,
0.0,0.0,0.044430540701887386,0.06529183312603638,0.0,0.0,0.013200004233020056,0.010639432673875706,
0.0,0.0,0.044430540701887386,0.06529183312603638,0.0,0.0,0.013200004233020056,0.010639432673875706,
0.0,0.0,0.04700530345035369,0.060373338851748545,0.0,0.0,0.013200004233020056,0.010639432673875706,
0.0,0.0,0.04660181155030605,0.06185224755408054,0.0,0.0,0.013200004233020056,0.010639432673875706,
0.0,0.0,0.04660181155030605,0.06257246364516124,0.0,0.0,0.013200004233020056,0.010639432673875706,
0.0,0.0,0.04496670726918253,0.05989397371674872,0.0,0.0,0.013200004233020056,0.010639432673875706,
0.0,0.0,0.044708755652547734,0.05924389779300976,0.0,0.0,0.013200004233020056,0.010639432673875706,
0.0,0.0,0.044708755652547734,0.057697842362143266,0.0,0.0,0.013200004233020056,0.010639432673875706,
0.0,0.0,0.044708755652547734,0.05604072262760005,0.0,0.0,0.013200004233020056,0.010639432673875706,
0.0,0.0,0.044708755652547734,0.05604072262760005,0.0,0.0,0.013200004233020056,0.010639432673875706,
0.0,0.0,0.046328311718901886,0.05226002547448344,0.0,0.0,0.013200004233020056,0.010639432673875706,
0.0,0.0,0.045571326444022967,0.05374459353643841,0.0,0.0,0.013200004233020056,0.010639432673875706,
0.0,0.0,0.04744515614804762,0.05458605923720714,0.0,0.0,0.013200004233020056,0.010639432673875706,
0.0,0.0,0.049159780320088005,0.05220056947337718,0.0,0.0,0.013200004233020056,0.010639432673875706,
0.0,0.0,0.049159780320088005,0.05220056947337718,0.0,0.0,0.013200004233020056,0.010639432673875706,
0.0,0.0,0.049666272947894094,0.05286393358361193,0.0,0.0,0.013200004233020056,0.010639432673875706,
0.0,0.0,0.049666272947894094,0.053710695202745996,0.0,0.0,0.013200004233020056,0.010639432673875706,
0.0,0.0,0.049666272947894094,0.053710695202745996,0.0,0.0,0.013200004233020056,0.010639432673875706,
0.0,0.0,0.049666272947894094,0.053710695202745996,0.0,0.0,0.013200004233020056,0.010639432673875706,
0.0,0.0,0.049666272947894094,0.053710695202745996,0.0,0.0,0.013200004233020056,0.010639432673875706,
0.0,0.0,0.049666272947894094,0.0518687082766002,0.0,0.0,0.013200004233020056,0.010639432673875706,
0.0,0.0,0.0518164421982029,0.05235425876007054,0.0,0.0,0.013200004233020056,0.010639432673875706,
0.0,0.0,0.053575758939735776,0.057647615227752344,0.0,0.0,0.013200004233020056,0.010639432673875706,
0.0,0.0,0.05576443131476591,0.05719589870368831,0.0,0.0,0.013200004233020056,0.010639432673875706,
0.0,0.0,0.05576443131476591,0.05719589870368831,0.0,0.0,0.013200004233020056,0.010639432673875706,
0.0,0.0,0.055062860877818684,0.05802455804101454,0.0,0.0,0.013200004233020056,0.010639432673875706,
0.0,0.0,0.05250600254315051,0.05802455804101454,0.0,0.0,0.013200004233020056,0.010639432673875706,
0.0,0.0,0.05250600254315051,0.05802455804101454,0.0,0.0,0.013200004233020056,0.010639432673875706,
0.0,0.0,0.05294363678798639,0.0586252527133315,0.0,0.0,0.013200004233020056,0.010639432673875706,
0.0,0.0,0.05294363678798639,0.05953177163262286,0.0,0.0,0.013200004233020056,0.010639432673875706,
0.0,0.0,0.05294363678798639,0.05953177163262286,0.0,0.0,0.013200004233020056,0.010639432673875706,
0.0,0.0,0.05294363678798639,0.05953177163262286,0.0,0.0,0.013200004233020056,0.010639432673875706,
0.0,0.0,0.05323342648377094,0.06029583026473144,0.0,0.0,0.013200004233020056,0.010639432673875706,
0.0,0.0,0.05323342648377094,0.06029583026473144,0.0,0.0,0.013200004233020056,0.010639432673875706,
0.0,0.0,0.05323342648377094,0.062449407496477226,0.0,0.0,0.013200004233020056,0.010639432673875706,
0.0,0.0,0.05323342648377094,0.06455671851252141,0.0,0.0,0.013200004233020056,0.010639432673875706,
0.0,0.0,0.053458877012297276,0.0728384361043434,0.0,0.0,0.013200004233020056,0.010639432673875706,
0.0,0.0,0.053458877012297276,0.0728384361043434,0.0,0.0,0.013200004233020056,0.010639432673875706,
0.0,0.0,0.05313509819498283,0.0703247826967351,0.0,0.0,0.013200004233020056,0.010639432673875706,
0.0,0.0,0.05406419253991917,0.06608077761648912,0.0,0.0,0.013200004233020056,0.010639432673875706,
0.0,0.0,0.05391913192834247,0.06477217655972647,0.0,0.0,0.013200004233020056,0.010639432673875706,
0.0,0.0,0.053601940267322186,0.06485134397363618,0.0,0.0,0.013200004233020056,0.010639432673875706,
0.0,0.0,0.053601940267322186,0.06485134397363618,0.0,0.0,0.013200004233020056,0.010639432673875706,
0.0,0.0,0.05101008956710296,0.060685815609840085,0.0,0.0,0.013200004233020056,0.010639432673875706,
0.0,0.0,0.05101008956710296,0.059805871183041245,0.0,0.0,0.013200004233020056,0.010639432673875706,
0.0,0.0,0.05097281971765615,0.05972966483405928,0.0,0.0,0.013200004233020056,0.010639432673875706,
0.0,0.0,0.050755158659894294,0.05364340757528244,0.0,0.0,0.013200004233020056,0.010639432673875706,
0.0,0.0,0.04954299178055793,0.055358020470010816,0.0,0.0,0.013200004233020056,0.010639432673875706,
0.0,0.0,0.0503945073589913,0.055358020470010816,0.0,0.0,0.013200004233020056,0.010639432673875706,
0.0,0.0,0.04865141211917009,0.056115517639916665,0.0,0.0,0.013200004233020056,0.010639432673875706,
0.0,0.0,0.04865141211917009,0.056554253654292654,0.0,0.0,0.013200004233020056,0.010639432673875706,
0.0,0.0,0.04726587686953292,0.0560548679606116,0.0,0.0,0.013200004233020056,0.010639432673875706,
0.0,0.0,0.04726587686953292,0.05585017895209881,0.0,0.0,0.013200004233020056,0.010639432673875706,
0.0,0.0,0.04736450359147853,0.05248646824135407,0.0,0.0,0.013200004233020056,0.010639432673875706,
0.0,0.0,0.04736450359147853,0.05248646824135407,0.0,0.0,0.013200004233020056,0.010639432673875706,
0.0,0.0,0.04546446312436515,0.053743523868076584,0.0,0.0,0.013200004233020056,0.010639432673875706,
0.0,0.0,0.04489689086531068,0.053743523868076584,0.0,0.0,0.013200004233020056,0.010639432673875706,
0.0,0.0,0.04467022354716888,0.05567063596959211,0.0,0.0,0.013200004233020056,0.010639432673875706,
0.0,0.0,0.04321097697688963,0.061007508923452365,0.0,0.0,0.013200004233020056,0.010639432673875706,
0.0,0.0,0.04321097697688963,0.061007508923452365,0.0,0.0,0.013200004233020056,0.010639432673875706,
0.0,0.0,0.04321097697688963,0.062242599299932665,0.0,0.0,0.013200004233020056,0.010639432673875706,
0.0,0.0,0.043316117695253786,0.06716056574462745,0.0,0.0,0.013200004233020056,0.010639432673875706,
0.0,0.0,0.04604900366517011,0.06750319649561783,0.0,0.0,0.013200004233020056,0.010639432673875706,
0.0,0.0,0.049577255978796045,0.06822840182710038,0.0,0.0,0.013200004233020056,0.010639432673875706,
0.0,0.0,0.049577255978796045,0.06822840182710038,0.0,0.0,0.013200004233020056,0.010639432673875706,
0.0,0.0,0.049577255978796045,0.06822840182710038,0.0,0.0,0.013200004233020056,0.010639432673875706,
0.0,0.0,0.049311763523925196,0.06930360113006966,0.0,0.0,0.013200004233020056,0.010639432673875706,
0.0,0.0,0.04770112596300164,0.06470994010261155,0.0,0.0,0.013200004233020056,0.010639432673875706,
0.0,0.0,0.049841947268942796,0.06599253365439248,0.0,0.0,0.013200004233020056,0.010639432673875706,
0.0,0.0,0.04817098261396759,0.05327144365312765,0.0,0.0,0.013200004233020056,0.010639432673875706,
0.0,0.0,0.045273201331607574,0.051059811797788776,0.0,0.0,0.013200004233020056,0.010639432673875706,
0.0,0.0,0.045273201331607574,0.051401226001362044,0.0,0.0,0.013200004233020056,0.010639432673875706,
0.0,0.0,0.0463534148853989,0.053092212994571855,0.0,0.0,0.013200004233020056,0.010639432673875706,
0.0,0.0,0.04584090024738072,0.05776987329030758,0.0,0.0,0.013200004233020056,0.010639432673875706,
0.0,0.0,0.04584090024738072,0.05776987329030758,0.0,0.0,0.013200004233020056,0.010639432673875706,
0.0,0.0,0.04584090024738072,0.05555609863420569,0.0,0.0,0.013200004233020056,0.010639432673875706,
0.0,0.0,0.04405721557159097,0.058089466969559,0.0,0.0,0.013200004233020056,0.010639432673875706,
0.0,0.0,0.042399952888863654,0.05546706577433995,0.0,0.0,0.013200004233020056,0.010639432673875706,
0.0,0.0,0.042399952888863654,0.05546706577433995,0.0,0.0,0.013200004233020056,0.010639432673875706,
0.0,0.0,0.04123696477411138,0.05577967164061093,0.0,0.0,0.013200004233020056,0.010639432673875706,
0.0,0.0,0.04135068451212461,0.056454940420761476,0.0,0.0,0.013200004233020056,0.010639432673875706,
0.0,0.0,0.04136041784248227,0.04850114997808888,0.0,0.0,0.013200004233020056,0.010639432673875706,
0.0,0.0,0.04128572529990351,0.04702446038301047,0.0,0.0,0.013200004233020056,0.010639432673875706,
0.0,0.0,0.04128572529990351,0.04701768277184143,0.0,0.0,0.013200004233020056,0.010639432673875706,
0.0,0.0,0.03678317605111085,0.04297394606887603,0.0,0.0,0.013200004233020056,0.010639432673875706,
0.0,0.0,0.03678317605111085,0.04297394606887603,0.0,0.0,0.013200004233020056,0.010639432673875706,
0.0,0.0,0.03678317605111085,0.04297394606887603,0.0,0.0,0.013200004233020056,0.010639432673875706,
0.0,0.0,0.03678317605111085,0.043408919854113534,0.0,0.0,0.013200004233020056,0.010639432673875706,
0.0,0.0,0.03678317605111085,0.043408919854113534,0.0,0.0,0.013200004233020056,0.010639432673875706,
0.0,0.0,0.03678317605111085,0.04304269312654882,0.0,0.0,0.014036072535112954,0.010639432673875706,
0.0,0.0,0.035656305367035235,0.051367580105110264,0.0,0.0,0.014036072535112954,0.010639432673875706,
0.0,0.0,0.03832917186274658,0.0519352477873235,0.0,0.0,0.014036072535112954,0.010639432673875706,
0.0,0.0,0.03832917186274658,0.04915311016679763,0.0,0.0,0.014036072535112954,0.010639432673875706,
0.0,0.0,0.03832917186274658,0.05353617351855219,0.0,0.0,0.014036072535112954,0.010639432673875706,
0.0,0.0,0.03832917186274658,0.05353617351855219,0.0,0.0,0.014036072535112954,0.010639432673875706,
0.0,0.0,0.03829831377065546,0.05735077564010188,0.0,0.0,0.014036072535112954,0.010639432673875706,
0.0,0.0,0.03829831377065546,0.054827227889202475,0.0,0.0,0.014036072535112954,0.010639432673875706,
0.0,0.0,0.03765654920056943,0.05323049016671082,0.0,0.0,0.014036072535112954,0.010639432673875706,
0.0,0.0,0.03765654920056943,0.05323049016671082,0.0,0.0,0.014036072535112954,0.010639432673875706,
0.0,0.0,0.03765654920056943,0.050904489713935484,0.0,0.0,0.014036072535112954,0.010639432673875706,
0.0,0.0,0.03990677850686212,0.05521365678612101,0.0,0.0,0.014036072535112954,0.010639432673875706,
0.0,0.0,0.03973297776358492,0.05559790003211113,0.0,0.0,0.014036072535112954,0.010639432673875706,
0.0,0.0,0.03973297776358492,0.05559790003211113,0.0,0.0,0.014036072535112954,0.010639432673875706,
0.0,0.0,0.03943944204227721,0.05743738278643993,0.0,0.0,0.014036072535112954,0.010639432673875706,
0.0,0.0,0.040781647785697685,0.057217776681159994,0.0,0.0,0.014036072535112954,0.010639432673875706,
0.0,0.0,0.04061511206551338,0.054859759603640756,0.0,0.0,0.014036072535112954,0.010639432673875706,
0.0,0.0,0.04061511206551338,0.054859759603640756,0.0,0.0,0.014036072535112954,0.010639432673875706,
0.0,0.0,0.038060398274969584,0.04690220000123799,0.0,0.0,0.014036072535112954,0.010639432673875706,
0.0,0.0,0.038060398274969584,0.04690220000123799,0.0,0.0,0.014036072535112954,0.010639432673875706,
0.0,0.0,0.038060398274969584,0.04690220000123799,0.0,0.0,0.014036072535112954,0.010639432673875706,
0.0,0.0,0.036851265309079485,0.050311932662637664,0.0,0.0,0.014036072535112954,0.010639432673875706,
0.0,0.0,0.036851265309079485,0.050311932662637664,0.0,0.0,0.014036072535112954,0.010639432673875706,
0.0,0.0,0.03702446891953307,0.04851647610762567,0.0,0.0,0.014036072535112954,0.010639432673875706,
0.0,0.0,0.03702446891953307,0.05013157826569826,0.0,0.0,0.014036072535112954,0.010639432673875706,
0.0,0.0,0.039975171696348934,0.05134837059654436,0.0,0.0,0.014036072535112954,0.010639432673875706,
0.0,0.0,0.03953809347557589,0.05291893598789735,0.0,0.0,0.014036072535112954,0.010639432673875706,
0.0,0.0,0.039212073928405054,0.050569775668151164,0.0,0.0,0.014036072535112954,0.010639432673875706,
0.0,0.0,0.037774394710899765,0.05122182618371622,0.0,0.0,0.014036072535112954,0.010639432673875706,
0.0,0.0,0.037774394710899765,0.05122182618371622,0.0,0.0,0.014036072535112954,0.010639432673875706,
0.0,0.0,0.037774394710899765,0.05122182618371622,0.0,0.0,0.014036072535112954,0.010639432673875706,
0.0,0.0,0.037774394710899765,0.05122182618371622,0.0,0.0,0.014036072535112954,0.010639432673875706,
0.0,0.0,0.037774394710899765,0.05178342788732769,0.0,0.0,0.014036072535112954,0.010639432673875706,
0.0,0.0,0.037732700311613784,0.054639667418815006,0.0,0.0,0.014036072535112954,0.010639432673875706,
0.0,0.0,0.037732700311613784,0.054639667418815006,0.0,0.0,0.014036072535112954,0.010639432673875706,
0.0,0.0,0.037732700311613784,0.054639667418815006,0.0,0.0,0.014036072535112954,0.010639432673875706,
0.0,0.0,0.037732700311613784,0.054105099742692266,0.0,0.0,0.014036072535112954,0.010639432673875706,
0.0,0.0,0.03687154721130182,0.05544186268465805,0.0,0.0,0.014036072535112954,0.010639432673875706,
0.0,0.0,0.03677841960269306,0.05713973822855426,0.0,0.0,0.014036072535112954,0.010639432673875706,
0.0,0.0,0.03677841960269306,0.057029233137424015,0.0,0.0,0.014036072535112954,0.010639432673875706,
0.0,0.0,0.036793777464153,0.06201819148210753,0.0,0.0,0.014036072535112954,0.010639432673875706,
0.0,0.0,0.036793777464153,0.06201819148210753,0.0,0.0,0.014036072535112954,0.010639432673875706,
0.0,0.0,0.036956636615853446,0.06386790638760355,0.0,0.0,0.014036072535112954,0.010639432673875706,
0.0,0.0,0.03733651613280442,0.06386790638760355,0.0,0.0,0.014036072535112954,0.010639432673875706,
0.0,0.0,0.03733651613280442,0.059124287093955064,0.0,0.0,0.014036072535112954,0.010639432673875706,
0.0,0.0,0.03733651613280442,0.06077872895552796,0.0,0.0,0.014036072535112954,0.010639432673875706,
0.0,0.0,0.03907295012552149,0.060477687428501646,0.0,0.0,0.014036072535112954,0.010639432673875706,
0.0,0.0,0.03939348737653886,0.06385883050354085,0.0,0.0,0.014036072535112954,0.010639432673875706,
0.0,0.0,0.03939348737653886,0.06385883050354085,0.0,0.0,0.014036072535112954,0.010639432673875706,
0.0,0.0,0.038905431471062624,0.06312928475276268,0.0,0.0,0.014036072535112954,0.010639432673875706,
0.0,0.0,0.038905431471062624,0.061627054720233804,0.0,0.0,0.014036072535112954,0.010639432673875706,
0.0,0.0,0.04096331731819372,0.060590000711446684,0.0,0.0,0.014036072535112954,0.010639432673875706,
0.0,0.0,0.04096331731819372,0.062386295807742596,0.0,0.0,0.014036072535112954,0.010639432673875706,
0.0,0.0,0.04046258059503362,0.06472868436007695,0.0,0.0,0.014036072535112954,0.010639432673875706,
0.0,0.0,0.04063538732520405,0.06360841018614406,0.0,0.0,0.014036072535112954,0.010639432673875706,
0.0,0.0,0.04096541018708509,0.06474920040567912,0.0,0.0,0.014036072535112954,0.010639432673875706,
0.0,0.0,0.04096541018708509,0.06592296155715424,0.0,0.0,0.014036072535112954,0.010639432673875706,
0.0,0.0,0.04096541018708509,0.06445858218233509,0.0,0.0,0.014036072535112954,0.010639432673875706,
0.0,0.0,0.042213019199971245,0.06344080734376059,0.0,0.0,0.014036072535112954,0.010639432673875706,
0.0,0.0,0.042213019199971245,0.06344080734376059,0.0,0.0,0.014036072535112954,0.010639432673875706,
0.0,0.0,0.042213019199971245,0.06344080734376059,0.0,0.0,0.014036072535112954,0.010639432673875706,
0.0,0.0,0.04237031671705624,0.06265798807893055,0.0,0.0,0.014036072535112954,0.010639432673875706,
0.0,0.0,0.04237031671705624,0.06265798807893055,0.0,0.0,0.014036072535112954,0.010639432673875706,
0.0,0.0,0.04237031671705624,0.06397887080585336,0.0,0.0,0.014036072535112954,0.010639432673875706,
0.0,0.0,0.04256096626179212,0.06957903321096036,0.0,0.0,0.014036072535112954,0.010639432673875706,
0.0,0.0,0.04256096626179212,0.06638175522196703,0.0,0.0,0.014036072535112954,0.010639432673875706,
0.0,0.0,0.042857923622615604,0.06271097037080203,0.0,0.0,0.014036072535112954,0.010639432673875706,
0.0,0.0,0.042857923622615604,0.06271097037080203,0.0,0.0,0.014036072535112954,0.010639432673875706,
0.0,0.0,0.042857923622615604,0.06271097037080203,0.0,0.0,0.014036072535112954,0.010639432673875706,
0.0,0.0,0.042857923622615604,0.06271097037080203,0.0,0.0,0.014036072535112954,0.010639432673875706,
0.0,0.0,0.04317783870865997,0.0632696640673703,0.0,0.0,0.014036072535112954,0.010639432673875706,
0.0,0.0,0.043471699034238045,0.0661958991557855,0.0,0.0,0.014036072535112954,0.010639432673875706,
0.0,0.0,0.043787493186559605,0.07383513293779409,0.0,0.0,0.014036072535112954,0.010639432673875706,
0.0,0.0,0.043787493186559605,0.07383513293779409,0.0,0.0,0.014036072535112954,0.03155594072028335,
0.0,0.0,0.043787493186559605,0.07383513293779409,0.0,0.0,0.014036072535112954,0.03155594072028335,
0.0,0.0,0.043787493186559605,0.07383513293779409,0.0,0.0,0.014036072535112954,0.03155594072028335,
0.0,0.0,0.043787493186559605,0.07736560313401324,0.0,0.0,0.014036072535112954,0.03155594072028335,
0.0,0.0,0.047195413860639024,0.07247004310670838,0.0,0.0,0.014036072535112954,0.03155594072028335,
0.0,0.0,0.047195413860639024,0.0711933949009809,0.0,0.0,0.014036072535112954,0.03155594072028335,
0.0,0.0,0.047195413860639024,0.07004706403730125,0.0,0.0,0.014036072535112954,0.03155594072028335,
0.0,0.0,0.047195413860639024,0.07040439841084115,0.0,0.0,0.014036072535112954,0.03155594072028335,
0.0,0.0,0.047195413860639024,0.07040439841084115,0.0,0.0,0.014036072535112954,0.03155594072028335,
0.0,0.0,0.047195413860639024,0.07209447232758111,0.0,0.0,0.014036072535112954,0.03155594072028335,
0.0,0.0,0.04792768432586681,0.07141568418795657,0.0,0.0,0.014036072535112954,0.03155594072028335,
0.0,0.0,0.048646494726087855,0.07168770768296491,0.0,0.0,0.014036072535112954,0.03155594072028335,
0.0,0.0,0.048646494726087855,0.07232557078290422,0.0,0.0,0.014036072535112954,0.03155594072028335,
0.0,0.0,0.048646494726087855,0.07232557078290422,0.0,0.0,0.014036072535112954,0.03155594072028335,
0.0,0.0,0.048646494726087855,0.07448939124764772,0.0,0.0,0.014036072535112954,0.03155594072028335,
0.0,0.0,0.048646494726087855,0.07448939124764772,0.0,0.0,0.014036072535112954,0.03155594072028335,
0.0,0.0,0.05176079264921217,0.072946104052344,0.0,0.0,0.014036072535112954,0.03155594072028335,
0.0,0.0,0.052269253150957755,0.07089272833939826,0.0,0.0,0.014036072535112954,0.03155594072028335,
0.0,0.0,0.051590689831978086,0.06659972401443282,0.0,0.0,0.014036072535112954,0.03155594072028335,
0.0,0.0,0.05199432300795469,0.06493349687086541,0.0,0.0,0.014036072535112954,0.03155594072028335,
0.0,0.0,0.05093175998720942,0.0626823229099748,0.0,0.0,0.014036072535112954,0.03155594072028335,
0.0,0.0,0.05093175998720942,0.0626823229099748,0.0,0.0,0.014036072535112954,0.03155594072028335,
0.0,0.0,0.05093175998720942,0.06333533743502137,0.0,0.0,0.014036072535112954,0.03155594072028335,
0.0,0.0,0.050588747652418144,0.0658285763831015,0.0,0.0,0.014036072535112954,0.03155594072028335,
0.0,0.0,0.049515424833105295,0.06697646038230996,0.0,0.0,0.014036072535112954,0.03155594072028335,
0.0,0.0,0.04912005199295587,0.07026614323964175,0.0,0.0,0.014036072535112954,0.03155594072028335,
0.0,0.0,0.051359682340365205,0.06776412186958311,0.0,0.0,0.014036072535112954,0.03155594072028335,
0.0,0.0,0.05022169484116189,0.06171467127868238,0.0,0.0,0.014036072535112954,0.03155594072028335,
0.0,0.0,0.05022169484116189,0.06171467127868238,0.0,0.0,0.014036072535112954,0.03155594072028335,
0.0,0.0,0.048104769358270065,0.05740031411464467,0.0,0.0,0.014036072535112954,0.03155594072028335,
0.0,0.0,0.045378571212364716,0.054735228237391645,0.0,0.0,0.014036072535112954,0.03155594072028335,
0.0,0.0,0.045378571212364716,0.054735228237391645,0.0,0.0,0.014036072535112954,0.03155594072028335,
0.0,0.0,0.04753429834403515,0.05467053566497672,0.0,0.0,0.014036072535112954,0.03155594072028335,
0.0,0.0,0.04645678247767389,0.05824888730707895,0.0,0.0,0.014036072535112954,0.03155594072028335,
0.0,0.0,0.045714960485635045,0.06353507378741355,0.0,0.0,0.014036072535112954,0.03155594072028335,
0.0,0.0,0.04740951722551517,0.05917924828801425,0.0,0.0,0.014036072535112954,0.03155594072028335,
0.0,0.0,0.04740951722551517,0.05917924828801425,0.0,0.0,0.014036072535112954,0.03155594072028335,
0.0,0.0,0.04740951722551517,0.05917924828801425,0.0,0.0,0.014036072535112954,0.03155594072028335,
0.0,0.0,0.045889652331702585,0.05917924828801425,0.0,0.0,0.014036072535112954,0.03155594072028335,
0.0,0.0,0.045889652331702585,0.0630815204895927,0.0,0.0,0.014036072535112954,0.03155594072028335,
0.0,0.0,0.045889652331702585,0.06309890391531656,0.0,0.0,0.014036072535112954,0.03155594072028335,
0.0,0.0,0.045889652331702585,0.06309890391531656,0.0,0.0,0.014036072535112954,0.03155594072028335,
0.0,0.0,0.044696357212097325,0.05991164998180891,0.0,0.0,0.014036072535112954,0.03155594072028335,
0.0,0.0,0.04690292426260264,0.05708799179201229,0.0,0.0,0.014036072535112954,0.03155594072028335,
0.0,0.0,0.04864220474831531,0.06234483352022274,0.0,0.0,0.014036072535112954,0.03155594072028335,
0.0,0.0,0.05033127658707329,0.0629580879023271,0.0,0.0,0.014036072535112954,0.03155594072028335,
0.0,0.0,0.04966449580322424,0.06252547157332909,0.0,0.0,0.014036072535112954,0.03155594072028335,
0.0,0.0,0.04966449580322424,0.06361077429316979,0.0,0.0,0.014036072535112954,0.03155594072028335,
0.0,0.0,0.04894526424752082,0.06442110232769137,0.0,0.0,0.014036072535112954,0.03155594072028335,
0.0,0.0,0.04894526424752082,0.06430790497157504,0.0,0.0,0.014036072535112954,0.03155594072028335,
0.0,0.0,0.04857486676217838,0.0662707335118735,0.0,0.0,0.014036072535112954,0.03155594072028335,
0.0,0.0,0.04812741004826166,0.06670541607167187,0.0,0.0,0.014036072535112954,0.03155594072028335,
0.0,0.0,0.04812741004826166,0.06431807060918265,0.0,0.0,0.014036072535112954,0.03155594072028335,
0.0,0.0,0.04812741004826166,0.06431807060918265,0.0,0.0,0.014036072535112954,0.03155594072028335,
0.0,0.0,0.047007610272648076,0.05781264725894671,0.0,0.0,0.014036072535112954,0.03155594072028335,
0.0,0.0,0.046140111150915555,0.05614369384263455,0.0,0.0,0.014036072535112954,0.03155594072028335,
0.0,0.0,0.046140111150915555,0.05573977475785942,0.0,0.0,0.014036072535112954,0.03155594072028335,
0.0,0.0,0.04625972109145701,0.05377782871682153,0.0,0.0,0.014036072535112954,0.03155594072028335,
0.0,0.0,0.04500073895099483,0.053494000678870245,0.0,0.0,0.014036072535112954,0.03155594072028335,
0.0,0.0,0.045057369237355656,0.0536283411566081,0.0,0.0,0.014036072535112954,0.03155594072028335,
0.0,0.0,0.045057369237355656,0.0536283411566081,0.0,0.0,0.014036072535112954,0.03155594072028335,
0.0,0.0,0.043977287254865244,0.05107376288687858,0.0,0.0,0.014036072535112954,0.03155594072028335,
0.0,0.0,0.043340005710483125,0.04903786659010716,0.0,0.0,0.014036072535112954,0.03155594072028335,
0.0,0.0,0.04212958352356532,0.04903786659010716,0.0,0.0,0.014036072535112954,0.03155594072028335,
0.0,0.0,0.04212958352356532,0.04945432903138385,0.0,0.0,0.014036072535112954,0.03155594072028335,
0.0,0.0,0.04212958352356532,0.050623335984877955,0.0,0.0,0.014036072535112954,0.03155594072028335,
0.0,0.0,0.04212958352356532,0.05275407124047411,0.0,0.0,0.014036072535112954,0.03155594072028335,
0.0,0.0,0.04334748585908711,0.04743469169081241,0.0,0.0,0.014036072535112954,0.03155594072028335,
0.0,0.0,0.04218294078450392,0.04743469169081241,0.0,0.0,0.014036072535112954,0.03155594072028335,
0.0,0.0,0.04404138143983435,0.049606814481049526,0.0,0.0,0.014036072535112954,0.03155594072028335,
0.0,0.0,0.04339521824445286,0.05098957505210148,0.0,0.0,0.014036072535112954,0.03155594072028335,
0.0,0.0,0.04339521824445286,0.0556984085368613,0.0,0.0,0.014036072535112954,0.03155594072028335,
0.0,0.0,0.04339521824445286,0.0567313697840141,0.0,0.0,0.014036072535112954,0.03155594072028335,
0.0,0.0,0.041646135495521944,0.05582486045454264,0.0,0.0,0.014036072535112954,0.03155594072028335,
0.0,0.0,0.04238903500184127,0.05620668046471101,0.0,0.0,0.014036072535112954,0.03155594072028335,
0.0,0.0,0.04238903500184127,0.05620668046471101,0.0,0.0,0.014036072535112954,0.03155594072028335,
0.0,0.0,0.041269462654329014,0.05879265885629005,0.0,0.0,0.014036072535112954,0.03155594072028335,
0.0,0.0,0.043448001173213305,0.059024916135095896,0.0,0.0,0.014036072535112954,0.03155594072028335,
0.0,0.0,0.043448001173213305,0.059024916135095896,0.0,0.0,0.014036072535112954,0.03155594072028335,
0.0,0.0,0.043448001173213305,0.059024916135095896,0.0,0.0,0.014036072535112954,0.03155594072028335,
0.0,0.0,0.043448001173213305,0.058458777934236594,0.0,0.0,0.014036072535112954,0.03155594072028335,
0.0,0.0,0.04343349044105584,0.059382184807928236,0.0,0.0,0.014036072535112954,0.03155594072028335,
0.0,0.0,0.04343349044105584,0.06052045833953955,0.0,0.0,0.014036072535112954,0.03155594072028335,
0.0,0.0,0.04453698264750882,0.061724954773127415,0.0,0.0,0.014036072535112954,0.03155594072028335,
0.0,0.0,0.04424269168992108,0.061724954773127415,0.0,0.0,0.014036072535112954,0.03155594072028335,
0.0,0.0,0.04424269168992108,0.06359369603434954,0.0,0.0,0.014036072535112954,0.03155594072028335,
0.0,0.0,0.04424269168992108,0.06587616661022604,0.0,0.0,0.014036072535112954,0.03155594072028335,
0.0,0.0,0.04897641176450988,0.07080267637987203,0.0,0.0,0.014036072535112954,0.03155594072028335,
0.0,0.0,0.04897641176450988,0.0713649280591735,0.0,0.0,0.014036072535112954,0.03155594072028335,
0.0,0.0,0.04897641176450988,0.0713649280591735,0.0,0.0,0.014036072535112954,0.03155594072028335,
0.0,0.0,0.04897641176450988,0.06998272881883398,0.0,0.0,0.014036072535112954,0.03155594072028335,
0.0,0.0,0.04897641176450988,0.06952648531297137,0.0,0.0,0.014036072535112954,0.03155594072028335,
0.0,0.0,0.05196434707689068,0.06881614911852045,0.0,0.0,0.014036072535112954,0.03155594072028335,
0.0,0.0,0.050159274775521796,0.06875832936938464,0.0,0.0,0.014036072535112954,0.03155594072028335,
0.0,0.0,0.050159274775521796,0.06875832936938464,0.0,0.0,0.014036072535112954,0.03155594072028335,
0.0,0.0,0.04956641945841671,0.06875832936938464,0.0,0.0,0.014036072535112954,0.03155594072028335,
0.0,0.0,0.04956641945841671,0.06875832936938464,0.0,0.0,0.014036072535112954,0.03155594072028335,
0.0,0.0,0.04956641945841671,0.06875832936938464,0.0,0.0,0.014036072535112954,0.03155594072028335,
0.0,0.0,0.04956641945841671,0.06539076907625048,0.0,0.0,0.014036072535112954,0.03155594072028335,
0.0,0.0,0.04956641945841671,0.06539076907625048,0.0,0.0,0.014036072535112954,0.03155594072028335,
0.0,0.0,0.04956641945841671,0.06663216046636217,0.0,0.0,0.014036072535112954,0.03155594072028335,
0.0,0.0,0.04956641945841671,0.06663216046636217,0.0,0.0,0.014036072535112954,0.03155594072028335,
0.0,0.0,0.04956641945841671,0.06663216046636217,0.0,0.0,0.014036072535112954,0.03155594072028335,
0.0,0.0,0.04956641945841671,0.0641097466798282,0.0,0.0,0.014036072535112954,0.03155594072028335,
0.0,0.0,0.04956641945841671,0.06525563057765942,0.0,0.0,0.014036072535112954,0.03155594072028335,
0.0,0.0,0.04889456960354549,0.06501007851443477,0.0,0.0,0.014036072535112954,0.03155594072028335,
0.0,0.0,0.05152625109363624,0.06610590407516684,0.0,0.0,0.014036072535112954,0.03155594072028335,
0.0,0.0,0.05152625109363624,0.06481343429337541,0.0,0.0,0.014036072535112954,0.03155594072028335,
0.0,0.0,0.05152625109363624,0.06481343429337541,0.0,0.0,0.014036072535112954,0.03155594072028335,
0.0,0.0,0.05066094969936441,0.06565348310729155,0.0,0.0,0.014036072535112954,0.03155594072028335,
0.0,0.0,0.05066094969936441,0.06824195252250335,0.0,0.0,0.014036072535112954,0.03155594072028335,
0.0,0.0,0.05066094969936441,0.06905749174366593,0.0,0.0,0.014036072535112954,0.03155594072028335,
0.0,0.0,0.05066094969936441,0.06905749174366593,0.0,0.0,0.014036072535112954,0.03155594072028335,
0.0,0.0,0.05066094969936441,0.0706859288773689,0.0,0.0,0.014036072535112954,0.03155594072028335,
0.0,0.0,0.05066094969936441,0.07257198564539688,0.0,0.0,0.014036072535112954,0.03155594072028335,
0.0,0.0,0.05066094969936441,0.07257198564539688,0.0,0.0,0.014036072535112954,0.03155594072028335,
0.0,0.0,0.05066094969936441,0.07257198564539688,0.0,0.0,0.014036072535112954,0.03155594072028335,
0.0,0.0,0.05066094969936441,0.07257198564539688,0.0,0.0,0.014036072535112954,0.03155594072028335,
0.0,0.0,0.05066094969936441,0.07257198564539688,0.0,0.0,0.014036072535112954,0.03155594072028335,
0.0,0.0,0.05066094969936441,0.07257198564539688,0.0,0.0,0.014036072535112954,0.03155594072028335,
0.0,0.0,0.05066094969936441,0.07257198564539688,0.0,0.0,0.014036072535112954,0.03155594072028335,
0.0,0.0,0.05036299222369425,0.07805981335950439,0.0,0.0,0.014036072535112954,0.03155594072028335,
0.0,0.0,0.05180100620489527,0.07767101067338633,0.0,0.0,0.014036072535112954,0.03155594072028335,
0.0,0.0,0.05180100620489527,0.07767101067338633,0.0,0.0,0.014036072535112954,0.03155594072028335,
0.0,0.0,0.05180100620489527,0.07767101067338633,0.0,0.0,0.014036072535112954,0.03155594072028335,
0.0,0.0,0.05180100620489527,0.07438082324406148,0.0,0.0,0.014036072535112954,0.03155594072028335,
0.0,0.0,0.05180100620489527,0.07804580501200757,0.0,0.0,0.014036072535112954,0.03155594072028335,
0.0,0.0,0.05567375849567458,0.0716176760711077,0.0,0.0,0.014036072535112954,0.03155594072028335,
0.0,0.0,0.05614906617561007,0.07237695149198523,0.0,0.0,0.014036072535112954,0.03155594072028335,
0.0,0.0,0.05614906617561007,0.07014589223820622,0.0,0.0,0.014036072535112954,0.03155594072028335,
0.0,0.0,0.05614906617561007,0.0710530617002477,0.0,0.0,0.014036072535112954,0.03155594072028335,
0.0,0.0,0.05597129660851608,0.0720667589342403,0.0,0.0,0.014036072535112954,0.03155594072028335,
0.0,0.0,0.057337287475546596,0.07245982664602013,0.0,0.0,0.014036072535112954,0.03155594072028335,
0.0,0.0,0.05783107033458525,0.06372057504660078,0.0,0.0,0.014036072535112954,0.03155594072028335,
0.0,0.0,0.05582748242289103,0.06091900051198075,0.0,0.0,0.014036072535112954,0.03155594072028335,
0.0,0.0,0.05582748242289103,0.06091900051198075,0.0,0.0,0.014036072535112954,0.03155594072028335,
0.0,0.0,0.053429098751235415,0.05997854666624731,0.0,0.0,0.014036072535112954,0.03155594072028335,
0.0,0.0,0.04907002357934073,0.05671841101089873,0.0,0.0,0.014036072535112954,0.03155594072028335,
0.0,0.0,0.04620536632022803,0.05803148811150739,0.0,0.0,0.014036072535112954,0.03155594072028335,
0.0,0.0,0.04620536632022803,0.057979846716609613,0.0,0.0,0.014036072535112954,0.03155594072028335,
0.0,0.0,0.04559302163211519,0.055063742406156184,0.0,0.0,0.014036072535112954,0.03155594072028335,
0.0,0.0,0.04548068606519978,0.05366771372586375,0.0,0.0,0.014036072535112954,0.03155594072028335,
0.0,0.0,0.0470879416915013,0.05479696146855527,0.0,0.0,0.014036072535112954,0.03155594072028335,
0.0,0.0,0.0470879416915013,0.05479696146855527,0.0,0.0,0.014036072535112954,0.03155594072028335,
0.0,0.0,0.0470879416915013,0.05479696146855527,0.0,0.0,0.014036072535112954,0.03155594072028335,
0.0,0.0,0.0470879416915013,0.05479696146855527,0.0,0.0,0.014036072535112954,0.03155594072028335,
0.0,0.0,0.049079475001058706,0.06866767015050651,0.0,0.0,0.014036072535112954,0.03155594072028335,
0.0,0.0,0.04864448788617404,0.07008230622244234,0.0,0.0,0.014036072535112954,0.03155594072028335,
0.0,0.0,0.048181984875708406,0.0657164169647482,0.0,0.0,0.014036072535112954,0.03155594072028335,
0.0,0.0,0.048181984875708406,0.06266695356287375,0.0,0.0,0.014036072535112954,0.03155594072028335,
0.0,0.0,0.048181984875708406,0.06266695356287375,0.0,0.0,0.014036072535112954,0.03155594072028335,
0.0,0.0,0.04792797065110614,0.06544916591055451,0.0,0.0,0.014036072535112954,0.03155594072028335,
0.0,0.0,0.04792797065110614,0.06544916591055451,0.0,0.0,0.014036072535112954,0.03155594072028335,
0.0,0.0,0.050892127989080535,0.06318820855557702,0.0,0.0,0.014036072535112954,0.03155594072028335,
0.0,0.0,0.050892127989080535,0.06318820855557702,0.0,0.0,0.014036072535112954,0.03155594072028335,
0.0,0.0,0.051613441545854996,0.06394973200352955,0.0,0.0,0.014036072535112954,0.03155594072028335,
0.0,0.0,0.051613441545854996,0.06394973200352955,0.0,0.0,0.014036072535112954,0.03155594072028335,
0.0,0.0,0.051613441545854996,0.06394973200352955,0.0,0.0,0.014036072535112954,0.03155594072028335,
0.0,0.0,0.05022543595146652,0.05782881193868521,0.0,0.0,0.014036072535112954,0.03155594072028335,
0.0,0.0,0.04967805918156742,0.05644370465418274,0.0,0.0,0.014036072535112954,0.03155594072028335,
0.0,0.0,0.04967805918156742,0.05644370465418274,0.0,0.0,0.014036072535112954,0.03155594072028335,
0.0,0.0,0.04967805918156742,0.05644370465418274,0.0,0.0,0.014036072535112954,0.03155594072028335,
0.0,0.0,0.04876125168775482,0.058000183327838926,0.0,0.0,0.014036072535112954,0.03155594072028335,
0.0,0.0,0.04876125168775482,0.058000183327838926,0.0,0.0,0.014036072535112954,0.03155594072028335,
0.0,0.0,0.04876125168775482,0.058000183327838926,0.0,0.0,0.014036072535112954,0.03155594072028335,
0.0,0.0,0.04876125168775482,0.058000183327838926,0.0,0.0,0.014036072535112954,0.03155594072028335,
0.0,0.0,0.0499420302060526,0.058000183327838926,0.0,0.0,0.014036072535112954,0.03155594072028335,
0.0,0.0,0.047164055089963436,0.061069786849745,0.0,0.0,0.014036072535112954,0.03155594072028335,
0.0,0.0,0.04729880766725407,0.0611876208814251,0.0,0.0,0.014036072535112954,0.03155594072028335,
0.0,0.0,0.04729880766725407,0.059919346548303505,0.0,0.0,0.014036072535112954,0.03155594072028335,
0.0,0.0,0.04742267338190201,0.059834998769332515,0.0,0.0,0.014036072535112954,0.03155594072028335,
0.0,0.0,0.048623908465657825,0.05756016059604457,0.0,0.0,0.014036072535112954,0.03155594072028335,
0.0,0.0,0.048623908465657825,0.05756016059604457,0.0,0.0,0.014036072535112954,0.03155594072028335,
0.0,0.0,0.048219352162474485,0.05783954227375032,0.0,0.0,0.014036072535112954,0.03155594072028335,
0.0,0.0,0.047344592613780795,0.05783954227375032,0.0,0.0,0.014036072535112954,0.03155594072028335,
0.0,0.0,0.04630998642967009,0.05569817834210916,0.0,0.0,0.014036072535112954,0.03155594072028335,
0.0,0.0,0.04609074423452014,0.04906216355197408,0.0,0.0,0.014036072535112954,0.03155594072028335,
0.0,0.0,0.041515059373652276,0.045334392897261905,0.0,0.0,0.014036072535112954,0.03155594072028335,
0.0,0.0,0.03947115035089661,0.04395317937871366,0.0,0.0,0.014036072535112954,0.03155594072028335,
0.0,0.0,0.038904811675509195,0.05143092897937993,0.0,0.0,0.014036072535112954,0.03155594072028335,
0.0,0.0,0.03890812102476869,0.05143092897937993,0.0,0.0,0.014036072535112954,0.03155594072028335,
0.0,0.0,0.0388873381735233,0.05353346692970865,0.0,0.0,0.014036072535112954,0.03155594072028335,
0.0,0.0,0.0388873381735233,0.05353346692970865,0.0,0.0,0.014036072535112954,0.03155594072028335,
0.0,0.0,0.0388873381735233,0.05246921184041094,0.0,0.0,0.014036072535112954,0.03155594072028335,
0.0,0.0,0.039078954059875486,0.051220210502284834,0.0,0.0,0.014036072535112954,0.03155594072028335,
0.0,0.0,0.039078954059875486,0.051220210502284834,0.0,0.0,0.014036072535112954,0.03155594072028335,
0.0,0.0,0.038104328003905306,0.05255034673700807,0.0,0.0,0.014036072535112954,0.03155594072028335,
0.0,0.0,0.038104328003905306,0.05252864454246187,0.0,0.0,0.014036072535112954,0.03155594072028335,
0.0,0.0,0.03885490234671144,0.05174428961338929,0.0,0.0,0.014036072535112954,0.03155594072028335,
0.0,0.0,0.03885490234671144,0.05174428961338929,0.0,0.0,0.014036072535112954,0.03155594072028335,
0.0,0.0,0.03885490234671144,0.05174428961338929,0.0,0.0,0.014036072535112954,0.03155594072028335,
0.0,0.0,0.0399765487094359,0.05072053874339763,0.0,0.0,0.014036072535112954,0.03155594072028335,
0.0,0.0,0.04189845530311068,0.05339128602401247,0.0,0.0,0.014036072535112954,0.03155594072028335,
0.0,0.0,0.04252051678637306,0.052457279789470915,0.0,0.0,0.014036072535112954,0.03155594072028335,
0.0,0.0,0.04268798779978023,0.052457279789470915,0.0,0.0,0.014036072535112954,0.03155594072028335,
0.0,0.0,0.04174992971008533,0.0477974253864453,0.0,0.0,0.014036072535112954,0.03155594072028335,
0.0,0.0,0.04174992971008533,0.0480148093314983,0.0,0.0,0.014036072535112954,0.03155594072028335,
0.0,0.0,0.04174992971008533,0.04866784674254233,0.0,0.0,0.014036072535112954,0.03155594072028335,
0.0,0.0,0.04174992971008533,0.04866784674254233,0.0,0.0,0.014036072535112954,0.03155594072028335,
0.0,0.0,0.04174992971008533,0.04866784674254233,0.0,0.0,0.014036072535112954,0.03155594072028335,
0.0,0.0,0.041954563571046204,0.049994700381613084,0.0,0.0,0.014036072535112954,0.03155594072028335,
0.0,0.0,0.041954563571046204,0.05112693227364352,0.0,0.0,0.014036072535112954,0.03155594072028335,
0.0,0.0,0.041954563571046204,0.05182042531053555,0.0,0.0,0.014036072535112954,0.03155594072028335,
0.0,0.0,0.04098434077854633,0.05479500946554992,0.0,0.0,0.014036072535112954,0.03155594072028335,
0.0,0.0,0.04098434077854633,0.05479500946554992,0.0,0.0,0.014036072535112954,0.03155594072028335,
0.0,0.0,0.04098434077854633,0.056045461974463695,0.0,0.0,0.014036072535112954,0.03155594072028335,
0.0,0.0,0.04098434077854633,0.059594626929993344,0.0,0.0,0.014036072535112954,0.03155594072028335,
0.0,0.0,0.04098434077854633,0.059594626929993344,0.0,0.0,0.014036072535112954,0.03155594072028335,
0.0,0.0,0.04098434077854633,0.061860875864886894,0.0,0.0,0.014036072535112954,0.03155594072028335,
0.0,0.0,0.04028556618380554,0.06630954282361542,0.0,0.0,0.014036072535112954,0.03155594072028335,
0.0,0.0,0.04027380443548814,0.063601647218751,0.0,0.0,0.014036072535112954,0.03155594072028335,
0.0,0.0,0.04027380443548814,0.06638341082462357,0.0,0.0,0.014036072535112954,0.03155594072028335,
0.0,0.0,0.04027380443548814,0.06734620181186016,0.0,0.0,0.014036072535112954,0.03155594072028335,
0.0,0.0,0.04027380443548814,0.0701741020619393,0.0,0.0,0.014036072535112954,0.03155594072028335,
0.0,0.0,0.04027380443548814,0.07103452258364028,0.0,0.0,0.014036072535112954,0.03155594072028335,
0.0,0.0,0.04080584470996547,0.062203402873420764,0.0,0.0,0.014036072535112954,0.03155594072028335,
0.0,0.0,0.042796372680295396,0.04761797876746361,0.0,0.0,0.014036072535112954,0.03155594072028335,
0.0,0.0,0.042796372680295396,0.04761797876746361,0.0,0.0,0.014036072535112954,0.03155594072028335,
0.0,0.0,0.042796372680295396,0.04761797876746361,0.0,0.0,0.014036072535112954,0.03155594072028335,
0.0,0.0,0.042304764143505404,0.046649047197942016,0.0,0.0,0.014036072535112954,0.03155594072028335,
0.0,0.0,0.042304764143505404,0.048735241689833265,0.0,0.0,0.014036072535112954,0.03155594072028335,
0.0,0.0,0.04186758334897704,0.05027067638480483,0.0,0.0,0.014036072535112954,0.03155594072028335,
0.0,0.0,0.04186758334897704,0.05253046711377708,0.0,0.0,0.014036072535112954,0.03155594072028335,
0.0,0.0,0.04149480493424884,0.05823021181879784,0.0,0.0,0.014036072535112954,0.03155594072028335,
0.0,0.0,0.04149480493424884,0.05823021181879784,0.0,0.0,0.014036072535112954,0.03155594072028335,
0.0,0.0,0.04132399716433575,0.06031733982990797,0.0,0.0,0.014036072535112954,0.03155594072028335,
0.0,0.0,0.04112261905805544,0.060115849927348995,0.0,0.0,0.014036072535112954,0.03155594072028335,
0.0,0.0,0.04111534606070595,0.05625809320623089,0.0,0.0,0.014036072535112954,0.03155594072028335,
0.0,0.0,0.04111534606070595,0.05625809320623089,0.0,0.0,0.014036072535112954,0.03155594072028335,
0.0,0.0,0.04111534606070595,0.05527436753010321,0.0,0.0,0.014036072535112954,0.03155594072028335,
0.0,0.0,0.04111534606070595,0.05527436753010321,0.0,0.0,0.014036072535112954,0.03155594072028335,
0.0,0.0,0.04111534606070595,0.05704043254100292,0.0,0.0,0.014036072535112954,0.03155594072028335,
0.0,0.0,0.04111534606070595,0.05795296453800669,0.0,0.0,0.014036072535112954,0.03155594072028335,
0.0,0.0,0.04167135866127335,0.06252663085188505,0.0,0.0,0.014036072535112954,0.03155594072028335,
0.0,0.0,0.04169864115018992,0.06234400480869613,0.0,0.0,0.014036072535112954,0.03155594072028335,
0.0,0.0,0.04169864115018992,0.06207762410457659,0.0,0.0,0.014036072535112954,0.03155594072028335,
0.0,0.0,0.04169864115018992,0.06178043020998264,0.0,0.0,0.014036072535112954,0.03155594072028335,
0.0,0.0,0.04169864115018992,0.06295096104860662,0.0,0.0,0.014036072535112954,0.03155594072028335,
0.0,0.0,0.041770990228465484,0.06030051740880806,0.0,0.0,0.014036072535112954,0.03155594072028335,
0.0,0.0,0.041770990228465484,0.06030051740880806,0.0,0.0,0.014036072535112954,0.03155594072028335,
0.0,0.0,0.041770990228465484,0.05928930278257339,0.0,0.0,0.014036072535112954,0.03155594072028335,
0.0,0.0,0.04184566253365991,0.055968624867857045,0.0,0.0,0.014036072535112954,0.03155594072028335,
0.0,0.0,0.043210816433825246,0.053767532992705175,0.0,0.0,0.014036072535112954,0.03155594072028335,
0.0,0.0,0.043210816433825246,0.053767532992705175,0.0,0.0,0.014036072535112954,0.03155594072028335,
0.0,0.0,0.043955164219749265,0.05666481110831119,0.0,0.0,0.014036072535112954,0.03155594072028335,
0.0,0.0,0.043788459324545004,0.05263408909852755,0.0,0.0,0.014036072535112954,0.03155594072028335,
0.0,0.0,0.043788459324545004,0.05265529099399456,0.0,0.0,0.014036072535112954,0.03155594072028335,
0.0,0.0,0.043788459324545004,0.052460696635183275,0.0,0.0,0.014036072535112954,0.03155594072028335,
0.0,0.0,0.04324549535555874,0.04997470312189529,0.0,0.0,0.014036072535112954,0.03155594072028335,
0.0,0.0,0.04273935580262519,0.047091046283059906,0.0,0.0,0.014036072535112954,0.03155594072028335,
0.0,0.0,0.04273935580262519,0.049523722333985165,0.0,0.0,0.014036072535112954,0.03155594072028335,
0.0,0.0,0.04273935580262519,0.049523722333985165,0.0,0.0,0.014036072535112954,0.03155594072028335,
0.0,0.0,0.04273935580262519,0.049523722333985165,0.0,0.0,0.014036072535112954,0.03155594072028335,
0.0,0.0,0.04273935580262519,0.049523722333985165,0.0,0.0,0.014036072535112954,0.03155594072028335,
0.0,0.0,0.04273935580262519,0.049457283242071465,0.0,0.0,0.014036072535112954,0.03155594072028335,
0.0,0.0,0.0416053961976374,0.049457283242071465,0.0,0.0,0.014036072535112954,0.03155594072028335,
0.0,0.0,0.0416053961976374,0.049457283242071465,0.0,0.0,0.014036072535112954,0.03155594072028335,
0.0,0.0,0.0413137404002349,0.048735956705031724,0.0,0.0,0.014036072535112954,0.03155594072028335,
0.0,0.0,0.0413137404002349,0.0501256261163976,0.0,0.0,0.014036072535112954,0.03155594072028335,
0.0,0.0,0.0413137404002349,0.05205761127683592,0.0,0.0,0.014036072535112954,0.03155594072028335,
0.0,0.0,0.04105499089679883,0.0529602327403945,0.0,0.0,0.014036072535112954,0.03155594072028335,
0.0,0.0,0.04105499089679883,0.053686454812914036,0.0,0.0,0.014036072535112954,0.03155594072028335,
0.0,0.0,0.04085652054138999,0.053686454812914036,0.0,0.0,0.014036072535112954,0.03155594072028335,
0.0,0.0,0.04085652054138999,0.053686454812914036,0.0,0.0,0.014036072535112954,0.03155594072028335,
0.0,0.0,0.04085652054138999,0.055489676814943614,0.0,0.0,0.014036072535112954,0.03155594072028335,
0.0,0.0,0.04306460362131538,0.055489676814943614,0.0,0.0,0.014036072535112954,0.03155594072028335,
0.0,0.0,0.04285045337800341,0.05591147596241602,0.0,0.0,0.014036072535112954,0.03155594072028335,
0.0,0.0,0.043807370296206107,0.05414866380178108,0.0,0.0,0.014036072535112954,0.03155594072028335,
0.0,0.0,0.048476910220227175,0.05232549339827458,0.0,0.0,0.014036072535112954,0.03155594072028335,
0.0,0.0,0.04887825197819132,0.05011924790327106,0.0,0.0,0.014036072535112954,0.03155594072028335,
0.0,0.0,0.04875912598808899,0.04766325733610312,0.0,0.0,0.014036072535112954,0.03155594072028335,
0.0,0.0,0.04840347581524201,0.049202093822207686,0.0,0.0,0.014036072535112954,0.03155594072028335,
0.0,0.0,0.048855873708823105,0.049202093822207686,0.0,0.0,0.014036072535112954,0.03155594072028335,
0.0,0.0,0.04873326764216841,0.04323283378657173,0.0,0.0,0.014036072535112954,0.03155594072028335,
0.0,0.0,0.046704663298670304,0.04323283378657173,0.0,0.0,0.014036072535112954,0.03155594072028335,
0.0,0.0,0.04652049827713576,0.04307378343519187,0.0,0.0,0.014036072535112954,0.03155594072028335,
0.0,0.0,0.04422651883889991,0.04157096936656655,0.0,0.0,0.014036072535112954,0.03155594072028335,
0.0,0.0,0.04421498787401216,0.04157096936656655,0.0,0.0,0.014036072535112954,0.03155594072028335,
0.0,0.0,0.04447790197005193,0.04157096936656655,0.0,0.0,0.014036072535112954,0.03155594072028335,
0.0,0.0,0.04991966498361011,0.044779313357810054,0.0,0.0,0.014036072535112954,0.03155594072028335,
0.0,0.0,0.04991966498361011,0.044779313357810054,0.0,0.0,0.014036072535112954,0.03155594072028335,
0.0,0.0,0.04991966498361011,0.04495322003460095,0.0,0.0,0.014036072535112954,0.03155594072028335,
0.0,0.0,0.050605461916640386,0.04681038978512414,0.0,0.0,0.014036072535112954,0.03155594072028335,
0.0,0.0,0.050605461916640386,0.04681038978512414,0.0,0.0,0.014036072535112954,0.03155594072028335,
0.0,0.0,0.04814927486056052,0.046680284876584176,0.0,0.0,0.014036072535112954,0.03155594072028335,
0.0,0.0,0.04814927486056052,0.046680284876584176,0.0,0.0,0.014036072535112954,0.03155594072028335,
0.0,0.0,0.04814927486056052,0.046680284876584176,0.0,0.0,0.014036072535112954,0.03155594072028335,
0.0,0.0,0.04814927486056052,0.046680284876584176,0.0,0.0,0.014036072535112954,0.03155594072028335,
0.0,0.0,0.04711860376057932,0.04640302807053184,0.0,0.0,0.014036072535112954,0.03155594072028335,
0.0,0.0,0.04711860376057932,0.04824318528301435,0.0,0.0,0.014036072535112954,0.03155594072028335,
0.0,0.0,0.04595167852642665,0.05044018227812238,0.0,0.0,0.014036072535112954,0.03155594072028335,
0.0,0.0,0.04595167852642665,0.05044018227812238,0.0,0.0,0.014036072535112954,0.03155594072028335,
0.0,0.0,0.04540919494611735,0.051716655618080046,0.0,0.0,0.014036072535112954,0.03155594072028335,
0.0,0.0,0.04540919494611735,0.05109729976205162,0.0,0.0,0.014036072535112954,0.03155594072028335,
0.0,0.0,0.044665146473583266,0.05157873760096199,0.0,0.0,0.014036072535112954,0.03155594072028335,
0.0,0.0,0.044665146473583266,0.05157873760096199,0.0,0.0,0.014036072535112954,0.03155594072028335,
0.0,0.0,0.044665146473583266,0.05287146747250672,0.0,0.0,0.014036072535112954,0.03155594072028335,
0.0,0.0,0.044665146473583266,0.05287146747250672,0.0,0.0,0.014036072535112954,0.03155594072028335,
0.0,0.0,0.044665146473583266,0.05082437319536868,0.0,0.0,0.014036072535112954,0.03155594072028335,
0.0,0.0,0.044350727034212604,0.05226112038482657,0.0,0.0,0.014036072535112954,0.03155594072028335,
0.0,0.0,0.0441704976678563,0.050948954863298875,0.0,0.0,0.014036072535112954,0.03155594072028335,
0.0,0.0,0.04472648278937126,0.05374629476867547,0.0,0.0,0.014036072535112954,0.03155594072028335,
0.0,0.0,0.044340911886916475,0.04784930936017809,0.0,0.0,0.014036072535112954,0.03155594072028335,
0.0,0.0,0.045086721049131286,0.046428137022871435,0.0,0.0,0.014036072535112954,0.03155594072028335,
0.0,0.0,0.04638179167560241,0.04651755919980392,0.0,0.0,0.014036072535112954,0.03155594072028335,
0.0,0.0,0.04606367677607656,0.04651755919980392,0.0,0.0,0.014036072535112954,0.03155594072028335,
0.0,0.0,0.04606367677607656,0.04651755919980392,0.0,0.0,0.014036072535112954,0.03155594072028335,
0.0,0.0,0.04371527143412324,0.04855765221936875,0.0,0.0,0.014036072535112954,0.03155594072028335,
0.0,0.0,0.04323055018635856,0.04988512613410541,0.0,0.0,0.014036072535112954,0.03155594072028335,
0.0,0.0,0.042796589802044566,0.050576518027895576,0.0,0.0,0.016791403032486673,0.03155594072028335,
0.0,0.0,0.042505457634262556,0.05175879816627675,0.0,0.0,0.016791403032486673,0.03155594072028335,
0.0,0.0,0.04011250396981704,0.0485051327676323,0.0,0.0,0.016791403032486673,0.03155594072028335,
0.0,0.0,0.040624612175127896,0.0485027621613746,0.0,0.0,0.016791403032486673,0.03155594072028335,
0.0,0.0,0.040624612175127896,0.0485027621613746,0.0,0.0,0.016791403032486673,0.03155594072028335,
0.0,0.0,0.040774586018507926,0.04880092680289205,0.0,0.0,0.016791403032486673,0.03155594072028335,
0.0,0.0,0.03974876133580435,0.04880092680289205,0.0,0.0,0.016791403032486673,0.03155594072028335,
0.0,0.0,0.03974876133580435,0.04695437928905956,0.0,0.0,0.016791403032486673,0.03155594072028335,
0.0,0.0,0.039866690778426236,0.05200702042148882,0.0,0.0,0.016791403032486673,0.03155594072028335,
0.0,0.0,0.0389854043054925,0.05649777594119136,0.0,0.0,0.016791403032486673,0.03155594072028335,
0.0,0.0,0.04090072846669426,0.05701448930291495,0.0,0.0,0.016791403032486673,0.03155594072028335,
0.0,0.0,0.04230831189165389,0.055428257134861623,0.0,0.0,0.016791403032486673,0.03155594072028335,
0.0,0.0,0.04230831189165389,0.05414728247468695,0.0,0.0,0.016791403032486673,0.03155594072028335,
0.0,0.0,0.04206914985561961,0.04986866928388763,0.0,0.0,0.016791403032486673,0.03155594072028335,
0.0,0.0,0.041853904023188754,0.050231407735329234,0.0,0.0,0.016791403032486673,0.03155594072028335,
0.0,0.0,0.041510593387947624,0.04950656981187279,0.0,0.0,0.016791403032486673,0.03155594072028335,
0.0,0.0,0.04140369470030256,0.05239033287601631,0.0,0.0,0.016791403032486673,0.03155594072028335,
0.0,0.0,0.04140369470030256,0.05302300856271777,0.0,0.0,0.016791403032486673,0.03155594072028335,
0.0,0.0,0.04140369470030256,0.05302300856271777,0.0,0.0,0.016791403032486673,0.03155594072028335,
0.0,0.0,0.04140369470030256,0.053458816165130416,0.0,0.0,0.016791403032486673,0.03155594072028335,
0.0,0.0,0.04001309949865459,0.05648610567155746,0.0,0.0,0.016791403032486673,0.03155594072028335,
0.0,0.0,0.04304072710546577,0.05880428437491273,0.0,0.0,0.016791403032486673,0.03155594072028335,
0.0,0.0,0.04304072710546577,0.05880428437491273,0.0,0.0,0.016791403032486673,0.03155594072028335,
0.0,0.0,0.04304072710546577,0.05950919080307999,0.0,0.0,0.016791403032486673,0.03155594072028335,
0.0,0.0,0.042708459079959134,0.06089730935330524,0.0,0.0,0.016791403032486673,0.03155594072028335,
0.0,0.0,0.04464648368848072,0.058302668503101736,0.0,0.0,0.016791403032486673,0.03155594072028335,
0.0,0.0,0.04428587308459068,0.05799860914569769,0.0,0.0,0.016791403032486673,0.03155594072028335,
0.0,0.0,0.04428587308459068,0.055618303814780744,0.0,0.0,0.016791403032486673,0.03155594072028335,
0.0,0.0,0.04452892296914142,0.056305164885180864,0.0,0.0,0.016791403032486673,0.03155594072028335,
0.0,0.0,0.044141740176146776,0.05762883126925285,0.0,0.0,0.016791403032486673,0.03155594072028335,
0.0,0.0,0.044141740176146776,0.05762883126925285,0.0,0.0,0.016791403032486673,0.03155594072028335,
0.0,0.0,0.044141740176146776,0.062067609934589145,0.0,0.0,0.016791403032486673,0.03155594072028335,
0.0,0.0,0.04573367542158452,0.0655615700395254,0.0,0.0,0.016791403032486673,0.03155594072028335,
0.0,0.0,0.045464578058755215,0.061402645099971946,0.0,0.0,0.016791403032486673,0.03155594072028335,
0.0,0.0,0.045464578058755215,0.06252897030874238,0.0,0.0,0.016791403032486673,0.03155594072028335,
0.0,0.0,0.045464578058755215,0.06242272141310738,0.0,0.0,0.016791403032486673,0.03155594072028335,
0.0,0.0,0.04520681008807651,0.05857301283785031,0.0,0.0,0.016791403032486673,0.03155594072028335,
0.0,0.0,0.045203826304295466,0.05814740136526841,0.0,0.0,0.016791403032486673,0.03155594072028335,
0.0,0.0,0.045203826304295466,0.05814740136526841,0.0,0.0,0.016791403032486673,0.03155594072028335,
0.0,0.0,0.046028317809802335,0.056756865433161,0.0,0.0,0.016791403032486673,0.03155594072028335,
0.0,0.0,0.046028317809802335,0.05543280112502619,0.0,0.0,0.016791403032486673,0.03155594072028335,
0.0,0.0,0.04567225812650061,0.05691527642469967,0.0,0.0,0.016791403032486673,0.03155594072028335,
0.0,0.0,0.04565638872368339,0.050971064962542244,0.0,0.0,0.016791403032486673,0.03155594072028335,
0.0,0.0,0.04565638872368339,0.050971064962542244,0.0,0.0,0.016791403032486673,0.03155594072028335,
0.0,0.0,0.04565638872368339,0.04978994443337729,0.0,0.0,0.016791403032486673,0.03155594072028335,
0.0,0.0,0.04565638872368339,0.04978994443337729,0.0,0.0,0.016791403032486673,0.03155594072028335,
0.0,0.0,0.04313789327104072,0.061060345197486265,0.0,0.0,0.016791403032486673,0.03155594072028335,
0.0,0.0,0.04313789327104072,0.061060345197486265,0.0,0.0,0.016791403032486673,0.03155594072028335,
0.0,0.0,0.042153590624931854,0.0627335037283359,0.0,0.0,0.016791403032486673,0.03155594072028335,
0.0,0.0,0.042153590624931854,0.06380430861916525,0.0,0.0,0.016791403032486673,0.03155594072028335,
0.0,0.0,0.042153590624931854,0.0644676897020346,0.0,0.0,0.016791403032486673,0.03155594072028335,
0.0,0.0,0.042153590624931854,0.06545798225065155,0.0,0.0,0.016791403032486673,0.03155594072028335,
0.0,0.0,0.042153590624931854,0.06545798225065155,0.0,0.0,0.016791403032486673,0.03155594072028335,
0.0,0.0,0.042153590624931854,0.06619297284682882,0.0,0.0,0.016791403032486673,0.03155594072028335,
0.0,0.0,0.04178564637771445,0.06408094612395984,0.0,0.0,0.016791403032486673,0.03155594072028335,
0.0,0.0,0.04178564637771445,0.06362982058515206,0.0,0.0,0.016791403032486673,0.03155594072028335,
0.0,0.0,0.04178564637771445,0.06362982058515206,0.0,0.0,0.016791403032486673,0.03155594072028335,
0.0,0.0,0.04178564637771445,0.06415943024711362,0.0,0.0,0.016791403032486673,0.03155594072028335,
0.0,0.0,0.04178564637771445,0.06415943024711362,0.0,0.0,0.016791403032486673,0.03155594072028335,
0.0,0.0,0.04178564637771445,0.06415943024711362,0.0,0.0,0.016791403032486673,0.03155594072028335,
0.0,0.0,0.04178564637771445,0.06477160664229917,0.0,0.0,0.016791403032486673,0.03155594072028335,
0.0,0.0,0.04178564637771445,0.06407743148982131,0.0,0.0,0.016791403032486673,0.03155594072028335,
0.0,0.0,0.04178564637771445,0.06698639111754842,0.0,0.0,0.016791403032486673,0.03155594072028335,
0.0,0.0,0.04178564637771445,0.06698639111754842,0.0,0.0,0.016791403032486673,0.03155594072028335,
0.0,0.0,0.04178564637771445,0.0651709996667057,0.0,0.0,0.016791403032486673,0.03155594072028335,
0.0,0.0,0.04187433775301622,0.06581022149409664,0.0,0.0,0.016791403032486673,0.03155594072028335,
0.0,0.0,0.04206147502610232,0.06027703933125536,0.0,0.0,0.016791403032486673,0.03155594072028335,
0.0,0.0,0.04206147502610232,0.05938061906403029,0.0,0.0,0.016791403032486673,0.03155594072028335,
0.0,0.0,0.04262843582790038,0.0585304477172085,0.0,0.0,0.016791403032486673,0.03155594072028335,
0.0,0.0,0.04262843582790038,0.0585304477172085,0.0,0.0,0.016791403032486673,0.03155594072028335,
0.0,0.0,0.04262843582790038,0.05978623157040033,0.0,0.0,0.016791403032486673,0.03155594072028335,
0.0,0.0,0.04262843582790038,0.06256182719190634,0.0,0.0,0.016791403032486673,0.03155594072028335,
0.0,0.0,0.045062450954237054,0.06256182719190634,0.0,0.0,0.016791403032486673,0.03155594072028335,
0.0,0.0,0.04612322461163241,0.06151893522184699,0.0,0.0,0.016791403032486673,0.03155594072028335,
0.0,0.0,0.04612322461163241,0.06291826306198603,0.0,0.0,0.016791403032486673,0.03155594072028335,
0.0,0.0,0.04774112040066717,0.05954881813653666,0.0,0.0,0.016791403032486673,0.03155594072028335,
0.0,0.0,0.04544280177583208,0.05878423596458449,0.0,0.0,0.016791403032486673,0.03155594072028335,
0.0,0.0,0.0473271405778169,0.05878423596458449,0.0,0.0,0.016791403032486673,0.03155594072028335,
0.0,0.0,0.0473271405778169,0.055665804022017026,0.0,0.0,0.016791403032486673,0.03155594072028335,
0.0,0.0,0.0473271405778169,0.055665804022017026,0.0,0.0,0.016791403032486673,0.03155594072028335,
0.0,0.0,0.0473271405778169,0.0541637527789443,0.0,0.0,0.016791403032486673,0.03155594072028335,
0.0,0.0,0.04553052153719997,0.05863839499750485,0.0,0.0,0.016791403032486673,0.03155594072028335,
0.0,0.0,0.04534732515902866,0.05863839499750485,0.0,0.0,0.016791403032486673,0.03155594072028335,
0.0,0.0,0.04534732515902866,0.05725215819765254,0.0,0.0,0.016791403032486673,0.03155594072028335,
0.0,0.0,0.04534732515902866,0.055598855323298835,0.0,0.0,0.016791403032486673,0.03155594072028335,
0.0,0.0,0.04462848749594644,0.05357161906843606,0.0,0.0,0.016791403032486673,0.03155594072028335,
0.0,0.0,0.04462848749594644,0.05357161906843606,0.0,0.0,0.016791403032486673,0.03155594072028335,
0.0,0.0,0.04530982173241918,0.053963034231317514,0.0,0.0,0.016791403032486673,0.03155594072028335,
0.0,0.0,0.04496390502774864,0.053963034231317514,0.0,0.0,0.016791403032486673,0.03155594072028335,
0.0,0.0,0.04496390502774864,0.05476280407622186,0.0,0.0,0.016791403032486673,0.03155594072028335,
0.0,0.0,0.047593112176939116,0.05610629836787811,0.0,0.0,0.016791403032486673,0.03155594072028335,
0.0,0.0,0.04528097532455033,0.05611589289896793,0.0,0.0,0.016791403032486673,0.03155594072028335,
0.0,0.0,0.04528097532455033,0.05611589289896793,0.0,0.0,0.016791403032486673,0.03155594072028335,
0.0,0.0,0.04528097532455033,0.05611589289896793,0.0,0.0,0.016791403032486673,0.03155594072028335,
0.0,0.0,0.044292131349466676,0.056774882207076216,0.0,0.0,0.016791403032486673,0.03155594072028335,
0.0,0.0,0.044292131349466676,0.056774882207076216,0.0,0.0,0.016791403032486673,0.03155594072028335,
0.0,0.0,0.044292131349466676,0.059062713089439965,0.0,0.0,0.016791403032486673,0.03155594072028335,
0.0,0.0,0.04538205572420903,0.0577017201093418,0.0,0.0,0.016791403032486673,0.03155594072028335,
0.0,0.0,0.04458338609265417,0.05580629814207662,0.0,0.0,0.016791403032486673,0.03155594072028335,
0.0,0.0,0.04458338609265417,0.05580629814207662,0.0,0.0,0.016791403032486673,0.03155594072028335,
0.0,0.0,0.04283151894145189,0.050166750212207116,0.0,0.0,0.016791403032486673,0.03155594072028335,
0.0,0.0,0.04283151894145189,0.050166750212207116,0.0,0.0,0.016791403032486673,0.03155594072028335,
0.0,0.0,0.04283151894145189,0.050166750212207116,0.0,0.0,0.016791403032486673,0.03155594072028335,
0.0,0.0,0.042609876906425634,0.050166750212207116,0.0,0.0,0.016791403032486673,0.03155594072028335,
0.0,0.0,0.042609876906425634,0.05141255988732495,0.0,0.0,0.016791403032486673,0.03155594072028335,
0.0,0.0,0.042609876906425634,0.05141255988732495,0.0,0.0,0.016791403032486673,0.03155594072028335,
0.0,0.0,0.042609876906425634,0.05141255988732495,0.0,0.0,0.016791403032486673,0.03155594072028335,
0.0,0.0,0.04340204642118509,0.05331317625123884,0.0,0.0,0.016791403032486673,0.03155594072028335,
0.0,0.0,0.04340204642118509,0.05500506893092092,0.0,0.0,0.016791403032486673,0.03155594072028335,
0.0,0.0,0.04340204642118509,0.05500506893092092,0.0,0.0,0.016791403032486673,0.03155594072028335,
0.0,0.0,0.042951445943831296,0.05956759887359065,0.0,0.0,0.016791403032486673,0.03155594072028335,
0.0,0.0,0.042951445943831296,0.05722680921624372,0.0,0.0,0.016791403032486673,0.03155594072028335,
0.0,0.0,0.0423337609936566,0.0588837101660752,0.0,0.0,0.016791403032486673,0.03155594072028335,
0.0,0.0,0.0423337609936566,0.0588837101660752,0.0,0.0,0.016791403032486673,0.03155594072028335,
0.0,0.0,0.0423337609936566,0.0588837101660752,0.0,0.0,0.016791403032486673,0.03155594072028335,
0.0,0.0,0.0423337609936566,0.06052175628439066,0.0,0.0,0.016791403032486673,0.03155594072028335,
0.0,0.0,0.0423337609936566,0.06455644978722577,0.0,0.0,0.016791403032486673,0.03155594072028335,
0.0,0.0,0.0423337609936566,0.06580976864381227,0.0,0.0,0.016791403032486673,0.03155594072028335,
0.0,0.0,0.0423337609936566,0.06898416752838357,0.0,0.0,0.016791403032486673,0.03155594072028335,
0.0,0.0,0.0423337609936566,0.06845079956373416,0.0,0.0,0.016791403032486673,0.03155594072028335,
0.0,0.0,0.0423337609936566,0.06845079956373416,0.0,0.0,0.016791403032486673,0.03155594072028335,
0.0,0.0,0.044242656897666544,0.06922294678087045,0.0,0.0,0.016791403032486673,0.03155594072028335,
0.0,0.0,0.044242656897666544,0.06838877002144395,0.0,0.0,0.016791403032486673,0.03155594072028335,
0.0,0.0,0.04401259959288305,0.06428509960266615,0.0,0.0,0.016791403032486673,0.03155594072028335,
0.0,0.0,0.0435933524459984,0.05506676411168929,0.0,0.0,0.016791403032486673,0.03155594072028335,
0.0,0.0,0.0435933524459984,0.05546104784787783,0.0,0.0,0.016791403032486673,0.03155594072028335,
0.0,0.0,0.0435933524459984,0.05546104784787783,0.0,0.0,0.016791403032486673,0.03155594072028335,
0.0,0.0,0.0435933524459984,0.0558975742888892,0.0,0.0,0.016791403032486673,0.03155594072028335,
0.0,0.0,0.0435933524459984,0.0558975742888892,0.0,0.0,0.016791403032486673,0.03155594072028335,
0.0,0.0,0.04287677922110557,0.05703219453908232,0.0,0.0,0.016791403032486673,0.03155594072028335,
0.0,0.0,0.04287677922110557,0.05665125931988344,0.0,0.0,0.016791403032486673,0.03155594072028335,
0.0,0.0,0.04565918944383136,0.052293889643621784,0.0,0.0,0.016791403032486673,0.03155594072028335,
0.0,0.0,0.04565918944383136,0.052293889643621784,0.0,0.0,0.016791403032486673,0.03155594072028335,
0.0,0.0,0.04655208638521857,0.049774442066872336,0.0,0.0,0.016791403032486673,0.03155594072028335,
0.0,0.0,0.04655208638521857,0.049774442066872336,0.0,0.0,0.016791403032486673,0.03155594072028335,
0.0,0.0,0.04597804234625835,0.05014746924242242,0.0,0.0,0.016791403032486673,0.03155594072028335,
0.0,0.0,0.04597804234625835,0.04844674827828354,0.0,0.0,0.016791403032486673,0.03155594072028335,
0.0,0.0,0.04597804234625835,0.04844674827828354,0.0,0.0,0.016791403032486673,0.03155594072028335,
0.0,0.0,0.04597804234625835,0.04844674827828354,0.0,0.0,0.016791403032486673,0.03155594072028335,
0.0,0.0,0.04597804234625835,0.05085315221004346,0.0,0.0,0.016791403032486673,0.03155594072028335,
0.0,0.0,0.04342455870606248,0.051444357949426915,0.0,0.0,0.016791403032486673,0.03155594072028335,
0.0,0.0,0.04517766537261311,0.050260384195246824,0.0,0.0,0.016791403032486673,0.03155594072028335,
0.0,0.0,0.04517766537261311,0.050260384195246824,0.0,0.0,0.016791403032486673,0.03155594072028335,
0.0,0.0,0.04648510489424276,0.050260384195246824,0.0,0.0,0.016791403032486673,0.03155594072028335,
0.0,0.0,0.04756986545084782,0.04824220064361408,0.0,0.0,0.016791403032486673,0.03155594072028335,
0.0,0.0,0.04756986545084782,0.04824220064361408,0.0,0.0,0.016791403032486673,0.03155594072028335,
0.0,0.0,0.04917043364965544,0.05009234202427248,0.0,0.0,0.016791403032486673,0.03155594072028335,
0.0,0.0,0.04917043364965544,0.05009234202427248,0.0,0.0,0.016791403032486673,0.03155594072028335,
0.0,0.0,0.04689172605575774,0.05276957857408639,0.0,0.0,0.016791403032486673,0.03155594072028335,
0.0,0.0,0.04689172605575774,0.05452442881847933,0.0,0.0,0.016791403032486673,0.03155594072028335,
0.0,0.0,0.04689172605575774,0.0578903679446552,0.0,0.0,0.016791403032486673,0.03155594072028335,
0.0,0.0,0.04433943353174655,0.059766690156755634,0.0,0.0,0.016791403032486673,0.03155594072028335,
0.0,0.0,0.0456917850703226,0.06411003214710036,0.0,0.0,0.016791403032486673,0.03155594072028335,
0.0,0.0,0.0456917850703226,0.06411003214710036,0.0,0.0,0.016791403032486673,0.03155594072028335,
0.0,0.0,0.0456917850703226,0.06590009838452014,0.0,0.0,0.016791403032486673,0.03155594072028335,
0.0,0.0,0.0456917850703226,0.06784185291956682,0.0,0.0,0.016791403032486673,0.03155594072028335,
0.0,0.0,0.0456917850703226,0.07172334722807996,0.0,0.0,0.016791403032486673,0.03155594072028335,
0.0,0.0,0.04701182534877581,0.06598220642117464,0.0,0.0,0.016791403032486673,0.03155594072028335,
0.0,0.0,0.04701182534877581,0.06616421745296054,0.0,0.0,0.016791403032486673,0.03155594072028335,
0.0,0.0,0.04701182534877581,0.06616421745296054,0.0,0.0,0.016791403032486673,0.03155594072028335,
0.0,0.0,0.04701182534877581,0.06216981620050434,0.0,0.0,0.016791403032486673,0.03155594072028335,
0.0,0.0,0.05046321074208072,0.06374196968482859,0.0,0.0,0.016791403032486673,0.03155594072028335,
0.0,0.0,0.04992950291957627,0.06551496395513835,0.0,0.0,0.016791403032486673,0.03155594072028335,
0.0,0.0,0.04992950291957627,0.06551496395513835,0.0,0.0,0.016791403032486673,0.03155594072028335,
0.0,0.0,0.04880825957037591,0.06270897559784529,0.0,0.0,0.016791403032486673,0.03155594072028335,
0.0,0.0,0.04880825957037591,0.06270897559784529,0.0,0.0,0.016791403032486673,0.03155594072028335,
0.0,0.0,0.04880825957037591,0.06270897559784529,0.0,0.0,0.016791403032486673,0.03155594072028335,
0.0,0.0,0.04839343079147825,0.0663636157243899,0.0,0.0,0.016791403032486673,0.03155594072028335,
0.0,0.0,0.04839343079147825,0.06316835586773561,0.0,0.0,0.016791403032486673,0.03155594072028335,
0.0,0.0,0.04839343079147825,0.06105029852054153,0.0,0.0,0.016791403032486673,0.03155594072028335,
0.0,0.0,0.04768453926155637,0.06229735351154545,0.0,0.0,0.016791403032486673,0.03155594072028335,
0.0,0.0,0.04768453926155637,0.06229735351154545,0.0,0.0,0.016791403032486673,0.03155594072028335,
0.0,0.0,0.04740625871063081,0.06439387046219258,0.0,0.0,0.016791403032486673,0.03155594072028335,
0.0,0.0,0.04653694983178514,0.06673150571899604,0.0,0.0,0.016791403032486673,0.03155594072028335,
0.0,0.0,0.04653694983178514,0.06833491669491144,0.0,0.0,0.016791403032486673,0.03155594072028335,
0.0,0.0,0.046448570447616744,0.07147357655314239,0.0,0.0,0.016791403032486673,0.03155594072028335,
0.0,0.0,0.04634939130700767,0.07313987195821936,0.0,0.0,0.016791403032486673,0.03155594072028335,
0.0,0.0,0.04844029480401454,0.06956341568478445,0.0,0.0,0.016791403032486673,0.03155594072028335,
0.0,0.0,0.04844029480401454,0.06956341568478445,0.0,0.0,0.016791403032486673,0.03155594072028335,
0.0,0.0,0.04844029480401454,0.07156898737973387,0.0,0.0,0.016791403032486673,0.03155594072028335,
0.0,0.0,0.048503397655573245,0.07650556863672121,0.0,0.0,0.016791403032486673,0.03155594072028335,
0.0,0.0,0.048503397655573245,0.08217790506175392,0.0,0.0,0.016791403032486673,0.03155594072028335,
0.0,0.0,0.048503397655573245,0.06352754352166032,0.0,0.0,0.016791403032486673,0.03155594072028335,
0.0,0.0,0.048503397655573245,0.06352754352166032,0.0,0.0,0.016791403032486673,0.03155594072028335,
0.0,0.0,0.048503397655573245,0.06263958740089448,0.0,0.0,0.016791403032486673,0.03155594072028335,
0.0,0.0,0.048503397655573245,0.0605315260678491,0.0,0.0,0.016791403032486673,0.03155594072028335,
0.0,0.0,0.048503397655573245,0.05937367296689134,0.0,0.0,0.016791403032486673,0.03155594072028335,
0.0,0.0,0.048503397655573245,0.05937367296689134,0.0,0.0,0.016791403032486673,0.03155594072028335,
0.0,0.0,0.048503397655573245,0.05937367296689134,0.0,0.0,0.016791403032486673,0.03155594072028335,
0.0,0.0,0.048503397655573245,0.05937367296689134,0.0,0.0,0.016791403032486673,0.03155594072028335,
0.0,0.0,0.048503397655573245,0.06144442351896866,0.0,0.0,0.016791403032486673,0.03155594072028335,
0.0,0.0,0.048503397655573245,0.06144442351896866,0.0,0.0,0.016791403032486673,0.03155594072028335,
0.0,0.0,0.04854385377770933,0.06642802022756836,0.0,0.0,0.016791403032486673,0.03155594072028335,
0.0,0.0,0.052349723123950045,0.07174069629235812,0.0,0.0,0.016791403032486673,0.03155594072028335,
0.0,0.0,0.052349723123950045,0.0725003303413,0.0,0.0,0.016791403032486673,0.03155594072028335,
0.0,0.0,0.052349723123950045,0.07520149608048791,0.0,0.0,0.016791403032486673,0.03155594072028335,
0.0,0.0,0.052349723123950045,0.07587992009461603,0.0,0.0,0.016791403032486673,0.03155594072028335,
0.0,0.0,0.052349723123950045,0.07649711630509973,0.0,0.0,0.016791403032486673,0.03155594072028335,
0.0,0.0,0.052349723123950045,0.07659937234974035,0.0,0.0,0.016791403032486673,0.03155594072028335,
0.0,0.0,0.052349723123950045,0.07288111954759054,0.0,0.0,0.016791403032486673,0.03155594072028335,
0.0,0.0,0.051546941976296265,0.05924986474174441,0.0,0.0,0.016791403032486673,0.03155594072028335,
0.0,0.0,0.048637484081286035,0.05076769596783655,0.0,0.0,0.016791403032486673,0.03155594072028335,
0.0,0.0,0.048637484081286035,0.05076769596783655,0.0,0.0,0.016791403032486673,0.03155594072028335,
0.0,0.0,0.04916392613221349,0.049675223216603816,0.0,0.0,0.016791403032486673,0.03155594072028335,
0.0,0.0,0.04312821104134269,0.04993706373784993,0.0,0.0,0.016791403032486673,0.03155594072028335,
0.0,0.0,0.04246099236018881,0.05124620246999788,0.0,0.0,0.016791403032486673,0.03155594072028335,
0.0,0.0,0.04174657163210997,0.05232747717781133,0.0,0.0,0.016791403032486673,0.03155594072028335,
0.0,0.0,0.041186183239024184,0.0535736711181695,0.0,0.0,0.016791403032486673,0.03155594072028335,
0.0,0.0,0.041186183239024184,0.05393129568036606,0.0,0.0,0.016791403032486673,0.03155594072028335,
0.0,0.0,0.041186183239024184,0.05403553785990873,0.0,0.0,0.016791403032486673,0.03155594072028335,
0.0,0.0,0.041186183239024184,0.057571563713389715,0.0,0.0,0.016791403032486673,0.03155594072028335,
0.0,0.0,0.04187904551126486,0.059216162013291856,0.0,0.0,0.016791403032486673,0.03155594072028335,
0.0,0.0,0.04187904551126486,0.059216162013291856,0.0,0.0,0.016791403032486673,0.03155594072028335,
0.0,0.0,0.04187904551126486,0.059216162013291856,0.0,0.0,0.016791403032486673,0.03155594072028335,
0.0,0.0,0.04187904551126486,0.059216162013291856,0.0,0.0,0.016791403032486673,0.03155594072028335,
0.0,0.0,0.04157418028218707,0.05824268586944883,0.0,0.0,0.016791403032486673,0.03155594072028335,
0.0,0.0,0.04157418028218707,0.060818435321994276,0.0,0.0,0.016791403032486673,0.03155594072028335,
0.0,0.0,0.04157418028218707,0.06121534426492981,0.0,0.0,0.016791403032486673,0.03155594072028335,
0.0,0.0,0.04157418028218707,0.06200913874874457,0.0,0.0,0.016791403032486673,0.03155594072028335,
0.0,0.0,0.04155173737362772,0.06054260219878783,0.0,0.0,0.016791403032486673,0.03155594072028335,
0.0,0.0,0.04101765542227013,0.06025558748731248,0.0,0.0,0.016791403032486673,0.03155594072028335,
0.0,0.0,0.04095414146417723,0.057981660937976,0.0,0.0,0.016791403032486673,0.03155594072028335,
0.0,0.0,0.04035547279512176,0.055300829738817614,0.0,0.0,0.016791403032486673,0.03155594072028335,
0.0,0.0,0.04222080921151869,0.055257923120591024,0.0,0.0,0.016791403032486673,0.03155594072028335,
0.0,0.0,0.04071722427128742,0.054306326173093326,0.0,0.0,0.016791403032486673,0.03155594072028335,
0.0,0.0,0.04011523562868288,0.050286976210662616,0.0,0.0,0.016791403032486673,0.03155594072028335,
0.0,0.0,0.040378020058172696,0.04877939881920162,0.0,0.0,0.016791403032486673,0.03155594072028335,
0.0,0.0,0.03914447123238943,0.047658232186367284,0.0,0.0,0.016791403032486673,0.03155594072028335,
0.0,0.0,0.039864277259193684,0.044580618391835886,0.0,0.0,0.016791403032486673,0.03155594072028335,
0.0,0.0,0.038661853541457805,0.04794265514131151,0.0,0.0,0.016791403032486673,0.03155594072028335,
0.0,0.0,0.038661853541457805,0.04794265514131151,0.0,0.0,0.016791403032486673,0.03155594072028335,
0.0,0.0,0.038661853541457805,0.04794265514131151,0.0,0.0,0.016791403032486673,0.03155594072028335,
0.0,0.0,0.038661853541457805,0.049075860289094525,0.0,0.0,0.016791403032486673,0.03155594072028335,
0.0,0.0,0.038661853541457805,0.05354899720536442,0.0,0.0,0.016791403032486673,0.03155594072028335,
0.0,0.0,0.04198530902166889,0.04963496142872521,0.0,0.0,0.016791403032486673,0.03155594072028335,
0.0,0.0,0.040256555952582915,0.05152507991031213,0.0,0.0,0.016791403032486673,0.03155594072028335,
0.0,0.0,0.03988330301816676,0.05100000916106043,0.0,0.0,0.016791403032486673,0.03155594072028335,
0.0,0.0,0.0381359869618277,0.04818505708542113,0.0,0.0,0.016791403032486673,0.03155594072028335,
0.0,0.0,0.036700028504443746,0.04683704651191387,0.0,0.0,0.016791403032486673,0.03155594072028335,
0.0,0.0,0.036444652932276445,0.043862480009641436,0.0,0.0,0.016791403032486673,0.03155594072028335,
0.0,0.0,0.03525155038686246,0.04217951411761447,0.0,0.0,0.016791403032486673,0.03155594072028335,
0.0,0.0,0.03525155038686246,0.04217951411761447,0.0,0.0,0.016791403032486673,0.03155594072028335,
0.0,0.0,0.034875709453630006,0.03868600264591175,0.0,0.0,0.016791403032486673,0.03155594072028335,
0.0,0.0,0.034875709453630006,0.04005557836411074,0.0,0.0,0.016791403032486673,0.03155594072028335,
0.0,0.0,0.033828668114049006,0.039688222996421677,0.0,0.0,0.016791403032486673,0.03155594072028335,
0.0,0.0,0.033828668114049006,0.039688222996421677,0.0,0.0,0.016791403032486673,0.03155594072028335,
0.0,0.0,0.033828668114049006,0.03991014357910965,0.0,0.0,0.016791403032486673,0.03155594072028335,
0.0,0.0,0.03379700387372824,0.039854430247451146,0.0,0.0,0.016791403032486673,0.03155594072028335,
0.0,0.0,0.03379700387372824,0.04234865170821039,0.0,0.0,0.016791403032486673,0.03155594072028335,
0.0,0.0,0.03379700387372824,0.04234865170821039,0.0,0.0,0.016791403032486673,0.03155594072028335,
0.0,0.0,0.03379700387372824,0.04234865170821039,0.0,0.0,0.016791403032486673,0.03155594072028335,
0.0,0.0,0.03379700387372824,0.04234865170821039,0.0,0.0,0.016791403032486673,0.03155594072028335,
0.0,0.0,0.03302151520610969,0.043562098667521226,0.0,0.0,0.016791403032486673,0.03155594072028335,
0.0,0.0,0.03302151520610969,0.042143418581804974,0.0,0.0,0.016791403032486673,0.03155594072028335,
0.0,0.0,0.03302151520610969,0.042143418581804974,0.0,0.0,0.016791403032486673,0.03155594072028335,
0.0,0.0,0.03304795281197079,0.0419395272471173,0.0,0.0,0.016791403032486673,0.03155594072028335,
0.0,0.0,0.03367627826947886,0.045132430202904236,0.0,0.0,0.016791403032486673,0.03155594072028335,
0.0,0.0,0.03367627826947886,0.045132430202904236,0.0,0.0,0.016791403032486673,0.03155594072028335,
0.0,0.0,0.03367627826947886,0.045132430202904236,0.0,0.0,0.016791403032486673,0.03155594072028335,
0.0,0.0,0.036027520984150706,0.04883013874069315,0.0,0.0,0.016791403032486673,0.03155594072028335,
0.0,0.0,0.036027520984150706,0.05071787423553645,0.0,0.0,0.016791403032486673,0.03155594072028335,
0.0,0.0,0.036027520984150706,0.05071787423553645,0.0,0.0,0.016791403032486673,0.03155594072028335,
0.0,0.0,0.036027520984150706,0.05071787423553645,0.0,0.0,0.016791403032486673,0.03155594072028335,
0.0,0.0,0.03416082434338255,0.0571528450226076,0.0,0.0,0.016791403032486673,0.03155594072028335,
0.0,0.0,0.0338963797640389,0.05448807280021059,0.0,0.0,0.016791403032486673,0.03155594072028335,
0.0,0.0,0.0338963797640389,0.05448807280021059,0.0,0.0,0.016791403032486673,0.03155594072028335,
0.0,0.0,0.0338963797640389,0.05448807280021059,0.0,0.0,0.016791403032486673,0.03155594072028335,
0.0,0.0,0.0338963797640389,0.05448807280021059,0.0,0.0,0.016791403032486673,0.03155594072028335,
0.0,0.0,0.0338963797640389,0.055224586115536135,0.0,0.0,0.016791403032486673,0.03155594072028335,
0.0,0.0,0.03405625106194721,0.05857603756434756,0.0,0.0,0.016791403032486673,0.03155594072028335,
0.0,0.0,0.03430681985553783,0.05619247738022741,0.0,0.0,0.016791403032486673,0.03155594072028335,
0.0,0.0,0.03430681985553783,0.05664833347957527,0.0,0.0,0.016791403032486673,0.03155594072028335,
0.0,0.0,0.03430681985553783,0.04892714894231087,0.0,0.0,0.016791403032486673,0.03155594072028335,
0.0,0.0,0.03430681985553783,0.050076745299845,0.0,0.0,0.016791403032486673,0.03155594072028335,
0.0,0.0,0.03430681985553783,0.05069840671631341,0.0,0.0,0.016791403032486673,0.03155594072028335,
0.0,0.0,0.03430681985553783,0.051403090313386655,0.0,0.0,0.016791403032486673,0.03155594072028335,
0.0,0.0,0.03430681985553783,0.051403090313386655,0.0,0.0,0.016791403032486673,0.03155594072028335,
0.0,0.0,0.03430681985553783,0.052908329117530725,0.0,0.0,0.016791403032486673,0.04170040189669555,
0.0,0.0,0.03488927869375472,0.053363525334192065,0.0,0.0,0.016791403032486673,0.04170040189669555,
0.0,0.0,0.03488927869375472,0.053363525334192065,0.0,0.0,0.016791403032486673,0.04170040189669555,
0.0,0.0,0.03488927869375472,0.05418556571875214,0.0,0.0,0.016791403032486673,0.04170040189669555,
0.0,0.0,0.03464605135821576,0.056527903922858516,0.0,0.0,0.016791403032486673,0.04170040189669555,
0.0,0.0,0.03638531278382316,0.055190061318187475,0.0,0.0,0.016791403032486673,0.04170040189669555,
0.0,0.0,0.03638531278382316,0.05596277593791191,0.0,0.0,0.016791403032486673,0.04170040189669555,
0.0,0.0,0.03638531278382316,0.056939318599311665,0.0,0.0,0.016791403032486673,0.04170040189669555,
0.0,0.0,0.03638531278382316,0.056939318599311665,0.0,0.0,0.016791403032486673,0.04170040189669555,
0.0,0.0,0.03596280559001192,0.06121822152766923,0.0,0.0,0.016791403032486673,0.04170040189669555,
0.0,0.0,0.03596280559001192,0.062097668945554775,0.0,0.0,0.016791403032486673,0.04170040189669555,
0.0,0.0,0.03596280559001192,0.062097668945554775,0.0,0.0,0.016791403032486673,0.04170040189669555,
0.0,0.0,0.03596280559001192,0.06340103553985352,0.0,0.0,0.016791403032486673,0.04170040189669555,
0.0,0.0,0.03596280559001192,0.06457517309259818,0.0,0.0,0.016791403032486673,0.04170040189669555,
0.0,0.0,0.03596280559001192,0.06165934217809632,0.0,0.0,0.016791403032486673,0.04170040189669555,
0.0,0.0,0.03596280559001192,0.06165934217809632,0.0,0.0,0.016791403032486673,0.04170040189669555,
0.0,0.0,0.03596280559001192,0.06370389603481874,0.0,0.0,0.016791403032486673,0.04170040189669555,
0.0,0.0,0.035795191849447246,0.055181512635164714,0.0,0.0,0.016791403032486673,0.04170040189669555,
0.0,0.0,0.035795191849447246,0.055181512635164714,0.0,0.0,0.016791403032486673,0.04170040189669555,
0.0,0.0,0.03609072451178221,0.05553373105903021,0.0,0.0,0.016791403032486673,0.04170040189669555,
0.0,0.0,0.03609072451178221,0.05282704968063822,0.0,0.0,0.016791403032486673,0.04170040189669555,
0.0,0.0,0.036347395157132506,0.05423986467208355,0.0,0.0,0.016791403032486673,0.04170040189669555,
0.0,0.0,0.036347395157132506,0.05501653073062962,0.0,0.0,0.016791403032486673,0.04170040189669555,
0.0,0.0,0.040348457253017715,0.05189706135965422,0.0,0.0,0.016791403032486673,0.04170040189669555,
0.0,0.0,0.04155780692530046,0.05256084965024225,0.0,0.0,0.016791403032486673,0.04170040189669555,
0.0,0.0,0.04244527385199922,0.04798694370801316,0.0,0.0,0.016791403032486673,0.04170040189669555,
0.0,0.0,0.041041701926098365,0.04939642298936706,0.0,0.0,0.016791403032486673,0.04170040189669555,
0.0,0.0,0.04071241508577135,0.052163554775723535,0.0,0.0,0.016791403032486673,0.04170040189669555,
0.0,0.0,0.038473002251280156,0.04799486823982952,0.0,0.0,0.016791403032486673,0.04170040189669555,
0.0,0.0,0.037353148730099914,0.048627887228526935,0.0,0.0,0.016791403032486673,0.04170040189669555,
0.0,0.0,0.037353148730099914,0.048627887228526935,0.0,0.0,0.016791403032486673,0.04170040189669555,
0.0,0.0,0.037353148730099914,0.048719164946442475,0.0,0.0,0.016791403032486673,0.04170040189669555,
0.0,0.0,0.03791329834546596,0.044363216776088225,0.0,0.0,0.016791403032486673,0.04170040189669555,
0.0,0.0,0.03791329834546596,0.044363216776088225,0.0,0.0,0.016791403032486673,0.04170040189669555,
0.0,0.0,0.03630818799816193,0.04572232413915019,0.0,0.0,0.016791403032486673,0.04170040189669555,
0.0,0.0,0.03619730215089322,0.046259674852383185,0.0,0.0,0.016791403032486673,0.04170040189669555,
0.0,0.0,0.03619730215089322,0.046259674852383185,0.0,0.0,0.016791403032486673,0.04170040189669555,
0.0,0.0,0.03590250499874193,0.04503435508102144,0.0,0.0,0.016791403032486673,0.04170040189669555,
0.0,0.0,0.03590250499874193,0.04503435508102144,0.0,0.0,0.016791403032486673,0.04170040189669555,
0.0,0.0,0.03590250499874193,0.04589055385308701,0.0,0.0,0.016791403032486673,0.04170040189669555,
0.0,0.0,0.03590250499874193,0.04456259725666642,0.0,0.0,0.016791403032486673,0.04170040189669555,
0.0,0.0,0.03590250499874193,0.0446755976972414,0.0,0.0,0.016791403032486673,0.04170040189669555,
0.0,0.0,0.037896623780011365,0.04574547135329756,0.0,0.0,0.016791403032486673,0.04170040189669555,
0.0,0.0,0.037896623780011365,0.04555290647804211,0.0,0.0,0.016791403032486673,0.04170040189669555,
0.0,0.0,0.037896623780011365,0.04668970245811426,0.0,0.0,0.016791403032486673,0.04170040189669555,
0.0,0.0,0.036575234328023294,0.04610943875251329,0.0,0.0,0.016791403032486673,0.04170040189669555,
0.0,0.0,0.036232131517999554,0.0457296207390798,0.0,0.0,0.016791403032486673,0.04170040189669555,
0.0,0.0,0.03404565533432796,0.04078427066259693,0.0,0.0,0.016791403032486673,0.04170040189669555,
0.0,0.0,0.03321337797619904,0.04078427066259693,0.0,0.0,0.016791403032486673,0.04170040189669555,
0.0,0.0,0.03310544722673955,0.04470585836032518,0.0,0.0,0.016791403032486673,0.04170040189669555,
0.0,0.0,0.03310544722673955,0.04470585836032518,0.0,0.0,0.016791403032486673,0.04170040189669555,
0.0,0.0,0.033503052067757916,0.044933799152019484,0.0,0.0,0.016791403032486673,0.04170040189669555,
0.0,0.0,0.033576718710389836,0.04651810011344194,0.0,0.0,0.016791403032486673,0.04170040189669555,
0.0,0.0,0.033707860739622654,0.04694607961880579,0.0,0.0,0.017836336666289334,0.04170040189669555,
0.0,0.0,0.032923228957729325,0.045470445179001145,0.0,0.0,0.017836336666289334,0.04170040189669555,
0.0,0.0,0.034584972502724624,0.04338871739562903,0.0,0.0,0.017836336666289334,0.04170040189669555,
0.0,0.0,0.03447943727175533,0.04414937380317236,0.0,0.0,0.017836336666289334,0.04170040189669555,
0.0,0.0,0.03447943727175533,0.04468850286362336,0.0,0.0,0.017836336666289334,0.04170040189669555,
0.0,0.0,0.03447943727175533,0.04517371901802926,0.0,0.0,0.017836336666289334,0.04170040189669555,
0.0,0.0,0.03434590835790992,0.04444903077135737,0.0,0.0,0.017836336666289334,0.04170040189669555,
0.0,0.0,0.03835907882502668,0.04466110778803241,0.0,0.0,0.017836336666289334,0.04170040189669555,
0.0,0.0,0.037298925140283816,0.04563408220775649,0.0,0.0,0.017836336666289334,0.04170040189669555,
0.0,0.0,0.03808813780114675,0.04465030982506586,0.0,0.0,0.017836336666289334,0.04170040189669555,
0.0,0.0,0.03808813780114675,0.04465030982506586,0.0,0.0,0.017836336666289334,0.04170040189669555,
0.0,0.0,0.03808813780114675,0.04465030982506586,0.0,0.0,0.017836336666289334,0.04170040189669555,
0.0,0.0,0.0361502931397966,0.04635274093373656,0.0,0.0,0.017836336666289334,0.04170040189669555,
0.0,0.0,0.03918785631672398,0.04635274093373656,0.0,0.0,0.017836336666289334,0.04170040189669555,
0.0,0.0,0.03918785631672398,0.04635274093373656,0.0,0.0,0.017836336666289334,0.04170040189669555,
0.0,0.0,0.03918785631672398,0.04846104410972676,0.0,0.0,0.017836336666289334,0.04170040189669555,
0.0,0.0,0.038413944098769935,0.05395289110727373,0.0,0.0,0.017836336666289334,0.04170040189669555,
0.0,0.0,0.038413944098769935,0.05395289110727373,0.0,0.0,0.017836336666289334,0.04170040189669555,
0.0,0.0,0.03751338131363162,0.054167595182058464,0.0,0.0,0.017836336666289334,0.04170040189669555,
0.0,0.0,0.03751338131363162,0.054167595182058464,0.0,0.0,0.017836336666289334,0.04170040189669555,
0.0,0.0,0.03751338131363162,0.054090188078617374,0.0,0.0,0.017836336666289334,0.04170040189669555,
0.0,0.0,0.03751338131363162,0.05583854251638017,0.0,0.0,0.017836336666289334,0.04170040189669555,
0.0,0.0,0.03751338131363162,0.05583854251638017,0.0,0.0,0.017836336666289334,0.04170040189669555,
0.0,0.0,0.03751338131363162,0.05980580472225008,0.0,0.0,0.017836336666289334,0.04170040189669555,
0.0,0.0,0.0376115079466683,0.0637441282750019,0.0,0.0,0.017836336666289334,0.04170040189669555,
0.0,0.0,0.0376115079466683,0.06388199768013438,0.0,0.0,0.017836336666289334,0.04170040189669555,
0.0,0.0,0.0376115079466683,0.06388199768013438,0.0,0.0,0.017836336666289334,0.04170040189669555,
0.0,0.0,0.0376115079466683,0.06388199768013438,0.0,0.0,0.017836336666289334,0.04170040189669555,
0.0,0.0,0.0376115079466683,0.05950578565283655,0.0,0.0,0.017836336666289334,0.04170040189669555,
0.0,0.0,0.0376115079466683,0.05989664975367282,0.0,0.0,0.017836336666289334,0.04170040189669555,
0.0,0.0,0.0376115079466683,0.06054867060440765,0.0,0.0,0.017836336666289334,0.04170040189669555,
0.0,0.0,0.0376115079466683,0.06142435052887433,0.0,0.0,0.017836336666289334,0.04170040189669555,
0.0,0.0,0.03877085981707122,0.06175874191028735,0.0,0.0,0.017836336666289334,0.04170040189669555,
0.0,0.0,0.03877085981707122,0.06175874191028735,0.0,0.0,0.017836336666289334,0.04170040189669555,
0.0,0.0,0.03877085981707122,0.05996858108417944,0.0,0.0,0.017836336666289334,0.04170040189669555,
0.0,0.0,0.03877085981707122,0.05547483267272966,0.0,0.0,0.017836336666289334,0.04170040189669555,
0.0,0.0,0.03877085981707122,0.05553176197336007,0.0,0.0,0.017836336666289334,0.04170040189669555,
0.0,0.0,0.041443023104717695,0.054982550520507364,0.0,0.0,0.017836336666289334,0.04170040189669555,
0.0,0.0,0.041443023104717695,0.054982550520507364,0.0,0.0,0.017836336666289334,0.04170040189669555,
0.0,0.0,0.04113282920122143,0.05345661561299583,0.0,0.0,0.017836336666289334,0.04170040189669555,
0.0,0.0,0.04195230007523089,0.05605980111135711,0.0,0.0,0.017836336666289334,0.04170040189669555,
0.0,0.0,0.04195230007523089,0.051580377857496834,0.0,0.0,0.017836336666289334,0.04170040189669555,