
0.0
3.196006444144856E-11
5.172313266780386E-10
1.0396215048108436E-9
1.2482292644829214E-9
1.273446951219259E-9
1.481944806777155E-9
1.7054049870702475E-9
1.7868911761513918E-9
1.9344434445787133E-9
2.040217192505539E-9
2.1332793714869272E-9
8.178784668249853E-4
5.804417070979562E-4
0.018874888281236468
0.029403849063957835
0.05083066981900974
0.059537408212041454
0.07340331447306969
0.07629339836758336
0.08173317876952255
0.08198290505009405
0.08403008612934512
0.08354809452209644
0.08337687172665012
0.08138481341770694
0.07884499455661782
0.0749366182241181
0.0704285025192866
0.0651261448358808
0.05954277678296125
0.053698837825078526
0.04792233168318844
0.042271121830339556
0.036935575468929185
0.031951808162559214
0.027411326160003704
0.02331630272664506
0.019691786244619203
0.016512673982913922
0.01376471946269132
0.011408136763413545
0.009409575539057895
0.0077286833787069366
0.006326850786276097
0.00516659520555968
0.004212507388108651
0.003431309896324697
0.0027937199484749653
0.002274545010515867
0.0018524079363721824
0.0015090702540150494
0.0012303081880028885
0.0010034334057217342
8.191651500478924E-4
6.690114120004026E-4
5.469093721179596E-4
4.472836752485011E-4
3.723861759317623E-4
3.0534919200082746E-4
2.5695578969514755E-4
2.1098297832522177E-4
1.7751760659903356E-4
1.4584284027698184E-4
1.2231975913757143E-4
1.0052190315475596E-4
8.399152723440177E-5
6.90332068578483E-5
5.749406508160281E-5
4.7272990553336E-5
3.92847602702093E-5
3.2331017933250695E-5
2.6840580941375034E-5
2.2124178294798366E-5
1.8368378886504823E-5
1.5172815903529558E-5
1.260883274217624E-5
1.0441521769141214E-5
8.736765872217903E-6
7.266171357857079E-6
6.212955444049116E-6
5.213586487408244E-6
4.474807171360386E-6
3.764868888270363E-6
3.2435446187577606E-6
2.7328303860512567E-6
2.402216140999499E-6
2.0360569937305655E-6
1.7844947779989672E-6
1.5179279103148253E-6
1.3239670694659183E-6
1.1271486566465526E-6
9.773329526070925E-7
8.337273136798991E-7
7.285060179680232E-7
6.302982632231162E-7
5.582357514635559E-7
4.920062858515876E-7
4.410486809735423E-7
4.0108405981981767E-7
3.7229255910205733E-7
3.539749657411584E-7
3.399261144316687E-7
3.2820039265536404E-7
3.275416004344292E-7
3.19874637802887E-7
3.28269345594887E-7
3.2472328664950356E-7
3.3072891367607944E-7
3.2347032694864116E-7
3.1929625189550056E-7
3.041662700317285E-7
2.8951948693519537E-7
2.706653326192326E-7
2.498075691047834E-7
2.4177947591795686E-7
2.2912802192312574E-7
2.1987591715163877E-7
2.0363442132530486E-7
1.9307829156188905E-7
1.8058413869267003E-7
1.6975286204501011E-7
1.5965425473557893E-7
1.5092618639161112E-7
1.4284235746090345E-7
1.3629438699114426E-7
1.287987778659747E-7
1.2196127302158314E-7
1.1435102366353286E-7
1.0618462582278528E-7
9.935970738978191E-8
6.479034442056351E-7
5.798932066386262E-7
2.280714273396692E-6
2.286910228036685E-6
3.118533473983956E-6
3.477626436494644E-6
3.6025366259312094E-6
3.5580790498742917E-6
3.302191073080162E-6
3.0190405264507656E-6
2.643870904697076E-6
2.2995683271735096E-6
1.9385886097097073E-6
1.6274512349282225E-6
1.3342922690526987E-6
1.0908836292845883E-6
8.762259418198166E-7
7.032085663926074E-7
5.565206071419376E-7
4.402818678069798E-7
3.45195849653252E-7
2.7135678929754877E-7
2.131244541135876E-7
1.6872136202418696E-7
1.3406910432682056E-7
1.0781609789533193E-7
8.694624978505887E-8
7.080742731270713E-8
5.779964346291794E-8
4.7572300386454984E-8
3.935669022473062E-8
3.276522997397353E-8
2.7395017296809252E-8
2.2989175588780008E-8
1.934078508518893E-8
1.6286369108301973E-8
1.3729285112659268E-8
1.1560443345847187E-8
9.735255097758155E-9
8.1803957382685E-9
6.86853006231699E-9
5.749503515592351E-9
4.8087820432077365E-9
4.00689112812469E-9
3.335642543076979E-9
3.061650152441189E-9
1.5922606259061186E-6
1.5775443801281722E-6
3.052011199369179E-6
3.0284563822011215E-6
3.6545714465852702E-6
5.674657167331646E-6
5.473900384045471E-6
6.7784432488949305E-6
6.2678035908405E-6
6.831688459718728E-6
6.2523209171299685E-6
6.38019917008531E-6
5.763121937013329E-6
5.576641536292249E-6
4.939576483493417E-6
5.297437882928164E-6
4.604752897989629E-6
4.734616247802439E-6
4.017514532215495E-6
3.865720196374208E-6
3.212411029229681E-6
2.9385618271103195E-6
2.4427793863169056E-6
2.187129595161148E-6
1.8538008997543228E-6
1.6484896743814992E-6
1.4191569309388811E-6
1.2558290727955377E-6
1.0864044895216456E-6
9.5318912771016E-7
8.212748733160956E-7
7.122884200748318E-7
6.091207910726998E-7
5.221701843006942E-7
4.4255901865910423E-7
3.750763696444699E-7
3.1556533555503425E-7
2.656056888830402E-7
2.2245037996574187E-7
1.865911346665864E-7
1.5621185273634767E-7
1.3093306250566163E-7
1.0973395476281912E-7
9.264382717134112E-8
7.854112350240437E-8
6.724697158445612E-8
5.861734691971098E-8
5.197451323219705E-8
4.692786745836399E-8
4.287636595660938E-8
3.98149535328632E-8
3.72920210677274E-8
3.609661473937334E-8
3.558529354246747E-8
3.960104773245641E-8
4.515793554965812E-8
5.3130999525631845E-8
6.115609199793356E-8
7.187690956570574E-8
8.373152790759933E-8
9.700621526140656E-8
4.867871066614125E-7
4.5017685895913115E-7
8.52146364477193E-7
7.941202248915006E-7
1.0680736930406004E-6
1.016155791501356E-6
1.180660524191104E-6
1.1334813328795502E-6
1.209287540468217E-6
1.1338812752578123E-6
1.1493294415097837E-6
1.0574264762410348E-6
1.0284835625650223E-6
9.346282343305254E-7
8.806887836625065E-7
7.991767632813545E-7
7.383129380710019E-7
6.706243048791046E-7
1.3698299706792538E-6
1.46802693415056E-6
2.354025199180052E-6
2.3945346027699513E-6
2.7548943595101396E-6
2.6028056110528544E-6
2.5993571076550737E-6
2.326692745792395E-6
3.1462462903469397E-6
2.742229233509588E-6
3.033413491017113E-6
2.559170120938609E-6
2.5020861856053955E-6
2.322322988603478E-6
2.152970633404725E-6
1.997874534132691E-6
1.8056161427684838E-6
1.6354684526317525E-6
1.4443270001801165E-6
1.275396664813471E-6
1.1030754347047927E-6
1.400579653798041E-6
1.1738233308524832E-6
1.3279515691827484E-6
1.0862715242715921E-6
1.3588384230607197E-6
1.099179508829877E-6
1.204591590480741E-6
9.707106975098355E-7
1.0657186260775266E-6
8.977944796191977E-7
9.145861784222468E-7
7.774344876393456E-7
7.426566385062008E-7
1.5668674150924664E-6
1.3864397771313729E-6
1.7531056132692537E-6
1.4799582215892965E-6
1.5293973368908688E-6
1.2517247469770775E-6
1.1706384601962112E-6
9.373717623568578E-7
8.273813621231321E-7
6.523729402508785E-7
5.550698788577951E-7
4.330257005075723E-7
3.5950812782402113E-7
2.7848969029406743E-7
2.2734337828707569E-7
1.2350719597250516E-6
9.646457541673947E-7
1.429769505210836E-6
1.0994969000476628E-6
1.7663927047605798E-6
1.3716225221455856E-6
1.6219061968112432E-6
1.2525767830857875E-6
1.2655928618630127E-6
1.0472091632444395E-6
9.83093225604348E-7
8.097774104911712E-7
1.0448178179493514E-6
8.659034035355986E-7
9.469098861121919E-7
7.745030256170476E-7
7.545219372413994E-7
6.066742077938361E-7
8.311180564602001E-7
6.600246274183884E-7
1.6973017817024204E-5
1.5961690820237883E-5
2.30318873572044E-5
2.0167562107436205E-5
2.2133918964323975E-5
1.9063502968537628E-5
1.8864618705616817E-5
1.6148505185584885E-5
1.5026199380795192E-5
1.2666350012202275E-5
1.1254900411978526E-5
9.303596552123559E-6
7.969988876166361E-6
6.460186418727577E-6
5.375268177561276E-6
4.281039795387838E-6
6.249137668504309E-6
5.412317883464295E-6
6.099147326156004E-6
5.09976797082543E-6
4.979329601201313E-6
4.0329628631245696E-6
3.6364551936156005E-6
2.8756897979543003E-6
2.4680380513096655E-6
1.917243163070083E-6
3.636064217938403E-6
2.9789746826230207E-6
3.843737710901526E-6
3.466847345548878E-6
3.6663868817208753E-6
3.191488104269277E-6
3.0338136913668714E-6
2.54970972900667E-6
2.269417056416711E-6
1.852645346941127E-6
1.577015300443588E-6
1.2579843764637399E-6
1.098620575495991E-6
1.7434626353796776E-6
1.6477640267913398E-6
3.643221723133963E-6
3.6484682367835955E-6
5.331749150124713E-6
5.302447371541619E-6
6.3326475559573945E-6
6.186596792928083E-6
6.5733263516741025E-6
6.241620832022113E-6
6.194816155861129E-6
5.744370077947463E-6
5.462011484010638E-6
4.971368544774551E-6
4.591698872630621E-6
4.117957385877828E-6
4.001009348211902E-6
3.549471923688487E-6
3.311017428802651E-6
2.8923207688192966E-6
2.61440304519621E-6
2.2573815098168264E-6
1.997215281591787E-6
1.710891513351146E-6
1.492165106873275E-6
1.2718174079185102E-6
1.0987064963629826E-6
9.336378139902262E-7
8.015055986499793E-7
6.799575871583225E-7
5.813399089257265E-7
4.927929299369916E-7
4.20214227215213E-7
3.561231590082167E-7
3.031734730250184E-7
8.142395091945736E-7
7.219586877512942E-7
1.9168825582468392E-6
1.7443490030465226E-6
2.636770219344262E-6
2.4012447747531054E-6
2.9739422846273995E-6
2.765987059668779E-6
3.0184742131088017E-6
2.810336315568785E-6
2.8415129770166253E-6
2.617962568895527E-6
2.5744898360242544E-6
2.33611153583474E-6
2.289397480737168E-6
2.0405246288808954E-6
1.926107553133204E-6
1.6866409791250458E-6
1.5387582437316324E-6
1.3367973452514272E-6
1.1901689659002245E-6
1.0212262152895976E-6
8.887320589925928E-7
7.517511484990906E-7
6.459165335273784E-7
5.415492375092894E-7
4.6826471132453996E-7
3.995832597094513E-7
3.5027020865697875E-7
3.106881685170792E-7
2.780779299785004E-7
2.51244486815023E-7
2.2741196250641677E-7
2.0665534407293438E-7
1.8770388795095758E-7
1.7081424562900174E-7
1.5565441406424561E-7
3.9929334893151654E-7
6.546958889098329E-7
1.1812984437010233E-6
1.6636398722408642E-6
1.9636951720089614E-6
2.126108020859208E-6
2.217051133571174E-6
2.213314570094596E-6
2.1710280656877794E-6
2.0407969620449883E-6
1.9152975749263754E-6
1.7566539843333608E-6
1.6066055018357917E-6
1.4726965861273817E-6
1.3290770270615116E-6
1.2113584620237278E-6
1.0840716279999842E-6
9.785819434144503E-7
8.690273707198996E-7
7.765746425393099E-7
6.895648297195393E-7
6.120871742358783E-7
5.484732943166896E-7
4.865722638026487E-7
4.362104841502875E-7
3.865165616983657E-7
3.4502405627089183E-7
3.047615626696314E-7
2.703902214856684E-7
2.3785989965888379E-7
3.616466749368225E-7
3.2110424024663224E-7
3.6752260063804875E-7
3.154084414210157E-7
3.146940707694268E-7
2.633169822018764E-7
2.4379205725941325E-7
2.0056735194771843E-7
1.776114196155705E-7
1.4463596140346616E-7
1.2461854358682786E-7
2.565090784549754E-7
2.1419995886135122E-7
2.6735758267560825E-7
2.1613023371548928E-7
2.2299659620077697E-7
1.7633033882180693E-7
1.6860915834784182E-7
1.3252584604817394E-7
1.2415289025296632E-7
1.0021251432576649E-7
9.228747330326889E-8
7.81923012461241E-8
7.113006649332806E-8
6.136001303099194E-8
5.4950447250617117E-8
4.8714374744143844E-8
9.963892742665303E-8
9.205912290192755E-8
1.1429313253014236E-7
1.0051795413972747E-7
1.0356835921398078E-7
8.768678414566721E-8
8.212419044127983E-8
6.759939590200344E-8
5.977535032727683E-8
4.81884451487226E-8
4.141031715618995E-8
3.3005317688412795E-8
2.8697871641125076E-8
2.3253935569309786E-8
2.0927809427357827E-8
1.7538085484442374E-8
1.6869087766508064E-8
1.489774776886804E-8
1.4447654445727286E-8
1.2936711337350273E-8
1.2251543858770368E-8
1.0932191108010589E-8
2.1154920431633688E-7
1.8885297774715858E-7
6.060513331194482E-7
5.375823523692968E-7
7.670714382207073E-7
6.441653293041366E-7
1.4097571653975297E-6
1.1723711978255706E-6
2.6034195005751683E-6
2.2510842585135156E-6
3.067544397066981E-6
2.697086060679715E-6
3.0900427995846276E-6
2.7804890825578367E-6
2.9377290800473617E-6
2.6968334844368065E-6
2.729968053227447E-6
2.5433681724939606E-6
2.5128710746480484E-6
2.3628515891782953E-6
2.334117449027729E-6
2.20134710718644E-6
2.1429028846406535E-6
2.0230780072938308E-6
1.9458352087456515E-6
1.8369318369078055E-6
1.753454325770133E-6
1.6755428228696513E-6
1.5927550027153486E-6
1.5132206829333154E-6
1.4319464252981956E-6
1.3545499517010351E-6
1.4885334517318538E-6
1.3826704437859392E-6
1.760213688193319E-6
1.6230836690812888E-6
1.8844668282407167E-6
1.7517485015213142E-6
1.8868450373621859E-6
1.772848000876402E-6
1.8180770885600246E-6
1.7168134833668043E-6
1.7044456220426177E-6
1.6092206965416806E-6
1.5624522774716774E-6
1.4704337879422538E-6
1.711175253543985E-6
1.5505125698511396E-6
2.095378963082101E-6
1.8329043118554854E-6
2.107064462116935E-6
1.8190755858743027E-6
1.9283829636695535E-6
1.6899844165006106E-6
1.6834883479097685E-6
1.496058416606792E-6
1.420726409875809E-6
1.4849506810366461E-6
1.3380438066425071E-6
1.6544769959103894E-6
1.4456985420692928E-6
1.577902412967255E-6
1.3576248066485567E-6
1.3824315947107233E-6
1.1918074532475126E-6
1.1518331931231566E-6
9.931625605252456E-7
9.236987482313291E-7
7.940952733958481E-7
7.180779543416422E-7
6.145547610534014E-7
5.443687445221843E-7
5.216732839540482E-7
4.582821422113523E-7
5.164622949266245E-7
4.58473790745081E-7
4.787734295484551E-7
4.209159827576364E-7
4.100684695725346E-7
3.558774722060777E-7
3.425358666910668E-7
2.9413279914697577E-7
2.90181404672018E-7
2.4819676795613083E-7
2.3332400082933446E-7
1.95870298869916E-7
1.7525832240600443E-7
1.440477337925615E-7
1.239144669367829E-7
9.990600640052244E-8
8.339953870941794E-8
6.616228253152188E-8
5.3984641073596606E-8
4.227008138017936E-8
3.3894298538335854E-8
2.626503847278165E-8
2.078061222172885E-8
1.597256402378276E-8
1.2632998703802223E-8
9.711529273837367E-9
7.818761408238245E-9
6.095337915421636E-9
4.96614617539297E-9
3.908984344463118E-9
3.2196215565782628E-9
2.557350524880243E-9
7.497382754227016E-8
6.466860039984747E-8
1.9820946321761826E-7
1.7132325669440228E-7
3.4963293851401396E-7
3.038745411232984E-7
5.393942373747932E-7
4.880056975605666E-7
6.15267440700838E-7
5.614692570351493E-7
6.304673358037341E-7
5.826583366308103E-7
6.263964713090528E-7
5.973857458367374E-7
6.047040675241211E-7
5.880489173976518E-7
5.753417426514841E-7
5.50087605566762E-7
5.257257816233435E-7
4.963864345815191E-7
4.681292704366246E-7
4.382474529754835E-7
4.098597622462624E-7
3.865274261865259E-7
3.663579401026501E-7
3.7009501937635923E-7
3.59113568467257E-7
3.7411296852719254E-7
3.7222397595231877E-7
3.6032838881912874E-7
3.5942150056125437E-7
3.3296267309772446E-7
3.117742282095795E-7
2.765255624338361E-7
2.4634391163905414E-7
2.1100855340147797E-7
1.8100582491114455E-7
1.5076669815974708E-7
1.2564000923628417E-7
1.0236196975172307E-7
8.343798029903813E-8
6.682443926914995E-8
5.35736842061413E-8
4.235848133979946E-8
3.391967692332254E-8
2.7462872559352015E-8
3.5328765911415425E-8
3.319735930848834E-8
6.258752656274354E-8
6.182151369260316E-8
8.600068355472567E-8
8.124051014075962E-8
8.947453051692829E-8
8.11239525543715E-8
8.001456828503827E-8
7.07449408061164E-8
6.661042203160647E-8
5.939660169508317E-8
5.922664911394989E-8
5.86399575159874E-8
7.132224366898759E-8
8.492904347704455E-8
1.1600442978455658E-7
1.5532047169487463E-7
2.1278160419602822E-7
2.7921370846489115E-7
3.644245478637222E-7
4.6783627098545905E-7
5.916427637211198E-7
7.278033527438706E-7
8.735943733919433E-7
1.0349095065260572E-6
1.201046873039398E-6
1.3603575390085044E-6
1.5088018069830705E-6
1.64511059794832E-6
1.767674864593329E-6
1.8695530421846928E-6
1.9537552432443506E-6
2.0183221807646414E-6
2.0575053067192425E-6
2.080913427508319E-6
2.0788999953488478E-6
2.061723177161424E-6
2.0233005658630114E-6
1.9714648767794128E-6
1.9038231122880696E-6
1.8257975103462557E-6
1.7371517667289123E-6
1.6422991709773594E-6
1.5420824078803684E-6
1.4395099135188208E-6
1.335777997029736E-6
1.2329177443369176E-6
1.1318339872161641E-6
1.0341130009001164E-6
9.400858929874663E-7
8.508171406862804E-7
7.662651257607499E-7
6.870639686284776E-7
6.130387860538136E-7
5.445286732360184E-7
4.813167828322763E-7
4.3766224036749243E-7
3.863231604032711E-7
3.685936828916368E-7
3.2688807246037705E-7
3.073665701164643E-7
2.687186400094999E-7
2.439866432146423E-7
2.0981373351312212E-7
1.8490381257376747E-7
1.5662166895613256E-7
1.34899636687481E-7
1.1285097147588878E-7
9.556221457213329E-8
7.950805982277706E-8
6.814867408242191E-8
5.880023773847296E-8
5.252251926870957E-8
4.765031871128667E-8
4.4577595937429366E-8
4.245052273669886E-8
4.1750531686924107E-8
4.1759048554420835E-8
4.7042436940812185E-8
4.809837685778139E-8
5.786849373803849E-8
5.871847525670278E-8
6.375759930191434E-8
6.321920803700923E-8
6.468373397369151E-8
6.312577341213594E-8
6.235130278657932E-8
6.057793847343931E-8
5.848219981202076E-8
5.6806824309198105E-8
5.510170010038002E-8
5.4695044344068266E-8
6.21281986893557E-8
6.115223137477028E-8
7.902627929986035E-8
7.727253580668379E-8
9.373839652620319E-8
9.738597913255323E-8
1.1102791226791261E-7
1.1366353297753453E-7
1.2443809355981033E-7
1.26652493115847E-7
1.3397382976093916E-7
1.3668948761316382E-7
2.2666189076737457E-7
2.2675786507705132E-7
3.9873384199817495E-7
3.938120875893036E-7
4.870305134345056E-7
4.7091119189111673E-7
5.111159137248499E-7
4.927899099295557E-7
5.081190950403971E-7
4.896955872125082E-7
4.907061449565164E-7
4.7229297691140777E-7
4.645406122196419E-7
4.731421002278618E-7
4.530533309035313E-7
4.972573257595906E-7
4.6820621540693476E-7
4.952137695166533E-7
4.640067342428558E-7
4.6715596779173296E-7
4.349058291595392E-7
4.20730848636958E-7
3.887839983832993E-7
3.648624544505326E-7
3.3345600071748685E-7
3.225339406255285E-7
2.8960438640091194E-7
2.956160166850281E-7
2.619977186043646E-7
2.552639771737858E-7
2.2441254654265717E-7
2.2219838329695332E-7
1.9268344396950115E-7
2.0110415235940494E-7
1.7308065549021985E-7
1.7099307116235027E-7
1.4680463655494184E-7
1.4725984312125409E-7
1.2510927481117696E-7
1.357629738631311E-7
1.1875034951539244E-7
1.2750882387704515E-7
1.1323798893450024E-7
1.2472093586344116E-7
1.1314879880599155E-7
1.1806695011158324E-7
1.109328774542763E-7
1.1254981480428703E-7
1.0658697444487338E-7
1.06596147877835E-7
1.024373055454754E-7
1.007686786964617E-7
9.701385851608852E-8
9.422470845823319E-8
8.997620821726849E-8
9.630703724794881E-8
4.896549010971359E-7
5.042666620946747E-7
1.3012190467626756E-6
1.33083116691273E-6
1.702118641986581E-6
1.8064114666060763E-6
1.831055036001172E-6
1.984742267721746E-6
1.8380139345067527E-6
1.8256792689766596E-6
1.6223479672740179E-6
1.5283816475405375E-6
1.3452740796068345E-6
1.2329142816300522E-6
1.0715820290687079E-6
9.532783701600743E-7
8.193555622529702E-7
7.126859200192259E-7
6.083012107578897E-7
5.237665001046012E-7
4.4983685553033827E-7
3.8789320089964796E-7
3.345544892265043E-7
2.8876620091401053E-7
2.4907955640002066E-7
2.1457086720807903E-7
1.8450433210324583E-7
1.7814997568469406E-7
1.506805297051864E-7
1.7460153701164012E-7
1.455949621624293E-7
1.5804439323883394E-7
1.3129864112477125E-7
1.3100414162673004E-7
1.0867666931901981E-7
1.0231678742110568E-7
8.508373311928993E-8
7.720772477421404E-8
6.426598498095747E-8
5.6828767710133895E-8
4.7226094192348946E-8
4.096116380781306E-8
3.3942933083732896E-8
4.6323020522813686E-8
4.000291069651692E-8
7.210613946568318E-8
6.465865959554821E-8
8.103135991712626E-8
7.020464327727244E-8
7.298528058801447E-8
6.101439165994367E-8
5.728581647772207E-8
4.65293264151857E-8
4.105536416654741E-8
3.313237842681632E-7
2.481473254141138E-7
9.38483559824237E-7
7.234862419382035E-7
1.2465914644663643E-6
9.86110738560021E-7
1.2729554072853136E-6
1.0608164265946819E-6
1.204446967401842E-6
1.0557784961543576E-6
1.112541689113423E-6
1.0036870311639598E-6
1.0095394915428975E-6
9.231116295339116E-7
8.991898875923791E-7
8.281349527768938E-7
7.885576378513408E-7
7.288114227562769E-7
6.82953121567522E-7
6.52812428736624E-7
6.015993756829269E-7
5.96833845026061E-7
6.081899486669917E-7
5.662622135807068E-7
6.367826497299406E-7
5.655344420901052E-7
5.695285308907504E-7
4.941283976447058E-7
4.761540187343065E-7
4.1648631744575773E-7
3.8866528152985075E-7
3.412232995485701E-7
3.1012871516280554E-7
2.715798866584788E-7
2.4559707037031506E-7
2.158662070588703E-7
1.936826568312822E-7
1.6992679331900775E-7
1.5081411047885755E-7
1.3151766424720024E-7
1.1538478986752155E-7
1.1010049453676065E-7
9.595249075733156E-8
1.047857015858604E-7
9.247558741609849E-8
9.376660351379064E-8
8.221525579823036E-8
7.705028764479633E-8
6.555996456089243E-8
5.816937945963635E-8
4.858406582510494E-8
4.188683753827989E-8
3.5134170131527657E-8
3.0131457640149925E-8
2.53129204249878E-8
2.1537887881732374E-8
1.7988896475543265E-8
1.511766406073257E-8
1.2492964883848159E-8
1.0347970996503078E-8
8.444736622105768E-9
1.0879674327840043E-8
8.755756598766317E-9
1.4551643478637391E-8
1.1801073646473844E-8
1.3956672851820381E-8
1.1082336805607154E-8
1.1121914380919755E-8
8.6632685589393E-9
7.963805951534166E-9
6.110092788564955E-9
5.326781884767634E-9
4.040088634799637E-9
3.401483454156588E-9
2.557548121905294E-9
2.1015345741053013E-9
3.562115193172529E-8
4.008338544563199E-8
1.0388541528341245E-7
1.111240378080445E-7
1.6961793013668914E-7
1.5721385935877418E-7
2.241083328988797E-7
1.984612435334595E-7
2.219264548042191E-7
1.9399574259819616E-7
1.9949442007194302E-7
1.772558878906653E-7
1.7408881556024708E-7
1.5559524348340863E-7
1.5063049309773543E-7
1.347743434852461E-7
1.3222255165027965E-7
1.1918294145530513E-7
1.1450239073278886E-7
1.032605124129398E-7
9.49947508923593E-8
8.374235935356937E-8
7.440437081227168E-8
6.447065507475139E-8
5.631515804375753E-8
4.8951920152603125E-8
4.26993373947422E-8
3.706732948197375E-8
3.215658929171565E-8
2.7744383740511516E-8
2.3956789048852608E-8
2.0552526588478287E-8
1.906008542910983E-8
1.673828079623036E-8
1.7657167339077497E-8
1.6379888816352533E-8
1.7052679824752044E-8
1.60237610923992E-8
1.5947573785725494E-8
1.4860844219981304E-8
1.4817088128338144E-8
1.3620784664269064E-8