
0.0
0.0
0.0
0.0
0.0
0.0
0.0
0.0
0.0
0.0
0.0
0.0
4.991175877852758E-5
6.024101504707797E-5
0.0024627406352568746
0.0037209636912632574
0.0074460759081176175
0.009294022411140586
0.01238540549423285
0.013675044521702907
0.015257775226883378
0.015544442048951055
0.015756105862411475
0.015217410051906544
0.014577862970259675
0.013596426350161282
0.012593928190663085
0.011496840741361031
0.010451099308940316
0.009434829380702059
0.008506413076324815
0.007655134904401657
0.006898371078720591
0.006226168279677412
0.005638491417720185
0.005125252841248446
0.004680331748851659
0.004294499213934483
0.003960580063777384
0.003670930246290999
0.0034192608306765704
0.0031996899267819766
0.003007328161714292
0.002837876518693569
0.002687767884022803
0.0025539649153343046
0.0024339557775206458
0.0023256362845917346
0.002227268459528615
0.0021374058834206164
0.0020548515718892693
0.0019786093008315343
0.0019078505156460012
0.0018418824927783604
0.001780124808599461
0.001722088590254666
0.0016673605362767922
0.0016155894148126534
0.00156647542179341
0.0015197613594202103
0.0014752255722965848
0.0014326761254613652
0.0013919460811213941
0.0013528895983387803
0.00131537873058944
0.0012793007653645085
0.0012445560151398277
0.0012110559679639576
0.0011787217360808844
0.0011474827466632109
0.0011172756337375033
0.0010880432960835766
0.0010597340939196434
0.0010323011615055097
0.0010057018173814133
9.798970569629682E-4
9.548511149861764E-4
9.305310873245851E-4
9.069066034698372E-4
8.839495423258646E-4
8.616337851524628E-4
8.399350004079108E-4
8.188304560653751E-4
7.982988556001285E-4
7.783201944335045E-4
7.588756340515673E-4
7.39947391441261E-4
7.215186417954705E-4
7.035734327440449E-4
6.860966085955463E-4
6.69073743292659E-4
6.524910809564009E-4
6.36335483049191E-4
6.20594381318581E-4
6.052557357941465E-4
5.903079972099312E-4
5.757400733057123E-4
5.615412985349108E-4
5.47701406767295E-4
5.342105066297035E-4
5.210590591734081E-4
5.082378575975955E-4
4.957380087926163E-4
4.8355091649685987E-4
4.716682658872345E-4
4.6008200944536507E-4
4.4878435396169993E-4
4.377677485560929E-4
4.270248736087267E-4
4.1654863050750426E-4
4.0633213212965213E-4
3.9636869398467086E-4
3.8665182595437706E-4
3.7717522457317754E-4
3.6793276579807666E-4
3.589184982237373E-4
3.501266367026456E-4
3.41551556335068E-4
3.3318778679697217E-4
3.250300069777409E-4
3.170730399022646E-4
3.0931184791472557E-4
3.017415281036159E-4
2.943573079495908E-4
2.8715454117965325E-4
2.8012870381256003E-4
2.7327539038205417E-4
2.6659031032547477E-4
2.6006928452675126E-4
2.537082420034858E-4
2.475032167289958E-4
2.4145034458082442E-4
2.3554586040800578E-4
2.2978609521004937E-4
2.2416747342114874E-4
2.1868651029367152E-4
2.1333980937545294E-4
2.0812406007584769E-4
2.0303603531589978E-4
1.9807258925828972E-4
1.932306551131043E-4
1.885072430157467E-4
1.8389943797347645E-4
1.7940439787750149E-4
1.7501935157753675E-4
1.7074159701613658E-4
1.6656849942016426E-4
1.624974895469815E-4
1.5852606198310423E-4
1.5465177349316265E-4
1.5087224141719497E-4
1.4718514211436388E-4
1.4358820945133694E-4
1.400792333336528E-4
1.3665605827849556E-4
1.3331658202736274E-4
1.3005875419724747E-4
1.2688057496896117E-4
1.2378009381132783E-4
1.2075540824006546E-4
1.1780466261015826E-4
1.1492604694067246E-4
1.1211779577092683E-4
1.0937818704705831E-4
1.0670554103799272E-4
1.0409821927994249E-4
1.0155462354854462E-4
9.907319485778543E-5
9.66524124849568E-5
9.42907930208198E-5
9.198688944428772E-5
8.973929022087487E-5
8.754661842426699E-5
8.54075308803223E-5
8.332071733289441E-5
8.128489963085671E-5
7.929883093573534E-5
7.736129494939227E-5
7.547110516120204E-5
7.362710411419363E-5
7.182816268964977E-5
7.007317940965736E-5
6.836107975713996E-5
6.669081551289997E-5
6.50613641092276E-5
6.347172799963169E-5
6.192093404427444E-5
6.0408032910706314E-5
5.893209848948924E-5
5.749222732433439E-5
5.60875380563747E-5
5.4717170882211476E-5
5.3380287025377675E-5
5.207606822087609E-5
5.0803716212462745E-5
4.956245226234835E-5
4.835151667299902E-5
4.717016832073922E-5
4.601768420084869E-5
4.4893358983872E-5
4.379650458285308E-5
4.272644973122207E-5
4.16825395710694E-5
4.066413525154307E-5
3.96706135371219E-5
3.870136642550841E-5
3.7755800774916395E-5
3.683333794050208E-5
3.5933413419729165E-5
3.505547650642737E-5
3.419898995334711E-5
3.336342964298616E-5
3.2548284266481814E-5
3.1753055010395794E-5
3.097725525115467E-5
3.0220410256985087E-5
2.9482056897157758E-5
2.8761743358346823E-5
2.8059028867939848E-5
2.7373483424123178E-5
2.6704687532575523E-5
2.6052231949608E-5
2.5415717431592006E-5
2.4794754490520564E-5
2.418896315555051E-5
2.359797274038047E-5
2.3021421616321546E-5
2.2458956990918897E-5
2.1910234691989013E-5
2.137491895694059E-5
2.0852682227248015E-5
2.0343204947951834E-5
1.9846175372062744E-5
1.936128936974833E-5
1.8888250242186855E-5
1.84267685399716E-5
1.7976561885957032E-5
1.7537354802433478E-5
1.7108878542530865E-5
1.669087092574044E-5
1.62830761774602E-5
1.588524477246195E-5
1.5497133282183722E-5
1.511850422575666E-5
1.4749125924671873E-5
1.4388772361000675E-5
1.4037223039079073E-5
1.3694262850574341E-5
1.3359681942847981E-5
1.303327559053642E-5
1.2714844070271038E-5
1.2404192538458718E-5
1.2101130912050097E-5
1.180547375222085E-5
1.1517040150897183E-5
1.1235653620051761E-5
1.0961141983707949E-5
1.0693337272580162E-5
1.043207562129168E-5
1.0177197168101667E-5
9.928545957084124E-6
9.685969842696019E-6
9.449320396678749E-6
9.218452817232585E-6
8.993225840412255E-6
8.77350165368658E-6
8.559145811610452E-6
8.35002715355774E-6
8.146017723463284E-6
7.94699269152763E-6
7.752830277833046E-6
7.563411677827044E-6
7.378620989626568E-6
7.198345143097682E-6
7.02247383066915E-6
6.850899439835393E-6
6.683516987309738E-6
6.520224054785581E-6
6.360920726267625E-6
6.205509526934325E-6
6.053895363493822E-6
5.905985465997642E-6
5.7616893310754645E-6
5.6209186665573735E-6
5.483587337448958E-6
5.349611313226227E-6
5.21890861641849E-6
5.091399272447536E-6
4.967005260691956E-6
4.845650466747875E-6
4.7272606358551815E-6
4.611763327462481E-6
4.499087870901397E-6
4.389165322144786E-6
4.281928421620433E-6
4.177311553056292E-6
4.075250703330693E-6
3.975683423304004E-6
3.87854878960675E-6
3.783787367361615E-6
3.691341173816383E-6
3.6011536428652557E-6
3.5131695904367104E-6
3.4273351807275966E-6
3.3435978932618928E-6
3.2619064907541068E-6
3.1822109877583595E-6
3.1044626200828966E-6
3.028613814952291E-6
2.954618161898394E-6
2.882430384362711E-6
2.8120063119922983E-6
2.7433028536128687E-6
2.676277970861969E-6
2.6108906524665053E-6
2.547100889148645E-6
2.4848696491449363E-6
2.4241588543233388E-6
2.3649313568839846E-6
2.307150916629199E-6
2.250782178788585E-6
2.1957906523862476E-6
2.142142689136311E-6
2.0898054628541925E-6
2.038746949370778E-6
1.9889359069375322E-6
1.940341857110204E-6
1.8929350660995751E-6
1.8466865265779798E-6
1.8015679399302134E-6
1.7575516989381083E-6
1.7146108708881758E-6
1.672719181092151E-6
1.6318509968097475E-6
1.5919813115646186E-6
1.553085729843278E-6
1.5151404521680133E-6
1.4781222605343636E-6
1.4420085042044778E-6
1.4067770858475533E-6
1.3724064480188984E-6
1.3388755599692737E-6
1.3061639047766481E-6
1.2742514667922423E-6
1.2431187193933018E-6
1.2127466130351873E-6
1.1831165635952192E-6
1.1542104410015018E-6
1.126010558139374E-6
1.09849966002907E-6
1.0716609132676923E-6
1.0454778957291318E-6
1.01993458651573E-6
9.950153561553594E-7
9.70704957038083E-7
9.469885140863447E-7
9.238515156532821E-7
9.012798046432584E-7
8.792595698494049E-7
8.577773375028338E-7
8.368199630282747E-7
8.163746230011406E-7
7.964288073011295E-7
7.769703114575417E-7
7.579872291815224E-7
7.394679450808895E-7
7.214011275528795E-7
7.037757218505163E-7
6.86580943318496E-7
6.698062707941441E-7
6.534414401698355E-7
6.374764381124931E-7
6.219014959366483E-7
6.067070836271721E-7
5.918839040080081E-7
5.77422887053438E-7
5.633151843383004E-7
5.495521636237769E-7
5.361254035754987E-7
5.230266886107176E-7
5.102480038713089E-7
4.977815303196345E-7
4.856196399542513E-7
4.7375489114243915E-7
4.621800240668366E-7
4.5088795628328184E-7
4.39871778387186E-7
4.291247497858268E-7
4.1864029457387017E-7
4.0841199750973594E-7
3.9843360009020026E-7
3.8869899672095616E-7
3.7920223098069675E-7
3.6993749197650595E-7
3.608991107882748E-7
3.520815570000053E-7
3.4347943531583626E-7
3.35087482258786E-7
3.26900562950095E-7
3.1891366796732905E-7
3.111219102791752E-7
3.0352052225519117E-7
2.9610485274853803E-7
2.8887036425008263E-7
2.818126301119343E-7
2.749273318388907E-7
2.682102564460181E-7
2.616572938808168E-7
2.5526443450833916E-7
2.4902776665778736E-7
2.4294347422902726E-7
2.37007834357581E-7
2.3121721513669752E-7
2.255680733950279E-7
2.2005695252865458E-7
2.1468048038603226E-7
2.094353672046558E-7
2.0431840359810134E-7
1.9932645859226893E-7
1.944564777095935E-7
1.8970548110007614E-7
1.8507056171795717E-7
1.805488835429615E-7
1.7613767984498497E-7
1.718342514911836E-7
1.6763596529442226E-7
1.635402524020884E-7
1.5954460672424606E-7
1.556465834002122E-7
1.5184379730259307E-7
1.4813392157787073E-7
1.4451468622263617E-7
1.409838766946306E-7
1.3753933255769407E-7
1.341789461598491E-7
1.3090066134365525E-7
1.2770247218809434E-7
1.2458242178117732E-7
1.2153860102255752E-7
1.1856914745537178E-7
1.156722441266555E-7
1.128461184755685E-7
1.1008904124880947E-7
1.0739932544251184E-7
1.0477532526999755E-7
1.0221543515475534E-7
9.971808874801344E-8
9.728175797032685E-8
9.490495207656458E-8
9.258621674376242E-8
9.032413318123783E-8
8.811731726246778E-8
8.596441867816523E-8
8.386412011004688E-8
8.181513642479236E-8
7.981621388770078E-8
7.786612939554343E-8
7.596368972818108E-8
7.410773081844566E-8
7.22971170398748E-8
7.053074051184185E-8
6.880752042166467E-8
6.712640236327548E-8
6.548635769205118E-8
6.388638289540356E-8
6.232549897875025E-8
6.080275086648572E-8
5.931720681758646E-8
5.78679578554996E-8
5.645411721195561E-8
5.507481978436887E-8
5.372922160650361E-8
5.241649933205942E-8
5.113584973088763E-8
4.988648919750606E-8
4.866765327162611E-8
4.747859617039512E-8
4.631859033206438E-8
4.51869259708087E-8
4.408291064242083E-8
4.300586882061933E-8
4.195514148370431E-8
4.0930085711316703E-8
3.993007429104703E-8
3.89544953346545E-8
3.800275190366509E-8
3.7074261644117065E-8
3.616845643022599E-8
3.5284782016763554E-8
3.442269769992228E-8
3.3581675986471235E-8
3.276120227099037E-8
3.1960774520994837E-8
3.11799029697509E-8
3.041810981659451E-8
2.9674928934577948E-8
2.89499055852519E-8
2.8242596140420825E-8
2.7552567810695895E-8
2.6879398380678424E-8
2.622267595061431E-8
2.5581998684359932E-8
2.4956974563507655E-8
2.4347221147515172E-8
2.375236533969849E-8
2.3172043158941088E-8
2.260589951697942E-8
2.205358800113331E-8
2.1514770662340004E-8
2.0989117808371827E-8
2.0476307802101287E-8
1.997602686470014E-8
1.9487968883641392E-8
1.9011835225396042E-8
1.8547334552705066E-8
1.8094182646314873E-8
1.7652102231069487E-8
1.722082280625049E-8
1.680008048006315E-8
1.6389617808165997E-8
1.5989183636145117E-8
1.5598532945837775E-8
1.5217426705409955E-8
1.4845631723098125E-8
1.448292050452266E-8
1.4129071113488849E-8
1.3783867036188075E-8
1.3447097048716905E-8
1.3118555087833666E-8
1.2798040124871605E-8
1.2485356042733988E-8
1.2180311515892552E-8
1.1882719893320425E-8
1.159239908428263E-8
1.1309171446918929E-8
1.1032863679547635E-8
1.0763306714625947E-8
1.0500335615300508E-8
1.024378947448569E-8
9.99351131640745E-9
9.749348000552982E-9
9.511150127966435E-9
9.27877194983541E-9
9.05207127830911E-9
8.830909399496557E-9
8.615150988590418E-9
8.404664027063828E-9
8.199319721891173E-9
7.998992426741768E-9
7.803559565099217E-9
7.61290155525944E-9
7.426901737160379E-9
7.245446301000493E-9
7.068424217600078E-9
6.8957271704650605E-9
6.727249489509771E-9
6.562888086399921E-9
6.4025423914740766E-9
6.2461142922076974E-9
6.093508073179383E-9
5.944630357504593E-9
5.799390049700318E-9
5.6576982799449315E-9
5.519468349700975E-9
5.384615678665408E-9
5.2530577530170455E-9
5.124714074927521E-9
4.9995061133063E-9
4.877357255748972E-9
4.758192761659523E-9
4.641939716518089E-9
4.528526987265715E-9
4.417885178779581E-9
4.309946591411274E-9
4.204645179562787E-9
4.101916511274287E-9
4.001697728799497E-9
3.903927510144332E-9
3.8085460315448805E-9
3.7154949308624704E-9
3.6247172718731264E-9
3.5361575094291252E-9
3.4497614554721045E-9
3.365476245876257E-9
3.283250308101978E-9
3.203033329639466E-9
3.1247762272234516E-9
3.0484311168000597E-9
2.973951284227492E-9
2.9012911566924834E-9
2.830406274825145E-9
2.7612532654952274E-9
2.6937898152726778E-9
2.6279746445371204E-9
2.563767482219368E-9
2.501129041160535E-9
2.4400209940728406E-9
2.3804059500878664E-9
2.3222474318778417E-9
2.2655098533357435E-9
2.2101584978009504E-9
2.1561594968167153E-9
2.103479809406638E-9
2.052087201857628E-9
2.0019502279965442E-9
1.953038209949039E-9
1.90532121936823E-9
1.858770059122138E-9
1.8133562454285277E-9
1.7690519904261707E-9
1.7258301851720196E-9
1.6836643830537184E-9
1.6425287836074571E-9
1.6023982167311041E-9
1.5632481272831177E-9
1.5250545600577189E-9
1.4877941451271588E-9
1.4514440835420445E-9
1.4159821333811755E-9
1.3813865961420694E-9
1.3476363034640386E-9
1.3147106041757307E-9
1.2825893516590085E-9
1.2512528915216443E-9
1.2206820495711472E-9
1.1908581200824588E-9
1.161762854352222E-9
1.1333784495328063E-9
1.1056875377390146E-9
1.0786731754210632E-9
1.0523188329970895E-9
1.0266083847390164E-9
1.0015260989056582E-9
9.770566281163813E-10
9.531849999610366E-10
9.298966078375612E-10
9.071772020154059E-10
8.850128809164012E-10
8.633900826074716E-10
8.422955765040468E-10
8.21716455273035E-10
8.016401269362936E-10
7.820543071655885E-10
7.629470117633468E-10
7.443065493349741E-10
7.261215141297667E-10
7.083807790667051E-10
6.910734889232164E-10
6.741890536909868E-10
6.577171421051149E-10
6.416476753049486E-10
6.25970820685034E-10
6.106769858775467E-10
5.957568128688311E-10
5.812011722857202E-10
5.670011578039736E-10
5.531480807011721E-10
5.39633464538993E-10
5.264490399772177E-10
5.13586739713583E-10
5.010386935469534E-10
4.887972235645251E-10
4.768548394395512E-10
4.65204233851941E-10
4.5383827801323485E-10
4.427500173082134E-10
4.319326670388646E-10
4.213796082709262E-10
4.1108438378572144E-10
4.010406941282856E-10
3.9124239375325E-10
3.816834872642775E-10
3.7235812574569967E-10
3.632606031836185E-10
3.543853529745314E-10
3.4572694451922287E-10
3.3728007989987996E-10
3.290395906383948E-10
3.210004345338755E-10
3.1315769257740817E-10
3.0550656594222315E-10
2.9804237304736806E-10
2.907605466931388E-10
2.836566312665111E-10
2.7672628001480737E-10
2.6996525238602045E-10
2.6336941143409993E-10
2.569347212876127E-10
2.5065724468029616E-10
2.4453314054189616E-10
2.385586616479028E-10
2.3273015232668218E-10
2.2704404622265168E-10
2.2149686411408365E-10
2.1608521178423612E-10
2.1080577794450838E-10
2.0565533220829942E-10
2.0063072311442808E-10
1.9572887619878102E-10
1.9094679211313086E-10
1.8628154478987142E-10
1.8173027965162602E-10
1.7729021186458276E-10
1.7295862463449837E-10
1.6873286754435456E-10
1.6461035493260535E-10
1.6058856431107265E-10
1.5666503482146813E-10
1.528373657296537E-10
1.4910321495667257E-10
1.4546029764566802E-10
1.4190638476383324E-10
1.3843930173850196E-10
1.3505692712656772E-10
1.3175719131641445E-10
1.2853807526156414E-10
1.2539760924524678E-10
1.2233387167518638E-10
1.193449879077984E-10
1.1642912910113768E-10
1.1358451109586568E-10
1.1080939332355266E-10
1.0810207774165876E-10
1.0546090779453567E-10
1.0288426739980521E-10
1.0037057995951469E-10
9.791830739544471E-11
9.552594920798468E-11
9.319204155801232E-11
9.0915156371188E-11
8.86939004641523E-11
8.652691469205788E-11
8.441287311693536E-11
8.23504821963766E-11
8.033847999204191E-11
7.837563539750168E-11
7.646074738494544E-11
7.459264427029758E-11
7.277018299628359E-11
7.099224843301527E-11
6.925775269566623E-11
6.75656344788094E-11
6.591485840703205E-11
6.43044144014014E-11
6.273331706142312E-11
6.120060506208784E-11
5.970534056565642E-11
5.824660864781625E-11
5.682351673785375E-11
5.543519407250743E-11
5.408079116316619E-11
5.275947927608028E-11
5.147044992527751E-11
5.0212914377862465E-11
4.8986103171410896E-11
4.778926564314211E-11
4.662166947061256E-11
4.548260022361094E-11
4.4371360927020254E-11
4.3287271634347785E-11
4.222966901167837E-11
4.119790593179449E-11
4.019135107820958E-11
3.920938855887946E-11
3.825141752934667E-11
3.731685182509815E-11
3.640511960289927E-11
3.551566299089644E-11
3.4647937747262567E-11
3.3801412927189227E-11
3.297557055800841E-11
3.2169905322256403E-11
3.1383924248479856E-11
3.061714640959417E-11
2.986910262861487E-11
2.913933519157579E-11
2.842739756746352E-11
2.773285413499243E-11
2.7055279916056636E-11
2.6394260315694187E-11
2.5749390868404252E-11
2.512027699066091E-11
2.45065337394768E-11
2.390778557686207E-11
2.3323666140041296E-11
2.275381801728112E-11
2.2197892529198526E-11
2.1655549515409243E-11
2.1126457126390492E-11
2.0610291620428522E-11
2.0106737165526556E-11
1.9615485646153923E-11
1.9136236474715654E-11
1.8668696407627848E-11
1.8212579365888742E-11
1.7767606260031397E-11
1.733350481935418E-11
1.6910009425323697E-11
1.6496860949047728E-11
1.6093806592718752E-11
1.570059973493249E-11
1.5316999779783872E-11
1.4942772009651905E-11
1.4577687441579874E-11
1.4221522687164442E-11
1.3874059815869826E-11
1.3535086221678665E-11
1.3204394493003749E-11
1.2881782285775411E-11
1.256705219963239E-11
1.2260011657135257E-11
1.1960472785931987E-11
1.1668252303802791E-11
1.1383171406513053E-11
1.110505565840606E-11
1.083373488566942E-11
1.0569043072208798E-11
1.0310818258065715E-11
1.0058902440317357E-11
9.813141476397484E-12
9.573384989779618E-12
9.339486277964273E-12
9.111302222714732E-12
8.888693202485206E-12
8.671523006989642E-12
8.459658753856527E-12
8.252970807321374E-12
8.051332698904416E-12
7.854621050027274E-12
7.662715496519767E-12
7.475498614971319E-12
7.292855850881937E-12
7.114675448568217E-12
6.940848382782388E-12
6.771268292001577E-12
6.605831413347469E-12
6.444436519095349E-12
6.286984854735221E-12
6.13338007854543E-12
5.983528202642958E-12
5.837337535474315E-12
5.694718625710758E-12
5.555584207515257E-12
5.4198491471455315E-12
5.287430390862884E-12
5.158246914112791E-12
5.0322196719476005E-12
4.909271550660491E-12
4.789327320600937E-12
4.672313590143214E-12
4.558158760779294E-12
4.446792983309159E-12
4.338148115101321E-12
4.232157678397793E-12
4.12875681963726E-12
4.02788226977273E-12
3.929472305558215E-12
3.833466711781597E-12
3.739806744419763E-12
3.648435094694633E-12
3.55929585400661E-12
3.4723344797254265E-12
3.387497761816451E-12
3.304733790282445E-12
3.2239919234007543E-12
3.145222756736766E-12
3.0683780929140352E-12
2.993410912123427E-12
2.9202753433523714E-12
2.848926636317455E-12
2.7793211340824372E-12
2.7114162463453557E-12
2.645170423378432E-12
2.5805431306045215E-12
2.5174948237947336E-12
2.455986924872085E-12
2.3959817983063056E-12
2.337442728085428E-12
2.280333895249768E-12
2.224620355975183E-12
2.1702680201914083E-12
2.1172436307231407E-12
2.0655147429405063E-12
2.0150497049068356E-12
1.965817638011458E-12
1.9177884180755325E-12
1.8709326569198447E-12
1.825221684382495E-12
1.7806275307763852E-12
1.737122909774877E-12
1.694681201716021E-12
1.6532764373142795E-12
1.6128832817705423E-12
1.5734770192701645E-12
1.5350335378599094E-12
1.4975293146941753E-12
1.4609414016418905E-12
1.4252474112450133E-12
1.3904255030199308E-12
1.3564543700938319E-12
1.323313226167333E-12
1.2909817927957565E-12
1.2594402869811418E-12
1.2286694090673987E-12
1.198650330931194E-12
1.1693646844613771E-12
1.140794550319892E-12
1.11292244697728E-12
1.0857313200159973E-12
1.0592045316952208E-12
1.0333258507704873E-12
1.0080794425620634E-12
9.834498592660747E-13
9.59422030502246E-13
9.359812540925766E-13
9.131131870654432E-13
8.908038368793558E-13
8.690395528611328E-13
8.478070178534456E-13
8.27093240066129E-13
8.068855451269016E-13
7.871715683260444E-13
7.679392470507418E-13
7.491768134041529E-13
7.308727870048725E-13
7.130159679622888E-13
6.955954300235887E-13
6.786005138882054E-13
6.620208206855395E-13
6.458462056121516E-13
6.300667717242975E-13
6.146728638822078E-13
5.996550628422578E-13
5.850041794935292E-13
5.707112492351555E-13
5.567675264910765E-13
5.431644793587328E-13
5.298937843886149E-13
5.169473214912461E-13
5.043171689686895E-13
4.919955986673937E-13
4.799750712494873E-13
4.68248231579587E-13
4.568079042243498E-13
4.456470890619277E-13
4.3475895699876593E-13
4.241368457909648E-13
4.1377425596781887E-13
4.036648468548735E-13
3.938024326942233E-13
3.84180978859525E-13
3.7479459816355775E-13
3.656375472559357E-13
3.567042231088767E-13
3.4798915958880906E-13
3.394870241117423E-13
3.311926143803722E-13
3.231008552008772E-13
3.152067953775158E-13
3.0750560468306946E-13
2.999925709033243E-13
2.926630969537564E-13
2.855126980666692E-13
2.7853699904702455E-13
2.717317315953712E-13
2.650927316961268E-13
2.586159370697194E-13
2.5229738468693645E-13
2.4613320834395664E-13
2.401196362969733E-13
2.342529889543379E-13
2.28529676623725E-13
2.2294619731800467E-13
2.1749913461083825E-13
2.1218515554656554E-13
2.0700100860123494E-13
2.0194352169240524E-13
1.9700960023869134E-13
1.921962252660222E-13
1.8750045156050078E-13
1.8291940586622329E-13
1.7845028512720947E-13
1.7409035477226155E-13
1.698369470417323E-13
1.6568745935516745E-13
1.616393527188449E-13
1.5769015017219965E-13
1.538374352722332E-13
1.5007885061492328E-13
1.4641209639278147E-13
1.4283492898763765E-13
1.3934515959781783E-13
1.3594065289885647E-13
1.3261932573692837E-13
1.2937914585420688E-13
1.2621813064536805E-13
1.2313434594446315E-13
1.2012590484144468E-13
1.171909665276026E-13
1.143277351692023E-13