
0.0,0.0,0.0,0.0,
0.0,0.0,0.0,6.565454618432711E-6,
0.0,1.75350097734844E-4,0.0,1.4846010616734428E-4,
0.0,1.75350097734844E-4,0.0,0.0014697824070224194,
0.0,0.007280581662701571,0.0,0.014728222402883902,
0.0,0.007280581662701571,0.0,0.04644564268026324,
0.0,0.007280581662701571,0.0,0.04644564268026324,
0.0,0.007280581662701571,0.0,0.05575915164439145,
0.0,0.007280581662701571,0.0,0.1057358096468815,
0.0,0.007280581662701571,0.0,0.11739779233034338,
0.0,0.007280581662701571,0.0,0.13487095228088292,
0.0,0.007280581662701571,0.0,0.13487095228088292,
0.0,0.007280581662701571,0.0,0.13487095228088292,
0.0,0.007280581662701571,0.0,0.13487095228088292,
0.0,0.007280581662701571,0.0,0.16478349835185455,
0.0,0.007280581662701571,0.0,0.24462806803768908,
0.0,0.007280581662701571,0.0,0.24462806803768908,
0.0,0.007280581662701571,0.0,0.24462806803768908,
0.0,0.007280581662701571,0.0,0.24462806803768908,
0.0,0.007280581662701571,0.0,0.2978639191644477,
0.0,0.007280581662701571,0.0,0.33755708249299493,
0.0,0.007280581662701571,0.0,0.33755708249299493,
0.0,0.007280581662701571,0.0,0.3505432274624431,
0.0,0.007280581662701571,0.0,0.3610341516471801,
0.0,0.007280581662701571,0.0,0.3610341516471801,
0.0,0.007280581662701571,0.0,0.3610341516471801,
0.0,0.007280581662701571,0.0,0.3610341516471801,
0.0,0.007280581662701571,0.0,0.3610341516471801,
0.0,0.007280581662701571,0.0,0.37361174887107906,
0.0,0.007280581662701571,0.0,0.38826679309893847,
0.0,0.007280581662701571,0.0,0.3716933743113748,
0.0,0.007280581662701571,0.0,0.3716933743113748,
0.0,0.007280581662701571,0.0,0.3716933743113748,
0.0,0.007280581662701571,0.0,0.3898842956447287,
0.0,0.007280581662701571,0.0,0.3898842956447287,
0.0,0.007280581662701571,0.0,0.3898842956447287,
0.0,0.007280581662701571,0.0,0.3898842956447287,
0.0,0.007280581662701571,0.0,0.3898842956447287,
0.0,0.007280581662701571,0.0,0.4081421713020815,
0.0,0.007280581662701571,0.0,0.4081421713020815,
0.0,0.007280581662701571,0.0,0.4081421713020815,
0.0,0.007280581662701571,0.0,0.3627769483260072,
0.0,0.007280581662701571,0.0,0.4028891508760063,
0.0,0.007280581662701571,0.0,0.42326696108342443,
0.0,0.007280581662701571,0.0,0.42326696108342443,
0.0,0.007280581662701571,0.0,0.42326696108342443,
0.0,0.007280581662701571,0.0,0.4396190935885771,
0.0,0.007280581662701571,0.0,0.4396190935885771,
0.0,0.007280581662701571,0.0,0.418650371285229,
0.0,0.007280581662701571,0.0,0.418650371285229,
0.0,0.007280581662701571,0.0,0.3963409504998303,
0.0,0.007280581662701571,0.0,0.3963409504998303,
0.0,0.007280581662701571,0.0,0.43245733919542684,
0.0,0.007280581662701571,0.0,0.43245733919542684,
0.0,0.007280581662701571,0.0,0.44100577549116116,
0.0,0.007280581662701571,0.0,0.44100577549116116,
0.0,0.007280581662701571,0.0,0.4560198222983337,
0.0,0.007280581662701571,0.0,0.4560198222983337,
0.0,0.007280581662701571,0.0,0.4646316520646256,
0.0,0.007280581662701571,0.0,0.4646316520646256,
0.0,0.007280581662701571,0.0,0.4743636783329507,
0.0,0.007280581662701571,0.0,0.4962746997107022,
0.0,0.007280581662701571,0.0,0.4962746997107022,
0.0,0.007280581662701571,0.0,0.4962746997107022,
0.0,0.007280581662701571,0.0,0.4962746997107022,
0.0,0.007280581662701571,0.0,0.498243430024563,
0.0,0.007280581662701571,0.0,0.5042783929155208,
0.0,0.007280581662701571,0.0,0.5144638307044672,
0.0,0.007280581662701571,0.0,0.5144638307044672,
0.0,0.007280581662701571,0.0,0.5144638307044672,
0.0,0.007280581662701571,0.0,0.5144638307044672,
0.0,0.007280581662701571,0.0,0.5144638307044672,
0.0,0.007280581662701571,0.0,0.5144638307044672,
0.0,0.007280581662701571,0.0,0.5144638307044672,
0.0,0.007280581662701571,0.0,0.5144638307044672,
0.0,0.007280581662701571,0.0,0.5144638307044672,
0.0,0.007280581662701571,0.0,0.5188659561225415,
0.0,0.007280581662701571,0.0,0.5188659561225415,
0.0,0.007280581662701571,0.0,0.5429184256110708,
0.0,0.007280581662701571,0.0,0.5429184256110708,
0.0,0.007280581662701571,0.0,0.5537558488647151,
0.0,0.007280581662701571,0.0,0.5586610948175403,
0.0,0.007280581662701571,0.0,0.5586610948175403,
0.0,0.007280581662701571,0.0,0.5586610948175403,
0.0,0.007280581662701571,0.0,0.5671833157110546,
0.0,0.007280581662701571,0.0,0.5696374887534764,
0.0,0.007280581662701571,0.0,0.5696374887534764,
0.0,0.007280581662701571,0.0,0.5696374887534764,
0.0,0.007280581662701571,0.0,0.5696374887534764,
0.0,0.007280581662701571,0.0,0.5297205582056809,
0.0,0.007280581662701571,0.0,0.5297205582056809,
0.0,0.007280581662701571,0.0,0.5105942381652432,
0.0,0.007280581662701571,0.0,0.5135122873772636,
0.0,0.007280581662701571,0.0,0.5135122873772636,
0.0,0.007280581662701571,0.0,0.5135122873772636,
0.0,0.007280581662701571,0.0,0.5154119580876462,
0.0,0.007280581662701571,0.0,0.5154119580876462,
0.0,0.007280581662701571,0.0,0.5154119580876462,
0.0,0.007280581662701571,0.0,0.5154119580876462,
0.0,0.007280581662701571,0.0,0.5193079591720912,
0.0,0.007280581662701571,0.0,0.5240872051378075,
0.0,0.007280581662701571,0.0,0.5240872051378075,
0.0,0.007280581662701571,0.0,0.5279434356074469,
0.0,0.007280581662701571,0.0,0.5279434356074469,
0.0,0.007280581662701571,0.0,0.5408553081379438,
0.0,0.007280581662701571,0.0,0.5429743850904726,
0.0,0.007280581662701571,0.0,0.5276439694047296,
0.0,0.007280581662701571,0.0,0.5276439694047296,
0.0,0.007280581662701571,0.0,0.5276439694047296,
0.0,0.007280581662701571,0.0,0.5276439694047296,
0.0,0.007280581662701571,0.0,0.5276439694047296,
0.0,0.007280581662701571,0.0,0.5276439694047296,
0.0,0.007280581662701571,0.0,0.5276439694047296,
0.0,0.007280581662701571,0.0,0.5358917108944865,
0.0,0.007280581662701571,0.0,0.548488893176578,
0.0,0.007280581662701571,0.0,0.548488893176578,
0.0,0.007280581662701571,0.0,0.548488893176578,
0.0,0.007280581662701571,0.0,0.548488893176578,
0.0,0.007280581662701571,0.0,0.548488893176578,
0.0,0.007280581662701571,0.0,0.5302032246504529,
0.0,0.007280581662701571,0.0,0.5302032246504529,
0.0,0.007280581662701571,0.0,0.5397487271392253,
0.0,0.007280581662701571,0.0,0.5474150563139291,
0.0,0.007280581662701571,0.0,0.5474150563139291,
0.0,0.007280581662701571,0.0,0.5474150563139291,
0.0,0.007280581662701571,0.0,0.5545563816580613,
0.0,0.007280581662701571,0.0,0.5545563816580613,
0.0,0.007280581662701571,0.0,0.5588786638910836,
0.0,0.007280581662701571,0.0,0.5655584174436893,
0.0,0.007280581662701571,0.0,0.5655584174436893,
0.0,0.007280581662701571,0.0,0.5655584174436893,
0.0,0.007280581662701571,0.0,0.5655584174436893,
0.0,0.007280581662701571,0.0,0.5655584174436893,
0.0,0.007280581662701571,0.0,0.5655584174436893,
0.0,0.007280581662701571,0.0,0.5655584174436893,
0.0,0.007280581662701571,0.0,0.5655584174436893,
0.0,0.007280581662701571,0.0,0.5729390894309413,
0.0,0.007280581662701571,0.0,0.5793593463457963,
0.0,0.007280581662701571,0.0,0.5839178845952171,
0.0,0.007280581662701571,0.0,0.5863062022496136,
0.0,0.007280581662701571,0.0,0.5863062022496136,
0.0,0.007280581662701571,0.0,0.600706699534509,
0.0,0.007280581662701571,0.0,0.6067332983659764,
0.0,0.007280581662701571,0.0,0.6139890401474115,
0.0,0.007280581662701571,0.0,0.618190748440977,
0.0,0.007280581662701571,0.0,0.618190748440977,
0.0,0.007280581662701571,0.0,0.618190748440977,
0.0,0.007280581662701571,0.0,0.6310975780211072,
0.0,0.007280581662701571,0.0,0.6319416863743745,
0.0,0.007280581662701571,0.0,0.6319416863743745,
0.0,0.007280581662701571,0.0,0.6237991571770612,
0.0,0.007280581662701571,0.0,0.6062313053306825,
0.0,0.007280581662701571,0.0,0.6062313053306825,
0.0,0.007280581662701571,0.0,0.6062313053306825,
0.0,0.007280581662701571,0.0,0.5987414829261579,
0.0,0.007280581662701571,0.0,0.5987414829261579,
0.0,0.007280581662701571,0.0,0.5926756449124009,
0.0,0.007280581662701571,0.0,0.5926756449124009,
0.0,0.007280581662701571,0.0,0.5926756449124009,
0.0,0.007280581662701571,0.0,0.5871151423948,
0.0,0.007280581662701571,0.0,0.5839571963565444,
0.0,0.007280581662701571,0.0,0.5818374690915559,
0.0,0.007280581662701571,0.0,0.5720204683638577,
0.0,0.007280581662701571,0.0,0.5673753721667477,
0.0,0.007280581662701571,0.0,0.5673753721667477,
0.0,0.007280581662701571,0.0,0.5673753721667477,
0.0,0.007280581662701571,0.0,0.5673753721667477,
0.0,0.007280581662701571,0.0,0.5408930890486795,
0.0,0.007280581662701571,0.0,0.5408930890486795,
0.0,0.007280581662701571,0.0,0.5408930890486795,
0.0,0.007280581662701571,0.0,0.540637308210007,
0.0,0.007280581662701571,0.0,0.540637308210007,
0.0,0.007280581662701571,0.0,0.540637308210007,
0.0,0.007280581662701571,0.0,0.540637308210007,
0.0,0.007280581662701571,0.0,0.540637308210007,
0.0,0.007280581662701571,0.0,0.540637308210007,
0.0,0.007280581662701571,0.0,0.540637308210007,
0.0,0.007280581662701571,0.0,0.558019407632299,
0.0,0.007280581662701571,0.0,0.5621865723215203,
0.0,0.007280581662701571,0.0,0.5653544488747624,
0.0,0.007280581662701571,0.0,0.5653544488747624,
0.0,0.007280581662701571,0.0,0.5488515212635314,
0.0,0.007280581662701571,0.0,0.5488515212635314,
0.0,0.007280581662701571,0.0,0.563864469387226,
0.0,0.007280581662701571,0.0,0.563864469387226,
0.0,0.007280581662701571,0.0,0.563864469387226,
0.0,0.007280581662701571,0.0,0.563864469387226,
0.0,0.007280581662701571,0.0,0.5949890201113721,
0.0,0.007280581662701571,0.0,0.5949890201113721,
0.0,0.007280581662701571,0.0,0.5949890201113721,
0.0,0.007280581662701571,0.0,0.6003796567080041,
0.0,0.007280581662701571,0.0,0.6003796567080041,
0.0,0.007280581662701571,0.0,0.6048213527392456,
0.0,0.007280581662701571,0.0,0.6048213527392456,
0.0,0.007280581662701571,0.0,0.6126126731307404,
0.0,0.007280581662701571,0.0,0.6126126731307404,
0.0,0.007280581662701571,0.0,0.6139975559337791,
0.0,0.007280581662701571,0.0,0.6139975559337791,
0.0,0.007280581662701571,0.0,0.6139975559337791,
0.0,0.007280581662701571,0.0,0.6139975559337791,
0.0,0.007280581662701571,0.0,0.6139975559337791,
0.0,0.007280581662701571,0.0,0.6049326107307104,
0.0,0.007280581662701571,0.0,0.6049326107307104,
0.0,0.007280581662701571,0.0,0.6049326107307104,
0.0,0.007280581662701571,0.0,0.6049326107307104,
0.0,0.007280581662701571,0.0,0.6040699903793292,
0.0,0.007280581662701571,0.0,0.6006399785506411,
0.0,0.007280581662701571,0.0,0.597249658772388,
0.0,0.007280581662701571,0.0,0.5672566352565721,
0.0,0.007280581662701571,0.0,0.5491202555870801,
0.0,0.007280581662701571,0.0,0.545611400629107,
0.0,0.007280581662701571,0.0,0.545611400629107,
0.0,0.007280581662701571,0.0,0.5432525247703015,
0.0,0.007280581662701571,0.0,0.5432525247703015,
0.0,0.007280581662701571,0.0,0.5396032895936589,
0.0,0.007280581662701571,0.0,0.5264030693735016,
0.0,0.007280581662701571,0.0,0.5264030693735016,
0.0,0.007280581662701571,0.0,0.5264030693735016,
0.0,0.007280581662701571,0.0,0.5264030693735016,
0.0,0.007280581662701571,0.0,0.5156365838641437,
0.0,0.007280581662701571,0.0,0.510951131053868,
0.0,0.007280581662701571,0.0,0.510951131053868,
0.0,0.007280581662701571,0.0,0.5095676950489082,
0.0,0.007280581662701571,0.0,0.51138526261048,
0.0,0.007280581662701571,0.0,0.5149694324791646,
0.0,0.007280581662701571,0.0,0.5246821619388942,
0.0,0.007280581662701571,0.0,0.5246821619388942,
0.0,0.007280581662701571,0.0,0.5246821619388942,
0.0,0.007280581662701571,0.0,0.5321662361209402,
0.0,0.007280581662701571,0.0,0.5349999030704897,
0.0,0.007280581662701571,0.0,0.5349999030704897,
0.0,0.007280581662701571,0.0,0.5388127136251578,
0.0,0.007280581662701571,0.0,0.5388127136251578,
0.0,0.007280581662701571,0.0,0.5388127136251578,
0.0,0.007280581662701571,0.0,0.5388127136251578,
0.0,0.007280581662701571,0.0,0.5388127136251578,
0.0,0.007280581662701571,0.0,0.5388127136251578,
0.0,0.007280581662701571,0.0,0.5577990300635012,
0.0,0.007280581662701571,0.0,0.5577990300635012,
0.0,0.007280581662701571,0.0,0.5663755678738517,
0.0,0.007280581662701571,0.0,0.5663755678738517,
0.0,0.007280581662701571,0.0,0.5732929876217594,
0.0,0.007280581662701571,0.0,0.5706277812692331,
0.0,0.007280581662701571,0.0,0.5714043147527146,
0.0,0.007280581662701571,0.0,0.5714043147527146,
0.0,0.007280581662701571,0.0,0.5795105179867419,
0.0,0.007280581662701571,0.0,0.5795105179867419,
0.0,0.007280581662701571,0.0,0.5795105179867419,
0.0,0.007280581662701571,0.0,0.5795105179867419,
0.0,0.007280581662701571,0.0,0.5795105179867419,
0.0,0.007280581662701571,0.0,0.5795105179867419,
0.0,0.007280581662701571,0.0,0.5795105179867419,
0.0,0.007280581662701571,0.0,0.5795105179867419,
0.0,0.007280581662701571,0.0,0.5896903127977027,
0.0,0.007280581662701571,0.0,0.5896903127977027,
0.0,0.007280581662701571,0.0,0.5968355409551498,
0.0,0.007280581662701571,0.0,0.6074384674481085,
0.0,0.007280581662701571,0.0,0.6343264874670493,
0.0,0.007280581662701571,0.0,0.6120435697683891,
0.0,0.007280581662701571,0.0,0.6120435697683891,
0.0,0.007280581662701571,0.0,0.6120435697683891,
0.0,0.007280581662701571,0.0,0.6120435697683891,
0.0,0.007280581662701571,0.0,0.6120435697683891,
0.0,0.007280581662701571,0.0,0.5908081178800216,
0.0,0.007280581662701571,0.0,0.591748552809543,
0.0,0.007280581662701571,0.0,0.5989005749647284,
0.0,0.007280581662701571,0.0,0.5989005749647284,
0.0,0.007280581662701571,0.0,0.5989005749647284,
0.0,0.007280581662701571,0.0,0.5995201505014067,
0.0,0.007280581662701571,0.0,0.5960252008440478,
0.0,0.007280581662701571,0.0,0.5960252008440478,
0.0,0.007280581662701571,0.0,0.5766214770037696,
0.0,0.007280581662701571,0.0,0.5766214770037696,
0.0,0.007280581662701571,0.0,0.5638460106189986,
0.0,0.007280581662701571,0.0,0.5638460106189986,
0.0,0.007280581662701571,0.0,0.5657562059846106,
0.0,0.007280581662701571,0.0,0.5659066175130268,
0.0,0.007280581662701571,0.0,0.5692000852628076,
0.0,0.007280581662701571,0.0,0.5692000852628076,
0.0,0.007280581662701571,0.0,0.5624805175675578,
0.0,0.007280581662701571,0.0,0.5667685876572899,
0.0,0.007280581662701571,0.0,0.5667685876572899,
0.0,0.007280581662701571,0.0,0.5744528379088423,
0.0,0.007280581662701571,0.0,0.5759313389328238,
0.0,0.007280581662701571,0.0,0.5759313389328238,
0.0,0.007280581662701571,0.0,0.5759313389328238,
0.0,0.007280581662701571,0.0,0.5759313389328238,
0.0,0.007280581662701571,0.0,0.5794983675486984,
0.0,0.007280581662701571,0.0,0.5794983675486984,
0.0,0.007280581662701571,0.0,0.5632276149290967,
0.0,0.007280581662701571,0.0,0.5700495783707682,
0.0,0.007280581662701571,0.0,0.5700495783707682,
0.0,0.007280581662701571,0.0,0.5700495783707682,
0.0,0.007280581662701571,0.0,0.5700495783707682,
0.0,0.007280581662701571,0.0,0.5708866496348991,
0.0,0.007280581662701571,0.0,0.5708866496348991,
0.0,0.007280581662701571,0.0,0.5708866496348991,
0.0,0.007280581662701571,0.0,0.5708866496348991,
0.0,0.007280581662701571,0.0,0.5744917331898383,
0.0,0.007280581662701571,0.0,0.5705786756567917,
0.0,0.007280581662701571,0.0,0.5705786756567917,
0.0,0.007280581662701571,0.0,0.5680174512137319,
0.0,0.007280581662701571,0.0,0.5581818375614892,
0.0,0.007280581662701571,0.0,0.5581818375614892,
0.0,0.007280581662701571,0.0,0.5581818375614892,
0.0,0.007280581662701571,0.0,0.5613077009498192,
0.0,0.007280581662701571,0.0,0.5613077009498192,
0.0,0.007280581662701571,0.0,0.5613077009498192,
0.0,0.007280581662701571,0.0,0.571485112833731,
0.0,0.007280581662701571,0.0,0.5792464990532405,
0.0,0.007280581662701571,0.0,0.5792464990532405,
0.0,0.007280581662701571,0.0,0.5842735712920236,
0.0,0.007280581662701571,0.0,0.5842735712920236,
0.0,0.007280581662701571,0.0,0.5842735712920236,
0.0,0.007280581662701571,0.0,0.5842735712920236,
0.0,0.007280581662701571,0.0,0.5842735712920236,
0.0,0.007280581662701571,0.0,0.5847410356067521,
0.0,0.007280581662701571,0.0,0.5876243700546614,
0.0,0.007280581662701571,0.0,0.5876243700546614,
0.0,0.007280581662701571,0.0,0.5876243700546614,
0.0,0.007280581662701571,0.0,0.5876243700546614,
0.0,0.007280581662701571,0.0,0.5849501511000417,
0.0,0.007280581662701571,0.0,0.5849501511000417,
0.0,0.007280581662701571,0.0,0.5814091088886834,
0.0,0.007280581662701571,0.0,0.5814091088886834,
0.0,0.007280581662701571,0.0,0.5616674018202981,
0.0,0.007280581662701571,0.0,0.5616674018202981,
0.0,0.007280581662701571,0.0,0.5617067638387193,
0.0,0.007280581662701571,0.0,0.5614020381035296,
0.0,0.007280581662701571,0.0,0.5614020381035296,
0.0,0.007280581662701571,0.0,0.5614020381035296,
0.0,0.007280581662701571,0.0,0.5614020381035296,
0.0,0.007280581662701571,0.0,0.5643354245929676,
0.0,0.007280581662701571,0.0,0.5698535662832298,
0.0,0.007280581662701571,0.0,0.5698535662832298,
0.0,0.007280581662701571,0.0,0.5620443942571471,
0.0,0.007280581662701571,0.0,0.564046453944303,
0.0,0.007280581662701571,0.0,0.564046453944303,
0.0,0.007280581662701571,0.0,0.564046453944303,
0.0,0.007280581662701571,0.0,0.564046453944303,
0.0,0.007280581662701571,0.0,0.564046453944303,
0.0,0.007280581662701571,0.0,0.5663687638899864,
0.0,0.007280581662701571,0.0,0.5723280466698653,
0.0,0.007280581662701571,0.0,0.5703107787441188,
0.0,0.007280581662701571,0.0,0.5714559064268626,
0.0,0.007280581662701571,0.0,0.5714559064268626,
0.0,0.007280581662701571,0.0,0.5562914810808397,
0.0,0.007280581662701571,0.0,0.5562914810808397,
0.0,0.007280581662701571,0.0,0.5579635668651403,
0.0,0.007280581662701571,0.0,0.5564244192750282,
0.0,0.007280581662701571,0.0,0.5563917995238187,
0.0,0.007280581662701571,0.0,0.5325205586622482,
0.0,0.007280581662701571,0.0,0.5219232658072853,
0.0,0.007280581662701571,0.0,0.5219232658072853,
0.0,0.007280581662701571,0.0,0.5172241455265673,
0.0,0.007280581662701571,0.0,0.5172241455265673,
0.0,0.007280581662701571,0.0,0.5172241455265673,
0.0,0.007280581662701571,0.0,0.5210236952958383,
0.0,0.007280581662701571,0.0,0.5210236952958383,
0.0,0.007280581662701571,0.0,0.5210236952958383,
0.0,0.007280581662701571,0.0,0.5296479778334671,
0.0,0.007280581662701571,0.0,0.5296479778334671,
0.0,0.007280581662701571,0.0,0.5436572354255379,
0.0,0.007280581662701571,0.0,0.5315459463235099,
0.0,0.007280581662701571,0.0,0.5315459463235099,
0.0,0.007280581662701571,0.0,0.5315459463235099,
0.0,0.007280581662701571,0.0,0.5315459463235099,
0.0,0.007280581662701571,0.0,0.5315459463235099,
0.0,0.007280581662701571,0.0,0.5345354480653927,
0.0,0.007280581662701571,0.0,0.5371422850711001,
0.0,0.007280581662701571,0.0,0.5371422850711001,
0.0,0.007280581662701571,0.0,0.5371422850711001,
0.0,0.007280581662701571,0.0,0.5371422850711001,
0.0,0.007280581662701571,0.0,0.5371422850711001,
0.0,0.007280581662701571,0.0,0.5412173213864631,
0.0,0.007280581662701571,0.0,0.535997315411877,
0.0,0.007280581662701571,0.0,0.535997315411877,
0.0,0.007280581662701571,0.0,0.5303601407741381,
0.0,0.007280581662701571,0.0,0.5303601407741381,
0.0,0.007280581662701571,0.0,0.5303601407741381,
0.0,0.007280581662701571,0.0,0.5242454980994707,
0.0,0.007280581662701571,0.0,0.5242454980994707,
0.0,0.007280581662701571,0.0,0.5222783079460142,
0.0,0.007280581662701571,0.0,0.5222783079460142,
0.0,0.007280581662701571,0.0,0.5222783079460142,
0.0,0.007280581662701571,0.0,0.5222783079460142,
0.0,0.007280581662701571,0.0,0.5222783079460142,
0.0,0.007280581662701571,0.0,0.5222783079460142,
0.0,0.007280581662701571,0.0,0.5222783079460142,
0.0,0.007280581662701571,0.0,0.5222783079460142,
0.0,0.007280581662701571,0.0,0.5383673850032955,
0.0,0.007280581662701571,0.0,0.5538705886044296,
0.0,0.007280581662701571,0.0,0.5538705886044296,
0.0,0.007280581662701571,0.0,0.5538705886044296,
0.0,0.007280581662701571,0.0,0.5538705886044296,
0.0,0.007280581662701571,0.0,0.5538705886044296,
0.0,0.007280581662701571,0.0,0.5538705886044296,
0.0,0.007280581662701571,0.0,0.5538705886044296,
0.0,0.007280581662701571,0.0,0.5524723089646959,
0.0,0.007280581662701571,0.0,0.5524723089646959,
0.0,0.007280581662701571,0.0,0.5524723089646959,
0.0,0.007280581662701571,0.0,0.5524723089646959,
0.0,0.007280581662701571,0.0,0.5524723089646959,
0.0,0.007280581662701571,0.0,0.5524723089646959,
0.0,0.007280581662701571,0.0,0.5524723089646959,
0.0,0.007280581662701571,0.0,0.5584717320885488,
0.0,0.007280581662701571,0.0,0.5584717320885488,
0.0,0.007280581662701571,0.0,0.5584717320885488,
0.0,0.007280581662701571,0.0,0.5697635275615452,
0.0,0.007280581662701571,0.0,0.5697635275615452,
0.0,0.007280581662701571,0.0,0.5756224119988641,
0.0,0.007280581662701571,0.0,0.5558437748588828,
0.0,0.007280581662701571,0.0,0.5490132903222247,
0.0,0.007280581662701571,0.0,0.5490132903222247,
0.0,0.007280581662701571,0.0,0.5274588961356828,
0.0,0.007280581662701571,0.0,0.5274588961356828,
0.0,0.007280581662701571,0.0,0.5274588961356828,
0.0,0.007280581662701571,0.0,0.5295400875468168,
0.0,0.007280581662701571,0.0,0.5295400875468168,
0.0,0.007280581662701571,0.0,0.531068188744478,
0.0,0.007280581662701571,0.0,0.531363502899383,
0.0,0.007280581662701571,0.0,0.5293108403794039,
0.0,0.007280581662701571,0.0,0.5293108403794039,
0.0,0.007280581662701571,0.0,0.528335435680615,
0.0,0.007280581662701571,0.0,0.528335435680615,
0.0,0.007280581662701571,0.0,0.535385491619021,
0.0,0.007280581662701571,0.0,0.524322911978341,
0.0,0.007280581662701571,0.0,0.524322911978341,
0.0,0.007280581662701571,0.0,0.524322911978341,
0.0,0.007280581662701571,0.0,0.524322911978341,
0.0,0.007280581662701571,0.0,0.524322911978341,
0.0,0.007280581662701571,0.0,0.524322911978341,
0.0,0.007280581662701571,0.0,0.5281210901009061,
0.0,0.007280581662701571,0.0,0.5281210901009061,
0.0,0.007280581662701571,0.0,0.533294227860433,
0.0,0.007280581662701571,0.0,0.5383722925456669,
0.0,0.007280581662701571,0.0,0.5383722925456669,
0.0,0.007280581662701571,0.0,0.5449295628718542,
0.0,0.007280581662701571,0.0,0.5449295628718542,
0.0,0.007280581662701571,0.0,0.5449295628718542,
0.0,0.007280581662701571,0.0,0.5461295118097074,
0.0,0.007280581662701571,0.0,0.5461295118097074,
0.0,0.007280581662701571,0.0,0.5469239160943467,
0.0,0.007280581662701571,0.0,0.5438761635110965,
0.0,0.007280581662701571,0.0,0.5352301990036941,
0.0,0.007280581662701571,0.0,0.5352301990036941,
0.0,0.007280581662701571,0.0,0.5308879039567161,
0.0,0.007280581662701571,0.0,0.5308879039567161,
0.0,0.007280581662701571,0.0,0.5308879039567161,
0.0,0.007280581662701571,0.0,0.5308879039567161,
0.0,0.007280581662701571,0.0,0.5308879039567161,
0.0,0.007280581662701571,0.0,0.5409547540842679,
0.0,0.007280581662701571,0.0,0.5465067511664944,
0.0,0.007280581662701571,0.0,0.5465067511664944,
0.0,0.007280581662701571,0.0,0.5465067511664944,
0.0,0.007280581662701571,0.0,0.5520125395813353,
0.0,0.007280581662701571,0.0,0.5520125395813353,
0.0,0.007280581662701571,0.0,0.5587534343761154,
0.0,0.007280581662701571,0.0,0.5432722456874092,
0.0,0.007280581662701571,0.0,0.5509622653110992,
0.0,0.007280581662701571,0.0,0.5538880181877845,
0.0,0.007280581662701571,0.0,0.5538880181877845,
0.0,0.007280581662701571,0.0,0.5538880181877845,
0.0,0.007280581662701571,0.0,0.572055405908479,
0.0,0.007280581662701571,0.0,0.5560635925004433,
0.0,0.007280581662701571,0.0,0.5560635925004433,
0.0,0.007280581662701571,0.0,0.5657316688151393,
0.0,0.007280581662701571,0.0,0.5657316688151393,
0.0,0.007280581662701571,0.0,0.5387044633563912,
0.0,0.007280581662701571,0.0,0.5387044633563912,
0.0,0.007280581662701571,0.0,0.5490176267444699,
0.0,0.007280581662701571,0.0,0.5474901703747692,
0.0,0.007280581662701571,0.0,0.5249321952190416,
0.0,0.007280581662701571,0.0,0.49929333243224955,
0.0,0.007280581662701571,0.0,0.49929333243224955,
0.0,0.007280581662701571,0.0,0.5066759243741528,
0.0,0.007280581662701571,0.0,0.5066759243741528,
0.0,0.007280581662701571,0.0,0.5066759243741528,
0.0,0.007280581662701571,0.0,0.5066759243741528,
0.0,0.007280581662701571,0.0,0.5290603940529621,
0.0,0.007280581662701571,0.0,0.5293503102813579,
0.0,0.007280581662701571,0.0,0.5282900230168889,
0.0,0.007280581662701571,0.0,0.5282900230168889,
0.0,0.007280581662701571,0.0,0.5247574529303911,
0.0,0.007280581662701571,0.0,0.5247574529303911,
0.0,0.007280581662701571,0.0,0.5247574529303911,
0.0,0.007280581662701571,0.0,0.5254578678219616,
0.0,0.007280581662701571,0.0,0.5281215747843706,
0.0,0.007280581662701571,0.0,0.5403608008176793,
0.0,0.007280581662701571,0.0,0.5221807211306553,
0.0,0.007280581662701571,0.0,0.518001607266987,
0.0,0.007280581662701571,0.0,0.518001607266987,
0.0,0.007280581662701571,0.0,0.5084784383268613,
0.0,0.007280581662701571,0.0,0.5084784383268613,
0.0,0.007280581662701571,0.0,0.5085791016906817,
0.0,0.007280581662701571,0.0,0.5085791016906817,
0.0,0.007280581662701571,0.0,0.5078575975896621,
0.0,0.007280581662701571,0.0,0.5043271243485901,
0.0,0.007280581662701571,0.0,0.5043271243485901,
0.0,0.007280581662701571,0.0,0.5043271243485901,
0.0,0.007280581662701571,0.0,0.5043271243485901,
0.0,0.007280581662701571,0.0,0.5098511645227413,
0.0,0.007280581662701571,0.0,0.5193766965633868,
0.0,0.007280581662701571,0.0,0.5235898146274379,
0.0,0.007280581662701571,0.0,0.5235898146274379,
0.0,0.007280581662701571,0.0,0.534193111145765,
0.0,0.007280581662701571,0.0,0.510517018490802,
0.0,0.007280581662701571,0.0,0.504741465038391,
0.0,0.007280581662701571,0.0,0.5041274437129852,
0.0,0.007280581662701571,0.0,0.5046233783853328,
0.0,0.007280581662701571,0.0,0.506648059435896,
0.0,0.007280581662701571,0.0,0.506648059435896,
0.0,0.007280581662701571,0.0,0.506648059435896,
0.0,0.007280581662701571,0.0,0.5118750800446739,
0.0,0.007280581662701571,0.0,0.5297839906722144,
0.0,0.007280581662701571,0.0,0.5426427826120789,
0.0,0.007280581662701571,0.0,0.560900794888842,
0.0,0.007280581662701571,0.0,0.560900794888842,
0.0,0.007280581662701571,0.0,0.5656273836262041,
0.0,0.007280581662701571,0.0,0.5683228635262303,
0.0,0.007280581662701571,0.0,0.5683228635262303,
0.0,0.007280581662701571,0.0,0.5688231344453503,
0.0,0.007280581662701571,0.0,0.5688231344453503,
0.0,0.007280581662701571,0.0,0.5684101956140689,
0.0,0.007280581662701571,0.0,0.553818205599442,
0.0,0.007280581662701571,0.0,0.553818205599442,
0.0,0.007280581662701571,0.0,0.553818205599442,
0.0,0.007280581662701571,0.0,0.5458128229871176,
0.0,0.007280581662701571,0.0,0.5458128229871176,
0.0,0.007280581662701571,0.0,0.5458128229871176,
0.0,0.007280581662701571,0.0,0.5458128229871176,
0.0,0.007280581662701571,0.0,0.5473525044690877,
0.0,0.007280581662701571,0.0,0.5473525044690877,
0.0,0.007280581662701571,0.0,0.5427936883445175,
0.0,0.007280581662701571,0.0,0.5427936883445175,
0.0,0.007280581662701571,0.0,0.5427936883445175,
0.0,0.007280581662701571,0.0,0.5427936883445175,
0.0,0.007280581662701571,0.0,0.5427936883445175,
0.0,0.007280581662701571,0.0,0.5416948039081202,
0.0,0.007280581662701571,0.0,0.5416948039081202,
0.0,0.007280581662701571,0.0,0.5416948039081202,
0.0,0.007280581662701571,0.0,0.5460471493810307,
0.0,0.007280581662701571,0.0,0.5460471493810307,
0.0,0.007280581662701571,0.0,0.5460471493810307,
0.0,0.007280581662701571,0.0,0.5460471493810307,
0.0,0.007280581662701571,0.0,0.5383043899208494,
0.0,0.007280581662701571,0.0,0.539054006856506,
0.0,0.007280581662701571,0.0,0.539054006856506,
0.0,0.007280581662701571,0.0,0.539054006856506,
0.0,0.007280581662701571,0.0,0.539054006856506,
0.0,0.007280581662701571,0.0,0.538128064842442,
0.0,0.007280581662701571,0.0,0.5394499661387073,
0.0,0.007280581662701571,0.0,0.5394499661387073,
0.0,0.007280581662701571,0.0,0.5386217908439502,
0.0,0.007280581662701571,0.0,0.5386217908439502,
0.0,0.007280581662701571,0.0,0.5407167086713971,
0.0,0.007280581662701571,0.0,0.5409826401362615,
0.0,0.007280581662701571,0.0,0.5083392954820423,
0.0,0.007280581662701571,0.0,0.5083392954820423,
0.0,0.007280581662701571,0.0,0.5082738200522462,
0.0,0.007280581662701571,0.0,0.4977799073805823,
0.0,0.007280581662701571,0.0,0.4977799073805823,
0.0,0.007280581662701571,0.0,0.5019751096241593,
0.0,0.007280581662701571,0.0,0.5019751096241593,
0.0,0.007280581662701571,0.0,0.5008168725446211,
0.0,0.007280581662701571,0.0,0.5008168725446211,
0.0,0.007280581662701571,0.0,0.49970605209868174,
0.0,0.007280581662701571,0.0,0.4925769712658611,
0.0,0.007280581662701571,0.0,0.4925769712658611,
0.0,0.007280581662701571,0.0,0.4898879899307907,
0.0,0.007280581662701571,0.0,0.4898879899307907,
0.0,0.007280581662701571,0.0,0.48653359142084696,
0.0,0.007280581662701571,0.0,0.48653359142084696,
0.0,0.007280581662701571,0.0,0.4946199735565772,
0.0,0.007280581662701571,0.0,0.5023689504297651,
0.0,0.007280581662701571,0.0,0.48996969787055866,
0.0,0.007280581662701571,0.0,0.497805556161408,
0.0,0.007280581662701571,0.0,0.497805556161408,
0.0,0.007280581662701571,0.0,0.5078514669080108,
0.0,0.007280581662701571,0.0,0.5033206296196353,
0.0,0.007280581662701571,0.0,0.5155273303567883,
0.0,0.007280581662701571,0.0,0.5212211524608804,
0.0,0.007280581662701571,0.0,0.526429610623963,
0.0,0.007280581662701571,0.0,0.5265682770018612,
0.0,0.007280581662701571,0.0,0.5265682770018612,
0.0,0.007280581662701571,0.0,0.5265682770018612,
0.0,0.007280581662701571,0.0,0.5265682770018612,
0.0,0.007280581662701571,0.0,0.5265682770018612,
0.0,0.007280581662701571,0.0,0.5365345536100175,
0.0,0.007280581662701571,0.0,0.5349023880483282,
0.0,0.007280581662701571,0.0,0.5349023880483282,
0.0,0.007280581662701571,0.0,0.5349023880483282,
0.0,0.007280581662701571,0.0,0.5349023880483282,
0.0,0.007280581662701571,0.0,0.5409239266720378,
0.0,0.007280581662701571,0.0,0.5409239266720378,
0.0,0.007280581662701571,0.0,0.5271151547602879,
0.0,0.007280581662701571,0.0,0.5262516379485004,
0.0,0.007280581662701571,0.0,0.5262516379485004,
0.0,0.007280581662701571,0.0,0.5262516379485004,
0.0,0.007280581662701571,0.0,0.5343080073735355,
0.0,0.007280581662701571,0.0,0.5319075493636303,
0.0,0.007280581662701571,0.0,0.5319075493636303,
0.0,0.007280581662701571,0.0,0.5347439124731004,
0.0,0.007280581662701571,0.0,0.5347439124731004,
0.0,0.007280581662701571,0.0,0.5347439124731004,
0.0,0.007280581662701571,0.0,0.5347439124731004,
0.0,0.007280581662701571,0.0,0.525990355522398,
0.0,0.007280581662701571,0.0,0.5322906109053074,
0.0,0.007280581662701571,0.0,0.5322906109053074,
0.0,0.007280581662701571,0.0,0.5322906109053074,
0.0,0.007280581662701571,0.0,0.5429520606828985,
0.0,0.007280581662701571,0.0,0.547284025922906,
0.0,0.007280581662701571,0.0,0.547284025922906,
0.0,0.007280581662701571,0.0,0.547284025922906,
0.0,0.007280581662701571,0.0,0.547284025922906,
0.0,0.007280581662701571,0.0,0.547284025922906,
0.0,0.007280581662701571,0.0,0.547284025922906,
0.0,0.007280581662701571,0.0,0.547284025922906,
0.0,0.007280581662701571,0.0,0.5504419713180269,
0.0,0.007280581662701571,0.0,0.5504419713180269,
0.0,0.007280581662701571,0.0,0.5519967861457822,
0.0,0.007280581662701571,0.0,0.5535363812034936,
0.0,0.007280581662701571,0.0,0.5535363812034936,
0.0,0.007280581662701571,0.0,0.5535363812034936,
0.0,0.007280581662701571,0.0,0.5535363812034936,
0.0,0.007280581662701571,0.0,0.5535363812034936,
0.0,0.007280581662701571,0.0,0.5582794027823943,
0.0,0.007280581662701571,0.0,0.5582794027823943,
0.0,0.007280581662701571,0.0,0.5582794027823943,
0.0,0.007280581662701571,0.0,0.5582794027823943,
0.0,0.007280581662701571,0.0,0.5582794027823943,
0.0,0.007280581662701571,0.0,0.5616782311061961,
0.0,0.007280581662701571,0.0,0.5696641883526541,
0.0,0.007280581662701571,0.0,0.5725307705685149,
0.0,0.007280581662701571,0.0,0.5704414098761836,
0.0,0.007280581662701571,0.0,0.5515980922785574,
0.0,0.007280581662701571,0.0,0.5515980922785574,
0.0,0.007280581662701571,0.0,0.5515980922785574,
0.0,0.007280581662701571,0.0,0.5515980922785574,
0.0,0.007280581662701571,0.0,0.5488600882832184,
0.0,0.007280581662701571,0.0,0.5488600882832184,
0.0,0.007280581662701571,0.0,0.5349745469787455,
0.0,0.007280581662701571,0.0,0.5349745469787455,
0.0,0.007280581662701571,0.0,0.5349745469787455,
0.0,0.007280581662701571,0.0,0.5367423844274041,
0.0,0.007280581662701571,0.0,0.5393270586667909,
0.0,0.007280581662701571,0.0,0.5427022946546194,
0.0,0.007280581662701571,0.0,0.5365294461784862,
0.0,0.007280581662701571,0.0,0.5365294461784862,
0.0,0.007280581662701571,0.0,0.5365294461784862,
0.0,0.007280581662701571,0.0,0.5226800655960852,
0.0,0.007280581662701571,0.0,0.510551785171859,
0.0,0.007280581662701571,0.0,0.510551785171859,
0.0,0.007280581662701571,0.0,0.5182053557537274,
0.0,0.007280581662701571,0.0,0.5094806496661582,
0.0,0.007280581662701571,0.0,0.5094806496661582,
0.0,0.007280581662701571,0.0,0.5160757275577685,
0.0,0.007280581662701571,0.0,0.5160757275577685,
0.0,0.007280581662701571,0.0,0.5160757275577685,
0.0,0.007280581662701571,0.0,0.5302194251157157,
0.0,0.007280581662701571,0.0,0.5394183566845678,
0.0,0.007280581662701571,0.0,0.5394183566845678,
0.0,0.007280581662701571,0.0,0.5417080467078169,
0.0,0.007280581662701571,0.0,0.546853906418216,
0.0,0.007280581662701571,0.0,0.546853906418216,
0.0,0.007280581662701571,0.0,0.546853906418216,
0.0,0.007280581662701571,0.0,0.546853906418216,
0.0,0.007280581662701571,0.0,0.5497181111448906,
0.0,0.007280581662701571,0.0,0.5497181111448906,
0.0,0.007280581662701571,0.0,0.5507516813727712,
0.0,0.007280581662701571,0.0,0.5507516813727712,
0.0,0.007280581662701571,0.0,0.5476646796239641,
0.0,0.007280581662701571,0.0,0.5463767114597856,
0.0,0.007280581662701571,0.0,0.5463767114597856,
0.0,0.007280581662701571,0.0,0.5463767114597856,
0.0,0.007280581662701571,0.0,0.5481171270799755,
0.0,0.007280581662701571,0.0,0.5481171270799755,
0.0,0.007280581662701571,0.0,0.5481171270799755,
0.0,0.007280581662701571,0.0,0.5458966146909611,
0.0,0.007280581662701571,0.0,0.5418854346129601,
0.0,0.007280581662701571,0.0,0.5383212547352516,
0.0,0.007280581662701571,0.0,0.5369043409955123,
0.0,0.007280581662701571,0.0,0.5369043409955123,
0.0,0.007280581662701571,0.0,0.5369043409955123,
0.0,0.007280581662701571,0.0,0.5369043409955123,
0.0,0.007280581662701571,0.0,0.5353310847182697,
0.0,0.007280581662701571,0.0,0.5353310847182697,
0.0,0.007280581662701571,0.0,0.5428740551639442,
0.0,0.007280581662701571,0.0,0.5510927876361311,
0.0,0.007280581662701571,0.0,0.5510927876361311,
0.0,0.007280581662701571,0.0,0.5510927876361311,
0.0,0.007280581662701571,0.0,0.5510927876361311,
0.0,0.007280581662701571,0.0,0.5510927876361311,
0.0,0.007280581662701571,0.0,0.5510927876361311,
0.0,0.007280581662701571,0.0,0.5461208969297935,
0.0,0.007280581662701571,0.0,0.5461208969297935,
0.0,0.007280581662701571,0.0,0.5459646374032328,
0.0,0.007280581662701571,0.0,0.5480927814685,
0.0,0.007280581662701571,0.0,0.5480927814685,
0.0,0.007280581662701571,0.0,0.5480927814685,
0.0,0.007280581662701571,0.0,0.5499486368511334,
0.0,0.007280581662701571,0.0,0.5374915637390337,
0.0,0.007280581662701571,0.0,0.5374915637390337,
0.0,0.007280581662701571,0.0,0.5398419118650326,
0.0,0.007280581662701571,0.0,0.5398419118650326,
0.0,0.007280581662701571,0.0,0.540701404549406,
0.0,0.007280581662701571,0.0,0.5381854522131491,
0.0,0.007280581662701571,0.0,0.5381854522131491,
0.0,0.007280581662701571,0.0,0.5381854522131491,
0.0,0.007280581662701571,0.0,0.5381854522131491,
0.0,0.007280581662701571,0.0,0.5343603604866388,
0.0,0.007280581662701571,0.0,0.5322907461038127,
0.0,0.007280581662701571,0.0,0.512443195753193,
0.0,0.007280581662701571,0.0,0.506701834650495,
0.0,0.007280581662701571,0.0,0.506701834650495,
0.0,0.007280581662701571,0.0,0.5061068094181302,
0.0,0.007280581662701571,0.0,0.5061068094181302,
0.0,0.007280581662701571,0.0,0.5061068094181302,
0.0,0.007280581662701571,0.0,0.5124235182927894,
0.0,0.007280581662701571,0.0,0.5166737027487677,
0.0,0.007280581662701571,0.0,0.5166737027487677,
0.0,0.007280581662701571,0.0,0.5204958842996059,
0.0,0.007280581662701571,0.0,0.5241025814817422,
0.0,0.007280581662701571,0.0,0.5241025814817422,
0.0,0.007280581662701571,0.0,0.533704440654633,
0.0,0.007280581662701571,0.0,0.5212208722419469,
0.0,0.007280581662701571,0.0,0.5212208722419469,
0.0,0.007280581662701571,0.0,0.5298671358110775,
0.0,0.007280581662701571,0.0,0.5307740002650084,
0.0,0.007280581662701571,0.0,0.5307740002650084,
0.0,0.007280581662701571,0.0,0.5301658714259316,
0.0,0.007280581662701571,0.0,0.5301658714259316,
0.0,0.007280581662701571,0.0,0.527918404114922,
0.0,0.007280581662701571,0.0,0.5245324717182475,
0.0,0.007280581662701571,0.0,0.5092271543042879,
0.0,0.007280581662701571,0.0,0.5108293481180741,
0.0,0.007280581662701571,0.0,0.5108293481180741,
0.0,0.007280581662701571,0.0,0.5119683117433228,
0.0,0.007280581662701571,0.0,0.5119683117433228,
0.0,0.007280581662701571,0.0,0.5119683117433228,
0.0,0.007280581662701571,0.0,0.5119683117433228,
0.0,0.007280581662701571,0.0,0.5189271629857528,
0.0,0.007280581662701571,0.0,0.5189271629857528,
0.0,0.007280581662701571,0.0,0.5239117114050217,
0.0,0.007280581662701571,0.0,0.5239117114050217,
0.0,0.007280581662701571,0.0,0.5239117114050217,
0.0,0.007280581662701571,0.0,0.5239117114050217,
0.0,0.007280581662701571,0.0,0.5255654914363266,
0.0,0.007280581662701571,0.0,0.5255654914363266,
0.0,0.007280581662701571,0.0,0.5255654914363266,
0.0,0.007280581662701571,0.0,0.5255654914363266,
0.0,0.007280581662701571,0.0,0.5255654914363266,
0.0,0.007280581662701571,0.0,0.5255654914363266,
0.0,0.007280581662701571,0.0,0.5255654914363266,
0.0,0.007280581662701571,0.0,0.5255654914363266,
0.0,0.007280581662701571,0.0,0.5255654914363266,
0.0,0.007280581662701571,0.0,0.5255654914363266,
0.0,0.007280581662701571,0.0,0.5159617142630551,
0.0,0.007280581662701571,0.0,0.5159617142630551,
0.0,0.007280581662701571,0.0,0.5311953614435033,
0.0,0.007280581662701571,0.0,0.5316672390674765,
0.0,0.007280581662701571,0.0,0.5304921705068231,
0.0,0.007280581662701571,0.0,0.5304921705068231,
0.0,0.007280581662701571,0.0,0.5304921705068231,
0.0,0.007280581662701571,0.0,0.5342949121511142,
0.0,0.007280581662701571,0.0,0.5342949121511142,
0.0,0.007280581662701571,0.0,0.5207983038203812,
0.0,0.007280581662701571,0.0,0.505943704620368,
0.0,0.007280581662701571,0.0,0.505943704620368,
0.0,0.007280581662701571,0.0,0.5160367370098274,
0.0,0.007280581662701571,0.0,0.5160367370098274,
0.0,0.007280581662701571,0.0,0.5235124438355697,
0.0,0.007280581662701571,0.0,0.5185422087181492,
0.0,0.007280581662701571,0.0,0.5185422087181492,
0.0,0.007280581662701571,0.0,0.5185422087181492,
0.0,0.007280581662701571,0.0,0.5413146427192739,
0.0,0.007280581662701571,0.0,0.5413146427192739,
0.0,0.007280581662701571,0.0,0.5413146427192739,
0.0,0.007280581662701571,0.0,0.5522142330456046,
0.0,0.007280581662701571,0.0,0.5522142330456046,
0.0,0.007280581662701571,0.0,0.5420402611060229,
0.0,0.007280581662701571,0.0,0.5420402611060229,
0.0,0.007280581662701571,0.0,0.5566304316684283,
0.0,0.007280581662701571,0.0,0.5557428204530425,
0.0,0.007280581662701571,0.0,0.5557428204530425,
0.0,0.007280581662701571,0.0,0.5557428204530425,
0.0,0.007280581662701571,0.0,0.5557428204530425,
0.0,0.007280581662701571,0.0,0.5557428204530425,
0.0,0.007280581662701571,0.0,0.5475797212597283,
0.0,0.007280581662701571,0.0,0.5475797212597283,
0.0,0.007280581662701571,0.0,0.5475797212597283,
0.0,0.007280581662701571,0.0,0.5475797212597283,
0.0,0.007280581662701571,0.0,0.5475797212597283,
0.0,0.007280581662701571,0.0,0.5475797212597283,
0.0,0.007280581662701571,0.0,0.5289630372343342,
0.0,0.007280581662701571,0.0,0.5289630372343342,
0.0,0.007280581662701571,0.0,0.5072885851515869,
0.0,0.007280581662701571,0.0,0.5072885851515869,
0.0,0.007280581662701571,0.0,0.496044668271947,
0.0,0.007280581662701571,0.0,0.48719736641577843,
0.0,0.007280581662701571,0.0,0.48766443979669577,
0.0,0.007280581662701571,0.0,0.48766443979669577,
0.0,0.007280581662701571,0.0,0.4958527717847473,
0.0,0.007280581662701571,0.0,0.4958527717847473,
0.0,0.007280581662701571,0.0,0.4958527717847473,
0.0,0.007280581662701571,0.0,0.4994275575784085,
0.0,0.007280581662701571,0.0,0.4994275575784085,
0.0,0.007280581662701571,0.0,0.5166671542969645,
0.0,0.007280581662701571,0.0,0.5166671542969645,
0.0,0.007280581662701571,0.0,0.5166671542969645,
0.0,0.007280581662701571,0.0,0.5166671542969645,
0.0,0.007280581662701571,0.0,0.5184859745442232,
0.0,0.007280581662701571,0.0,0.5184859745442232,
0.0,0.007280581662701571,0.0,0.5184859745442232,
0.0,0.007280581662701571,0.0,0.5234641623053096,
0.0,0.007280581662701571,0.0,0.5008774532412773,
0.0,0.007280581662701571,0.0,0.5158704823643495,
0.0,0.007280581662701571,0.0,0.5158704823643495,
0.0,0.007280581662701571,0.0,0.5158704823643495,
0.0,0.007280581662701571,0.0,0.5158704823643495,
0.0,0.007280581662701571,0.0,0.5158704823643495,
0.0,0.007280581662701571,0.0,0.5158704823643495,
0.0,0.007280581662701571,0.0,0.5158704823643495,
0.0,0.007280581662701571,0.0,0.5259735524334328,
0.0,0.007280581662701571,0.0,0.5259735524334328,
0.0,0.007280581662701571,0.0,0.5259735524334328,
0.0,0.007280581662701571,0.0,0.5259735524334328,
0.0,0.007280581662701571,0.0,0.5314818451989687,
0.0,0.007280581662701571,0.0,0.5314818451989687,
0.0,0.007280581662701571,0.0,0.5306902607273845,
0.0,0.007280581662701571,0.0,0.5306902607273845,
0.0,0.007280581662701571,0.0,0.5306902607273845,
0.0,0.007280581662701571,0.0,0.5306071403975076,
0.0,0.007280581662701571,0.0,0.5306071403975076,
0.0,0.007280581662701571,0.0,0.5306071403975076,
0.0,0.007280581662701571,0.0,0.530719219857932,
0.0,0.007280581662701571,0.0,0.5283308788240207,
0.0,0.007280581662701571,0.0,0.5283308788240207,
0.0,0.007280581662701571,0.0,0.5283308788240207,
0.0,0.007280581662701571,0.0,0.5336266353263911,
0.0,0.007280581662701571,0.0,0.5336266353263911,
0.0,0.007280581662701571,0.0,0.5379210483714922,
0.0,0.007280581662701571,0.0,0.5379210483714922,
0.0,0.007280581662701571,0.0,0.5417668633052236,
0.0,0.007280581662701571,0.0,0.5417668633052236,
0.0,0.007280581662701571,0.0,0.5421184162570087,
0.0,0.007280581662701571,0.0,0.5432718021897546,
0.0,0.007280581662701571,0.0,0.5312549053343485,
0.0,0.007280581662701571,0.0,0.5267608285732115,
0.0,0.007280581662701571,0.0,0.5267608285732115,
0.0,0.007280581662701571,0.0,0.528735506302506,
0.0,0.007280581662701571,0.0,0.528735506302506,
0.0,0.007280581662701571,0.0,0.5463612764890011,
0.0,0.007280581662701571,0.0,0.551583877233206,
0.0,0.007280581662701571,0.0,0.5610449689747522,
0.0,0.007280581662701571,0.0,0.5582467260998986,
0.0,0.007280581662701571,0.0,0.550975815721633,
0.0,0.007280581662701571,0.0,0.550975815721633,
0.0,0.007280581662701571,0.0,0.5458467431511441,
0.0,0.007280581662701571,0.0,0.5458467431511441,
0.0,0.007280581662701571,0.0,0.5458467431511441,
0.0,0.007280581662701571,0.0,0.5432524119979293,
0.0,0.007280581662701571,0.0,0.5349043140211538,
0.0,0.007280581662701571,0.0,0.5349043140211538,
0.0,0.007280581662701571,0.0,0.5209005479982491,
0.0,0.007280581662701571,0.0,0.5209005479982491,
0.0,0.007280581662701571,0.0,0.5209005479982491,
0.0,0.007280581662701571,0.0,0.5209005479982491,
0.0,0.007280581662701571,0.0,0.5209005479982491,
0.0,0.007280581662701571,0.0,0.5177990867413624,
0.0,0.007280581662701571,0.0,0.5285164245115642,
0.0,0.007280581662701571,0.0,0.5285164245115642,
0.0,0.007280581662701571,0.0,0.5346581121640981,
0.0,0.007280581662701571,0.0,0.5346581121640981,
0.0,0.007280581662701571,0.0,0.5369739391482392,
0.0,0.007280581662701571,0.0,0.5404936924376078,
0.0,0.007280581662701571,0.0,0.5404936924376078,
0.0,0.007280581662701571,0.0,0.5443186053964866,
0.0,0.007280581662701571,0.0,0.5443186053964866,
0.0,0.007280581662701571,0.0,0.5443186053964866,
0.0,0.007280581662701571,0.0,0.5432673123413463,
0.0,0.007280581662701571,0.0,0.5494972904849215,
0.0,0.007280581662701571,0.0,0.5524995584274939,
0.0,0.007280581662701571,0.0,0.5618236082972435,
0.0,0.007280581662701571,0.0,0.5643278944756804,
0.0,0.007280581662701571,0.0,0.5740802770308345,
0.0,0.007280581662701571,0.0,0.5740802770308345,
0.0,0.007280581662701571,0.0,0.5751624329721364,
0.0,0.007280581662701571,0.0,0.5751624329721364,
0.0,0.007280581662701571,0.0,0.5716246122658635,
0.0,0.007280581662701571,0.0,0.5686934207298353,
0.0,0.007280581662701571,0.0,0.5744063089894201,
0.0,0.007280581662701571,0.0,0.5727104665222447,
0.0,0.007280581662701571,0.0,0.5733435469228694,
0.0,0.007280581662701571,0.0,0.5505392255426539,
0.0,0.007280581662701571,0.0,0.5505392255426539,
0.0,0.007280581662701571,0.0,0.5505392255426539,
0.0,0.007280581662701571,0.0,0.5505392255426539,
0.0,0.007280581662701571,0.0,0.5505392255426539,
0.0,0.007280581662701571,0.0,0.5433887423082688,
0.0,0.007280581662701571,0.0,0.5433887423082688,
0.0,0.007280581662701571,0.0,0.5433887423082688,
0.0,0.007280581662701571,0.0,0.5433887423082688,
0.0,0.007280581662701571,0.0,0.5433887423082688,
0.0,0.007280581662701571,0.0,0.5479326962777964,
0.0,0.007280581662701571,0.0,0.5479326962777964,
0.0,0.007280581662701571,0.0,0.5504545072474994,
0.0,0.007280581662701571,0.0,0.5357037857557225,
0.0,0.007280581662701571,0.0,0.542815834883291,
0.0,0.007280581662701571,0.0,0.542815834883291,
0.0,0.007280581662701571,0.0,0.5533460525985074,
0.0,0.007280581662701571,0.0,0.5572588813021845,
0.0,0.007280581662701571,0.0,0.538908734204051,
0.0,0.007280581662701571,0.0,0.531536277319392,
0.0,0.007280581662701571,0.0,0.531536277319392,
0.0,0.007280581662701571,0.0,0.531536277319392,
0.0,0.007280581662701571,0.0,0.5296228113837049,
0.0,0.007280581662701571,0.0,0.5296228113837049,
0.0,0.007280581662701571,0.0,0.5296228113837049,
0.0,0.007280581662701571,0.0,0.5177001001223536,
0.0,0.007280581662701571,0.0,0.5070159335207748,
0.0,0.007280581662701571,0.0,0.5070159335207748,
0.0,0.007280581662701571,0.0,0.5104104430340078,
0.0,0.007280581662701571,0.0,0.5148423365205086,
0.0,0.007280581662701571,0.0,0.5161615007046649,
0.0,0.007280581662701571,0.0,0.5161615007046649,
0.0,0.007280581662701571,0.0,0.5026409421271001,
0.0,0.007280581662701571,0.0,0.5019123034867382,
0.0,0.007280581662701571,0.0,0.5054476791980388,
0.0,0.007280581662701571,0.0,0.5054476791980388,
0.0,0.007280581662701571,0.0,0.5106667064184887,
0.0,0.007280581662701571,0.0,0.5106667064184887,
0.0,0.007280581662701571,0.0,0.5106667064184887,
0.0,0.007280581662701571,0.0,0.5106667064184887,
0.0,0.007280581662701571,0.0,0.5106667064184887,
0.0,0.007280581662701571,0.0,0.5083294586828472,
0.0,0.007280581662701571,0.0,0.5018160705332739,
0.0,0.007280581662701571,0.0,0.499059992660779,
0.0,0.007280581662701571,0.0,0.499059992660779,
0.0,0.007280581662701571,0.0,0.5073527853462385,
0.0,0.007280581662701571,0.0,0.5073527853462385,
0.0,0.007280581662701571,0.0,0.5138789005011059,
0.0,0.007280581662701571,0.0,0.5138789005011059,
0.0,0.007280581662701571,0.0,0.5138789005011059,
0.0,0.007280581662701571,0.0,0.5138789005011059,
0.0,0.007280581662701571,0.0,0.5228247110871277,
0.0,0.007280581662701571,0.0,0.5273791711566471,
0.0,0.007280581662701571,0.0,0.5273791711566471,
0.0,0.007280581662701571,0.0,0.5273791711566471,
0.0,0.007280581662701571,0.0,0.5273791711566471,
0.0,0.007280581662701571,0.0,0.5292275492579129,
0.0,0.007280581662701571,0.0,0.52959257205111,
0.0,0.007280581662701571,0.0,0.52959257205111,
0.0,0.007280581662701571,0.0,0.52959257205111,
0.0,0.007280581662701571,0.0,0.52959257205111,
0.0,0.007280581662701571,0.0,0.52959257205111,
0.0,0.007280581662701571,0.0,0.5369873744419039,
0.0,0.007280581662701571,0.0,0.5506461965075862,
0.0,0.007280581662701571,0.0,0.5539631505258247,
0.0,0.007280581662701571,0.0,0.557785712642119,
0.0,0.007280581662701571,0.0,0.5580317874105334,
0.0,0.007280581662701571,0.0,0.5580317874105334,
0.0,0.007280581662701571,0.0,0.5580317874105334,
0.0,0.007280581662701571,0.0,0.5500063362885231,
0.0,0.007280581662701571,0.0,0.5500063362885231,
0.0,0.007280581662701571,0.0,0.5500063362885231,
0.0,0.007280581662701571,0.0,0.5500063362885231,
0.0,0.007280581662701571,0.0,0.5519619223056579,
0.0,0.007280581662701571,0.0,0.5519619223056579,
0.0,0.007280581662701571,0.0,0.5519619223056579,
0.0,0.007280581662701571,0.0,0.5610428679174673,
0.0,0.007280581662701571,0.0,0.5700469040411505,
0.0,0.007280581662701571,0.0,0.5779368167485177,
0.0,0.007280581662701571,0.0,0.5899999635512984,
0.0,0.007280581662701571,0.0,0.5933996758953917,
0.0,0.007280581662701571,0.0,0.5933996758953917,
0.0,0.007280581662701571,0.0,0.5933996758953917,
0.0,0.007280581662701571,0.0,0.592935845728085,
0.0,0.007280581662701571,0.0,0.5908410901368023,
0.0,0.007280581662701571,0.0,0.5908410901368023,
0.0,0.007280581662701571,0.0,0.5908410901368023,
0.0,0.007280581662701571,0.0,0.5859966133266716,
0.0,0.007280581662701571,0.0,0.5859966133266716,
0.0,0.007280581662701571,0.0,0.5859966133266716,
0.0,0.007280581662701571,0.0,0.5907138209015586,
0.0,0.007280581662701571,0.0,0.5907138209015586,
0.0,0.007280581662701571,0.0,0.5907138209015586,
0.0,0.007280581662701571,0.0,0.5907138209015586,
0.0,0.007280581662701571,0.0,0.602030417576355,
0.0,0.007280581662701571,0.0,0.602030417576355,
0.0,0.007280581662701571,0.0,0.602030417576355,
0.0,0.007280581662701571,0.0,0.6101735321203127,
0.0,0.007280581662701571,0.0,0.6068151257209439,
0.0,0.007280581662701571,0.0,0.5975010420908358,
0.0,0.007280581662701571,0.0,0.5922732501772118,
0.0,0.007280581662701571,0.0,0.5875442591788947,
0.0,0.007280581662701571,0.0,0.5875442591788947,
0.0,0.007280581662701571,0.0,0.5640195254271448,
0.0,0.007280581662701571,0.0,0.5640195254271448,
0.0,0.007280581662701571,0.0,0.5498220548172364,