
0.0
0.0
0.0
0.0
0.0
0.0
0.0
0.0
0.0
0.0
0.0
0.0
4.460693211826123E-5
1.7184838488860756E-4
0.0010669540641418042
0.0036343246774372113
0.008181330080250427
0.013294916318865433
0.017966906610996723
0.021049620091555896
0.022311591068684793
0.021992336557342552
0.020912431940474496
0.0195211000581279
0.01812165690293055
0.016839319911973624
0.015705079237330236
0.014737914419042906
0.013921546555656767
0.013219395479476726
0.012637101083024922
0.01215156105227844
0.01172408630628909
0.011365171359618289
0.011049000115755027
0.010771583617833636
0.01052133905451848
0.010298610315549923
0.010103156318585113
0.009921435334393422
0.009759539585647955
0.009602898626953073
0.009458123232499498
0.009319583167505483
0.009193905410212262
0.009076784920765437
0.008961252011277124
0.008850666347470702
0.008752658101800917
0.008649582680288414
0.008543803603481101
0.008447437761576013
0.008359646572935728
0.008278594931182041
0.008200317126616917
0.008116714475127134
0.008025772200035721
0.007945516904948744
0.00786397613718914
0.007783613062554879
0.0077124771602739
0.007642011020583214
0.007565550322794901
0.007487509432035995
0.007407241919949357
0.007338018588884541
0.00727831837430868
0.007206893991060354
0.007137230190532794
0.007076305905950731
0.007027826211209336
0.006964821016551915
0.006920245532495569
0.006781791888662249
0.006662144503596684
0.00655590489051614
0.006466374006276606
0.006406023689956184
0.0063315125314594555
0.006273948293348876
0.0061288451911581
0.006013802295554972
0.005909243425712665
0.00581774695795373
0.005672906839175706
0.005569757203988498
0.005507499195832932
0.005494158083226354
0.00535901294698217
0.005077902683062132
0.004895721833255032
0.004761112532264654
0.004590223498846057
0.004357686373459919
0.004201009477394886
0.0040711107872481896
0.0039654717750973656
0.0038723467319454596
0.003791353475313918
0.003719468451170581
0.003653384103662878
0.00359151833946282
0.003534060437393713
0.003480682511972361
0.00343082578058941
0.0033850182447724454
0.003339190564822156
0.0032938142841724975
0.003252544608894528
0.003212167344519132
0.003171278548970492
0.0031341960660857017
0.0030978885348348756
0.003058810407093059
0.0030235315179906633
0.0029914295013474534
0.0029593998912041484
0.0029279242581168033
0.002895565109053675
0.002864622409018215
0.002831579885012145
0.0027999802462382547
0.0027704630398721927
0.0027422561341295506
0.002714796297451172
0.0026865470560249174
0.0026587675792364113
0.0026313534763276274
0.002604745576268179
0.0025784243311301963
0.0025514127408898897
0.0025264637852997654
0.0025032640220026344
0.0024768198042779566
0.002450199983138746
0.0024262695362995937
0.0024039377721475157
0.002382003135826029
0.0023590673006247333
0.0023334317684120007
0.0023092000832387327
0.0022874855364111413
0.0022656217355316245
0.002244802857532537
0.0022210432473213065
0.002199075467652755
0.0021762659711958795
0.0021544142094327254
0.0021343073266181815
0.002112938870793309
0.002092106252183107
0.0020712571322308113
0.0020519555738771375
0.0020335410669538763
0.0020153680404349653
0.001996620347826157
0.001976052792788591
0.0019561596368126272
0.0019352662639494035
0.001915919269296289
0.0018987650715440326
0.001880859484850846
0.00186106074044576
0.0018433921263172818
0.0018268474291646608
0.001809863976522699
0.0017935231686145108
0.0017765539824180494
0.0017598638668371227
0.001744014302637734
0.001726301977267001
0.0017085267237785034
0.0016927055172911124
0.0016751619131931468
0.0016593286341167316
0.0016441815619798752
0.0016285306453624271
0.0016130232971320803
0.001597411017268807
0.0015828990308566061
0.0015663536405826578
0.001551487370318722
0.0015357318161420223
0.0015203763170345548
0.0015063897428271066
0.001491015893123388
0.0014759951259914277
0.0014621212333093799
0.0014493497927864675
0.0014368755561379558
0.0014226921457245762
0.0014083068228698003
0.0013940437012792525
0.0013810492033040894
0.0013683217068357072
0.0013552836594858738
0.0013430955535063405
0.0013308104890794462
0.0013188226114470934
0.0013060072118898588
0.0012921240994891298
0.0012784001246092065
0.0012655101198797863
0.0012527831248987963
0.0012410818650987975
0.0012300780952120307
0.0012185791664678534
0.0012072970150602345
0.0011959908032039867
0.0011847142823366537
0.0011729541450399396
0.0011616577933238597
0.0011508935784407604
0.0011395032449799804
0.0011286393988599412
0.0011177807900966514
0.0011068816180543983
0.0010970937562575377
0.0010861455085973176
0.0010746024702016099
0.0010650130997791368
0.0010557362777029438
0.0010456529606807288
0.0010361422009431194
0.0010258537219296276
0.0010157472274159344
0.0010066842740813343
9.96015691914463E-4
9.862740964020227E-4
9.772395415744294E-4
9.678603029999585E-4
9.586119574342118E-4
9.494312826613816E-4
9.396635880012836E-4
9.300346817156326E-4
9.213886515897538E-4
9.124926403096807E-4
9.042662424960038E-4
8.964047646121236E-4
8.87383808979795E-4
8.790113506898513E-4
8.710151918955282E-4
8.625424001375981E-4
8.547020022694498E-4
8.470934161744145E-4
8.384697178139404E-4
8.299789126597369E-4
8.218342126663758E-4
8.143787527870039E-4
8.070258014077449E-4
7.99774382856317E-4
7.924356437565253E-4
7.846309835716919E-4
7.76291777007674E-4
7.688130551656126E-4
7.612703666246276E-4
7.535817852495628E-4
7.466908180084923E-4
7.398307789847799E-4
7.33334234847134E-4
7.266385877919958E-4
7.196368110814994E-4
7.12718307742366E-4
7.061521664571514E-4
6.996225058632701E-4
6.931502616560661E-4
6.868217253281417E-4
6.797449335303058E-4
6.729175935130305E-4
6.666411485156945E-4
6.60582990201728E-4
6.545781560294626E-4
6.481089559902549E-4
6.413027562922717E-4
6.353455360138299E-4
6.296864127521987E-4
6.239039603316465E-4
6.178408968525491E-4
6.116519577335712E-4
6.055883538729696E-4
5.999879103547089E-4
5.943862226354584E-4
5.879518903950608E-4
5.820148958370589E-4
5.767190670258493E-4
5.713503309834635E-4
5.659147056611264E-4
5.608101368036238E-4
5.557410099719345E-4
5.505814720700486E-4
5.456011438990869E-4
5.404576298733811E-4
5.354801848902295E-4
5.306010376016366E-4
5.255082563248106E-4
5.200689062491848E-4
5.148832789447517E-4
5.103462262839223E-4
5.050374807908625E-4
4.994240657388901E-4
4.94678201799522E-4
4.901535279208391E-4
4.8551161897794653E-4
4.81048781030566E-4
4.7665282288704923E-4
4.7223501035255073E-4
4.6782630239252445E-4
4.631881313757548E-4
4.588214236252021E-4
4.5471646171598974E-4
4.5026855117867343E-4
4.461192382924792E-4
4.420276495908578E-4
4.375144562172533E-4
4.3321151861789263E-4
4.290998738614957E-4
4.246090850921464E-4
4.2060257149286395E-4
4.16776581133979E-4
4.127820505022881E-4
4.0910171973241314E-4
4.053063759551284E-4
4.014187389064177E-4
3.9712671657858144E-4
3.9330144909986383E-4
3.899034518005262E-4
3.860061432222597E-4
3.8228153214253907E-4
3.7883471619930894E-4
3.750957725916199E-4
3.714515391989247E-4
3.67575172118423E-4
3.641959838829097E-4
3.610277657237999E-4
3.573347696120278E-4
3.5408159623913447E-4
3.50833207742562E-4
3.4735301568237815E-4
3.441018109487289E-4
3.409031473426234E-4
3.3742999684286014E-4
3.3377648147044135E-4
3.3060072266900354E-4
3.276787843860882E-4
3.248125389606601E-4
3.2150934166273704E-4
3.185337878678246E-4
3.1539177117169436E-4
3.122651251027368E-4
3.095553009580903E-4
3.0669556771681063E-4
3.0390170035669113E-4
3.0096773260852335E-4
2.9821602992310774E-4
2.9531949460933217E-4
2.9237238169922935E-4
2.894242971925118E-4
2.867321544967679E-4
2.841727870155297E-4
2.8140862430756146E-4
2.787722455754382E-4
2.762724936297618E-4
2.736353689327092E-4
2.707272707977474E-4
2.681498644654412E-4
2.6582746738307495E-4
2.6338340254461413E-4
2.6101303485800135E-4
2.586459839282391E-4
2.5601892005825213E-4
2.534329688771626E-4
2.510435544651692E-4
2.486425753605E-4
2.4633706562143657E-4
2.4409137682370456E-4
2.4187434304671657E-4
2.395369759591832E-4
2.3728695826656508E-4
2.349543708115896E-4
2.32620004504848E-4
2.3058715753617598E-4
2.2839321255179736E-4
2.2626424299534702E-4
2.2404846061141746E-4
2.2176301305325155E-4
2.197378605448414E-4
2.177322616525147E-4
2.1559235510173018E-4
2.1350835370041087E-4
2.1146837049055287E-4
2.0947020139996166E-4
2.0739816668006566E-4
2.055231330733769E-4
2.0345343933297685E-4
2.0146094171266503E-4
1.9975483646956547E-4
1.9788506171044507E-4
1.9604432771166066E-4
1.942104115638326E-4
1.922358973071274E-4
1.904099900433076E-4
1.8856039295283487E-4
1.867652123723178E-4
1.8512078341458179E-4
1.834591441762213E-4
1.8178852055837137E-4
1.7984826856510665E-4
1.7796087276509211E-4
1.76412523779637E-4
1.7471905372684043E-4
1.7304663024703321E-4
1.7149195872369588E-4
1.6987490012500395E-4
1.683067002900329E-4
1.6667504668454794E-4
1.6509450858322885E-4
1.6345298076396063E-4
1.6171100497730355E-4
1.6009909293361423E-4
1.586025533919516E-4
1.571024602691176E-4
1.55717097766248E-4
1.5429362396282033E-4
1.5268194305390756E-4
1.512627359061392E-4
1.4982959872960008E-4
1.483122902298323E-4
1.469774027808554E-4
1.45644840730242E-4
1.442765738338984E-4
1.4285744334953095E-4
1.4152936556150885E-4
1.4027397711427532E-4
1.3889716588529204E-4
1.375768240489325E-4
1.363384353842614E-4
1.350177046655567E-4
1.3373307196723063E-4
1.3245057905522794E-4
1.312231960205201E-4
1.2995259161701093E-4
1.2871036991303448E-4
1.27595645484222E-4
1.2639289940765704E-4
1.2515431207448332E-4
1.2386005091272393E-4
1.2262461356495928E-4
1.2135109102272084E-4
1.2023327196780339E-4
1.1921635619345348E-4
1.180786299409623E-4
1.1695213568135118E-4
1.1585749108764953E-4
1.1482826256296535E-4
1.1374683169414432E-4
1.1269247092105032E-4
1.1162144547966899E-4
1.1049268443721732E-4
1.094968027321658E-4
1.0840395682257806E-4
1.0769293444157556E-4
1.0806706041085486E-4
1.0927539446299566E-4
1.0805530768029247E-4
1.0174333259947053E-4
9.863016194647231E-5
9.570487593606808E-5
9.33847900169553E-5
9.144729667226128E-5
8.978917653670027E-5
8.830553869943202E-5
8.689199673880451E-5
8.554525861034094E-5
8.428851620729248E-5
8.317624241290165E-5
8.214651591359401E-5
8.110240573162623E-5
8.006280184419352E-5
7.918148217500073E-5
7.774505251222598E-5
7.504605281619526E-5
7.335166627402962E-5
7.177181782080108E-5
7.045558187785558E-5
6.924613110875731E-5
6.814294636713303E-5
6.70954949364793E-5
6.61454561068369E-5
6.522687967127185E-5
6.43576632981096E-5
6.351995212930723E-5
6.273577826350896E-5
6.194231354717433E-5
6.118489581857877E-5
6.048574489493452E-5
5.975644773461699E-5
5.905310874744201E-5
5.8385592627387137E-5
5.772008822811653E-5
5.7068918531464325E-5
5.6437988538461675E-5
5.5817960637417396E-5
5.521023358012216E-5
5.460865742291224E-5
5.4010318781412596E-5
5.342462900985193E-5
5.28529377565416E-5
5.228577672016648E-5
5.173114764003339E-5
5.1173027986396484E-5
5.063615610465233E-5
5.010228716413259E-5
4.9602071056387544E-5
4.9079706199303715E-5
4.8575604841920806E-5
4.806982669153725E-5
4.7566365365737866E-5
4.707335321242654E-5
4.658742906774727E-5
4.6099061641706056E-5
4.5627543415235094E-5
4.515627077595523E-5
4.4694951469482035E-5
4.4239405080694324E-5
4.378826001953047E-5
4.3344572927492575E-5
4.2900164009042484E-5
4.245562453968606E-5
4.203230442100022E-5
4.160219334958067E-5
4.118645093377327E-5
4.07706037501212E-5
4.035094868005673E-5
3.993964892461029E-5
3.955717520294291E-5
3.916286703413397E-5
3.876349973746406E-5
3.8372121809015495E-5
3.7987525398280154E-5
3.759648358214713E-5
3.722116233163916E-5
3.6840487578485446E-5
3.64659906618008E-5
3.610330748352996E-5
3.5738349187330644E-5
3.537767000106785E-5
3.5018676907472995E-5
3.4671936916184555E-5
3.432856660135929E-5
3.3993002574668226E-5
3.36545741382155E-5
3.331833962410596E-5
3.298099437295509E-5
3.265580671411495E-5
3.232627620132862E-5
3.200080786979436E-5
3.167915996713453E-5
3.135996319096985E-5
3.104582527733101E-5
3.073578407658947E-5
3.0432644912058085E-5
3.013618411721943E-5
2.983616132912034E-5
2.953777196973706E-5
2.9244881906679635E-5
2.8947819377659383E-5
2.8662772419190208E-5
2.8377701702777612E-5
2.8094118670420556E-5
2.7817491602809884E-5
2.7539913026973116E-5
2.7270196150253383E-5
2.6993362300361028E-5
2.673873441430634E-5
2.6470679553837283E-5
2.6208070973458793E-5
2.5946896167680576E-5
2.5689285420781476E-5
2.5427967979081024E-5
2.517343907705708E-5
2.4921356506585843E-5
2.4669487965426865E-5
2.4426828595977086E-5
2.4179242539047572E-5
2.3936076499526632E-5
2.3712708345476044E-5
2.3476385661119813E-5
2.3238034870681453E-5
2.3017524132507686E-5
2.2782787510924296E-5
2.2558574354710307E-5
2.233589956450455E-5
2.211877184109102E-5
2.1897638261196544E-5
2.1686015559574437E-5
2.1468795660675426E-5
2.125238128722891E-5
2.104161392529334E-5
2.0842687518935867E-5
2.063750344180759E-5
2.042876401599183E-5
2.02291434272823E-5
2.002816296415696E-5
1.982957525973869E-5
1.9632798784171072E-5
1.9433231437025152E-5
1.9234507983986577E-5
1.904152537988122E-5
1.885627700413387E-5
1.867401762630505E-5
1.8484314820233184E-5
1.83032127027859E-5
1.8122671644442235E-5
1.7940657170615602E-5
1.7761711815459228E-5
1.758779675398065E-5
1.741568094909572E-5
1.7246546655097332E-5
1.7075012491637856E-5
1.690516149517924E-5
1.6731757011899566E-5
1.656791163686567E-5
1.6401836143312135E-5
1.6239245381911657E-5
1.6074111900350513E-5
1.591805477403564E-5
1.5762495453118615E-5
1.5604151803979162E-5
1.544807183401905E-5
1.5293537946267576E-5
1.5144618043815401E-5
1.4991240940149304E-5
1.484941752790298E-5
1.4709530337897266E-5
1.456433018635383E-5
1.4413923649789864E-5
1.4270860691916095E-5
1.4126277757901333E-5
1.3985145697555575E-5
1.3846458313776437E-5
1.3705644762783159E-5
1.3570849687417128E-5
1.3440455952514885E-5
1.3311717989508695E-5
1.3176313326629342E-5
1.3045289494497349E-5
1.2917179971231797E-5
1.2785345799677345E-5
1.265849166241689E-5
1.2533372994600828E-5
1.2410990867683297E-5
1.2286878118962715E-5
1.2164263884858227E-5
1.2041647098848706E-5
1.1921735481081328E-5
1.1804229640153617E-5
1.1689178659598264E-5
1.1571477415809419E-5
1.1455763725729168E-5
1.1340935080486481E-5
1.1230183086389324E-5
1.1120820513321189E-5
1.1009159672001875E-5
1.0902233365855323E-5
1.0792552672582213E-5
1.0687229014967439E-5
1.0580537549595247E-5
1.0475319161215708E-5
1.0372291919053949E-5
1.027083225119224E-5
1.0166188813131407E-5
1.0066518223709923E-5
9.968399332343046E-6
9.870014573856165E-6
9.7718044871363E-6
9.67483270829149E-6
9.579368236588297E-6
9.481846846664036E-6
9.385951425930838E-6
9.291684906391086E-6
9.202136799157683E-6
9.108930823777802E-6
9.064638625649813E-6
9.371929274533936E-6
9.517757900064372E-6
9.671051051233891E-6
9.500172910650025E-6
9.449037097758285E-6
9.361474641948943E-6
9.22693974167981E-6
9.127645840492266E-6
9.030616897324128E-6
8.94062682059386E-6
8.85239835048417E-6
8.767387320648233E-6
8.684470608045883E-6
8.602208716193048E-6
8.521288976286209E-6
8.44147460656653E-6
8.362543288535337E-6
8.284100293604461E-6
8.206869977969644E-6
8.130129750770141E-6
8.055093511694405E-6
7.976406629755444E-6
7.880009561827564E-6
7.795891546817216E-6
7.713097441278327E-6
7.633216878890843E-6
7.555566021584234E-6
7.4791651914795044E-6
7.403376160408226E-6
7.332737773700972E-6
7.281084407145609E-6
7.218287951937582E-6
7.078567845492084E-6
6.974434961342859E-6
6.874135214598021E-6
6.887324045463235E-6
6.855875865185722E-6
6.81990670213051E-6
6.771527410498431E-6
6.665734994966049E-6
6.58316029502933E-6
6.5023265404519155E-6
6.424808555271947E-6
6.34092637128583E-6
6.263849703848922E-6
6.186006229842213E-6
6.113280479244028E-6
6.043972323592529E-6
5.976100523825319E-6
5.908209727608815E-6
5.843241822218648E-6
5.778651402025212E-6
5.716061723497741E-6
5.6548424805478274E-6
5.595318041061633E-6
5.536002642288802E-6
5.4786365053615265E-6
5.421760196655513E-6
5.3661667201355015E-6
5.311316082444148E-6
5.256949675225388E-6
5.203756075630427E-6
5.150224428563642E-6
5.098023563551808E-6
5.046036293872258E-6
4.994780365437119E-6
4.944775710257339E-6
4.897323014209861E-6
4.850611472458224E-6
4.803541707555485E-6
4.7567022376175235E-6
4.71044422771652E-6
4.66368806455702E-6
4.618158725923281E-6
4.572560387684041E-6
4.526982715909774E-6
4.482569059245523E-6
4.437554184057343E-6
4.3941102967963356E-6
4.350918889268985E-6
4.307825361906602E-6
4.26526156220813E-6
4.222982759718465E-6
4.181282541543844E-6
4.139520348018089E-6
4.098372076199494E-6
4.058116082394051E-6
4.0181069144380405E-6
3.978224131571045E-6
3.938958864442786E-6
3.899841286155068E-6
3.86132220635598E-6
3.82302749319285E-6
3.785129797901682E-6
3.7474965200328066E-6
3.7104340276637485E-6
3.6736603812814685E-6
3.6374530586349296E-6
3.601122053463733E-6
3.5655206192755995E-6
3.530278864001985E-6
3.4953617431734997E-6
3.460734387378388E-6
3.4264616483751474E-6
3.3927816577631536E-6
3.3588809547384267E-6
3.3257988169450892E-6
3.2927939122950893E-6
3.260423575280759E-6
3.2279193018571436E-6
3.1961382401927157E-6
3.164381367101192E-6
3.133096916163794E-6
3.102322153777335E-6
3.0715427945208517E-6
3.041293179222648E-6
3.0111002656924667E-6
2.982864072726916E-6
2.961979547566372E-6
2.9369142774572714E-6
2.911278202524644E-6
2.8850085095252246E-6
2.8581854430444013E-6
2.8317292822834673E-6
2.805032614643603E-6
2.7780020219225493E-6
2.8245821287020383E-6
2.838559942033792E-6
2.853721481818565E-6
2.859169818815071E-6
2.860180062655823E-6
2.8567286367990504E-6
2.850294605609214E-6
2.8413827345882016E-6
2.8303184547833556E-6
2.817603560624083E-6
2.8034997447541052E-6
2.7882036187033965E-6
2.771878482897192E-6
2.7548126037304155E-6
2.736956362126618E-6
2.718610968303699E-6
2.7036169220615344E-6
2.686120511613169E-6
2.668237108807713E-6
2.649676295824998E-6
2.630538048387858E-6
2.6111754517389376E-6
2.5915391065808463E-6
2.571589510907565E-6
2.5514787825206216E-6
2.5312032639406835E-6
2.510777406522968E-6
2.4903310196758998E-6
2.4698605800153326E-6
2.4492450837713048E-6
2.428775522987428E-6
2.4082175867311768E-6
2.3877594487794186E-6
2.3673866200430514E-6
2.3469025485545112E-6
2.326454294536332E-6
2.306100682734595E-6
2.2858653360390466E-6
2.2657289387122835E-6
2.245703299361546E-6
2.225693149911386E-6
2.2057944475109713E-6
2.1859222731560865E-6
2.1661100682090393E-6
2.1465309647444685E-6
2.1270317069892817E-6
2.107694522082229E-6
2.0884817874512586E-6
2.0694354285755278E-6
2.050574308975184E-6
2.031812305216116E-6
2.013192678778744E-6
1.9946265473333034E-6
1.9762327883072237E-6
1.9594226796594203E-6
1.9419290307008868E-6
1.924712674712296E-6
1.9073755035361904E-6
1.8900266065319181E-6
1.8726935682774506E-6
1.8554432675967868E-6
1.8383196304276355E-6
1.8212706755985267E-6
1.8044438417751086E-6
1.7878495441716595E-6
1.7711624361238855E-6
1.7546199523945582E-6
1.7382883978146544E-6
1.7220086784980873E-6
1.7058158190240538E-6
1.689857867408651E-6
1.674105296975956E-6
1.6582796623704558E-6
1.6425468285365693E-6
1.6270415766826028E-6
1.6117543820175119E-6
1.5965861851260864E-6
1.581520100354596E-6
1.566436326873952E-6
1.5515481242588213E-6
1.5369195235817071E-6
1.52223706689301E-6
1.5078333633776513E-6
1.4944064728868674E-6
1.480505739072633E-6
1.4667616611208985E-6
1.4529574136481762E-6
1.4393310901736717E-6
1.4257228821208186E-6
1.4121958437621465E-6
1.3988380979433991E-6
1.3856232666866278E-6
1.3726384963492663E-6
1.3595360675030325E-6
1.3466449014563406E-6
1.3339824684464912E-6
1.3211938372462534E-6
1.3086578284230199E-6
1.2962870933496381E-6
1.2839251026776538E-6
1.2716455782338389E-6
1.2595238109711006E-6
1.2474920557778068E-6
1.2356340026659877E-6
1.2238124749958583E-6
1.2121075923353664E-6
1.2005217595561771E-6
1.189033939863321E-6
1.1777150683405619E-6
1.1664464837905724E-6
1.1552169868745248E-6
1.1440701845956565E-6
1.1331509875201868E-6
1.122250663960513E-6
1.111421620657999E-6
1.1007374224704933E-6
1.0901527788296308E-6
1.0796617561484783E-6
1.0693295977058908E-6
1.0590825882031686E-6
1.0488587953575008E-6
1.0387875215161002E-6
1.0288249338489738E-6
1.0189046650099187E-6
1.0091357066233647E-6
9.99458213494864E-7
9.898722480872221E-7
9.803236706765045E-7
9.708750466353202E-7
9.616076524012855E-7
9.523745312763928E-7
9.43199888612391E-7
9.341102838197877E-7
9.250367461625437E-7
9.160703008378822E-7
9.072486829136211E-7
8.985467648787286E-7
8.899094115910448E-7
8.812755481982461E-7
8.727265148216054E-7
8.642598008316666E-7
8.558951514193912E-7
8.476035859670553E-7
8.39457666543193E-7
8.313382017059975E-7
8.232713587108876E-7
8.153661617218116E-7
8.074855692066728E-7
7.99688431288222E-7
7.919656409421382E-7
7.8434217910986E-7
7.767983655192485E-7
7.692843215214072E-7
7.618639739789192E-7
7.545726687896784E-7
7.47267370853514E-7
7.400811787408868E-7
7.32944240507304E-7
7.258443195431173E-7
7.188337610130371E-7
7.119006052757707E-7
7.050257023552233E-7
6.982243061413983E-7
6.915103659250601E-7
6.848569709544238E-7
6.782695592017272E-7
6.716902636946622E-7
6.652127388249144E-7
6.587861190991589E-7
6.523981872157387E-7
6.461114277184503E-7
6.398473747540418E-7
6.336531107932991E-7
6.275011907484258E-7
6.214825920246998E-7
6.154900512095226E-7
6.095133048537641E-7
6.036127830044093E-7
5.978081807872192E-7
5.92043452192609E-7
5.863041758532252E-7
5.806594585550799E-7
5.750250649364493E-7
5.694339102484303E-7
5.639198704456733E-7
5.584783152543113E-7
5.530565390459926E-7
5.476922129989846E-7
5.423925405170834E-7
5.372156906442663E-7
5.320686798743864E-7