
0.0,2.4139899366484586E-5,0.0,0.0,
0.0,8.071862443025827E-5,2.172590942983613E-6,5.5606765087074576E-5,
0.0,8.071862443025827E-5,2.172590942983613E-6,0.001548345193735549,
0.0,8.071862443025827E-5,0.002185709159866572,0.009847884488450274,
0.0,8.071862443025827E-5,0.0028813101672751267,0.01870916517768951,
0.0,8.071862443025827E-5,0.0028813101672751267,0.017731729622837356,
0.004343703375366009,8.071862443025827E-5,0.0028813101672751267,0.017098598998545184,
0.004343703375366009,8.071862443025827E-5,0.0028813101672751267,0.01639049843210764,
0.004343703375366009,8.071862443025827E-5,0.0028813101672751267,0.01639049843210764,
0.004343703375366009,8.071862443025827E-5,0.0040683240094373015,0.018444208408316457,
0.004343703375366009,8.071862443025827E-5,0.0040683240094373015,0.02029475571760635,
0.004343703375366009,8.071862443025827E-5,0.014184141796789982,0.02996127875936345,
0.004343703375366009,8.071862443025827E-5,0.020218219049684905,0.02636656559949773,
0.004343703375366009,8.071862443025827E-5,0.02376311254588237,0.035077983924059655,
0.004343703375366009,8.071862443025827E-5,0.039541626396324,0.03491679015084071,
0.004343703375366009,8.071862443025827E-5,0.04875921471274648,0.04415879620530097,
0.004343703375366009,8.071862443025827E-5,0.04795137566872554,0.034159120186668925,
0.004343703375366009,8.071862443025827E-5,0.04795137566872554,0.034159120186668925,
0.004343703375366009,8.071862443025827E-5,0.04795137566872554,0.04703572184802841,
0.004343703375366009,8.071862443025827E-5,0.04795137566872554,0.06038824318124867,
0.004343703375366009,8.071862443025827E-5,0.04795137566872554,0.04692314102464202,
0.004343703375366009,8.071862443025827E-5,0.04795137566872554,0.05675106919027424,
0.004343703375366009,8.071862443025827E-5,0.04795137566872554,0.05878109711779055,
0.004343703375366009,8.071862443025827E-5,0.04713829597020154,0.06507104848172965,
0.004343703375366009,8.071862443025827E-5,0.04713829597020154,0.052085900586376854,
0.004343703375366009,8.071862443025827E-5,0.04713829597020154,0.0542515664198481,
0.004343703375366009,8.071862443025827E-5,0.04713829597020154,0.046295173005298645,
0.004343703375366009,8.071862443025827E-5,0.04713829597020154,0.04751275418340341,
0.004343703375366009,8.071862443025827E-5,0.046844119557302916,0.06485717083083394,
0.004343703375366009,8.071862443025827E-5,0.046844119557302916,0.05623682442352791,
0.004343703375366009,8.071862443025827E-5,0.04687582115383772,0.057477096833732054,
0.004343703375366009,8.071862443025827E-5,0.04687582115383772,0.05604526544169741,
0.004343703375366009,8.071862443025827E-5,0.04687582115383772,0.053396875703814656,
0.004343703375366009,8.071862443025827E-5,0.04695363747564521,0.04536964447040471,
0.004343703375366009,8.071862443025827E-5,0.04695363747564521,0.05338827634213152,
0.004343703375366009,8.071862443025827E-5,0.04695363747564521,0.05585715641405196,
0.004343703375366009,8.071862443025827E-5,0.04695363747564521,0.05585715641405196,
0.004343703375366009,0.010441260863222442,0.04695363747564521,0.05206196526912794,
0.004343703375366009,0.010441260863222442,0.04482475332406266,0.046754064156218106,
0.004343703375366009,0.010441260863222442,0.04482475332406266,0.048537236762064014,
0.004343703375366009,0.010441260863222442,0.04482475332406266,0.05875050388799477,
0.004343703375366009,0.010441260863222442,0.04482475332406266,0.0508327580832344,
0.004343703375366009,0.010441260863222442,0.04482475332406266,0.04695632580770452,
0.004343703375366009,0.010441260863222442,0.04482475332406266,0.048816163061353925,
0.004343703375366009,0.010441260863222442,0.04473573266717825,0.056870498110181446,
0.004343703375366009,0.010441260863222442,0.04473573266717825,0.06419441730923822,
0.004343703375366009,0.010441260863222442,0.04600074248630181,0.060316279192600235,
0.004343703375366009,0.010441260863222442,0.04600074248630181,0.05516265230294584,
0.004343703375366009,0.010441260863222442,0.04600074248630181,0.05516484282377319,
0.004343703375366009,0.010441260863222442,0.04600074248630181,0.05516484282377319,
0.004343703375366009,0.010441260863222442,0.046823636497198375,0.05255578859086202,
0.004343703375366009,0.010441260863222442,0.046701627427683155,0.05154817228284951,
0.006092507458653059,0.010441260863222442,0.046701627427683155,0.05333164625661181,
0.007781345031118199,0.010441260863222442,0.04784137730131482,0.05739760129016147,
0.007781345031118199,0.010441260863222442,0.05510696016565849,0.05027792672840574,
0.007781345031118199,0.010441260863222442,0.05451341386553948,0.05613610661380296,
0.007781345031118199,0.010441260863222442,0.06476061259858834,0.05552512463380815,
0.007781345031118199,0.010441260863222442,0.06476061259858834,0.05552512463380815,
0.007781345031118199,0.010441260863222442,0.06476061259858834,0.05552512463380815,
0.007781345031118199,0.010441260863222442,0.06476061259858834,0.058467157187898536,
0.007781345031118199,0.010441260863222442,0.062208786067359696,0.05231432508399152,
0.007781345031118199,0.010441260863222442,0.062208786067359696,0.05231432508399152,
0.007781345031118199,0.010441260863222442,0.062208786067359696,0.05226080063709243,
0.007781345031118199,0.010441260863222442,0.062208786067359696,0.05226080063709243,
0.007781345031118199,0.010441260863222442,0.058095952710038166,0.06277074446646691,
0.007781345031118199,0.010441260863222442,0.0636804037458907,0.06690399902249057,
0.007781345031118199,0.010441260863222442,0.0636804037458907,0.06190194484464842,
0.007781345031118199,0.010441260863222442,0.06241316371134749,0.05731297335672239,
0.007781345031118199,0.010441260863222442,0.061838128624362304,0.05817742634698741,
0.007781345031118199,0.010441260863222442,0.061838128624362304,0.057030757658764045,
0.007781345031118199,0.010441260863222442,0.0606075498647375,0.06301582911918491,
0.007781345031118199,0.010441260863222442,0.0606075498647375,0.06007413164834076,
0.007781345031118199,0.010441260863222442,0.05979055101559717,0.0620255078926608,
0.007781345031118199,0.010441260863222442,0.05947777719818701,0.06432361408034562,
0.007781345031118199,0.010441260863222442,0.05947777719818701,0.057876274053037774,
0.007781345031118199,0.010441260863222442,0.058294169431943085,0.06136537164641061,
0.007781345031118199,0.010441260863222442,0.057711227737623653,0.05410269578653288,
0.007781345031118199,0.010441260863222442,0.056022140057781736,0.054117113417519305,
0.007781345031118199,0.010441260863222442,0.061634913758078655,0.05295035101505466,
0.007781345031118199,0.010441260863222442,0.055326486899520376,0.06445435260339714,
0.007781345031118199,0.010441260863222442,0.055326486899520376,0.0651866899448755,
0.007781345031118199,0.010441260863222442,0.055326486899520376,0.06847722882533008,
0.007781345031118199,0.010441260863222442,0.055326486899520376,0.0682899575295015,
0.007781345031118199,0.010441260863222442,0.055326486899520376,0.06860121146796366,
0.007781345031118199,0.010441260863222442,0.05554324875341692,0.06254772794531568,
0.007781345031118199,0.010441260863222442,0.05513698196690024,0.06486787931460207,
0.007781345031118199,0.010441260863222442,0.055454786558358456,0.060101915326356226,
0.007781345031118199,0.010441260863222442,0.05433968814626092,0.07415756481697942,
0.007781345031118199,0.010441260863222442,0.05433968814626092,0.07240456261411424,
0.007781345031118199,0.010441260863222442,0.05433968814626092,0.07955980051033423,
0.007781345031118199,0.010441260863222442,0.05433968814626092,0.07090293363154511,
0.007781345031118199,0.010441260863222442,0.05433968814626092,0.06440259306181,
0.007781345031118199,0.010441260863222442,0.05451781653259861,0.06722059613274857,
0.007781345031118199,0.010441260863222442,0.05451781653259861,0.06379089839987627,
0.007781345031118199,0.010441260863222442,0.054669913128953605,0.07020251312613647,
0.007781345031118199,0.010441260863222442,0.054669913128953605,0.07749751419367244,
0.007781345031118199,0.010441260863222442,0.054669913128953605,0.07112210202075034,
0.007781345031118199,0.010441260863222442,0.054669913128953605,0.06393747600602825,
0.007781345031118199,0.010441260863222442,0.054669913128953605,0.06600948692283513,
0.007781345031118199,0.010441260863222442,0.054669913128953605,0.06635158843121863,
0.007781345031118199,0.010441260863222442,0.054669913128953605,0.061119141161225174,
0.007781345031118199,0.010441260863222442,0.054669913128953605,0.0599478812088928,
0.007781345031118199,0.010441260863222442,0.054669913128953605,0.06871961140147183,
0.007781345031118199,0.010441260863222442,0.054669913128953605,0.06242886604822271,
0.007781345031118199,0.010441260863222442,0.054669913128953605,0.06611758766505102,
0.007781345031118199,0.010441260863222442,0.054669913128953605,0.06886799073747513,
0.007781345031118199,0.010441260863222442,0.054669913128953605,0.06587247634645815,
0.007781345031118199,0.010441260863222442,0.054669913128953605,0.06948236824323537,
0.007781345031118199,0.010441260863222442,0.054669913128953605,0.06210279508899924,
0.007781345031118199,0.010441260863222442,0.054669913128953605,0.06473678066206018,
0.007781345031118199,0.010441260863222442,0.05502923207564366,0.06911527583421893,
0.007781345031118199,0.010441260863222442,0.05502923207564366,0.06480857364117605,
0.007781345031118199,0.010441260863222442,0.05502923207564366,0.06779295098073777,
0.007781345031118199,0.010441260863222442,0.05502923207564366,0.0659521584466337,
0.007781345031118199,0.010441260863222442,0.05502923207564366,0.06535152675600878,
0.007781345031118199,0.010441260863222442,0.05502923207564366,0.06575112244322782,
0.007781345031118199,0.010441260863222442,0.05502923207564366,0.06603384978819066,
0.007781345031118199,0.010441260863222442,0.05502923207564366,0.06533741418704714,
0.007781345031118199,0.010441260863222442,0.05502923207564366,0.06141221062819169,
0.007781345031118199,0.010441260863222442,0.054751293629463196,0.062092654048916,
0.007781345031118199,0.010441260863222442,0.054751293629463196,0.06375993904379432,
0.007781345031118199,0.010441260863222442,0.054751293629463196,0.06741339365807604,
0.007781345031118199,0.010441260863222442,0.054751293629463196,0.06899721761111,
0.007781345031118199,0.010441260863222442,0.054751293629463196,0.0686538741975026,
0.007781345031118199,0.010441260863222442,0.054751293629463196,0.06896024358664757,
0.007781345031118199,0.010441260863222442,0.054751293629463196,0.0752225616135048,
0.007781345031118199,0.010441260863222442,0.054751293629463196,0.06874953162852063,
0.007781345031118199,0.010441260863222442,0.054751293629463196,0.07299690574422169,
0.007781345031118199,0.010441260863222442,0.054751293629463196,0.07216722198008516,
0.007781345031118199,0.010441260863222442,0.054751293629463196,0.06972348845222641,
0.007781345031118199,0.010441260863222442,0.05580058304905555,0.0696832458727437,
0.007781345031118199,0.010441260863222442,0.05580058304905555,0.08052308087913616,
0.007781345031118199,0.010441260863222442,0.06165056055232168,0.07293514917959007,
0.007781345031118199,0.010441260863222442,0.06165056055232168,0.0761601365555916,
0.007781345031118199,0.010441260863222442,0.06165056055232168,0.07272639445594714,
0.007781345031118199,0.010441260863222442,0.06471447648653565,0.07024167766090626,
0.007781345031118199,0.010441260863222442,0.06483447411838392,0.07315556200819213,
0.007781345031118199,0.010441260863222442,0.06483447411838392,0.07463655962919465,
0.007781345031118199,0.010441260863222442,0.0662512804377696,0.0726828345147057,
0.007781345031118199,0.010441260863222442,0.0662512804377696,0.06673494065677141,
0.007781345031118199,0.010441260863222442,0.06563229705310206,0.07193081324489467,
0.007781345031118199,0.010441260863222442,0.06563229705310206,0.07130864193392718,
0.007781345031118199,0.010441260863222442,0.06885480716595987,0.07322591829389019,
0.007781345031118199,0.010441260863222442,0.06885480716595987,0.07664159761146673,
0.007781345031118199,0.010441260863222442,0.06885480716595987,0.06919156886779554,
0.007781345031118199,0.010441260863222442,0.06885480716595987,0.0802190674559289,
0.007781345031118199,0.010441260863222442,0.06885480716595987,0.0861713931739245,
0.007781345031118199,0.010441260863222442,0.06885480716595987,0.07362929998860364,
0.007781345031118199,0.010441260863222442,0.06885480716595987,0.07597934747918685,
0.007781345031118199,0.010441260863222442,0.06885480716595987,0.07496767650245371,
0.007781345031118199,0.010441260863222442,0.06885480716595987,0.07496767650245371,
0.007781345031118199,0.010441260863222442,0.06885480716595987,0.07632980550363423,
0.007781345031118199,0.010441260863222442,0.06885480716595987,0.08023568971968126,
0.007781345031118199,0.010441260863222442,0.06885480716595987,0.07878220149608132,
0.007781345031118199,0.010441260863222442,0.06885480716595987,0.07981140867212846,
0.007781345031118199,0.010441260863222442,0.06885480716595987,0.07853121157439642,
0.007781345031118199,0.010441260863222442,0.06885480716595987,0.08151293003908322,
0.007781345031118199,0.010441260863222442,0.06885480716595987,0.0879548908962885,
0.007781345031118199,0.010441260863222442,0.06885480716595987,0.09369388392033354,
0.007781345031118199,0.010441260863222442,0.06885480716595987,0.09398862299301093,
0.007781345031118199,0.010441260863222442,0.06885480716595987,0.08962686234385295,
0.007781345031118199,0.010441260863222442,0.06885480716595987,0.09018869032922595,
0.007781345031118199,0.010441260863222442,0.06885480716595987,0.09742895519945145,
0.007781345031118199,0.010441260863222442,0.06885480716595987,0.09715019718162198,
0.007781345031118199,0.010441260863222442,0.06885480716595987,0.09489024310089518,
0.007781345031118199,0.010441260863222442,0.06885480716595987,0.08768738063184732,
0.007781345031118199,0.010441260863222442,0.06885480716595987,0.09233255312460277,
0.007781345031118199,0.010441260863222442,0.06885480716595987,0.09631187198137191,
0.007781345031118199,0.010441260863222442,0.06885480716595987,0.08688677288580324,
0.007781345031118199,0.010441260863222442,0.06885480716595987,0.08954912852064635,
0.007781345031118199,0.010441260863222442,0.06885480716595987,0.08954912852064635,
0.007781345031118199,0.010441260863222442,0.06885480716595987,0.08684366948890375,
0.007781345031118199,0.010441260863222442,0.06885480716595987,0.08594120804782716,
0.007781345031118199,0.010441260863222442,0.06885480716595987,0.08342171282503008,
0.007781345031118199,0.010441260863222442,0.06885480716595987,0.08342171282503008,
0.007781345031118199,0.010441260863222442,0.06885480716595987,0.08917279573539262,
0.007781345031118199,0.010441260863222442,0.06885480716595987,0.08768260701697754,
0.007781345031118199,0.010441260863222442,0.06885480716595987,0.08768260701697754,
0.007781345031118199,0.010441260863222442,0.06885480716595987,0.08762586402774503,
0.007781345031118199,0.010441260863222442,0.06885480716595987,0.09001672787018641,
0.007781345031118199,0.010441260863222442,0.06885480716595987,0.08372005270842214,
0.007781345031118199,0.010441260863222442,0.06885480716595987,0.08129406982017819,
0.007781345031118199,0.010441260863222442,0.06885480716595987,0.0791769365591147,
0.007781345031118199,0.010441260863222442,0.06885480716595987,0.08096938177525026,
0.007781345031118199,0.010441260863222442,0.06885480716595987,0.0825166394464517,
0.007781345031118199,0.010441260863222442,0.06885480716595987,0.08568553909812421,
0.007781345031118199,0.010441260863222442,0.06885480716595987,0.08623122791370261,
0.007781345031118199,0.010441260863222442,0.06885480716595987,0.08186362009172099,
0.007781345031118199,0.010441260863222442,0.06885480716595987,0.0804405302616213,
0.007781345031118199,0.010441260863222442,0.06885480716595987,0.08248899446241521,
0.007781345031118199,0.010441260863222442,0.06885480716595987,0.07887218400218628,
0.007781345031118199,0.010441260863222442,0.06885480716595987,0.08063279515535021,
0.007781345031118199,0.010441260863222442,0.06885480716595987,0.08117775330861694,
0.007781345031118199,0.010441260863222442,0.06885480716595987,0.08141007757395698,
0.007781345031118199,0.010441260863222442,0.06885480716595987,0.08249107746477519,
0.007781345031118199,0.010441260863222442,0.06885480716595987,0.08161304891714058,
0.007781345031118199,0.010441260863222442,0.06885480716595987,0.07995254777597463,
0.007781345031118199,0.010441260863222442,0.06885480716595987,0.08193816115063378,
0.007781345031118199,0.010441260863222442,0.06885480716595987,0.08153214871724104,
0.007781345031118199,0.010441260863222442,0.06885480716595987,0.07694150087804219,
0.007781345031118199,0.010441260863222442,0.06885480716595987,0.07833819671867095,
0.007781345031118199,0.010441260863222442,0.06885480716595987,0.07739060817350314,
0.007781345031118199,0.010441260863222442,0.06896113508160827,0.08354988973152878,
0.007781345031118199,0.010441260863222442,0.07066653861725959,0.07984622267301036,
0.007781345031118199,0.010441260863222442,0.07521843168191764,0.0761481320727968,
0.007781345031118199,0.010441260863222442,0.07520332458147182,0.08269493449998132,
0.007781345031118199,0.010441260863222442,0.07553603763816272,0.08421582525776236,
0.007781345031118199,0.010441260863222442,0.07574853731236507,0.08677270536405031,
0.007781345031118199,0.010441260863222442,0.07365477419627918,0.08746164299529206,
0.007781345031118199,0.010441260863222442,0.0751356098002818,0.08267668685429955,
0.007781345031118199,0.010441260863222442,0.07505262671712734,0.08857213244409344,
0.007781345031118199,0.010441260863222442,0.07505262671712734,0.08862494832123262,
0.007781345031118199,0.010441260863222442,0.07505262671712734,0.08622976955512174,
0.007781345031118199,0.010441260863222442,0.07505262671712734,0.08622976955512174,
0.007781345031118199,0.010441260863222442,0.07505262671712734,0.09092473017214844,
0.007781345031118199,0.010441260863222442,0.07505262671712734,0.09287873902980541,
0.007781345031118199,0.010441260863222442,0.07505262671712734,0.0928327171774336,
0.007781345031118199,0.010441260863222442,0.07505262671712734,0.09425982834592275,
0.007781345031118199,0.010441260863222442,0.07505262671712734,0.10158535219004396,
0.007781345031118199,0.010441260863222442,0.07505262671712734,0.09923275519654384,
0.007781345031118199,0.010441260863222442,0.07505262671712734,0.09634775255782195,
0.007781345031118199,0.010441260863222442,0.07505262671712734,0.09373743171083353,
0.007781345031118199,0.010441260863222442,0.07797906707105057,0.09257950959491335,
0.007781345031118199,0.010441260863222442,0.0765215314356894,0.09515719484250258,
0.007781345031118199,0.010441260863222442,0.0765215314356894,0.09536375151400059,
0.007781345031118199,0.010441260863222442,0.08009525476431095,0.10497818937306642,
0.007781345031118199,0.010441260863222442,0.08009525476431095,0.10623462876360014,
0.007781345031118199,0.010441260863222442,0.08009525476431095,0.0978810701385294,
0.007781345031118199,0.010441260863222442,0.08097641181321956,0.10422058723127864,
0.007781345031118199,0.010441260863222442,0.08097641181321956,0.10520365893175668,
0.007781345031118199,0.010441260863222442,0.08097641181321956,0.1053848473580066,
0.007781345031118199,0.010441260863222442,0.08097641181321956,0.09735757377066269,
0.007781345031118199,0.010441260863222442,0.08097641181321956,0.09717329502721021,
0.007781345031118199,0.010441260863222442,0.08097641181321956,0.09734899307174619,
0.007781345031118199,0.010441260863222442,0.08097641181321956,0.09651475425232497,
0.007781345031118199,0.010441260863222442,0.08097641181321956,0.09806377304054875,
0.007781345031118199,0.010441260863222442,0.08097641181321956,0.09880525511744903,
0.007781345031118199,0.010441260863222442,0.08097641181321956,0.0958611094859202,
0.007781345031118199,0.010441260863222442,0.0814199954870931,0.09329787078094395,
0.007781345031118199,0.010441260863222442,0.08566238889342948,0.09795295671211691,
0.007781345031118199,0.010441260863222442,0.08566238889342948,0.09616777783810695,
0.007781345031118199,0.010441260863222442,0.0862201728880921,0.09795430859833348,
0.007781345031118199,0.010441260863222442,0.0864140433731329,0.09701523450553934,
0.007781345031118199,0.010441260863222442,0.0864140433731329,0.0948030827415923,
0.007781345031118199,0.010441260863222442,0.0864140433731329,0.09522373100341434,
0.007781345031118199,0.010441260863222442,0.08633600034942962,0.09670515915330417,
0.007781345031118199,0.010441260863222442,0.08633600034942962,0.0972619364989414,
0.007781345031118199,0.010441260863222442,0.08756199961119834,0.09542720079279425,
0.007781345031118199,0.010441260863222442,0.08756199961119834,0.09519430032204326,
0.007781345031118199,0.010441260863222442,0.08756199961119834,0.09186524238316585,
0.007781345031118199,0.010441260863222442,0.08756199961119834,0.09436767580629092,
0.007781345031118199,0.010441260863222442,0.08756199961119834,0.09200287169729938,
0.007781345031118199,0.010441260863222442,0.08756199961119834,0.08902179151487644,
0.007781345031118199,0.010441260863222442,0.08561430587713323,0.09651253810453943,
0.007781345031118199,0.010441260863222442,0.08561430587713323,0.09589774851627952,
0.007781345031118199,0.010441260863222442,0.08561430587713323,0.10015629896267284,
0.007781345031118199,0.010441260863222442,0.08561430587713323,0.09834550097348285,
0.007781345031118199,0.010441260863222442,0.08561430587713323,0.10102451048553218,
0.007781345031118199,0.010441260863222442,0.08561430587713323,0.10024383287600011,
0.007781345031118199,0.010441260863222442,0.08561430587713323,0.09771096915293002,
0.007781345031118199,0.010441260863222442,0.08561430587713323,0.09667564726921768,
0.007781345031118199,0.010441260863222442,0.08561430587713323,0.09612184488758269,
0.007781345031118199,0.010441260863222442,0.08561430587713323,0.09474590463642779,
0.007781345031118199,0.010441260863222442,0.08561430587713323,0.09278004200318271,
0.007781345031118199,0.010441260863222442,0.08561430587713323,0.08811193219997528,
0.007781345031118199,0.010441260863222442,0.08561430587713323,0.08858659350621677,
0.007781345031118199,0.010441260863222442,0.08561430587713323,0.0953074232629463,
0.007781345031118199,0.010441260863222442,0.08664018771573898,0.09859677016415391,
0.007781345031118199,0.010441260863222442,0.08817712226477105,0.09489215365030094,
0.007781345031118199,0.010441260863222442,0.08817712226477105,0.09598973298848507,
0.007781345031118199,0.010441260863222442,0.08817712226477105,0.0948027424120885,
0.007781345031118199,0.010441260863222442,0.08877831182333362,0.09639231743259238,
0.007781345031118199,0.010441260863222442,0.08850997856256658,0.09625521697218548,
0.007781345031118199,0.010441260863222442,0.08802999342346636,0.093281311400867,
0.007781345031118199,0.010441260863222442,0.08847935763755861,0.10045822954633281,
0.007781345031118199,0.010441260863222442,0.08841735859086036,0.09854385344074967,
0.007781345031118199,0.010441260863222442,0.08841735859086036,0.09708438847087297,
0.007781345031118199,0.010441260863222442,0.08841735859086036,0.09477035230153787,
0.007781345031118199,0.010441260863222442,0.08841735859086036,0.09579383208036359,
0.007781345031118199,0.010441260863222442,0.08841735859086036,0.09843899997623047,
0.007781345031118199,0.010441260863222442,0.08841735859086036,0.10437946676748903,
0.007781345031118199,0.010441260863222442,0.08841735859086036,0.10115443687789702,
0.007781345031118199,0.010441260863222442,0.08841735859086036,0.09042294709839432,
0.007781345031118199,0.010441260863222442,0.08841735859086036,0.09290492114998658,
0.007781345031118199,0.010441260863222442,0.08804242785896757,0.09791824606608418,
0.007781345031118199,0.010441260863222442,0.08804242785896757,0.09591848921387224,
0.007781345031118199,0.010441260863222442,0.08878353882741187,0.09614848368783263,
0.007781345031118199,0.010441260863222442,0.08878353882741187,0.09297624273018588,
0.007781345031118199,0.010441260863222442,0.08878353882741187,0.08859562511859306,
0.007781345031118199,0.010441260863222442,0.08899365049514886,0.0887000242869705,
0.007781345031118199,0.010441260863222442,0.08899365049514886,0.0909216750113751,
0.007781345031118199,0.010441260863222442,0.0884988381791326,0.08888631872619636,
0.007781345031118199,0.010441260863222442,0.0884988381791326,0.08994699841639614,
0.007781345031118199,0.010441260863222442,0.0884988381791326,0.09195251076824672,
0.007781345031118199,0.010441260863222442,0.0884988381791326,0.08997367487079863,
0.007781345031118199,0.010441260863222442,0.08708712136149778,0.09121564325895308,
0.007781345031118199,0.010441260863222442,0.08650178775912597,0.08932557085658419,
0.007781345031118199,0.010441260863222442,0.08650178775912597,0.08778107569186168,
0.007781345031118199,0.010441260863222442,0.08650178775912597,0.09158695336583769,
0.007781345031118199,0.010441260863222442,0.08650178775912597,0.09149618999082289,
0.007781345031118199,0.010441260863222442,0.08650178775912597,0.09168815109844039,
0.007781345031118199,0.010441260863222442,0.08650178775912597,0.08452432580503304,
0.007781345031118199,0.010441260863222442,0.08650178775912597,0.088218124361242,
0.007781345031118199,0.010441260863222442,0.08590481207430534,0.09140632618858713,
0.007781345031118199,0.010441260863222442,0.08590481207430534,0.08766801835504011,
0.007781345031118199,0.010441260863222442,0.08590481207430534,0.08942244227009809,
0.007781345031118199,0.010441260863222442,0.08590481207430534,0.08906324786368713,
0.007781345031118199,0.010441260863222442,0.08590481207430534,0.0929611718569108,
0.007781345031118199,0.010441260863222442,0.08590481207430534,0.094368614043708,
0.007781345031118199,0.010441260863222442,0.08590481207430534,0.09335083260532767,
0.007781345031118199,0.010441260863222442,0.08590481207430534,0.08955355156086031,
0.007781345031118199,0.010441260863222442,0.08590481207430534,0.09486396625103305,
0.007781345031118199,0.010441260863222442,0.08590481207430534,0.10274882608159928,
0.007781345031118199,0.010441260863222442,0.08590481207430534,0.09728314650246182,
0.007781345031118199,0.010441260863222442,0.08722154178771303,0.09246001702383437,
0.007781345031118199,0.010441260863222442,0.08722154178771303,0.09512761223473049,
0.007781345031118199,0.010441260863222442,0.08722154178771303,0.09512761223473049,
0.007781345031118199,0.010441260863222442,0.08722154178771303,0.09539902260416197,
0.007781345031118199,0.010441260863222442,0.08722154178771303,0.09153689976654296,
0.007781345031118199,0.010441260863222442,0.08722154178771303,0.09656563109887317,
0.007781345031118199,0.010441260863222442,0.08722154178771303,0.09528247920066418,
0.007781345031118199,0.010441260863222442,0.08722154178771303,0.09263420925354841,
0.007781345031118199,0.010441260863222442,0.08722154178771303,0.08938419522846294,
0.007781345031118199,0.010441260863222442,0.08646351940379778,0.08616965402687705,
0.007781345031118199,0.010441260863222442,0.08646351940379778,0.09032277295275577,
0.007781345031118199,0.010441260863222442,0.08646351940379778,0.08945424247832712,
0.007781345031118199,0.010441260863222442,0.08646351940379778,0.08937685346571925,
0.007781345031118199,0.010441260863222442,0.08646351940379778,0.08921991175935158,
0.007781345031118199,0.010441260863222442,0.08646351940379778,0.08991137070220154,
0.007781345031118199,0.010441260863222442,0.08479756093097636,0.08916849990649818,
0.007781345031118199,0.010441260863222442,0.08434296982946356,0.0954621781314133,
0.007781345031118199,0.010441260863222442,0.08434296982946356,0.09198064848649241,
0.007781345031118199,0.010441260863222442,0.08434296982946356,0.0913887678283182,
0.007781345031118199,0.010441260863222442,0.08434296982946356,0.08888915418660015,
0.007781345031118199,0.010441260863222442,0.08434296982946356,0.0927589003860392,
0.007781345031118199,0.010441260863222442,0.08434296982946356,0.08847097305488621,
0.007781345031118199,0.010441260863222442,0.08391475367604231,0.08399070428124461,
0.007781345031118199,0.010441260863222442,0.0823333609096871,0.08457352854913151,
0.007781345031118199,0.010441260863222442,0.0823333609096871,0.08174757293589169,
0.007781345031118199,0.010441260863222442,0.0823333609096871,0.0805153697899356,
0.007781345031118199,0.010441260863222442,0.0823333609096871,0.07847737368051846,
0.007781345031118199,0.010441260863222442,0.08151002730059023,0.07684669344602395,
0.007781345031118199,0.010441260863222442,0.08151002730059023,0.08200156028172127,
0.007781345031118199,0.010441260863222442,0.08151002730059023,0.08268347999736292,
0.007781345031118199,0.010441260863222442,0.08151002730059023,0.0829671795668967,
0.007781345031118199,0.010441260863222442,0.08151002730059023,0.08603163952508734,
0.007781345031118199,0.010441260863222442,0.08151002730059023,0.08169238304169685,
0.007781345031118199,0.010441260863222442,0.08151002730059023,0.0770339933194238,
0.007781345031118199,0.010441260863222442,0.08069492702758432,0.07611172350812587,
0.007781345031118199,0.010441260863222442,0.08069492702758432,0.07899930730725996,
0.007781345031118199,0.010441260863222442,0.07994685107155325,0.07906801286864189,
0.007781345031118199,0.010441260863222442,0.07994685107155325,0.07769204714617992,
0.007781345031118199,0.010441260863222442,0.07916964609625282,0.07926150086195698,
0.007781345031118199,0.010441260863222442,0.07916964609625282,0.07791037167889191,
0.007781345031118199,0.010441260863222442,0.0783779496352903,0.07899301248448057,
0.007781345031118199,0.010441260863222442,0.0783779496352903,0.07773584702231713,
0.007781345031118199,0.010441260863222442,0.0783779496352903,0.07794215771503338,
0.007781345031118199,0.010441260863222442,0.0783779496352903,0.07977229299093218,
0.007781345031118199,0.01858676143710688,0.07771966104094516,0.07863043667792263,
0.007781345031118199,0.01858676143710688,0.07771966104094516,0.07879180487602691,
0.007781345031118199,0.01858676143710688,0.07771966104094516,0.077761253945567,
0.007781345031118199,0.01858676143710688,0.07771966104094516,0.07979264199615271,
0.007781345031118199,0.01858676143710688,0.07771966104094516,0.07639993208294749,
0.007781345031118199,0.01858676143710688,0.07771966104094516,0.08627278744795042,
0.007781345031118199,0.01858676143710688,0.07771966104094516,0.08337238564185574,
0.007781345031118199,0.01858676143710688,0.07771966104094516,0.0806955336064734,
0.007781345031118199,0.01858676143710688,0.07719065262738183,0.0801750669772214,
0.007781345031118199,0.01858676143710688,0.07719065262738183,0.0828871908371213,
0.007781345031118199,0.01858676143710688,0.07690338755020813,0.08229389732295986,
0.007781345031118199,0.01858676143710688,0.07690338755020813,0.07757472254750296,
0.007781345031118199,0.01858676143710688,0.07737888321166583,0.07611292876135273,
0.007781345031118199,0.01858676143710688,0.07737888321166583,0.07711805636102036,
0.007781345031118199,0.01858676143710688,0.07737888321166583,0.0852707601337064,
0.007781345031118199,0.01858676143710688,0.07749276871955359,0.08358008272976959,
0.007781345031118199,0.01858676143710688,0.07749276871955359,0.07755232763050941,
0.007781345031118199,0.01858676143710688,0.07749276871955359,0.08222781322399432,
0.007781345031118199,0.01858676143710688,0.07749276871955359,0.08308506987113504,
0.007781345031118199,0.01858676143710688,0.07749276871955359,0.07845165841814015,
0.007781345031118199,0.01858676143710688,0.07522846720587717,0.08045088940448251,
0.007781345031118199,0.01858676143710688,0.07522846720587717,0.08113474532190487,
0.007781345031118199,0.01858676143710688,0.07367003156388374,0.07589102744819284,
0.007781345031118199,0.01858676143710688,0.07367003156388374,0.07843391133415535,
0.007781345031118199,0.01858676143710688,0.07367003156388374,0.07951564913344313,
0.007781345031118199,0.01858676143710688,0.07338875708207578,0.07574284298035756,
0.007781345031118199,0.01858676143710688,0.07338875708207578,0.07744528685026915,
0.007781345031118199,0.01858676143710688,0.07338875708207578,0.07410203203246515,
0.007781345031118199,0.01858676143710688,0.07364292044293959,0.07664598093778448,
0.007781345031118199,0.01858676143710688,0.07364292044293959,0.07472980733172166,
0.007781345031118199,0.01858676143710688,0.07364292044293959,0.07446158275695818,
0.007781345031118199,0.01858676143710688,0.07298017084677186,0.07727496135011204,
0.007781345031118199,0.01858676143710688,0.07298017084677186,0.07659607648093265,
0.007781345031118199,0.01858676143710688,0.07298017084677186,0.08030571960265079,
0.007781345031118199,0.01858676143710688,0.07298017084677186,0.08263276886488952,
0.007781345031118199,0.01858676143710688,0.07298017084677186,0.08403857811797691,
0.007781345031118199,0.01858676143710688,0.07298017084677186,0.08527950068845538,
0.007781345031118199,0.01858676143710688,0.07298017084677186,0.08705245972118288,
0.007781345031118199,0.01858676143710688,0.07298017084677186,0.08543761417309648,
0.007781345031118199,0.01858676143710688,0.07298017084677186,0.08898740392657746,
0.007781345031118199,0.01858676143710688,0.07298017084677186,0.0859499863594538,
0.007781345031118199,0.01858676143710688,0.07298017084677186,0.08679611439415019,
0.007781345031118199,0.01858676143710688,0.07298017084677186,0.09569328435627761,
0.007781345031118199,0.01858676143710688,0.07298017084677186,0.09083714292344548,
0.007781345031118199,0.01858676143710688,0.07298017084677186,0.08802920423204705,
0.007781345031118199,0.01858676143710688,0.07298017084677186,0.08955551268743972,
0.007781345031118199,0.01858676143710688,0.07298017084677186,0.08312171912546841,
0.007781345031118199,0.01858676143710688,0.07478853346373411,0.08671547863883744,
0.007781345031118199,0.01858676143710688,0.07478853346373411,0.08511735066386225,
0.007781345031118199,0.01858676143710688,0.07478853346373411,0.08252564970700267,
0.007781345031118199,0.01858676143710688,0.07478853346373411,0.08635879529639381,
0.007781345031118199,0.01858676143710688,0.07478853346373411,0.08437726240766183,
0.007781345031118199,0.01858676143710688,0.07478853346373411,0.08825707184100616,
0.007781345031118199,0.01858676143710688,0.07478853346373411,0.08219905979162248,
0.007781345031118199,0.01858676143710688,0.07478853346373411,0.09177749966194476,
0.007781345031118199,0.01858676143710688,0.07478853346373411,0.08863116021126718,
0.007781345031118199,0.01858676143710688,0.07478853346373411,0.0860051060479349,
0.007781345031118199,0.01858676143710688,0.07478853346373411,0.0832306054331204,
0.007781345031118199,0.01858676143710688,0.07478853346373411,0.08696722452992678,
0.007781345031118199,0.01858676143710688,0.07478853346373411,0.08868479058338198,
0.007781345031118199,0.01858676143710688,0.07478853346373411,0.09005234732289231,
0.007781345031118199,0.01858676143710688,0.07478853346373411,0.09150817814713424,
0.007781345031118199,0.01858676143710688,0.07478853346373411,0.09558976983060226,
0.007781345031118199,0.01858676143710688,0.07478853346373411,0.08939701912935158,
0.007781345031118199,0.01858676143710688,0.07478853346373411,0.09127750716751089,
0.007781345031118199,0.01858676143710688,0.07478853346373411,0.091111259339663,
0.007781345031118199,0.01858676143710688,0.07478853346373411,0.08546232347699695,
0.007781345031118199,0.01858676143710688,0.07478853346373411,0.08695640857204714,
0.007781345031118199,0.01858676143710688,0.07478853346373411,0.0876619027158021,
0.007781345031118199,0.01858676143710688,0.07478853346373411,0.0884621542831079,
0.007781345031118199,0.01858676143710688,0.07478853346373411,0.08975836113557231,
0.007781345031118199,0.01858676143710688,0.07478853346373411,0.08835848311010144,
0.007781345031118199,0.01858676143710688,0.07478853346373411,0.08755953484586446,
0.007781345031118199,0.01858676143710688,0.07478853346373411,0.0878905521593717,
0.007781345031118199,0.01858676143710688,0.07478853346373411,0.09122974772400831,
0.007781345031118199,0.01858676143710688,0.07478853346373411,0.09244186537130088,
0.007781345031118199,0.01858676143710688,0.07478853346373411,0.088027254673404,
0.007781345031118199,0.01858676143710688,0.07478853346373411,0.0869678605995285,
0.007781345031118199,0.01858676143710688,0.07478853346373411,0.08774976410942299,
0.007781345031118199,0.01858676143710688,0.07478853346373411,0.08470366906591642,
0.007781345031118199,0.01858676143710688,0.07478853346373411,0.08458570398979917,
0.007781345031118199,0.01858676143710688,0.07478853346373411,0.08558418613587765,
0.007781345031118199,0.01858676143710688,0.07478853346373411,0.08350930468652211,
0.007781345031118199,0.01858676143710688,0.07478853346373411,0.08335936596835847,
0.007781345031118199,0.01858676143710688,0.07478853346373411,0.08386609088443382,
0.007781345031118199,0.01858676143710688,0.07478853346373411,0.07816123785270662,
0.007781345031118199,0.01858676143710688,0.07478853346373411,0.07944070127949382,
0.007781345031118199,0.01858676143710688,0.07478853346373411,0.08113458051971513,
0.007781345031118199,0.01858676143710688,0.07538723998366902,0.07865857870106847,
0.007781345031118199,0.01858676143710688,0.07538723998366902,0.07990850421008594,
0.007781345031118199,0.01858676143710688,0.07504028136420984,0.08029595851626359,
0.007781345031118199,0.01858676143710688,0.07504028136420984,0.07765586748888925,
0.007781345031118199,0.01858676143710688,0.07504028136420984,0.07582649403778476,
0.007781345031118199,0.01858676143710688,0.0740803922190284,0.07521079630897581,
0.007781345031118199,0.01858676143710688,0.0740803922190284,0.07130198231166579,
0.007781345031118199,0.01858676143710688,0.07333958829683812,0.0711252427364924,
0.007781345031118199,0.01858676143710688,0.07333958829683812,0.07330044375951025,
0.007781345031118199,0.01858676143710688,0.07333958829683812,0.07439426638513466,
0.007781345031118199,0.01858676143710688,0.07333958829683812,0.07280032632882219,
0.007781345031118199,0.01858676143710688,0.07333958829683812,0.07512399173316249,
0.007781345031118199,0.01858676143710688,0.07333958829683812,0.07052508801376083,
0.007781345031118199,0.01858676143710688,0.07333958829683812,0.0722983729140114,
0.007781345031118199,0.01858676143710688,0.07333958829683812,0.07172698495204088,
0.007781345031118199,0.01858676143710688,0.07333958829683812,0.07191798260001105,
0.007781345031118199,0.01858676143710688,0.07333958829683812,0.07518243694590819,
0.007781345031118199,0.01858676143710688,0.07333958829683812,0.07680514459206107,
0.007781345031118199,0.01858676143710688,0.07333958829683812,0.08440177875481109,
0.007781345031118199,0.01858676143710688,0.07333958829683812,0.09337383840808504,
0.007781345031118199,0.01858676143710688,0.07333958829683812,0.0940094452179565,
0.007781345031118199,0.01858676143710688,0.07333958829683812,0.09322902522010854,
0.007781345031118199,0.01858676143710688,0.07333958829683812,0.09307526284591436,
0.007781345031118199,0.01858676143710688,0.07333958829683812,0.09397526572328174,
0.007781345031118199,0.01858676143710688,0.07333958829683812,0.09219880986650036,
0.007781345031118199,0.01858676143710688,0.07333958829683812,0.09192330350813734,
0.007781345031118199,0.01858676143710688,0.07333958829683812,0.09262777459976859,
0.007781345031118199,0.01858676143710688,0.07333958829683812,0.09522599894775889,
0.007781345031118199,0.01858676143710688,0.07333958829683812,0.09637423642232093,
0.007781345031118199,0.01858676143710688,0.07333958829683812,0.09218608503467161,
0.007781345031118199,0.01858676143710688,0.07333958829683812,0.0935682808351462,
0.007781345031118199,0.01858676143710688,0.07333958829683812,0.09152045026697238,
0.007781345031118199,0.01858676143710688,0.07333958829683812,0.094813282601936,
0.007781345031118199,0.01858676143710688,0.07333958829683812,0.09683481501662408,
0.007781345031118199,0.01858676143710688,0.07333958829683812,0.09901178173920676,
0.007781345031118199,0.01858676143710688,0.07333958829683812,0.10166964143256511,
0.007781345031118199,0.01858676143710688,0.07333958829683812,0.09660359826393757,
0.007781345031118199,0.01858676143710688,0.07333958829683812,0.09309137622061833,
0.007781345031118199,0.01858676143710688,0.07333958829683812,0.09061663017446386,
0.007781345031118199,0.01858676143710688,0.07333958829683812,0.0911937582608685,
0.007781345031118199,0.01858676143710688,0.07333958829683812,0.10619532748024015,
0.007781345031118199,0.01858676143710688,0.07333958829683812,0.09804981923193208,
0.007781345031118199,0.01858676143710688,0.07333958829683812,0.1016741986882677,
0.007781345031118199,0.01858676143710688,0.07333958829683812,0.10153893034607099,
0.007781345031118199,0.01858676143710688,0.07333958829683812,0.10167204117198449,
0.007781345031118199,0.01858676143710688,0.07333958829683812,0.10341822242495585,
0.007781345031118199,0.01858676143710688,0.07333958829683812,0.10365546822354699,
0.007781345031118199,0.01858676143710688,0.07333958829683812,0.09953127875557587,
0.007781345031118199,0.01858676143710688,0.07333958829683812,0.09797211926776964,
0.007781345031118199,0.01858676143710688,0.07333958829683812,0.09938317181104159,
0.007781345031118199,0.01858676143710688,0.07333958829683812,0.10083270721522077,
0.007781345031118199,0.01858676143710688,0.07333958829683812,0.10104905965655123,
0.007781345031118199,0.01858676143710688,0.07333958829683812,0.10000245505266801,
0.007781345031118199,0.01858676143710688,0.07333958829683812,0.09793065828478938,
0.007781345031118199,0.01858676143710688,0.07333958829683812,0.09374914211843083,
0.007781345031118199,0.01858676143710688,0.07333958829683812,0.09960518137967674,
0.007781345031118199,0.01858676143710688,0.07333958829683812,0.09817982764533618,
0.007781345031118199,0.01858676143710688,0.07333958829683812,0.09442740843614326,
0.007781345031118199,0.01858676143710688,0.07333958829683812,0.09160179324416945,
0.007781345031118199,0.01858676143710688,0.07333958829683812,0.0933816278287754,
0.007781345031118199,0.01858676143710688,0.07445155267943405,0.09725605533117944,
0.007781345031118199,0.01858676143710688,0.07445155267943405,0.09814492450179774,
0.007781345031118199,0.01858676143710688,0.07445155267943405,0.10017557049448354,
0.007781345031118199,0.01858676143710688,0.07445155267943405,0.10491423432836504,
0.007781345031118199,0.01858676143710688,0.07445155267943405,0.1060384891300511,
0.007781345031118199,0.01858676143710688,0.07445155267943405,0.10103232061174473,
0.007781345031118199,0.01858676143710688,0.07445155267943405,0.10164855738604077,
0.007781345031118199,0.01858676143710688,0.07445155267943405,0.10298041423668759,
0.007781345031118199,0.01858676143710688,0.07445155267943405,0.10680033095111077,
0.007781345031118199,0.01858676143710688,0.07445155267943405,0.10904209425762038,
0.007781345031118199,0.01858676143710688,0.07445155267943405,0.1096211256817782,
0.007781345031118199,0.01858676143710688,0.07445155267943405,0.10213926791338432,
0.007781345031118199,0.01858676143710688,0.07445155267943405,0.10405007304083377,
0.007781345031118199,0.01858676143710688,0.07445155267943405,0.10487626626339547,
0.007781345031118199,0.01858676143710688,0.07445155267943405,0.10467316643799436,
0.007781345031118199,0.01858676143710688,0.07445155267943405,0.1020252255994803,
0.007781345031118199,0.01858676143710688,0.07445155267943405,0.10282391126218837,
0.007781345031118199,0.01858676143710688,0.07445155267943405,0.09885726098274146,
0.007781345031118199,0.01858676143710688,0.07445155267943405,0.09830813499149357,
0.007781345031118199,0.01858676143710688,0.07445155267943405,0.09893630437041187,
0.007781345031118199,0.01858676143710688,0.07445155267943405,0.09893630437041187,
0.007781345031118199,0.01858676143710688,0.07445155267943405,0.10184780673269891,
0.007781345031118199,0.01858676143710688,0.07617270001743355,0.10436320301314175,
0.007781345031118199,0.01858676143710688,0.07617270001743355,0.10156065197366143,
0.007781345031118199,0.01858676143710688,0.07617270001743355,0.10607729879955363,
0.007781345031118199,0.01858676143710688,0.07617270001743355,0.1088729506961144,
0.007781345031118199,0.01858676143710688,0.07617270001743355,0.10212335077076165,
0.007781345031118199,0.01858676143710688,0.07617270001743355,0.10241165178799273,
0.007781345031118199,0.01858676143710688,0.07617270001743355,0.10163585090942504,
0.007781345031118199,0.01858676143710688,0.07617270001743355,0.09784154027523276,
0.007781345031118199,0.01858676143710688,0.07617270001743355,0.09807000434293212,
0.007781345031118199,0.01858676143710688,0.07617270001743355,0.09285830962942368,
0.007781345031118199,0.01858676143710688,0.07617270001743355,0.09503641847138651,
0.007781345031118199,0.01858676143710688,0.07617270001743355,0.09246978540455278,
0.007781345031118199,0.01858676143710688,0.07617270001743355,0.09157046194795507,
0.007781345031118199,0.01858676143710688,0.07617270001743355,0.09157866928932965,
0.007781345031118199,0.01858676143710688,0.07617270001743355,0.09301228317943556,
0.007781345031118199,0.01858676143710688,0.07617270001743355,0.09240802275760823,
0.007781345031118199,0.01858676143710688,0.07617270001743355,0.09257810805738623,
0.007781345031118199,0.01858676143710688,0.07617270001743355,0.08925444768670808,
0.007781345031118199,0.01858676143710688,0.07598844088703394,0.08772467379696398,
0.007781345031118199,0.01858676143710688,0.07598844088703394,0.08626632937486638,
0.007781345031118199,0.01858676143710688,0.07598844088703394,0.09081901738956828,
0.007781345031118199,0.01858676143710688,0.07598844088703394,0.08955542229982325,
0.007781345031118199,0.01858676143710688,0.07598844088703394,0.09222402791111547,
0.007781345031118199,0.01858676143710688,0.07598844088703394,0.09454678488502821,
0.007781345031118199,0.01858676143710688,0.07598844088703394,0.09243107142484339,
0.007781345031118199,0.01858676143710688,0.07598844088703394,0.09811256218930754,
0.007781345031118199,0.01858676143710688,0.07708651045527089,0.09187893220613545,
0.007781345031118199,0.01858676143710688,0.07708651045527089,0.09165972959938251,
0.007781345031118199,0.01858676143710688,0.07708651045527089,0.08727576977897543,
0.007781345031118199,0.01858676143710688,0.07708651045527089,0.08915571474506735,
0.007781345031118199,0.01858676143710688,0.07708651045527089,0.08867830114822477,
0.007781345031118199,0.01858676143710688,0.07708651045527089,0.0885635279698416,
0.007781345031118199,0.01858676143710688,0.07708651045527089,0.08642140978643237,
0.007781345031118199,0.01858676143710688,0.07708651045527089,0.0884563211083122,
0.007781345031118199,0.01858676143710688,0.07708651045527089,0.08562566256995759,
0.007781345031118199,0.01858676143710688,0.07708651045527089,0.08817357061295693,
0.007781345031118199,0.01858676143710688,0.07708651045527089,0.08497116839762828,
0.007781345031118199,0.01858676143710688,0.07708651045527089,0.09058078689582374,
0.007781345031118199,0.01858676143710688,0.07708651045527089,0.08986040207354717,
0.007781345031118199,0.01858676143710688,0.07708651045527089,0.09120795338605611,
0.007781345031118199,0.01858676143710688,0.07708651045527089,0.08800071654118984,
0.007781345031118199,0.01858676143710688,0.07708651045527089,0.08972896520586313,
0.007781345031118199,0.01858676143710688,0.07708651045527089,0.08738849795558681,
0.007781345031118199,0.01858676143710688,0.07708651045527089,0.08523549739951186,
0.007781345031118199,0.01858676143710688,0.07708651045527089,0.0843869996587213,
0.007781345031118199,0.01858676143710688,0.07708651045527089,0.0829736706049266,
0.007781345031118199,0.01858676143710688,0.07708651045527089,0.08453311519254092,
0.007781345031118199,0.01858676143710688,0.07698583977707248,0.08565790089396372,
0.007781345031118199,0.01858676143710688,0.07698583977707248,0.0913728482723581,
0.007781345031118199,0.01858676143710688,0.07698583977707248,0.08665729774064486,
0.007781345031118199,0.01858676143710688,0.07698583977707248,0.08621092736159428,
0.007781345031118199,0.01858676143710688,0.07698583977707248,0.08580110715041028,
0.007781345031118199,0.01858676143710688,0.07698583977707248,0.08239222137906188,
0.007781345031118199,0.01858676143710688,0.07698583977707248,0.08948239764184412,
0.007781345031118199,0.01858676143710688,0.07698583977707248,0.08609611248814864,
0.007781345031118199,0.01858676143710688,0.07698583977707248,0.08352911418881923,
0.007781345031118199,0.01858676143710688,0.07698583977707248,0.07989675733374718,
0.007781345031118199,0.01858676143710688,0.07645881986401748,0.08606895124945003,
0.007781345031118199,0.01858676143710688,0.07645881986401748,0.08601787306896745,
0.007781345031118199,0.01858676143710688,0.07645881986401748,0.08703560222466457,
0.007781345031118199,0.01858676143710688,0.07783953335750596,0.09003681505481297,
0.007781345031118199,0.01858676143710688,0.07783953335750596,0.08935691177708704,
0.007781345031118199,0.01858676143710688,0.07783953335750596,0.09159753815880015,
0.007781345031118199,0.01858676143710688,0.07783953335750596,0.08939488230721712,
0.007781345031118199,0.01858676143710688,0.07783953335750596,0.08834637722882555,
0.007781345031118199,0.01858676143710688,0.07784459776091414,0.08587950732524946,
0.007781345031118199,0.01858676143710688,0.07784459776091414,0.0897909081520793,
0.007781345031118199,0.01858676143710688,0.07784459776091414,0.08792129856491272,
0.007781345031118199,0.01858676143710688,0.07784459776091414,0.09733048273228365,
0.007781345031118199,0.01858676143710688,0.07784459776091414,0.09880993179240236,
0.007781345031118199,0.01858676143710688,0.07784459776091414,0.10215350587102978,
0.007781345031118199,0.01858676143710688,0.07784459776091414,0.10371840697689051,
0.007781345031118199,0.01858676143710688,0.07784459776091414,0.10973518315136806,
0.007781345031118199,0.01858676143710688,0.07784459776091414,0.10545218432765764,
0.007781345031118199,0.01858676143710688,0.07784459776091414,0.0997585224727521,
0.007781345031118199,0.01858676143710688,0.07784459776091414,0.09843695090406976,
0.007781345031118199,0.01858676143710688,0.07784459776091414,0.0971108860237528,
0.007781345031118199,0.01858676143710688,0.07784459776091414,0.09494014063243252,
0.007781345031118199,0.01858676143710688,0.07784459776091414,0.09408973568019853,
0.007781345031118199,0.01858676143710688,0.07784459776091414,0.09326304196015617,
0.007781345031118199,0.01858676143710688,0.07784459776091414,0.09277438532994911,
0.007781345031118199,0.01858676143710688,0.07784459776091414,0.08979635593491159,
0.007781345031118199,0.01858676143710688,0.07784459776091414,0.08867942589636874,
0.007781345031118199,0.01858676143710688,0.07784459776091414,0.08805785047416499,
0.007781345031118199,0.01858676143710688,0.07784459776091414,0.08760016920043669,
0.007781345031118199,0.01858676143710688,0.07784459776091414,0.08819653480252605,
0.007781345031118199,0.01858676143710688,0.07784459776091414,0.0865592813476133,
0.007781345031118199,0.01858676143710688,0.07784459776091414,0.08917554272221227,
0.007781345031118199,0.01858676143710688,0.07784459776091414,0.08991564497415731,
0.007781345031118199,0.01858676143710688,0.07784459776091414,0.08959444959068516,
0.007781345031118199,0.01858676143710688,0.07784459776091414,0.08871716007809538,
0.007781345031118199,0.01858676143710688,0.07784459776091414,0.0885736874379678,
0.007781345031118199,0.01858676143710688,0.07784459776091414,0.09280690515587989,
0.007781345031118199,0.01858676143710688,0.07784459776091414,0.09203537826854682,
0.007781345031118199,0.01858676143710688,0.07784459776091414,0.09113776939801065,
0.007781345031118199,0.01858676143710688,0.07784459776091414,0.0893747274650727,
0.007781345031118199,0.01858676143710688,0.07784459776091414,0.0910156579273206,
0.007781345031118199,0.01858676143710688,0.07723297102045136,0.08565356855951582,
0.007781345031118199,0.01858676143710688,0.07724838933971444,0.08689099608366507,
0.007781345031118199,0.01858676143710688,0.07724838933971444,0.08534774111809618,
0.007781345031118199,0.01858676143710688,0.07724838933971444,0.08597270619273129,
0.007781345031118199,0.01858676143710688,0.07724838933971444,0.08673760958160555,
0.007781345031118199,0.01858676143710688,0.07724838933971444,0.08759098592652491,
0.007781345031118199,0.01858676143710688,0.07724838933971444,0.08458955613348661,
0.007781345031118199,0.01858676143710688,0.07724838933971444,0.08526284218049157,
0.007781345031118199,0.01858676143710688,0.07724838933971444,0.0827627258384282,
0.007781345031118199,0.01858676143710688,0.07724838933971444,0.09206696417583943,
0.007781345031118199,0.01858676143710688,0.07724838933971444,0.09525561512167552,
0.007781345031118199,0.01858676143710688,0.07724838933971444,0.0972368803624429,
0.007781345031118199,0.01858676143710688,0.07724838933971444,0.09677169428015185,
0.007781345031118199,0.01858676143710688,0.07724838933971444,0.09789985615753083,
0.007781345031118199,0.01858676143710688,0.07724838933971444,0.09787401229018235,
0.007781345031118199,0.01858676143710688,0.07724838933971444,0.0926902527370402,
0.007781345031118199,0.01858676143710688,0.07724838933971444,0.09611586395538518,
0.007781345031118199,0.01858676143710688,0.07724838933971444,0.09890427192959717,
0.007781345031118199,0.01858676143710688,0.07724838933971444,0.09975739010355972,
0.007781345031118199,0.01858676143710688,0.07724838933971444,0.09626091778732705,
0.007781345031118199,0.01858676143710688,0.07724838933971444,0.09879165107374968,
0.007781345031118199,0.01858676143710688,0.07724838933971444,0.09936646301689475,
0.007781345031118199,0.01858676143710688,0.07724838933971444,0.10173540419447175,
0.007781345031118199,0.01858676143710688,0.07724838933971444,0.09459365523265582,
0.007781345031118199,0.01858676143710688,0.07724838933971444,0.09175131774330539,
0.007781345031118199,0.01858676143710688,0.07724838933971444,0.09451614000939218,
0.007781345031118199,0.01858676143710688,0.07724838933971444,0.10361693100586965,
0.007781345031118199,0.01858676143710688,0.07724838933971444,0.106855474696984,
0.007781345031118199,0.01858676143710688,0.07724838933971444,0.10143516643851683,
0.007781345031118199,0.01858676143710688,0.07724838933971444,0.09467451301729415,
0.007781345031118199,0.01858676143710688,0.07724838933971444,0.093367737776222,
0.007781345031118199,0.01858676143710688,0.07724838933971444,0.09356209745327768,
0.007781345031118199,0.01858676143710688,0.07724838933971444,0.09157666523288736,
0.007781345031118199,0.01858676143710688,0.07724838933971444,0.09709683304824786,
0.007781345031118199,0.01858676143710688,0.07724838933971444,0.09920631157909783,
0.007781345031118199,0.01858676143710688,0.07724838933971444,0.10001427199287836,
0.007781345031118199,0.01858676143710688,0.07724838933971444,0.10023483250016042,
0.007781345031118199,0.01858676143710688,0.07724838933971444,0.093752917318282,
0.007781345031118199,0.01858676143710688,0.07724838933971444,0.09492320463637408,
0.007781345031118199,0.01858676143710688,0.07724838933971444,0.0983949917205099,
0.007781345031118199,0.01858676143710688,0.07724838933971444,0.0965447174283552,
0.007781345031118199,0.01858676143710688,0.07724838933971444,0.09494736043207325,
0.007781345031118199,0.01858676143710688,0.07724838933971444,0.09301939748038485,
0.007781345031118199,0.01858676143710688,0.07724838933971444,0.08778454486558958,
0.007781345031118199,0.01858676143710688,0.07724838933971444,0.08929666894348338,
0.007781345031118199,0.01858676143710688,0.07724838933971444,0.0898156498161006,
0.007781345031118199,0.01858676143710688,0.07886358313362009,0.09169048312332478,
0.007781345031118199,0.01858676143710688,0.07886358313362009,0.09154217678944467,
0.007781345031118199,0.01858676143710688,0.07886358313362009,0.09184251933525857,
0.007781345031118199,0.01858676143710688,0.07886358313362009,0.09483645388359178,
0.007781345031118199,0.01858676143710688,0.07927991413549043,0.09311569189331763,
0.007781345031118199,0.01858676143710688,0.07927991413549043,0.0893698649820898,
0.007781345031118199,0.01858676143710688,0.07927991413549043,0.0867622404480796,
0.007781345031118199,0.01858676143710688,0.07927991413549043,0.08638942606872378,
0.007781345031118199,0.01858676143710688,0.07927991413549043,0.08400685513835421,
0.007781345031118199,0.01858676143710688,0.07884562574811803,0.08298374397869306,
0.007781345031118199,0.01858676143710688,0.07884562574811803,0.08007926655127091,
0.007781345031118199,0.01858676143710688,0.07840031314215042,0.08292713718729045,
0.007781345031118199,0.01858676143710688,0.07840031314215042,0.08320437863758708,
0.007781345031118199,0.01858676143710688,0.07804867590531821,0.08235962993935672,
0.007781345031118199,0.01858676143710688,0.07804867590531821,0.08079259538021905,
0.007781345031118199,0.01858676143710688,0.07804867590531821,0.07893585404471316,
0.007781345031118199,0.01858676143710688,0.07804867590531821,0.07816223021181103,
0.007781345031118199,0.01858676143710688,0.07727840903384937,0.08493346325246497,
0.007781345031118199,0.01858676143710688,0.07630710082301773,0.07775722304124,
0.007781345031118199,0.01858676143710688,0.07630710082301773,0.07855795039135974,
0.007781345031118199,0.01858676143710688,0.07588365750556049,0.07962481666061155,
0.007781345031118199,0.01858676143710688,0.07588365750556049,0.0807272012400749,
0.007781345031118199,0.01858676143710688,0.07588365750556049,0.07979875730591876,
0.007781345031118199,0.01858676143710688,0.07588365750556049,0.08079690105835108,
0.007781345031118199,0.01858676143710688,0.07588365750556049,0.08314363914411088,
0.007781345031118199,0.01858676143710688,0.07588365750556049,0.08360730968212626,
0.007781345031118199,0.01858676143710688,0.07588365750556049,0.07965136818857937,
0.007781345031118199,0.01858676143710688,0.07588365750556049,0.08044702306748673,
0.007781345031118199,0.01858676143710688,0.0761871181293283,0.07474523244080183,
0.007781345031118199,0.01858676143710688,0.0761871181293283,0.07387005165709118,
0.007781345031118199,0.01858676143710688,0.0761871181293283,0.07822092358036419,
0.007781345031118199,0.01858676143710688,0.0761871181293283,0.0780531398353068,
0.007781345031118199,0.01858676143710688,0.0761871181293283,0.08044115724684472,
0.007781345031118199,0.01858676143710688,0.07743380831467,0.07729671043815943,
0.007781345031118199,0.01858676143710688,0.07670515360304087,0.0830027136686938,
0.007781345031118199,0.01858676143710688,0.07603505689264399,0.07695741863320611,
0.007781345031118199,0.01858676143710688,0.07414125028656784,0.07988576475077686,
0.007781345031118199,0.01858676143710688,0.07414125028656784,0.07388952958748041,
0.007781345031118199,0.01858676143710688,0.07414125028656784,0.0741658486135214,
0.007781345031118199,0.01858676143710688,0.07414125028656784,0.07408281870238027,
0.007781345031118199,0.01858676143710688,0.07414125028656784,0.07500897039515549,
0.007781345031118199,0.01858676143710688,0.07414125028656784,0.07604399057776115,
0.007781345031118199,0.01858676143710688,0.07344090188956542,0.07465931779820695,
0.007781345031118199,0.01858676143710688,0.07281621933780973,0.07534481702350848,
0.007781345031118199,0.01858676143710688,0.07281621933780973,0.07496178106609572,
0.007781345031118199,0.01858676143710688,0.07281621933780973,0.07450808632750779,
0.007781345031118199,0.01858676143710688,0.07281621933780973,0.07461018624795188,
0.007781345031118199,0.01858676143710688,0.07229255896924276,0.07777666953032017,
0.007781345031118199,0.01858676143710688,0.07229255896924276,0.07824204152127316,
0.007781345031118199,0.01858676143710688,0.07229255896924276,0.08072941787425068,
0.007781345031118199,0.01858676143710688,0.07229255896924276,0.07872129383423342,
0.007781345031118199,0.01858676143710688,0.07229255896924276,0.07950816320584073,
0.007781345031118199,0.01858676143710688,0.07229255896924276,0.08311257603950195,
0.007781345031118199,0.01858676143710688,0.07257864444439263,0.07938020340174788,
0.007781345031118199,0.01858676143710688,0.07257864444439263,0.08085723423647795,
0.007781345031118199,0.01858676143710688,0.07257864444439263,0.0804437489583747,
0.007781345031118199,0.01858676143710688,0.07257864444439263,0.07698866288787212,
0.007781345031118199,0.01858676143710688,0.07224975965986186,0.07820681701186241,
0.007781345031118199,0.01858676143710688,0.07199301108963262,0.08825017497461116,
0.007781345031118199,0.01858676143710688,0.07199301108963262,0.09094882745418482,
0.007781345031118199,0.01858676143710688,0.07199301108963262,0.08932458530362256,
0.007781345031118199,0.01858676143710688,0.07199301108963262,0.09045227396682358,
0.007781345031118199,0.027877911334198938,0.07199301108963262,0.09255684831292113,
0.007781345031118199,0.027877911334198938,0.07199301108963262,0.08950546240958009,
0.007781345031118199,0.027877911334198938,0.07199301108963262,0.09124804809378591,
0.007781345031118199,0.027877911334198938,0.07199301108963262,0.10407186770821313,
0.007781345031118199,0.027877911334198938,0.07199301108963262,0.1108539401974094,
0.007781345031118199,0.027877911334198938,0.07199301108963262,0.13052544424231352,
0.007781345031118199,0.027877911334198938,0.07199301108963262,0.153929469822421,
0.007781345031118199,0.027877911334198938,0.07199301108963262,0.16433966610228845,
0.007781345031118199,0.027877911334198938,0.07199301108963262,0.16012117015991836,
0.007781345031118199,0.027877911334198938,0.07199301108963262,0.16384462961545934,
0.007781345031118199,0.027877911334198938,0.07199301108963262,0.16707521291381244,
0.007781345031118199,0.027877911334198938,0.07199301108963262,0.16356095615831565,
0.007781345031118199,0.027877911334198938,0.07199301108963262,0.17130691345129515,
0.007781345031118199,0.027877911334198938,0.07199301108963262,0.1601745716023705,
0.007781345031118199,0.027877911334198938,0.07199301108963262,0.1702807810437294,
0.007781345031118199,0.027877911334198938,0.07199301108963262,0.17282976290248642,
0.007781345031118199,0.027877911334198938,0.07199301108963262,0.16662705273141248,
0.007781345031118199,0.027877911334198938,0.07199301108963262,0.1634046814134954,
0.007781345031118199,0.027877911334198938,0.07199301108963262,0.16156963504256527,
0.007781345031118199,0.027877911334198938,0.07199301108963262,0.1554415880314289,
0.007781345031118199,0.027877911334198938,0.07199301108963262,0.15426169028986023,
0.007781345031118199,0.027877911334198938,0.07199301108963262,0.15016178653046455,
0.007781345031118199,0.027877911334198938,0.07199301108963262,0.15498187603203792,
0.007781345031118199,0.027877911334198938,0.07199301108963262,0.1647688406958194,
0.007781345031118199,0.027877911334198938,0.07199301108963262,0.1627164105250423,
0.007781345031118199,0.027877911334198938,0.07199301108963262,0.16197576278241532,
0.007781345031118199,0.027877911334198938,0.07199301108963262,0.17647023829549055,
0.007781345031118199,0.027877911334198938,0.07199301108963262,0.17245018324587824,
0.007781345031118199,0.027877911334198938,0.07199301108963262,0.17830309616882437,
0.007781345031118199,0.027877911334198938,0.07199301108963262,0.17830309616882437,
0.007781345031118199,0.027877911334198938,0.07199301108963262,0.17330295078768262,
0.007781345031118199,0.027877911334198938,0.07199301108963262,0.17788728321723513,
0.007781345031118199,0.027877911334198938,0.07199301108963262,0.18003890358596056,
0.007781345031118199,0.027877911334198938,0.07199301108963262,0.19247609809882565,
0.007781345031118199,0.027877911334198938,0.07199301108963262,0.19703303260066213,
0.007781345031118199,0.027877911334198938,0.07199301108963262,0.19259948878509756,
0.007781345031118199,0.027877911334198938,0.07199301108963262,0.19259948878509756,
0.007781345031118199,0.027877911334198938,0.07199301108963262,0.196860851039953,
0.007781345031118199,0.027877911334198938,0.07199301108963262,0.19571831781665638,
0.007781345031118199,0.027877911334198938,0.07199301108963262,0.20084153696973736,
0.007781345031118199,0.027877911334198938,0.07199301108963262,0.19655041977961205,
0.007781345031118199,0.027877911334198938,0.07199301108963262,0.19606491295234418,
0.007781345031118199,0.027877911334198938,0.07199301108963262,0.1838405400378336,
0.007781345031118199,0.027877911334198938,0.07199301108963262,0.1797559484916223,
0.007781345031118199,0.027877911334198938,0.07199301108963262,0.1672579706626278,
0.007781345031118199,0.027877911334198938,0.07199301108963262,0.16195348950779234,
0.007781345031118199,0.027877911334198938,0.07199301108963262,0.15682201925369546,
0.007781345031118199,0.027877911334198938,0.07199301108963262,0.15942226635764717,
0.007781345031118199,0.027877911334198938,0.07199301108963262,0.1661202525688764,
0.007781345031118199,0.027877911334198938,0.07199301108963262,0.1588891460893226,
0.007781345031118199,0.027877911334198938,0.07199301108963262,0.15714434476246625,
0.007781345031118199,0.027877911334198938,0.07199301108963262,0.16171168970741837,
0.007781345031118199,0.027877911334198938,0.07199301108963262,0.17298528206852218,
0.007781345031118199,0.027877911334198938,0.07199301108963262,0.17571746790705814,
0.007781345031118199,0.027877911334198938,0.07199301108963262,0.1788436667822571,
0.007781345031118199,0.027877911334198938,0.07199301108963262,0.17267004044495532,
0.007781345031118199,0.027877911334198938,0.07199301108963262,0.16124380584919376,
0.007781345031118199,0.027877911334198938,0.07199301108963262,0.1642500963306486,
0.007781345031118199,0.027877911334198938,0.07199301108963262,0.16570540744718623,
0.007781345031118199,0.027877911334198938,0.07199301108963262,0.16860480733446997,
0.007781345031118199,0.027877911334198938,0.07199301108963262,0.16930263302040863,
0.007781345031118199,0.027877911334198938,0.07199301108963262,0.16915386065973242,
0.007781345031118199,0.027877911334198938,0.07199301108963262,0.16653407403563802,
0.007781345031118199,0.027877911334198938,0.07199301108963262,0.17896233482253643,
0.007781345031118199,0.027877911334198938,0.07199301108963262,0.1770435091905642,
0.007781345031118199,0.027877911334198938,0.07199301108963262,0.1739456105080367,
0.007781345031118199,0.027877911334198938,0.07199301108963262,0.17396512299870767,
0.007781345031118199,0.027877911334198938,0.07199301108963262,0.16645152211387185,
0.007781345031118199,0.027877911334198938,0.07199301108963262,0.16582641610945603,
0.007781345031118199,0.027877911334198938,0.07199301108963262,0.16526421529207716,
0.007781345031118199,0.027877911334198938,0.07199301108963262,0.16317143388782107,
0.007781345031118199,0.027877911334198938,0.07199301108963262,0.16551174760315068,
0.007781345031118199,0.027877911334198938,0.07199301108963262,0.16629499607978082,
0.007781345031118199,0.027877911334198938,0.07199301108963262,0.1720785058508743,
0.007781345031118199,0.027877911334198938,0.07199301108963262,0.17342147136607905,
0.007781345031118199,0.027877911334198938,0.07199301108963262,0.18352844436280338,
0.007781345031118199,0.027877911334198938,0.07199301108963262,0.18036742414629126,
0.007781345031118199,0.027877911334198938,0.07199301108963262,0.1788827694839763,
0.007781345031118199,0.027877911334198938,0.07199301108963262,0.17844026222684234,
0.007781345031118199,0.027877911334198938,0.07199301108963262,0.17604604420886058,
0.007781345031118199,0.027877911334198938,0.07199301108963262,0.18064623061666454,
0.007781345031118199,0.027877911334198938,0.07199301108963262,0.18874121204579877,
0.007781345031118199,0.027877911334198938,0.07199301108963262,0.18880787590077383,
0.007781345031118199,0.027877911334198938,0.07199301108963262,0.19434909880395546,
0.007781345031118199,0.027877911334198938,0.07199301108963262,0.19527064140896735,
0.007781345031118199,0.027877911334198938,0.07199301108963262,0.19435812361649796,
0.007781345031118199,0.027877911334198938,0.07199301108963262,0.19496411831179494,
0.007781345031118199,0.027877911334198938,0.07199301108963262,0.19177829194418075,
0.007781345031118199,0.027877911334198938,0.07199301108963262,0.19038650914895522,
0.007781345031118199,0.027877911334198938,0.07199301108963262,0.1884249714491089,
0.007781345031118199,0.027877911334198938,0.07199301108963262,0.18749182758958818,
0.007781345031118199,0.027877911334198938,0.07199301108963262,0.18699920043950802,
0.007781345031118199,0.027877911334198938,0.07199301108963262,0.18890351924609594,
0.007781345031118199,0.027877911334198938,0.07199301108963262,0.18883422138162811,
0.007781345031118199,0.027877911334198938,0.07199301108963262,0.18837088296169766,
0.007781345031118199,0.027877911334198938,0.07199301108963262,0.18561502620024656,
0.007781345031118199,0.027877911334198938,0.07199301108963262,0.18791679322805088,
0.007781345031118199,0.027877911334198938,0.07199301108963262,0.18791679322805088,
0.007781345031118199,0.027877911334198938,0.07199301108963262,0.19045713999472907,
0.007781345031118199,0.027877911334198938,0.07199301108963262,0.18759841227018975,
0.007781345031118199,0.027877911334198938,0.07199301108963262,0.1864995765161599,
0.007781345031118199,0.027877911334198938,0.07199301108963262,0.19009319977071076,
0.007781345031118199,0.027877911334198938,0.07199301108963262,0.19228475771593234,
0.007781345031118199,0.027877911334198938,0.07199301108963262,0.19248749502319365,
0.007781345031118199,0.027877911334198938,0.07199301108963262,0.18966534853995706,
0.007781345031118199,0.027877911334198938,0.07199301108963262,0.18699242715239378,
0.007781345031118199,0.027877911334198938,0.07199301108963262,0.18667019567029183,
0.007781345031118199,0.027877911334198938,0.07199301108963262,0.18593120215127557,
0.007781345031118199,0.027877911334198938,0.07199301108963262,0.18741292320517913,
0.007781345031118199,0.027877911334198938,0.07199301108963262,0.18823106758492175,
0.007781345031118199,0.027877911334198938,0.07199301108963262,0.18612083873393648,
0.007781345031118199,0.027877911334198938,0.07199301108963262,0.18848503705355127,
0.007781345031118199,0.027877911334198938,0.07199301108963262,0.18933019463469664,
0.007781345031118199,0.027877911334198938,0.07199301108963262,0.18106314608888768,
0.007781345031118199,0.027877911334198938,0.07199301108963262,0.18308068031063546,
0.007781345031118199,0.027877911334198938,0.07199301108963262,0.1910329670397195,
0.007781345031118199,0.027877911334198938,0.07199301108963262,0.19604956223853398,
0.007781345031118199,0.027877911334198938,0.07199301108963262,0.20187055107172527,
0.007781345031118199,0.027877911334198938,0.07199301108963262,0.20203225075788914,
0.007781345031118199,0.027877911334198938,0.07199301108963262,0.20180723281667842,
0.007781345031118199,0.027877911334198938,0.07199301108963262,0.19650077065186994,
0.007781345031118199,0.027877911334198938,0.07199301108963262,0.18887732137967825,
0.007781345031118199,0.027877911334198938,0.07199301108963262,0.19001504976848416,
0.007781345031118199,0.027877911334198938,0.07199301108963262,0.18430566447699542,
0.007781345031118199,0.027877911334198938,0.07199301108963262,0.18317294088765573,
0.007781345031118199,0.027877911334198938,0.07199301108963262,0.17823297281690656,
0.007781345031118199,0.027877911334198938,0.07199301108963262,0.18206170498161292,
0.007781345031118199,0.027877911334198938,0.07199301108963262,0.18493214588173518,
0.007781345031118199,0.027877911334198938,0.07199301108963262,0.18135466915833875,
0.007781345031118199,0.027877911334198938,0.07199301108963262,0.18316214550960833,
0.007781345031118199,0.027877911334198938,0.07199301108963262,0.18049393585846232,
0.007781345031118199,0.027877911334198938,0.07199301108963262,0.17872720868845987,
0.007781345031118199,0.027877911334198938,0.07199301108963262,0.17771825929384957,
0.007781345031118199,0.027877911334198938,0.07199301108963262,0.17786722430313226,
0.007781345031118199,0.027877911334198938,0.07199301108963262,0.17687966112281828,
0.007781345031118199,0.027877911334198938,0.07199301108963262,0.17312286547517847,
0.007781345031118199,0.027877911334198938,0.07199301108963262,0.18178472680905952,
0.007781345031118199,0.027877911334198938,0.07199301108963262,0.17537932913248314,
0.007781345031118199,0.027877911334198938,0.07199301108963262,0.17621144563633814,
0.007781345031118199,0.027877911334198938,0.07199301108963262,0.1741461522205173,
0.007781345031118199,0.027877911334198938,0.07199301108963262,0.18206945619576928,
0.007781345031118199,0.027877911334198938,0.07199301108963262,0.1827988768409578,
0.007781345031118199,0.027877911334198938,0.07199301108963262,0.18876773682245385,
0.007781345031118199,0.027877911334198938,0.07199301108963262,0.18740493976181669,
0.007781345031118199,0.027877911334198938,0.07199301108963262,0.1844195637153778,
0.007781345031118199,0.027877911334198938,0.07199301108963262,0.18313484882592712,
0.007781345031118199,0.027877911334198938,0.07199301108963262,0.19703194957773976,
0.007781345031118199,0.027877911334198938,0.07199301108963262,0.19969875815043778,
0.007781345031118199,0.027877911334198938,0.07199301108963262,0.2030563295303451,
0.007781345031118199,0.027877911334198938,0.07199301108963262,0.20396883684727862,
0.007781345031118199,0.027877911334198938,0.07199301108963262,0.1974302694090337,
0.007781345031118199,0.027877911334198938,0.07199301108963262,0.2073060096904057,
0.007781345031118199,0.027877911334198938,0.07199301108963262,0.20401246622903044,
0.007781345031118199,0.027877911334198938,0.07199301108963262,0.1975082318178127,
0.007781345031118199,0.027877911334198938,0.07199301108963262,0.18778868726941367,
0.007781345031118199,0.027877911334198938,0.07199301108963262,0.18357152806820842,
0.007781345031118199,0.027877911334198938,0.07199301108963262,0.17956099337478235,
0.007781345031118199,0.027877911334198938,0.07199301108963262,0.17582135287829412,
0.007781345031118199,0.027877911334198938,0.07199301108963262,0.1761349722755403,
0.007781345031118199,0.027877911334198938,0.07199301108963262,0.1761349722755403,
0.007781345031118199,0.027877911334198938,0.07199301108963262,0.18511091035284508,
0.007781345031118199,0.027877911334198938,0.07199301108963262,0.19308656197996907,
0.007781345031118199,0.027877911334198938,0.07199301108963262,0.1903063138272288,
0.007781345031118199,0.027877911334198938,0.07199301108963262,0.1903063138272288,
0.007781345031118199,0.027877911334198938,0.07199301108963262,0.1935928747185377,
0.007781345031118199,0.027877911334198938,0.07199301108963262,0.20066855615618145,
0.007781345031118199,0.027877911334198938,0.07199301108963262,0.19564562258160087,
0.007781345031118199,0.027877911334198938,0.07199301108963262,0.17968828107655346,
0.007781345031118199,0.027877911334198938,0.07199301108963262,0.17499529076643333,
0.007781345031118199,0.027877911334198938,0.07199301108963262,0.17243485377640005,
0.007781345031118199,0.027877911334198938,0.07199301108963262,0.17485458686265445,
0.007781345031118199,0.027877911334198938,0.07199301108963262,0.1766268047641381,
0.007781345031118199,0.027877911334198938,0.07199301108963262,0.18252391122622721,
0.007781345031118199,0.027877911334198938,0.07199301108963262,0.17893836525125156,
0.007781345031118199,0.027877911334198938,0.07199301108963262,0.18468930165907502,
0.007781345031118199,0.027877911334198938,0.07199301108963262,0.18590333811640458,
0.007781345031118199,0.027877911334198938,0.07199301108963262,0.19365026574741215,
0.007781345031118199,0.027877911334198938,0.07199301108963262,0.19380469295399594,
0.007781345031118199,0.027877911334198938,0.07199301108963262,0.1954403710291898,
0.007781345031118199,0.027877911334198938,0.07199301108963262,0.18809737711105404,
0.007781345031118199,0.027877911334198938,0.07199301108963262,0.18611352314503077,
0.007781345031118199,0.027877911334198938,0.07199301108963262,0.19017302745326176,
0.007781345031118199,0.027877911334198938,0.07199301108963262,0.19219092337727625,
0.007781345031118199,0.027877911334198938,0.07199301108963262,0.19730984928444664,
0.007781345031118199,0.027877911334198938,0.07199301108963262,0.1977951944858876,
0.007781345031118199,0.027877911334198938,0.07199301108963262,0.20150217894050904,
0.007781345031118199,0.027877911334198938,0.07199301108963262,0.20010683995709538,
0.007781345031118199,0.027877911334198938,0.07199301108963262,0.1947234289890814,
0.007781345031118199,0.027877911334198938,0.07199301108963262,0.19395444539452128,
0.007781345031118199,0.027877911334198938,0.07199301108963262,0.19045341468348803,
0.007781345031118199,0.027877911334198938,0.07199301108963262,0.1831993730580997,
0.007781345031118199,0.027877911334198938,0.07199301108963262,0.18050946034968302,
0.007781345031118199,0.027877911334198938,0.07199301108963262,0.18194413371165202,
0.007781345031118199,0.027877911334198938,0.07199301108963262,0.18240792304483205,
0.007781345031118199,0.027877911334198938,0.07199301108963262,0.1839551638119597,
0.007781345031118199,0.027877911334198938,0.07199301108963262,0.1791603316548779,
0.007781345031118199,0.027877911334198938,0.07199301108963262,0.17140689391417235,
0.007781345031118199,0.027877911334198938,0.07199301108963262,0.17436927710471892,
0.007781345031118199,0.027877911334198938,0.07199301108963262,0.17998254991031917,
0.007781345031118199,0.027877911334198938,0.07199301108963262,0.18017770022782204,
0.007781345031118199,0.027877911334198938,0.07199301108963262,0.18465113709895525,
0.007781345031118199,0.027877911334198938,0.07199301108963262,0.17674305673376128,
0.007781345031118199,0.027877911334198938,0.07199301108963262,0.17422382922451696,
0.007781345031118199,0.027877911334198938,0.07199301108963262,0.17121594725552575,
0.007781345031118199,0.027877911334198938,0.07199301108963262,0.17056157828436433,
0.007781345031118199,0.027877911334198938,0.07199301108963262,0.17444554129987752,
0.007781345031118199,0.027877911334198938,0.07199301108963262,0.17782967565305954,
0.007781345031118199,0.027877911334198938,0.07199301108963262,0.1810025634906558,
0.007781345031118199,0.027877911334198938,0.07199301108963262,0.18508869305158154,
0.007781345031118199,0.027877911334198938,0.07199301108963262,0.17977657860381427,
0.007781345031118199,0.027877911334198938,0.07199301108963262,0.18721632791286885,
0.007781345031118199,0.027877911334198938,0.07199301108963262,0.19453471213422888,
0.007781345031118199,0.027877911334198938,0.07199301108963262,0.19116251846957902,
0.007781345031118199,0.027877911334198938,0.07199301108963262,0.19591070508220773,
0.007781345031118199,0.027877911334198938,0.07199301108963262,0.19959176541415855,
0.007781345031118199,0.027877911334198938,0.07199301108963262,0.19557607865934767,
0.007781345031118199,0.027877911334198938,0.07199301108963262,0.19578930041091663,
0.007781345031118199,0.027877911334198938,0.07199301108963262,0.17995213950849204,
0.007781345031118199,0.027877911334198938,0.07199301108963262,0.1651532999620237,
0.007781345031118199,0.027877911334198938,0.07199301108963262,0.16201261381017532,
0.007781345031118199,0.027877911334198938,0.07199301108963262,0.16314097064173794,
0.007781345031118199,0.027877911334198938,0.07199301108963262,0.16434583644207548,
0.007781345031118199,0.027877911334198938,0.07199301108963262,0.1638885619419083,
0.007781345031118199,0.027877911334198938,0.07199301108963262,0.16864606604727783,
0.007781345031118199,0.027877911334198938,0.07199301108963262,0.17498308425365025,
0.007781345031118199,0.027877911334198938,0.07199301108963262,0.18438238793987313,
0.007781345031118199,0.027877911334198938,0.07199301108963262,0.17542376514682922,
0.007781345031118199,0.027877911334198938,0.07199301108963262,0.1710081797402884,
0.007781345031118199,0.027877911334198938,0.07199301108963262,0.17153685121465756,
0.007781345031118199,0.027877911334198938,0.07199301108963262,0.17010190204534023,
0.007781345031118199,0.027877911334198938,0.07199301108963262,0.169350911679026,
0.007781345031118199,0.027877911334198938,0.07199301108963262,0.17083561532780342,
0.007781345031118199,0.027877911334198938,0.07199301108963262,0.162706411496595,
0.007781345031118199,0.027877911334198938,0.07199301108963262,0.15463794119243263,
0.007781345031118199,0.027877911334198938,0.07199301108963262,0.16387305375536906,
0.007781345031118199,0.027877911334198938,0.07199301108963262,0.15604793871733355,
0.007781345031118199,0.027877911334198938,0.07199301108963262,0.15628092343416938,
0.007781345031118199,0.027877911334198938,0.07199301108963262,0.15571294002150682,
0.007781345031118199,0.027877911334198938,0.07199301108963262,0.15976171279302215,
0.007781345031118199,0.027877911334198938,0.07199301108963262,0.16021744080573347,
0.007781345031118199,0.027877911334198938,0.07199301108963262,0.16522919327838484,
0.007781345031118199,0.027877911334198938,0.07199301108963262,0.16522919327838484,
0.007781345031118199,0.027877911334198938,0.07199301108963262,0.16639837676308275,
0.007781345031118199,0.027877911334198938,0.07199301108963262,0.1768674397791815,
0.007781345031118199,0.027877911334198938,0.07199301108963262,0.17089372756856247,
0.007781345031118199,0.027877911334198938,0.07199301108963262,0.18175112018145723,
0.007781345031118199,0.027877911334198938,0.07199301108963262,0.18175112018145723,
0.007781345031118199,0.027877911334198938,0.07199301108963262,0.18430153449302064,
0.007781345031118199,0.027877911334198938,0.07199301108963262,0.1874489141980199,
0.007781345031118199,0.027877911334198938,0.07199301108963262,0.19316736459007122,
0.007781345031118199,0.027877911334198938,0.07199301108963262,0.20040241680938753,
0.007781345031118199,0.027877911334198938,0.07199301108963262,0.203141701218686,
0.007781345031118199,0.027877911334198938,0.07199301108963262,0.1968057891313384,
0.007781345031118199,0.027877911334198938,0.07199301108963262,0.1750185480093563,
0.007781345031118199,0.027877911334198938,0.07199301108963262,0.16861790738587668,
0.007781345031118199,0.027877911334198938,0.07199301108963262,0.16583387841606873,
0.007781345031118199,0.027877911334198938,0.07199301108963262,0.16906064288194517,
0.007781345031118199,0.027877911334198938,0.07199301108963262,0.16746444987264267,
0.007781345031118199,0.027877911334198938,0.07199301108963262,0.1701261511952976,
0.007781345031118199,0.027877911334198938,0.07199301108963262,0.17153781601208468,
0.007781345031118199,0.027877911334198938,0.07199301108963262,0.17559762885127228,
0.007781345031118199,0.027877911334198938,0.07199301108963262,0.16585638627674776,
0.007781345031118199,0.027877911334198938,0.07199301108963262,0.15418331414135902,
0.007781345031118199,0.027877911334198938,0.07199301108963262,0.15764205305714452,
0.007781345031118199,0.027877911334198938,0.07199301108963262,0.15142978706341073,
0.007781345031118199,0.027877911334198938,0.07199301108963262,0.1551538851893663,
0.007781345031118199,0.027877911334198938,0.07199301108963262,0.15569441465329598,