
0.0
3.503956075421679E-303
8.703274848279776E-210
2.293824890374471E-36
5.9489985624331285E-33
1.4120176169588423E-6
8.299222243327936E-15
7.708915761334803E-4
1.5834996694920004E-11
6.781663571129191E-4
2.501000831832396E-9
3.4360085471041866E-4
2.375678131529796E-8
1.5370939478563645E-4
3.115479404803383E-8
6.690955188822481E-5
2.7478428881136684E-8
2.9205105210697656E-5
2.121992449220501E-8
1.2816380673915198E-5
1.5900047265673874E-8
5.644925926168724E-6
1.1716343440204074E-8
2.4926144693369213E-6
8.377419408530875E-9
1.1033979974481223E-6
5.967495292471037E-9
4.912562264542976E-7
5.24803418277834E-9
2.200427456180426E-7
4.398404144246965E-9
1.007261464511276E-7
4.44653216788554E-9
5.2631103963009783E-8
8.17275378103616E-9
3.0307797034908134E-8
9.352753748160568E-9
1.8493446765333472E-8
8.161620540768144E-9
1.1485602662924557E-8
6.1853920726048374E-9
7.1384760853314775E-9
4.37266616400445E-9
4.46711527127507E-9
2.988806878078345E-9
2.8065369051447126E-9
1.9723672885514674E-9
1.7401280599751508E-9
1.2499752338789825E-9
1.051597807760823E-9
7.606257707488471E-10
6.169825715458611E-10
4.4624740033620625E-10
3.519759158423874E-10
2.5387738891469076E-10
1.9597764411896782E-10
1.4086953680241016E-10
1.0694613144238451E-10
7.661722746893068E-11
5.741543016945259E-11
4.1012532224937476E-11
3.0420274056178857E-11
2.1675894406130776E-11
1.5946474115494674E-11
9.259893595155197E-10
6.48778904572568E-10
4.639412615536678E-9
3.2457358832105165E-9
5.261335535066261E-9
3.6764824843133192E-9
4.664031995056879E-9
4.296573249514269E-9
4.339326073851868E-9
7.670190646465574E-9
8.14774535210912E-9
1.00722063911692E-8
1.5146727921767242E-8
1.5569467475072142E-8
1.718239763994806E-8
1.6648511650050593E-8
1.640126256640872E-8
1.5117470338501653E-8
1.5737185690310322E-8
1.387975754554289E-8
1.5076933176683365E-8
1.3071471715396978E-8
1.3773557048842817E-8
1.1801509386518683E-8
1.1548782468928954E-8
9.739661239123414E-9
9.18377044455203E-9
7.576525393351569E-9
7.872851872128031E-9
6.343888502193451E-9
6.382412199528485E-9
5.090877807815967E-9
4.7380110318615845E-9
3.7311758748981044E-9
3.251027583544895E-9
2.522059777545878E-9
2.0932126700845914E-9
1.5993245628224276E-9
1.281049902569118E-9
9.652594936027325E-10
7.530395244877464E-10
5.606704667846287E-10
4.2877088893643934E-10
3.1609566986186644E-10
2.380655829060989E-10
1.7409847267389923E-10
1.2957218699772732E-10
9.414277177322594E-11
6.941298797262293E-11
8.422912763132317E-10
5.913587911224023E-10
4.220490859275811E-9
3.0832168888869776E-9
6.233866662974509E-9
5.008922032907513E-9
6.940234385841436E-9
5.662696866436498E-9
6.085241198083002E-9
4.913484311871827E-9
4.625024108940223E-9
5.348861514143737E-9
4.5227380574395345E-9
1.081437387313642E-8
8.816365919269158E-9
1.2558489668119107E-8
1.0807676337985748E-8
1.1720834508373054E-8
1.0388948597889619E-8
9.850873797584753E-9
8.629030364208324E-9
7.629715704694248E-9
6.937283916602178E-9
5.846845268083058E-9
6.684616059481293E-9
5.4030539845924784E-9
6.267467400811626E-9
4.972053571153116E-9
6.735250667974365E-9
5.245732794671646E-9
6.0867716654499796E-9
4.686375283669798E-9
5.0737276035112846E-9
3.895075728870486E-9
5.147693684974054E-9
4.519287131947753E-9
5.969719710358049E-9
7.096529927916596E-9
7.837944411718128E-9
7.919988149356934E-9
8.007367334528366E-9
7.381869441956907E-9
6.9840732192173214E-9
6.132587175243986E-9
5.793914772920676E-9
4.901628030818946E-9
6.623769907495151E-9
5.37066635375132E-9
6.74673147232492E-9
5.6325841221217466E-9
6.545841584913612E-9
5.6986714293866225E-9
1.734442345128831E-8
1.5562781457342693E-8
9.196841252253654E-8
8.325703148092881E-8
1.2100330340506879E-7
1.1051968909213902E-7
1.1922633118112642E-7
1.092419956650653E-7
1.0472356654582687E-7
9.591382551326383E-8
8.820932122413023E-8
8.052522669584728E-8
7.25642147847998E-8
6.541918986697234E-8
5.8592059167800544E-8
5.168939660380754E-8
5.032916161113942E-8
4.327184877432008E-8
4.2515589251311704E-8
3.6290476272715865E-8
3.931257225176065E-8
3.336780064887766E-8
3.426808793107054E-8
2.8667648418119023E-8
4.987428175915622E-8
4.005387033652539E-8
1.4880498882230493E-7
1.1838507347082546E-7
1.9778169366295492E-7
1.663964568326943E-7
2.0888742717366616E-7
1.8395039299019292E-7
1.998543514432204E-7
1.796039908159473E-7
1.7180251873829278E-7
1.5002182988461724E-7
1.3371485184099942E-7
1.1314670618792165E-7
9.645226076110656E-8
7.943324132987084E-8
6.556863807755467E-8
5.277888688141342E-8
4.248989862581117E-8
3.355180371402328E-8
2.6475141133834282E-8
2.0574101534430907E-8
1.718789229264438E-8
1.3115628906409893E-8
2.814721323825175E-8
2.044008192578926E-8
8.236301537717438E-8
5.891126479140932E-8
1.0250403639916227E-7
7.533809320553571E-8
1.0656225510588266E-7
8.25598259590076E-8
9.369529980525517E-8
7.343498148410407E-8
7.281526300025613E-8
5.6882420452960895E-8
5.1785396190122875E-8
5.732083801619744E-8
4.867998109635445E-8
1.2561903477548034E-7
1.0477842150846483E-7
1.4779217141510008E-7
1.262319779670224E-7
1.308699855149708E-7
1.0740297065184447E-7
9.831705264293167E-8
7.859299272619877E-8
7.787073730888762E-8
6.132808959365156E-8
1.0367252718344444E-7
8.280853398982085E-8
1.0334428483811372E-7
8.41801201791454E-8
8.74655928849545E-8
7.073173315175796E-8
6.641064056735204E-8
5.304626538416229E-8
4.669024079225282E-8
3.6773116617490676E-8
3.092139132069504E-8
2.4006298479874915E-8
1.9505989575169414E-8
1.493835796121311E-8
1.1820063918583813E-8
9.377317285585796E-9
7.2375207045828174E-9
7.61402975700785E-9
5.678581418871211E-9
1.1208829271841367E-8
8.489123621551796E-9
3.518941716069918E-8
2.753150494211797E-8
4.4169876863076146E-8
3.5579495627326146E-8
4.1587132888471774E-8
3.340651483217396E-8
3.361260835539996E-8
2.6742497518284977E-8
2.4649372850739005E-8
2.1976085118844263E-8
2.886144554596373E-8
3.810527408793929E-8
8.065387254226733E-8
8.51307273208639E-8
1.0160107222801515E-7
9.836576237604045E-8
9.492287267371023E-8
8.549987341021837E-8
7.604372501689938E-8
6.5736839364299E-8
5.6351572770785116E-8
4.737363602056583E-8
3.980408430169996E-8
3.278327808205565E-8
2.7114578840785953E-8
2.1967689726742346E-8
1.784480365691694E-8
2.149105999216026E-8
1.777078196844098E-8
5.1940133662082476E-8
4.4236300511645206E-8
6.752470790269355E-8
5.4506840921613816E-8
6.443296042067609E-8
5.178107048947144E-8
5.2737474964050804E-8
4.211224837445423E-8
4.0666745989633344E-8
3.217639172954194E-8
3.6422848817766357E-8
2.8772209659504837E-8
3.0174345960056686E-8
2.358086089500164E-8
2.7194684942347336E-8
2.1204203975955155E-8
2.150433289668973E-8
1.6688461630003586E-8
1.5215426778420596E-8
1.1962232253060185E-8
1.0169410757312987E-8
8.025390064292502E-9
6.540554301838382E-9
5.107504936885096E-9
5.301809665170356E-9
4.0479525879747E-9
9.38885648901874E-9
7.0456665008846716E-9
9.281544261989405E-9
6.930863937843809E-9
7.085872587391938E-9
5.306692240170122E-9
4.764439525634748E-9
3.759657006103325E-9
3.1424134809105673E-9
2.5034772571374847E-9
2.114715265984672E-9
2.3954391705533458E-9
1.950624866261698E-9
5.225715301497155E-9
4.0591006759799935E-9
5.854010696380641E-9
4.508107701628015E-9
4.87439404503214E-9
3.74357513926581E-9
3.4922759925570787E-9
2.6558811946862427E-9
2.3573678863824534E-9
1.7673231829118569E-9
1.8059435163154839E-9
1.3456837401381199E-9
1.3597058606280547E-9
1.0644346497477625E-9
9.91494068600662E-10
7.814372561965859E-10
1.0902980885474829E-9
8.732105804865066E-10
2.785045072619393E-9
2.287974337231467E-9
9.128079564219344E-9
7.2218696515449086E-9
3.7715590113079296E-8
2.996532357347241E-8
5.374602853476091E-8
4.440667849063037E-8
5.4000577569509685E-8
4.401919793952945E-8
4.521835690631911E-8
3.6258608345503596E-8
3.391896003024327E-8
2.6773545163996272E-8
2.3584387946583468E-8
1.8347641393068655E-8
1.5494541131947414E-8
1.1898138258771925E-8
1.4597401568036678E-8
1.0842025830570766E-8
3.4544686752989296E-8
2.5161319356921094E-8
4.489536734610132E-8
3.4441940076972245E-8
4.228968158024671E-8
3.4002467856360576E-8
3.529357311699737E-8
2.8652508454850344E-8
2.7176429884288155E-8
2.197442655061954E-8
1.969200977104434E-8
1.5878624852882704E-8
1.3681658549293413E-8
1.1376525456155766E-8
9.56026064323118E-9
8.026289077396595E-9
6.647630637226225E-9
5.519027184505736E-9
4.511766162527013E-9
3.6873009859607136E-9
5.178783743815265E-9
4.004568581737275E-9
1.4290604868535292E-8
1.0546809256563724E-8
1.6344150416236267E-8
1.192583504344147E-8
1.3866488324188078E-8
1.0155581140834673E-8
1.0201137356359412E-8
7.497843589186634E-9
6.894541777208004E-9
5.072437619082561E-9
6.038641748086734E-9
4.398023386903777E-9
1.1797103904754768E-8
8.45003301418324E-9
1.2297217434735889E-8
8.83373734526222E-9
1.0398800873068771E-8
7.679646597538448E-9
8.359449150337806E-9
6.63495812603985E-9
7.225531915632719E-9
6.044859076792105E-9
8.220120330229514E-9
6.892299133889751E-9
7.660955037463123E-9
6.797644468437768E-9
6.492827947196032E-9
7.702493227223601E-9
6.589982284230903E-9
6.859460839416886E-9
5.7475429050287365E-9
5.366863043181384E-9
4.37689157174765E-9
3.800881439524229E-9
3.052734031614841E-9
2.5293582206625518E-9
1.997248576576827E-9
1.5996047928489333E-9
1.7928262432611448E-9
1.3648834245763109E-9
3.9790635713417354E-9
2.9130445953465854E-9
4.9834692341062834E-9
3.7029712816495996E-9
4.380440033646515E-9
3.297032619974542E-9
3.2394480683295996E-9
2.617210780394239E-9
2.4501697523812747E-9
2.094648527567971E-9
2.453714335333516E-9
2.082917239274094E-9
2.117212221625794E-9
1.7474518429776855E-9
1.7412958743015908E-9
1.3885056994850832E-9
1.921239956719186E-9
1.4799728744409631E-9
1.6451085538268972E-9
1.261357028854292E-9
1.1977249035442927E-9
9.867979351355043E-10
8.627189159937939E-10
7.022913898863455E-10
6.175787606513583E-10
4.98904624420684E-10
5.553519598400227E-10
4.407198851486816E-10
9.79314518027536E-10
7.754882026391992E-10
1.067989080400195E-9
8.879441417405157E-10
9.63669401542293E-10
8.063941793987468E-10
7.698674879952664E-10
6.477202318563203E-10
5.733881450890464E-10
6.560044626219941E-10
5.495928869692208E-10
5.781012799739983E-10
4.888269835094285E-10
4.827461387058306E-10
3.8168348997821775E-9
3.169761593790863E-9
1.9647800338639075E-8
1.6125254010954133E-8
2.4667551670068626E-8
2.0355618445701892E-8
2.2719638706034855E-8
1.9269084099313864E-8
1.9304651221279246E-8
1.6627133761627254E-8
1.544576286933682E-8
1.3141507210561003E-8
1.202905961046473E-8
1.0050748180172594E-8
1.0821240941601698E-8
9.352219554215593E-9
9.055856167695881E-9
8.664816608700254E-9
7.737443945871967E-9
7.194293313103173E-9
6.086733525527268E-9
6.2298724315072335E-9
5.129995888942066E-9
4.982069959154201E-9
4.0072052087942004E-9
4.28918356070884E-9
5.993249690394374E-9
5.353669319498978E-9
2.5000496572701417E-8
2.0855041179371036E-8
6.002956189819126E-8
5.1818280346350427E-8
7.388606387403046E-8
6.581197933655002E-8
7.343658122590727E-8
6.737354030330322E-8
6.714656643789946E-8
6.240928583371506E-8
5.973340458336776E-8
5.479521706036402E-8
5.0344128187108306E-8
4.6149340839056327E-8
4.08075316573031E-8
4.1457193367885226E-8
3.532635593687488E-8
3.46429834446328E-8
2.86566545099912E-8
2.669489479511686E-8
2.1655002748184578E-8
2.178033502535649E-8
1.726215918233409E-8
2.8748454090444116E-8
2.223476104181839E-8
3.118328736707745E-8
2.496526573635809E-8
2.832131037100074E-8
2.2663934835098252E-8
2.404202037974773E-8
1.9073841425300188E-8
2.499445955088786E-8
1.9477378167908126E-8
2.240582704678069E-8
1.7184208990887538E-8
1.7643719098079012E-8
1.3481524298419395E-8
1.2738152702826655E-8
1.0912469438402043E-8
9.515390109693155E-9
1.381153936503686E-8
1.137684580374166E-8
1.3894096962175219E-8
1.3347521505071048E-8
1.3823084087701558E-8
1.2794446692744971E-8
1.3311628324177738E-8
1.1694481669357895E-8
1.13629021449843E-8
9.594871160496754E-9
8.755522972309008E-9
7.184433286206808E-9
6.239720537285564E-9
5.005891847090859E-9
4.620224964446663E-9
3.6087442538866605E-9
5.274203505401817E-9
4.142892930472818E-9
5.103448005992808E-9
4.875685751341454E-9
4.896836130639581E-9
5.671122640673246E-9
4.977140724502143E-9
9.275496992938698E-9
7.459703990492256E-9
1.0934359343590642E-8
8.61694082452774E-9
1.2319024986955726E-8
9.601466612279954E-9
1.1423207132302069E-8
8.882112061487623E-9
9.151674049527588E-9
7.081210014135897E-9
6.623853632399286E-9
5.0866967061255715E-9
4.458154597008583E-9
3.3946118593700723E-9
2.8436029671701504E-9
2.147538833861348E-9
1.7415665173923808E-9
1.3056517438150792E-9
1.0338290785312029E-9
2.7741595989737416E-9
2.0142588573414542E-9
1.53021389052029E-8
1.1559289900208422E-8
3.280621852976902E-8
2.691191185433996E-8
3.791866963142184E-8
3.1633737788299705E-8
3.451765374610077E-8
2.9152854252884694E-8
2.8425410061038296E-8
2.4018246990738896E-8
2.240569529169154E-8
1.9380929346992308E-8
1.7503208581425952E-8
1.7203909004939182E-8
1.542108786209435E-8
1.4693276883237877E-8
1.2883306657605767E-8
1.158789347875127E-8
1.129182784662689E-8
9.608968357579427E-9
1.4118819419922512E-8
1.1597405172824845E-8
1.4653723854371296E-8
1.2197821194966702E-8
1.375004524944143E-8
1.1187362899270601E-8
1.2435585281907095E-8
1.331593819101781E-8
1.359698272525051E-8
2.4525361651759072E-8
2.301895122362361E-8
2.764814658051583E-8
2.533850448910224E-8
2.571129336206403E-8
2.3532782669987546E-8
2.209148627022243E-8
1.9720784610212507E-8
1.805391461409615E-8
1.5646631868062538E-8
1.64361706676327E-8
1.3988706236058829E-8
1.845315204588014E-8
1.5519437565603106E-8
1.6846386133626053E-8
1.6907685431422686E-8
1.6126750448826433E-8
2.489735499880146E-8
2.201722142537085E-8
2.535796351723533E-8
2.2066634919597778E-8
2.2041509523716007E-8
1.8858870915737393E-8
1.7397842556019337E-8
1.4586841869190777E-8
1.2761855480077873E-8
1.0472180749431032E-8
8.807321099965277E-9
7.078562159795205E-9
5.772063337272116E-9
4.552350427160945E-9
3.6216432130552217E-9
2.8096042108023005E-9
2.19122511945731E-9
1.6761349701777213E-9
2.495449106989257E-9
1.8490820394009173E-9
6.818368006471065E-9
4.966411142077681E-9
7.847947792051886E-9
6.3069605955748704E-9
7.018346165076538E-9
7.747758973524015E-9
6.9387197340793E-9
7.0643780303780344E-9
5.82165260766411E-9
5.361572142910706E-9
4.245230897669996E-9
3.6331978839039747E-9
2.8039342282900314E-9
2.2802399039791035E-9
1.7261206768700308E-9
1.3540465094094307E-9
1.0094191756111524E-9
1.1081715014597016E-9
8.050374055119056E-10
2.5682595888972297E-9
1.8478149972224377E-9
3.1625355125460116E-9
2.408969182889943E-9
2.9087703252248155E-9
2.2555112770657303E-9
2.763659822772505E-9
2.1308661012762087E-9
4.157646357645271E-9
3.166748964062665E-9
4.635401340864817E-9
3.5420805249162992E-9
4.032175316853536E-9
3.0722836260560855E-9
3.5260779386046106E-9
2.6748168705322167E-9
5.183495294304823E-9
3.957819703327205E-9
5.6751771539953185E-9
4.713844526511804E-9
5.120557739405807E-9
5.079033552610428E-9
4.722043944202975E-9
4.641916107344497E-9
4.089874479498379E-9
3.8228479911990465E-9
3.352483376799509E-9
2.970966365492481E-9
2.980531767415585E-9
2.5060287071717153E-9
2.641690017557641E-9
2.1343218439291336E-9
2.8367847467477852E-9
2.24858676481568E-9
2.782803946406794E-9
2.28308180761464E-9
2.3650068188512353E-9
2.287835257932442E-9
1.3085855691373033E-8
1.0979621370504491E-8
5.624594089971794E-8
4.6758979470215874E-8
7.096135745452121E-8
6.094927865158224E-8
7.083754237476402E-8
6.299380073426503E-8
6.084615560245333E-8
5.304994322374688E-8
5.007634210765522E-8
4.191665997176956E-8
3.785702370929842E-8
3.5488562758911915E-8
3.0091331331521976E-8
4.327326356475336E-8
3.457974637129627E-8
3.801046945984744E-8
2.9416108564648552E-8
2.753148259279972E-8
2.101504207180944E-8
1.796931969565757E-8
1.365112049889514E-8
1.104337742490108E-8
8.623991013735874E-9
6.772075049833941E-9
5.272637191364198E-9
4.083808559381122E-9
3.1420328362032075E-9
2.398980244146765E-9
1.8170540617980106E-9
1.3658544653033835E-9
1.0184919910325787E-9
7.544932087017465E-10
5.550195066198232E-10
4.0614051147319177E-10
2.9550692225751943E-10
2.141472195193925E-10
1.5449376328893337E-10
1.1112433434600145E-10
7.9652597034756E-11
5.696872695967624E-11
4.0635932585234625E-11
2.8939365937611687E-11
2.056694965840167E-11
1.459980053642663E-11
1.0347338464061878E-11
7.327346267040289E-12
5.182327229729302E-12
4.923424487260291E-9
3.4465415230055133E-9
2.3190297609120474E-8
1.626411993865369E-8
2.385030502435667E-8
1.686778909829299E-8
1.761373116250648E-8
1.2610485378348542E-8
1.439417446951025E-8
1.0370206504745478E-8
2.125893643885784E-8
1.5353508985305413E-8
1.909109548279801E-8
1.3855999797677489E-8
1.3611986251807133E-8
9.918316847361672E-9
8.640504327607504E-9
6.287370916735133E-9
5.1137630125922714E-9
3.7026783257174354E-9
2.8851469592903165E-9
2.0764715463530133E-9
1.5726072427728473E-9
1.125482862081437E-9
3.2292946847840093E-9
2.2742539638929357E-9
1.1721688986683525E-8
8.258890911863093E-9
5.406234247451029E-8
4.347883725984315E-8
2.710484907133217E-7
2.271066653833855E-7
3.7584474825557014E-7
3.3180838806631493E-7
3.631591934290467E-7
3.3013710257719656E-7
3.1221256689822847E-7
2.8620544198633726E-7
2.534299798122366E-7
2.2607217039680997E-7
1.933632162478017E-7
1.6749743342479906E-7
1.3981421619936273E-7
1.181311771356633E-7
9.676794102098535E-8
8.015753883096001E-8
7.327721413595628E-8
5.8896151384840677E-8
1.1033630679976495E-7
8.376113397004782E-8
1.4822394018891906E-7
1.1738519874981489E-7
1.7557910299755386E-7
1.4849440410847728E-7
1.9222350464225952E-7
1.7026636043625077E-7
1.9484800971843E-7
1.8250467797017724E-7
1.8626121749690793E-7
1.950758660422295E-7
1.811187965910084E-7
1.7969026994160122E-7
1.6146658442293006E-7
1.5188715154837345E-7
1.3645194896862326E-7
1.226578921629125E-7
1.2982105634486976E-7
1.2484842702093163E-7
1.3600792850987774E-7
1.8985117779825015E-7
1.782122226421918E-7
2.0841225134439418E-7
1.8857992698564783E-7
1.9238720339522434E-7
1.6845893112553844E-7
1.6443605112498774E-7
1.4021924687674193E-7
1.3084077350527466E-7
1.0945309867294039E-7
1.0625135816536568E-7
8.683758765004252E-8
1.2257106354451665E-7
1.0273842842893743E-7
1.1878686341853735E-7
1.3406170148416287E-7
1.2809343631152273E-7
1.4353525155623002E-7
1.2857782516367618E-7
1.3004191817939683E-7
1.1315132129946174E-7
1.0598530221626906E-7
9.499447580456098E-8
8.471720638849783E-8
8.774923017752365E-8
7.543534776398686E-8
7.935797598286477E-8
6.617625798063834E-8
7.54379069938335E-8
6.183156743337277E-8
6.657247367317629E-8
5.5575407795788004E-8
5.492841285969408E-8
4.494689393206292E-8
4.151438995022574E-8
3.3348030488316286E-8
2.924252964685869E-8
2.6561136820470728E-8
2.1976209652583777E-8
4.549504583018039E-8
3.488841262180613E-8
6.544056000251479E-8
5.166879211877598E-8
7.308722586125092E-8
5.918879661404414E-8
6.992795312010775E-8
5.7424718089047617E-8
6.074026183797954E-8
5.0623039761787557E-8
4.9776529183909046E-8
4.179430305007645E-8
3.934178576679829E-8
3.2990464847121716E-8
3.1605267622557695E-8
2.69710941197342E-8
2.4562846781976893E-8
2.5549306314856534E-8
2.264440537108062E-8
2.4835616755724726E-8
3.432450111912394E-8
3.181798122159307E-8
1.0270616481599858E-7
8.459993029472604E-8
1.3157411760163851E-7
1.1149207321601131E-7
1.2317876799173193E-7
1.0745613138763903E-7
1.0251728172377014E-7
8.850935289020911E-8
7.857939465804072E-8
6.631331921620872E-8
5.633660507129973E-8
4.640489822074716E-8
3.850679407511037E-8
3.1022056386333814E-8
2.666803018624295E-8
2.108465175400684E-8
1.7874629356461928E-8
1.3954167209460781E-8
1.1540973934757911E-8
8.913818282492973E-9
7.199749548692124E-9
5.505194399207662E-9
4.594150800371419E-9
3.4774564886457337E-9
4.0359699889536E-9
3.024429037402233E-9
3.226074549528933E-9
2.4122924988209704E-9
2.312100152444417E-9
1.7230665140841816E-9
1.6924001009848411E-9
1.2545264030562687E-9
6.5373274391638655E-9
4.869358669233788E-9
3.196906169565022E-8
2.4002837184200987E-8
4.187043052399233E-8
3.18914692260716E-8
3.851045109320585E-8
2.971099779380373E-8
3.019425504599417E-8
2.3336932871522414E-8
2.194896852616597E-8
1.690617329239206E-8
1.5026723777345416E-8
1.1554028505817008E-8
9.830896309846274E-9
7.52441123651551E-9
8.937912668966065E-9
7.081699070557576E-9
2.1769227430605753E-8
1.826440157275897E-8
2.5632619632652435E-8
2.0789286930383663E-8
2.2124460422751872E-8
1.7494318494200615E-8
1.6297059985725076E-8
1.2631481103970677E-8
1.0907110201094625E-8
1.0262788969611366E-8
8.428820818654362E-9
1.7797825399081977E-8
1.4359080354442166E-8
1.90313445728196E-8
1.499001858641397E-8
1.567529197636319E-8
1.211767200875231E-8
1.1186307165641393E-8
8.511253671287086E-9
7.301797893824024E-9
5.4811251455723576E-9
4.485965353116174E-9
3.3297732771749308E-9
2.6386065983438024E-9
1.200464905145318E-8
9.287071292689525E-9
6.811906413569039E-8
5.3402042997915764E-8
8.571753021939718E-8
7.151563994806012E-8
8.29478079345036E-8
7.272969712726963E-8
7.571245146065608E-8
6.847826574162513E-8
6.457614200017018E-8
5.723538965471715E-8
5.100365378728498E-8
4.670113652475958E-8
4.012811896510829E-8
4.933517401496109E-8
4.1548455707464674E-8
4.836796667761097E-8
4.116780677351491E-8
4.3611012170253936E-8
3.690163639526502E-8
4.0315035359476E-8
3.364939909979471E-8
3.475313358040532E-8
2.85401227718396E-8
2.75154223607366E-8
2.224508402234855E-8
2.0327486659762122E-8
1.6220192740176658E-8
1.4260632051856887E-8
1.2300803903302842E-8
1.039137103959974E-8
1.4870625151956122E-8
1.1871400084969118E-8
1.536532096135687E-8
1.1969248120629874E-8
1.3220205031109599E-8
1.0161162955191692E-8
1.0018229281509644E-8
7.635351666745726E-9
6.965591786326156E-9
5.344174712522904E-9
4.6106406348767085E-9