
0.0,0.0,0.0,0.0,0.0,0.0,
0.0,0.0,0.0,0.0,0.0,0.0,
0.0,0.0,0.0,0.0,0.0,0.0,
0.0,0.0,0.0,0.0,0.0,0.0,
0.0,0.0,0.0,3.3587251169729042E-9,0.0,0.0,
0.0,0.0,0.0,4.541219079700226E-7,0.0,0.0,
0.0,0.0,0.0,1.060786628115441E-6,0.0,0.0,
0.0,0.0,0.0,9.218654213419639E-6,0.0,0.0,
0.0,0.0,4.985570266096208E-6,2.661773896465759E-5,0.0,0.0,
0.0,0.0,2.4946643780731782E-5,8.238358185790824E-5,0.0,0.0,
0.0,0.0,2.4946643780731782E-5,8.9136615296014E-5,0.0,0.0,
0.0,0.0,3.740969800041966E-5,1.2910773622526605E-4,0.0,0.0,
0.0,0.0,7.977079517712752E-5,1.4113473193435943E-4,0.0,0.0,
0.0,1.7325409951069603E-5,1.406265501548123E-4,1.7919601136294564E-4,0.0,0.0,
0.0,1.7325409951069603E-5,1.406265501548123E-4,1.869454357558812E-4,0.0,0.0,
0.0,1.7325409951069603E-5,1.406265501548123E-4,1.9434967807306793E-4,0.0,0.0,
0.0,1.7325409951069603E-5,1.406265501548123E-4,1.9402883010763284E-4,0.0,0.0,
0.0,1.7325409951069603E-5,1.3682868591302877E-4,3.005763076575005E-4,0.0,0.0,
0.0,1.7325409951069603E-5,1.8131857574597596E-4,3.7867826661506154E-4,0.0,0.0,
0.0,1.7325409951069603E-5,2.197966073809874E-4,4.541687659117325E-4,0.0,0.0,
0.0,3.8172551083486E-5,3.0228731667695006E-4,5.079959680805013E-4,0.0,0.0,
0.0,3.8172551083486E-5,3.0228731667695006E-4,5.160519296464459E-4,0.0,0.0,
0.0,3.8172551083486E-5,3.5922269864594136E-4,5.143242816429839E-4,0.0,0.0,
0.0,3.8172551083486E-5,3.5922269864594136E-4,5.303005180414782E-4,0.0,0.0,
0.0,3.8172551083486E-5,3.5773891865799714E-4,5.497085551143324E-4,0.0,0.0,
0.0,3.8172551083486E-5,3.5773891865799714E-4,5.578948708986981E-4,0.0,0.0,
0.0,3.8172551083486E-5,3.5773891865799714E-4,5.578948708986981E-4,0.0,0.0,
0.0,3.8172551083486E-5,4.0709470890527594E-4,5.731705830431693E-4,0.0,0.0,
0.0,3.8172551083486E-5,4.319742284760675E-4,6.360480878126606E-4,0.0,0.0,
0.0,3.8172551083486E-5,4.319742284760675E-4,6.685334446077743E-4,0.0,0.0,
0.0,3.8172551083486E-5,5.682955834734335E-4,8.166258931703647E-4,0.0,0.0,
0.0,3.8172551083486E-5,5.59461278507075E-4,8.871655900440993E-4,0.0,0.0,
0.0,3.8172551083486E-5,5.876597245138749E-4,9.279024745314843E-4,0.0,0.0,
0.0,3.8172551083486E-5,5.876597245138749E-4,0.0010173247570919707,0.0,0.0,
0.0,3.8172551083486E-5,6.272205077675879E-4,0.0010477335419574831,0.0,0.0,
0.0,3.8172551083486E-5,6.668510296868772E-4,0.0011646979037121257,0.0,0.0,
0.0,3.8172551083486E-5,7.170509073808856E-4,0.0011482227564290676,0.0,0.0,
0.0,3.8172551083486E-5,8.6652215742288E-4,0.0012663503602830843,0.0,0.0,
0.0,3.8172551083486E-5,8.6788698104761E-4,0.0013008952785145832,0.0,0.0,
1.170805750663125E-4,3.8172551083486E-5,0.0010717196833182274,0.0013732966897811423,0.0,0.0,
1.170805750663125E-4,3.8172551083486E-5,0.0011831938025377762,0.0013891280363756747,0.0,0.0,
1.170805750663125E-4,3.8172551083486E-5,0.0011831938025377762,0.0013841132344828396,0.0,0.0,
1.170805750663125E-4,3.8172551083486E-5,0.0011603831380972126,0.0013382634071073716,0.0,0.0,
1.170805750663125E-4,3.8172551083486E-5,0.0011603831380972126,0.0013234782291272455,0.0,0.0,
1.170805750663125E-4,3.8172551083486E-5,0.001169255824348265,0.0013514959409813884,0.0,0.0,
1.170805750663125E-4,3.8172551083486E-5,0.0012007852180702424,0.0013006683676187428,0.0,0.0,
1.170805750663125E-4,3.8172551083486E-5,0.0011778250086000336,0.0013580751424075088,0.0,0.0,
1.170805750663125E-4,3.8172551083486E-5,0.001135041440961996,0.0013537107690708848,0.0,0.0,
1.170805750663125E-4,3.8172551083486E-5,0.0011473762310743795,0.001345594003203014,0.0,0.0,
1.170805750663125E-4,3.8172551083486E-5,0.0011157898771797419,0.0012698831340485599,0.0,0.0,
1.170805750663125E-4,3.8172551083486E-5,0.0011373492019169952,0.0012734624051063312,0.0,0.0,
1.170805750663125E-4,3.8172551083486E-5,0.0011714956166048345,0.0014063980268232898,0.0,0.0,
1.170805750663125E-4,3.8172551083486E-5,0.0011289771252575454,0.0013813035655851787,0.0,0.0,
1.170805750663125E-4,3.8172551083486E-5,0.0012010964727990584,0.0013986952051665818,0.0,0.0,
1.170805750663125E-4,3.8172551083486E-5,0.0012073665567967633,0.0014034413588209507,0.0,0.0,
1.170805750663125E-4,3.8172551083486E-5,0.0012158989437641454,0.001382101845973732,0.0,0.0,
1.170805750663125E-4,3.8172551083486E-5,0.0012158989437641454,0.0013979969409390234,0.0,0.0,
1.170805750663125E-4,3.8172551083486E-5,0.0012158989437641454,0.001412461541195442,0.0,0.0,
1.170805750663125E-4,3.8172551083486E-5,0.0012158989437641454,0.0014255294862741503,0.0,0.0,
1.170805750663125E-4,3.8172551083486E-5,0.0012158989437641454,0.0014322976568590577,0.0,0.0,
1.170805750663125E-4,3.8172551083486E-5,0.001198860547109375,0.001359765017631605,0.0,0.0,
1.170805750663125E-4,3.8172551083486E-5,0.0011176793720607363,0.0013246283548465024,0.0,0.0,
1.170805750663125E-4,3.8172551083486E-5,0.0011246265100422804,0.001368269399396373,0.0,0.0,
1.170805750663125E-4,3.8172551083486E-5,0.0010993579957914036,0.0014796561059019129,0.0,0.0,
1.170805750663125E-4,3.8172551083486E-5,0.0011612276315392934,0.0015056772545156065,0.0,0.0,
1.170805750663125E-4,3.8172551083486E-5,0.0012292656965697166,0.0016435836603856707,0.0,0.0,
1.170805750663125E-4,3.8172551083486E-5,0.001283888453564532,0.0016598404458087709,0.0,0.0,
1.170805750663125E-4,2.1273769677935273E-4,0.001283888453564532,0.0017305132855611602,0.0,0.0,
1.170805750663125E-4,2.1273769677935273E-4,0.0013640079037420163,0.0015950958351128308,0.0,0.0,
1.170805750663125E-4,2.1273769677935273E-4,0.001381588150582231,0.0015653458966162176,0.0,0.0,
1.170805750663125E-4,2.1273769677935273E-4,0.0013811330050766543,0.001596827050211936,0.0,0.0,
1.170805750663125E-4,2.1273769677935273E-4,0.0014145927646632183,0.0016052693183107223,0.0,0.0,
1.170805750663125E-4,2.1273769677935273E-4,0.0014341923467626498,0.001726369203074185,0.0,0.0,
1.170805750663125E-4,3.9118133182667605E-4,0.0013629095463640148,0.001910921298693336,0.0,0.0,
2.8073004362202426E-4,3.9118133182667605E-4,0.0015704050125832645,0.0019023655588383025,0.0,0.0,
2.8073004362202426E-4,3.9118133182667605E-4,0.0015721598243565863,0.0019046995955277785,0.0,0.0,
2.8073004362202426E-4,3.9118133182667605E-4,0.001608720585958374,0.0019207231476158014,0.0,0.0,
4.25522122545244E-4,3.9118133182667605E-4,0.0016224554012205065,0.0019810603394808776,0.0,0.0,
4.25522122545244E-4,3.9118133182667605E-4,0.0016490825281772412,0.0019919067822768855,0.0,0.0,
4.25522122545244E-4,3.9118133182667605E-4,0.0016276294740929984,0.0020564865964686667,0.0,0.0,
4.25522122545244E-4,3.9118133182667605E-4,0.0016210566705791164,0.0020748059366890153,0.0,0.0,
5.729524864116735E-4,3.9118133182667605E-4,0.0016760329769207564,0.002114725634720951,0.0,0.0,
5.729524864116735E-4,3.9118133182667605E-4,0.0016760329769207564,0.0021193838134048563,0.0,0.0,
5.729524864116735E-4,3.9118133182667605E-4,0.0016760329769207564,0.002157996856736404,0.0,0.0,
5.729524864116735E-4,3.9118133182667605E-4,0.0017419069415868,0.002087353526034724,0.0,0.0,
5.729524864116735E-4,3.9118133182667605E-4,0.0017419069415868,0.002087353526034724,0.0,0.0,
5.729524864116735E-4,3.9118133182667605E-4,0.001703313806398133,0.002029539283450249,0.0,0.0,
5.729524864116735E-4,6.23396464105564E-4,0.0017117691919441712,0.0021928713858805236,0.0,0.0,
5.729524864116735E-4,6.23396464105564E-4,0.00170127309883369,0.002219401697597162,0.0,0.0,
5.729524864116735E-4,6.23396464105564E-4,0.0017851650542736691,0.0021666851853817484,0.0,0.0,
5.729524864116735E-4,6.23396464105564E-4,0.001862522014595876,0.002186979036414099,0.0,0.0,
5.729524864116735E-4,6.23396464105564E-4,0.0018441934633353543,0.0021961078311188128,0.0,0.0,
5.729524864116735E-4,6.23396464105564E-4,0.0018315056221278581,0.002282780563967148,0.0,0.0,
5.729524864116735E-4,6.23396464105564E-4,0.0018315056221278581,0.002271220680439591,0.0,0.0,
5.729524864116735E-4,6.23396464105564E-4,0.0018698809601473334,0.0024116650701670786,0.0,0.0,
5.729524864116735E-4,8.308103938682438E-4,0.0019460128708865421,0.002371572249772162,0.0,0.0,
5.729524864116735E-4,8.308103938682438E-4,0.0019263620996263261,0.0024095592842615066,0.0,0.0,
5.729524864116735E-4,8.308103938682438E-4,0.001979802140030612,0.0024133758873969412,0.0,0.0,
5.729524864116735E-4,8.308103938682438E-4,0.001979802140030612,0.002450729295187286,0.0,0.0,
5.729524864116735E-4,8.308103938682438E-4,0.0019631771874164938,0.0024897474928340085,0.0,0.0,
7.81728899288132E-4,8.308103938682438E-4,0.0019631771874164938,0.0025065213124940977,0.0,0.0,
7.81728899288132E-4,8.308103938682438E-4,0.0019631771874164938,0.0025664009904010927,0.0,0.0,
7.81728899288132E-4,8.308103938682438E-4,0.0019631771874164938,0.002582081171448447,0.0,0.0,
7.81728899288132E-4,8.308103938682438E-4,0.0019631771874164938,0.0026038475813263758,0.0,0.0,
7.81728899288132E-4,8.308103938682438E-4,0.0019565772386581225,0.00265871713262254,0.0,0.0,
7.81728899288132E-4,8.308103938682438E-4,0.0019565772386581225,0.0026953576935884157,0.0,0.0,
7.81728899288132E-4,8.308103938682438E-4,0.001960749956910608,0.002732546800205264,0.0,0.0,
7.81728899288132E-4,8.308103938682438E-4,0.001968568213911343,0.0028928413814996935,0.0,0.0,
7.81728899288132E-4,0.0010787244705526688,0.002174119103480269,0.0030122920753867946,0.0,0.0,
7.81728899288132E-4,0.0013157529937850424,0.0021691892936094126,0.0031713346588828737,0.0,0.0,
7.81728899288132E-4,0.0013157529937850424,0.002169192065414876,0.0032216863312026106,0.0,0.0,
7.81728899288132E-4,0.0013157529937850424,0.002169192065414876,0.0033794361394724162,0.0,0.0,
7.81728899288132E-4,0.0013157529937850424,0.002169192065414876,0.0033794361394724162,0.0,0.0,
7.81728899288132E-4,0.0013157529937850424,0.002169192065414876,0.003544741908406294,0.0,0.0,
7.81728899288132E-4,0.0013157529937850424,0.002169192065414876,0.003592491461420328,0.0,0.0,
7.81728899288132E-4,0.0013157529937850424,0.002169192065414876,0.0036774323511778897,0.0,0.0,
7.81728899288132E-4,0.0013157529937850424,0.002169192065414876,0.0037870784524017638,0.0,0.0,
7.81728899288132E-4,0.0013157529937850424,0.002169192065414876,0.003852560643061182,0.0,0.0,
7.81728899288132E-4,0.0013157529937850424,0.002169192065414876,0.003852560643061182,0.0,0.0,
7.81728899288132E-4,0.0013157529937850424,0.002169192065414876,0.003852560643061182,0.0,0.0,
7.81728899288132E-4,0.0013157529937850424,0.002169192065414876,0.003991403813156111,0.0,0.0,
7.81728899288132E-4,0.0013157529937850424,0.002169192065414876,0.004125240269189724,0.0,0.0,
7.81728899288132E-4,0.0013157529937850424,0.002169192065414876,0.004125240269189724,0.0,0.0,
7.81728899288132E-4,0.0013157529937850424,0.002169192065414876,0.004175575151628153,0.0,0.0,
7.81728899288132E-4,0.0013157529937850424,0.0027141058136754778,0.00456673660105677,0.0,0.0,
7.81728899288132E-4,0.0017722750633602491,0.0027442212830935246,0.004698160309904805,0.0,0.0,
7.81728899288132E-4,0.0017722750633602491,0.0027442212830935246,0.0048893883207417966,0.0,0.0,
7.81728899288132E-4,0.0017722750633602491,0.0027442212830935246,0.005001524863563061,0.0,0.0,
7.81728899288132E-4,0.0017722750633602491,0.0027442212830935246,0.005117719586016178,0.0,0.0,
7.81728899288132E-4,0.0017722750633602491,0.0027442212830935246,0.005117719586016178,0.0,0.0,
7.81728899288132E-4,0.0017722750633602491,0.0027442212830935246,0.005117719586016178,0.0,0.0,
7.81728899288132E-4,0.0017722750633602491,0.0027442212830935246,0.005117719586016178,0.0,0.0,
7.81728899288132E-4,0.0017722750633602491,0.0027442212830935246,0.0050677484186717,0.0,0.0,
7.81728899288132E-4,0.0017722750633602491,0.0027442212830935246,0.005192516808577526,0.0,0.0,
7.81728899288132E-4,0.0017722750633602491,0.0027442212830935246,0.005318484780159983,0.0,0.0,
7.81728899288132E-4,0.0017722750633602491,0.0027442212830935246,0.005318484780159983,0.0,0.0,
7.81728899288132E-4,0.0017722750633602491,0.0027442212830935246,0.0054775957661420726,0.0,0.0,
7.81728899288132E-4,0.0017722750633602491,0.0027442212830935246,0.0054775957661420726,0.0,0.0,
7.81728899288132E-4,0.0017722750633602491,0.0027442212830935246,0.0056207956535259535,0.0,0.0,
7.81728899288132E-4,0.0017722750633602491,0.0027442212830935246,0.005719193769170196,0.0,0.0,
7.81728899288132E-4,0.0017722750633602491,0.0027442212830935246,0.005719193769170196,0.0,0.0,
7.81728899288132E-4,0.0017722750633602491,0.0027442212830935246,0.005719193769170196,0.0,0.0,
7.81728899288132E-4,0.0017722750633602491,0.0027442212830935246,0.00586266659507496,0.0,0.0,
7.81728899288132E-4,0.0017722750633602491,0.0027442212830935246,0.006007087423116137,0.0,0.0,
7.81728899288132E-4,0.0017722750633602491,0.0027442212830935246,0.006108306086245985,0.0,0.0,
7.81728899288132E-4,0.0017722750633602491,0.0027442212830935246,0.006108306086245985,0.0,0.0,
7.81728899288132E-4,0.0017722750633602491,0.0027442212830935246,0.006108306086245985,0.0,0.0,
7.81728899288132E-4,0.0017722750633602491,0.0027442212830935246,0.006108306086245985,0.0,0.0,
7.81728899288132E-4,0.0017722750633602491,0.0027442212830935246,0.006306261042273213,0.0,0.0,
7.81728899288132E-4,0.0023588374799000163,0.0027442212830935246,0.006439424860921684,0.0,0.0,
7.81728899288132E-4,0.0023588374799000163,0.0027442212830935246,0.006680104865355421,0.0,0.0,
7.81728899288132E-4,0.0023588374799000163,0.0027442212830935246,0.006589626120675901,0.0,0.0,
7.81728899288132E-4,0.0023588374799000163,0.0027442212830935246,0.006589626120675901,0.0,0.0,
7.81728899288132E-4,0.0023588374799000163,0.0027442212830935246,0.00674941096055024,0.0,0.0,
7.81728899288132E-4,0.0023588374799000163,0.0027442212830935246,0.007126200704021081,0.0,0.0,
7.81728899288132E-4,0.0023588374799000163,0.0027442212830935246,0.007126200704021081,0.0,0.0,
7.81728899288132E-4,0.0023588374799000163,0.0027442212830935246,0.007126200704021081,0.0,0.0,
7.81728899288132E-4,0.0023588374799000163,0.0027442212830935246,0.007315564884665539,0.0,0.0,
7.81728899288132E-4,0.0023588374799000163,0.0027442212830935246,0.007442098365182727,0.0,0.0,
7.81728899288132E-4,0.0023588374799000163,0.0027442212830935246,0.00765510833679131,0.0,0.0,
7.81728899288132E-4,0.00299862268444093,0.0027442212830935246,0.00765510833679131,0.0,0.0,
7.81728899288132E-4,0.00299862268444093,0.0027442212830935246,0.00765510833679131,0.0,0.0,
7.81728899288132E-4,0.00299862268444093,0.0027442212830935246,0.007763068702041849,0.0,0.0,
7.81728899288132E-4,0.00299862268444093,0.0027442212830935246,0.007934172053246896,0.0,0.0,
7.81728899288132E-4,0.00299862268444093,0.0027442212830935246,0.007934172053246896,0.0,0.0,
7.81728899288132E-4,0.00299862268444093,0.0027442212830935246,0.007332847836185456,0.0,0.0,
7.81728899288132E-4,0.00299862268444093,0.0027442212830935246,0.007596275842100161,0.0,0.0,
7.81728899288132E-4,0.00299862268444093,0.0027442212830935246,0.007596275842100161,0.0,0.0,
7.81728899288132E-4,0.00299862268444093,0.0027442212830935246,0.007596275842100161,0.0,0.0,
0.001212101339187969,0.00299862268444093,0.0027442212830935246,0.00786065073633651,0.0,0.0,
0.001212101339187969,0.00299862268444093,0.0027442212830935246,0.00786065073633651,0.0,0.0,
0.001212101339187969,0.00299862268444093,0.0027442212830935246,0.00786065073633651,0.0,0.0,
0.001212101339187969,0.00299862268444093,0.0027442212830935246,0.008091617811206942,0.0,0.0,
0.001212101339187969,0.003733074952643456,0.0027442212830935246,0.008064252386266077,0.0,0.0,
0.001212101339187969,0.003733074952643456,0.0027442212830935246,0.008111294659053993,0.0,0.0,
0.001212101339187969,0.003733074952643456,0.003332137919659506,0.008341649346258478,0.0,0.0,
0.001212101339187969,0.003733074952643456,0.003332137919659506,0.008341649346258478,0.0,0.0,
0.001212101339187969,0.004524424050331153,0.003332137919659506,0.008660494438655153,0.0,0.0,
0.001212101339187969,0.004524424050331153,0.003332137919659506,0.008986975147561459,0.0,0.0,
0.001212101339187969,0.004524424050331153,0.003332137919659506,0.009492852014206172,0.0,0.0,
0.001212101339187969,0.004524424050331153,0.003332137919659506,0.009492852014206172,0.0,0.0,
0.001212101339187969,0.004524424050331153,0.003332137919659506,0.0099035597872885,0.0,0.0,
0.001212101339187969,0.004524424050331153,0.003332137919659506,0.0099035597872885,0.0,0.0,
0.001212101339187969,0.004524424050331153,0.003332137919659506,0.0099035597872885,0.0,0.0,
0.001212101339187969,0.004524424050331153,0.003332137919659506,0.010493326529198151,0.0,0.0,
0.001212101339187969,0.004524424050331153,0.003332137919659506,0.010493326529198151,0.0,0.0,
0.001212101339187969,0.004524424050331153,0.003332137919659506,0.010888739319375637,0.0,0.0,
0.001212101339187969,0.004524424050331153,0.003332137919659506,0.010888739319375637,0.0,0.0,
0.001212101339187969,0.004524424050331153,0.003332137919659506,0.010747359302998031,0.0,0.0,
0.001212101339187969,0.004524424050331153,0.003332137919659506,0.011122346903666059,0.0,0.0,
0.001212101339187969,0.004524424050331153,0.003332137919659506,0.011520951616966382,0.0,0.0,
0.001212101339187969,0.004524424050331153,0.003332137919659506,0.011520951616966382,0.0,0.0,
0.001212101339187969,0.004524424050331153,0.003332137919659506,0.011134402137397624,0.0,0.0,
0.001212101339187969,0.004524424050331153,0.003332137919659506,0.011134402137397624,0.0,0.0,
0.001212101339187969,0.004524424050331153,0.003332137919659506,0.011534478440258263,0.0,0.0,
0.001212101339187969,0.004524424050331153,0.003332137919659506,0.011534478440258263,0.0,0.0,
0.001212101339187969,0.004524424050331153,0.003332137919659506,0.011773061581060357,0.0,0.0,
0.001212101339187969,0.004524424050331153,0.003332137919659506,0.011773061581060357,0.0,0.0,
0.001212101339187969,0.004524424050331153,0.003332137919659506,0.011773061581060357,0.0,0.0,
0.001212101339187969,0.004524424050331153,0.003332137919659506,0.011910139512737056,0.0,0.0,
0.001212101339187969,0.004524424050331153,0.003332137919659506,0.012172792257949773,0.0,0.0,
0.001212101339187969,0.004524424050331153,0.003332137919659506,0.012172792257949773,0.0,0.0,
0.001212101339187969,0.004524424050331153,0.003332137919659506,0.012172792257949773,0.0,0.0,
0.001212101339187969,0.004524424050331153,0.003332137919659506,0.012978871792130855,0.0,0.0,
0.001212101339187969,0.004524424050331153,0.003332137919659506,0.012978871792130855,0.0,0.0,
0.001212101339187969,0.004524424050331153,0.003332137919659506,0.013755728007000517,0.0,0.0,
0.001212101339187969,0.004524424050331153,0.003332137919659506,0.014506589331234205,0.0,0.0,
0.001212101339187969,0.004524424050331153,0.003332137919659506,0.01523447907299075,0.0,0.0,
0.001212101339187969,0.004524424050331153,0.003332137919659506,0.01523447907299075,0.0,0.0,
0.001212101339187969,0.004524424050331153,0.003332137919659506,0.01590441656056156,0.0,0.0,
0.001212101339187969,0.004524424050331153,0.003332137919659506,0.01590441656056156,0.0,0.0,
0.001212101339187969,0.004524424050331153,0.003332137919659506,0.01590441656056156,0.0,0.0,
0.001212101339187969,0.004524424050331153,0.003332137919659506,0.01590441656056156,0.0,0.0,
0.001212101339187969,0.004524424050331153,0.003332137919659506,0.017146668441171284,0.0,0.0,
0.001212101339187969,0.004524424050331153,0.003332137919659506,0.016985553317223196,0.0,0.0,
0.001212101339187969,0.004524424050331153,0.003332137919659506,0.016985553317223196,0.0,0.0,
0.001212101339187969,0.004524424050331153,0.003332137919659506,0.017554379779354666,0.0,0.0,
0.001212101339187969,0.004524424050331153,0.003332137919659506,0.01870441854316416,0.0,0.0,
0.001212101339187969,0.004524424050331153,0.003332137919659506,0.01918320712584406,0.0,0.0,
0.001212101339187969,0.004524424050331153,0.003332137919659506,0.019788828646818232,0.0,0.0,
0.001212101339187969,0.004524424050331153,0.003332137919659506,0.020410678669050494,0.0,0.0,
0.001212101339187969,0.004524424050331153,0.003332137919659506,0.021114336145537486,0.0,0.0,
0.001212101339187969,0.004524424050331153,0.003332137919659506,0.02084272938898756,0.0,0.0,
0.001212101339187969,0.004524424050331153,0.003332137919659506,0.0208269135724835,0.0,0.0,
0.001212101339187969,0.004524424050331153,0.003332137919659506,0.020566901756272717,0.0,0.0,
0.001212101339187969,0.004524424050331153,0.003332137919659506,0.021506997429080355,0.0,0.0,
0.001212101339187969,0.004524424050331153,0.003332137919659506,0.021506997429080355,0.0,0.0,
0.001212101339187969,0.004524424050331153,0.003332137919659506,0.021255111545517562,0.0,0.0,
0.001212101339187969,0.004524424050331153,0.003332137919659506,0.021255111545517562,0.0,0.0,
0.001212101339187969,0.004524424050331153,0.003332137919659506,0.021255111545517562,0.0,0.0,
0.001212101339187969,0.004524424050331153,0.003332137919659506,0.021876328323999408,0.0,0.0,
0.001212101339187969,0.004524424050331153,0.003332137919659506,0.02267902228093877,0.0,0.0,
0.001212101339187969,0.004524424050331153,0.003332137919659506,0.02343140444102589,0.0,0.0,
0.001212101339187969,0.004524424050331153,0.003332137919659506,0.023352801053124327,0.0,0.0,
0.001212101339187969,0.004524424050331153,0.003332137919659506,0.02420781609080195,0.0,0.0,
0.001212101339187969,0.004524424050331153,0.003332137919659506,0.02420781609080195,0.0,0.0,
0.001212101339187969,0.004524424050331153,0.003332137919659506,0.023945267912475553,0.0,0.0,
0.001212101339187969,0.004524424050331153,0.003332137919659506,0.02379333053537325,0.0,0.0,
0.001212101339187969,0.004524424050331153,0.0045948655230660706,0.02442502066255156,0.0,0.0,
0.001212101339187969,0.004524424050331153,0.0045948655230660706,0.025264202962303944,0.0,0.0,
0.001212101339187969,0.004524424050331153,0.0045948655230660706,0.02461520576486629,0.0,0.0,
0.001212101339187969,0.004524424050331153,0.0045948655230660706,0.025980877806052356,0.0,0.0,
0.001212101339187969,0.004524424050331153,0.0045948655230660706,0.025980877806052356,0.0,0.0,
0.001212101339187969,0.004524424050331153,0.006640701579135275,0.02501054095175301,0.0,0.0,
0.001212101339187969,0.004524424050331153,0.006640701579135275,0.02582729351681466,0.0,0.0,
0.001212101339187969,0.004524424050331153,0.006640701579135275,0.026625300496575233,0.0,0.0,
0.001212101339187969,0.004524424050331153,0.006640701579135275,0.02726348449422401,0.0,0.0,
0.001212101339187969,0.004524424050331153,0.006640701579135275,0.02829019897904064,0.0,0.0,
0.001212101339187969,0.004524424050331153,0.006640701579135275,0.02829019897904064,0.0,0.0,
0.001212101339187969,0.004524424050331153,0.006640701579135275,0.02876010545267952,0.0,0.0,
0.001212101339187969,0.004524424050331153,0.006640701579135275,0.029267712597287308,0.0,0.0,
0.001212101339187969,0.004524424050331153,0.006640701579135275,0.029079015773032364,0.0,0.0,
0.001212101339187969,0.004524424050331153,0.006640701579135275,0.029079015773032364,0.0,0.0,
0.001212101339187969,0.004524424050331153,0.006640701579135275,0.029079015773032364,0.0,0.0,
0.001212101339187969,0.004524424050331153,0.006640701579135275,0.029634967110809214,0.0,0.0,
0.001212101339187969,0.004524424050331153,0.006640701579135275,0.030185552221629795,0.0,0.0,
0.001212101339187969,0.004524424050331153,0.006640701579135275,0.030185552221629795,0.0,0.0,
0.001212101339187969,0.004524424050331153,0.006640701579135275,0.030185552221629795,0.0,0.0,
0.001212101339187969,0.004524424050331153,0.006640701579135275,0.030880025800204935,0.0,0.0,
0.001212101339187969,0.004524424050331153,0.006640701579135275,0.030880025800204935,0.0,0.0,
0.001212101339187969,0.004524424050331153,0.006640701579135275,0.03167896045276306,0.0,0.0,
0.001212101339187969,0.004524424050331153,0.006640701579135275,0.03235346855679201,0.0,0.0,
0.001212101339187969,0.004524424050331153,0.006640701579135275,0.03301973267041838,0.0,0.0,
0.001212101339187969,0.004524424050331153,0.006640701579135275,0.03414152474576007,0.0,0.0,
0.001212101339187969,0.004524424050331153,0.006640701579135275,0.03386519409168928,0.0,0.0,
0.001212101339187969,0.004524424050331153,0.006640701579135275,0.034378262957766595,0.0,0.0,
0.001212101339187969,0.004524424050331153,0.006640701579135275,0.03476676742476515,0.0,0.0,
0.001212101339187969,0.004524424050331153,0.006640701579135275,0.035126751473930316,0.0,0.0,
0.001212101339187969,0.004524424050331153,0.006640701579135275,0.035126751473930316,0.0,0.0,
0.001212101339187969,0.004524424050331153,0.006640701579135275,0.035126751473930316,0.0,0.0,
0.001212101339187969,0.004524424050331153,0.006640701579135275,0.035126751473930316,0.0,0.0,
0.001212101339187969,0.004524424050331153,0.006640701579135275,0.035580614907822355,0.0,0.0,
0.001212101339187969,0.004524424050331153,0.006640701579135275,0.035580614907822355,0.0,0.0,
0.001212101339187969,0.004524424050331153,0.006640701579135275,0.035012344860192404,0.0,0.0,
0.001212101339187969,0.004524424050331153,0.006640701579135275,0.035012344860192404,0.0,0.0,
0.001212101339187969,0.004524424050331153,0.006640701579135275,0.035012344860192404,0.0,0.0,
0.001212101339187969,0.004524424050331153,0.006640701579135275,0.035070406647387434,0.0,0.0,
0.001212101339187969,0.004524424050331153,0.006640701579135275,0.03567779007335313,0.0,0.0,
0.001212101339187969,0.004524424050331153,0.006640701579135275,0.03567779007335313,0.0,0.0,
0.001212101339187969,0.004524424050331153,0.006640701579135275,0.0361660390976031,0.0,0.0,
0.001212101339187969,0.004524424050331153,0.008316221564483079,0.03632487492486104,0.0,0.0,
0.001212101339187969,0.004524424050331153,0.008316221564483079,0.03632487492486104,0.0,0.0,
0.001212101339187969,0.004524424050331153,0.008316221564483079,0.036887655466541054,0.0,0.0,
0.001212101339187969,0.004524424050331153,0.008316221564483079,0.03743929527712796,0.0,0.0,
0.001212101339187969,0.004524424050331153,0.008316221564483079,0.037977583949688115,0.0,0.0,
0.001212101339187969,0.004524424050331153,0.008316221564483079,0.03850148438946421,0.0,0.0,
0.001212101339187969,0.004524424050331153,0.008316221564483079,0.03850148438946421,0.0,0.0,
0.001212101339187969,0.004524424050331153,0.008316221564483079,0.03901072297054733,0.0,0.0,
0.001212101339187969,0.004524424050331153,0.008316221564483079,0.03901072297054733,0.0,0.0,
0.001212101339187969,0.004524424050331153,0.008316221564483079,0.03950562639799396,0.0,0.0,
0.001212101339187969,0.004524424050331153,0.008316221564483079,0.03950562639799396,0.0,0.0,
0.001212101339187969,0.004524424050331153,0.008316221564483079,0.0399869275038731,0.0,0.0,
0.001212101339187969,0.004524424050331153,0.008316221564483079,0.039382275319043286,0.0,0.0,
0.001212101339187969,0.004524424050331153,0.008316221564483079,0.039955228379696166,0.0,0.0,
0.001212101339187969,0.004524424050331153,0.008316221564483079,0.03969729897637581,0.0,0.0,
0.001212101339187969,0.004524424050331153,0.008316221564483079,0.03969729897637581,0.0,0.0,
0.001212101339187969,0.004524424050331153,0.008316221564483079,0.03969729897637581,0.0,0.0,
0.001212101339187969,0.004524424050331153,0.008316221564483079,0.03969729897637581,0.0,0.0,
0.001212101339187969,0.004524424050331153,0.008316221564483079,0.03944326438363255,0.0,0.0,
0.001212101339187969,0.004524424050331153,0.008316221564483079,0.0400359007542672,0.0,0.0,
0.001212101339187969,0.004524424050331153,0.008316221564483079,0.04059917206192453,0.0,0.0,
0.001212101339187969,0.004524424050331153,0.008316221564483079,0.039771847279664777,0.0,0.0,
0.001212101339187969,0.004524424050331153,0.008316221564483079,0.039771847279664777,0.0,0.0,
0.001212101339187969,0.004524424050331153,0.008316221564483079,0.039771847279664777,0.0,0.0,
0.001212101339187969,0.004524424050331153,0.008316221564483079,0.039771847279664777,0.0,0.0,
0.001212101339187969,0.004524424050331153,0.008316221564483079,0.04040523648533389,0.0,0.0,
0.001212101339187969,0.004524424050331153,0.008316221564483079,0.04040523648533389,0.0,0.0,
0.001212101339187969,0.004524424050331153,0.008316221564483079,0.040982633876084536,0.0,0.0,
0.001212101339187969,0.004524424050331153,0.008316221564483079,0.040982633876084536,0.0,0.0,
0.001212101339187969,0.004524424050331153,0.008316221564483079,0.040982633876084536,0.0,0.0,
0.001212101339187969,0.004524424050331153,0.008316221564483079,0.040982633876084536,0.0,0.0,
0.001212101339187969,0.004524424050331153,0.008316221564483079,0.04115285000363258,0.0,0.0,
0.001212101339187969,0.004524424050331153,0.008316221564483079,0.04162762449740008,0.0,0.0,
0.001212101339187969,0.004524424050331153,0.008316221564483079,0.03991996096543404,0.0,0.0,
0.001212101339187969,0.004524424050331153,0.008316221564483079,0.03991996096543404,0.0,0.0,
0.001212101339187969,0.004524424050331153,0.008316221564483079,0.04056696063746643,0.0,0.0,
0.001212101339187969,0.004524424050331153,0.008316221564483079,0.04056696063746643,0.0,0.0,
0.001212101339187969,0.004524424050331153,0.008316221564483079,0.04116939285042072,0.0,0.0,
0.001212101339187969,0.004524424050331153,0.008316221564483079,0.04116939285042072,0.0,0.0,
0.001212101339187969,0.004524424050331153,0.008316221564483079,0.04078896995493809,0.0,0.0,
0.001212101339187969,0.004524424050331153,0.008316221564483079,0.04089817760337185,0.0,0.0,
0.001212101339187969,0.004524424050331153,0.008316221564483079,0.04078324955928618,0.0,0.0,
0.001212101339187969,0.004524424050331153,0.008316221564483079,0.04078324955928618,0.0,0.0,
0.001212101339187969,0.004524424050331153,0.008316221564483079,0.04126560108286275,0.0,0.0,
0.001212101339187969,0.004524424050331153,0.008316221564483079,0.04172376479503856,0.0,0.0,
0.001212101339187969,0.004524424050331153,0.008316221564483079,0.04178422719603052,0.0,0.0,
0.001212101339187969,0.004524424050331153,0.008316221564483079,0.04178422719603052,0.0,0.0,
0.001212101339187969,0.004524424050331153,0.008316221564483079,0.041921563427490725,0.0,0.0,
0.001212101339187969,0.004524424050331153,0.008316221564483079,0.04283538831973745,0.0,0.0,
0.001212101339187969,0.004524424050331153,0.008316221564483079,0.042928571651054064,0.0,0.0,
0.001212101339187969,0.004524424050331153,0.008316221564483079,0.043327383868582085,0.0,0.0,
0.001212101339187969,0.004524424050331153,0.008316221564483079,0.04404787045587595,0.0,0.0,
0.001212101339187969,0.004524424050331153,0.008316221564483079,0.044384736005110816,0.0,0.0,
0.001212101339187969,0.004524424050331153,0.008316221564483079,0.044697804651790796,0.0,0.0,
0.001212101339187969,0.004524424050331153,0.008316221564483079,0.04499828516375552,0.0,0.0,
0.001212101339187969,0.004524424050331153,0.008316221564483079,0.045256795524497434,0.0,0.0,
0.001212101339187969,0.004524424050331153,0.008316221564483079,0.044122259471990916,0.0,0.0,
0.001212101339187969,0.004524424050331153,0.008316221564483079,0.04399264042231853,0.0,0.0,
0.001212101339187969,0.004524424050331153,0.008316221564483079,0.0443590327136932,0.0,0.0,
0.001212101339187969,0.004524424050331153,0.008316221564483079,0.043245607963672494,0.0,0.0,
0.001212101339187969,0.004524424050331153,0.008316221564483079,0.04321139354798111,0.0,0.0,
0.001212101339187969,0.004524424050331153,0.008316221564483079,0.04347825975508043,0.0,0.0,
0.001212101339187969,0.004524424050331153,0.008316221564483079,0.043737145187892124,0.0,0.0,
0.001212101339187969,0.004524424050331153,0.008316221564483079,0.043909928848377106,0.0,0.0,
0.001212101339187969,0.004524424050331153,0.008316221564483079,0.043909928848377106,0.0,0.0,
0.001212101339187969,0.004524424050331153,0.008316221564483079,0.04408968104228148,0.0,0.0,
0.001212101339187969,0.004524424050331153,0.008316221564483079,0.044275156191519074,0.0,0.0,
0.001212101339187969,0.004524424050331153,0.008316221564483079,0.04446523157820185,0.0,0.0,
0.001212101339187969,0.004524424050331153,0.008316221564483079,0.04446523157820185,0.0,0.0,
0.001212101339187969,0.004524424050331153,0.008316221564483079,0.04446523157820185,0.0,0.0,
0.001212101339187969,0.004524424050331153,0.008316221564483079,0.04465958275532631,0.0,0.0,
0.001212101339187969,0.004524424050331153,0.008316221564483079,0.044932769181798435,0.0,0.0,
0.001212101339187969,0.004524424050331153,0.008316221564483079,0.044932769181798435,0.0,0.0,
0.001212101339187969,0.004524424050331153,0.008316221564483079,0.04506307465087013,0.0,0.0,
0.001212101339187969,0.004524424050331153,0.008316221564483079,0.04506307465087013,0.0,0.0,
0.001212101339187969,0.004524424050331153,0.008316221564483079,0.04520920762177668,0.0,0.0,
0.001212101339187969,0.004524424050331153,0.008316221564483079,0.04401216884883416,0.0,0.0,
0.001212101339187969,0.004524424050331153,0.008316221564483079,0.04401216884883416,0.0,0.0,
0.001212101339187969,0.004524424050331153,0.008316221564483079,0.04374162008264873,0.0,0.0,
0.001212101339187969,0.004524424050331153,0.008316221564483079,0.04374162008264873,0.0,0.0,
0.001212101339187969,0.004524424050331153,0.008316221564483079,0.04348513581373437,0.0,0.0,
0.001212101339187969,0.004524424050331153,0.008316221564483079,0.04381422169593541,0.0,0.0,
0.001212101339187969,0.004524424050331153,0.008316221564483079,0.044132267879397905,0.0,0.0,
0.001212101339187969,0.004524424050331153,0.008316221564483079,0.044438904433597576,0.0,0.0,
0.001212101339187969,0.004524424050331153,0.008316221564483079,0.044438904433597576,0.0,0.0,
0.001212101339187969,0.004524424050331153,0.008316221564483079,0.04473417077321018,0.0,0.0,
0.001212101339187969,0.004524424050331153,0.008316221564483079,0.04473417077321018,0.0,0.0,
0.001212101339187969,0.004524424050331153,0.008316221564483079,0.04473417077321018,0.0,0.0,
0.001212101339187969,0.004524424050331153,0.008316221564483079,0.04500073760401504,0.0,0.0,
0.001212101339187969,0.004524424050331153,0.008316221564483079,0.04524725154386249,0.0,0.0,
0.001212101339187969,0.004524424050331153,0.008316221564483079,0.044423218960226024,0.0,0.0,
0.001212101339187969,0.004524424050331153,0.008316221564483079,0.044344411686464746,0.0,0.0,
0.001212101339187969,0.004524424050331153,0.008316221564483079,0.04442776568382739,0.0,0.0,
0.001212101339187969,0.004524424050331153,0.008316221564483079,0.04442776568382739,0.0,0.0,
0.001212101339187969,0.004524424050331153,0.008316221564483079,0.04462737499995738,0.0,0.0,
0.001212101339187969,0.004524424050331153,0.008316221564483079,0.04483433550567122,0.0,0.0,
0.001212101339187969,0.004524424050331153,0.008316221564483079,0.045047858375689455,0.0,0.0,
0.001212101339187969,0.004524424050331153,0.008316221564483079,0.045047858375689455,0.0,0.0,
0.001212101339187969,0.004524424050331153,0.008316221564483079,0.044307498209733925,0.0,0.0,
0.001212101339187969,0.004524424050331153,0.008316221564483079,0.0445848725372335,0.0,0.0,
0.001212101339187969,0.004524424050331153,0.008316221564483079,0.0445848725372335,0.0,0.0,
0.001212101339187969,0.004524424050331153,0.008316221564483079,0.04432459919885163,0.0,0.0,
0.001212101339187969,0.004524424050331153,0.008316221564483079,0.04462932171599573,0.0,0.0,
0.001212101339187969,0.004524424050331153,0.008316221564483079,0.04462932171599573,0.0,0.0,
0.001212101339187969,0.004524424050331153,0.01175295966512413,0.04492675626598375,0.0,0.0,
0.001212101339187969,0.004524424050331153,0.01175295966512413,0.04492675626598375,0.0,0.0,
0.001212101339187969,0.004524424050331153,0.01175295966512413,0.04519787365824531,0.0,0.0,
0.001212101339187969,0.004524424050331153,0.01175295966512413,0.04519787365824531,0.0,0.0,
0.001212101339187969,0.004524424050331153,0.01175295966512413,0.04411591796653243,0.0,0.0,
0.001212101339187969,0.004524424050331153,0.01175295966512413,0.044330450733252674,0.0,0.0,
0.001212101339187969,0.004524424050331153,0.01175295966512413,0.04454671345613448,0.0,0.0,
0.001212101339187969,0.004524424050331153,0.01175295966512413,0.044365038973430616,0.0,0.0,
0.001212101339187969,0.004524424050331153,0.01175295966512413,0.044365038973430616,0.0,0.0,
0.001212101339187969,0.004524424050331153,0.01175295966512413,0.044365038973430616,0.0,0.0,
0.001212101339187969,0.004524424050331153,0.01175295966512413,0.044365038973430616,0.0,0.0,
0.001212101339187969,0.004524424050331153,0.01175295966512413,0.043637601283702025,0.0,0.0,
0.001212101339187969,0.004524424050331153,0.01175295966512413,0.04299318854396694,0.0,0.0,
0.001212101339187969,0.004524424050331153,0.01175295966512413,0.04323074965423014,0.0,0.0,
0.001212101339187969,0.004524424050331153,0.01175295966512413,0.04343517946464534,0.0,0.0,
0.001212101339187969,0.004524424050331153,0.01175295966512413,0.04278363780579544,0.0,0.0,
0.001212101339187969,0.004524424050331153,0.01175295966512413,0.04330028941142315,0.0,0.0,
0.001212101339187969,0.004524424050331153,0.01175295966512413,0.04330028941142315,0.0,0.0,
0.001212101339187969,0.004524424050331153,0.01175295966512413,0.04330028941142315,0.0,0.0,
0.001212101339187969,0.004524424050331153,0.01175295966512413,0.04347475681412899,0.0,0.0,
0.001212101339187969,0.004524424050331153,0.01175295966512413,0.04291587845194881,0.0,0.0,
0.001212101339187969,0.004524424050331153,0.01175295966512413,0.04291587845194881,0.0,0.0,
0.001212101339187969,0.004524424050331153,0.01175295966512413,0.04231432485116907,0.0,0.0,
0.001212101339187969,0.004524424050331153,0.01175295966512413,0.04231432485116907,0.0,0.0,
0.001212101339187969,0.004524424050331153,0.01175295966512413,0.04230049808377605,0.0,0.0,
0.001212101339187969,0.004524424050331153,0.01175295966512413,0.042635599506630914,0.0,0.0,
0.001212101339187969,0.004524424050331153,0.01175295966512413,0.04309399026669361,0.0,0.0,
0.001212101339187969,0.004524424050331153,0.01175295966512413,0.04309399026669361,0.0,0.0,
0.001212101339187969,0.004524424050331153,0.01175295966512413,0.04309399026669361,0.0,0.0,
0.001212101339187969,0.004524424050331153,0.01175295966512413,0.04328749840275227,0.0,0.0,
0.001212101339187969,0.004524424050331153,0.01175295966512413,0.04350649031309954,0.0,0.0,
0.001212101339187969,0.004524424050331153,0.01175295966512413,0.04385320705064817,0.0,0.0,
0.001212101339187969,0.004524424050331153,0.01175295966512413,0.044026273184462596,0.0,0.0,
0.001212101339187969,0.004524424050331153,0.01175295966512413,0.04420706641454347,0.0,0.0,
0.001212101339187969,0.004524424050331153,0.01175295966512413,0.04363382575457876,0.0,0.0,
0.001212101339187969,0.004524424050331153,0.01175295966512413,0.04363831782607279,0.0,0.0,
0.001212101339187969,0.004524424050331153,0.01175295966512413,0.04363831782607279,0.0,0.0,
0.001212101339187969,0.004524424050331153,0.01175295966512413,0.04363831782607279,0.0,0.0,
0.001212101339187969,0.004524424050331153,0.01175295966512413,0.04341837132850826,0.0,0.0,
0.001212101339187969,0.004524424050331153,0.01175295966512413,0.043562106711412876,0.0,0.0,
0.001212101339187969,0.004524424050331153,0.01175295966512413,0.04372222602298981,0.0,0.0,
0.001212101339187969,0.004524424050331153,0.01175295966512413,0.043909190565986696,0.0,0.0,
0.001212101339187969,0.004524424050331153,0.01175295966512413,0.043922252467758105,0.0,0.0,
0.001212101339187969,0.004524424050331153,0.01175295966512413,0.043887636607872496,0.0,0.0,
0.001212101339187969,0.004524424050331153,0.01175295966512413,0.043819474258749866,0.0,0.0,
0.001212101339187969,0.004524424050331153,0.01175295966512413,0.043819474258749866,0.0,0.0,
0.001212101339187969,0.004524424050331153,0.013914507264103851,0.0427962947515369,0.0,0.0,
0.001212101339187969,0.004524424050331153,0.013914507264103851,0.04281121252580937,0.0,0.0,
0.001212101339187969,0.004524424050331153,0.013914507264103851,0.04190210696512118,0.0,0.0,
0.001212101339187969,0.004524424050331153,0.013914507264103851,0.04190210696512118,0.0,0.0,
0.001212101339187969,0.004524424050331153,0.013914507264103851,0.04207357785165754,0.0,0.0,
0.001212101339187969,0.004524424050331153,0.013914507264103851,0.04215765783315304,0.0,0.0,
0.001212101339187969,0.004524424050331153,0.013914507264103851,0.041117989283484056,0.0,0.0,
0.001212101339187969,0.004524424050331153,0.013914507264103851,0.04135955543136575,0.0,0.0,
0.001212101339187969,0.004524424050331153,0.013914507264103851,0.04120821113213447,0.0,0.0,
0.001212101339187969,0.004524424050331153,0.013914507264103851,0.04102388650912894,0.0,0.0,
0.001212101339187969,0.004524424050331153,0.013914507264103851,0.0408556103303999,0.0,0.0,
0.001212101339187969,0.004524424050331153,0.013914507264103851,0.04093586678961023,0.0,0.0,
0.001212101339187969,0.004524424050331153,0.013914507264103851,0.04113602220204286,0.0,0.0,
0.001212101339187969,0.004524424050331153,0.013914507264103851,0.04113602220204286,0.0,0.0,
0.001212101339187969,0.004524424050331153,0.013914507264103851,0.04116839401432169,0.0,0.0,
0.001212101339187969,0.004524424050331153,0.013914507264103851,0.041502725291593774,0.0,0.0,
0.001212101339187969,0.004524424050331153,0.013914507264103851,0.04165626712479721,0.0,0.0,
0.001212101339187969,0.004524424050331153,0.013914507264103851,0.04165626712479721,0.0,0.0,
0.001212101339187969,0.004524424050331153,0.013914507264103851,0.04184893044922566,0.0,0.0,
0.001212101339187969,0.004524424050331153,0.013914507264103851,0.04205798431281835,0.0,0.0,
0.001212101339187969,0.008180631032214693,0.013914507264103851,0.04105979213250392,0.0,0.0,
0.001212101339187969,0.008180631032214693,0.013914507264103851,0.04105979213250392,0.0,0.0,
0.001212101339187969,0.008180631032214693,0.013914507264103851,0.041383755285891714,0.0,0.0,
0.001212101339187969,0.008180631032214693,0.013914507264103851,0.04101911051121654,0.0,0.0,
0.001212101339187969,0.008180631032214693,0.013914507264103851,0.04138701683254985,0.0,0.0,
0.001212101339187969,0.008180631032214693,0.013914507264103851,0.04138701683254985,0.0,0.0,
0.001212101339187969,0.008180631032214693,0.013914507264103851,0.041757600804532335,0.0,0.0,
0.001212101339187969,0.01151533915375166,0.013914507264103851,0.03997204865171679,0.0,0.0,
0.001212101339187969,0.01151533915375166,0.01612054091634798,0.04052624238279875,0.0,0.0,
0.001212101339187969,0.01151533915375166,0.01612054091634798,0.0410651096894353,0.0,0.0,
0.001212101339187969,0.01151533915375166,0.01612054091634798,0.04159030178674133,0.0,0.0,
0.001212101339187969,0.01151533915375166,0.01612054091634798,0.042102713321077304,0.0,0.0,
0.001212101339187969,0.01151533915375166,0.01612054091634798,0.04201435461344112,0.0,0.0,
0.001212101339187969,0.01151533915375166,0.01612054091634798,0.042476639154165746,0.0,0.0,
0.001212101339187969,0.01151533915375166,0.01612054091634798,0.042920358618606796,0.0,0.0,
0.001212101339187969,0.01151533915375166,0.01612054091634798,0.04335000271680719,0.0,0.0,
0.001212101339187969,0.01151533915375166,0.01612054091634798,0.04313259615276524,0.0,0.0,
0.001212101339187969,0.01151533915375166,0.01612054091634798,0.043185336402106915,0.0,0.0,
0.001212101339187969,0.01151533915375166,0.01612054091634798,0.04365535405540643,0.0,0.0,
0.001212101339187969,0.01151533915375166,0.01612054091634798,0.04413428812161108,0.0,0.0,
0.001212101339187969,0.01151533915375166,0.01612054091634798,0.04413428812161108,0.0,0.0,
0.001212101339187969,0.01151533915375166,0.01612054091634798,0.04413428812161108,0.0,0.0,
0.001212101339187969,0.01151533915375166,0.01612054091634798,0.0445894627181605,0.0,0.0,
0.001212101339187969,0.01151533915375166,0.01612054091634798,0.044573187206677314,0.0,0.0,
0.001212101339187969,0.01151533915375166,0.017921773018911288,0.04368126192612254,0.0,0.0,
0.001212101339187969,0.01151533915375166,0.017921773018911288,0.04420314708479052,0.0,0.0,
0.001212101339187969,0.01151533915375166,0.017921773018911288,0.04420314708479052,0.0,0.0,
0.001212101339187969,0.01151533915375166,0.017921773018911288,0.044714483269789745,0.0,0.0,
0.001212101339187969,0.01151533915375166,0.017921773018911288,0.04434499421536593,0.0,0.0,
0.001212101339187969,0.01151533915375166,0.017921773018911288,0.04357806596070094,0.0,0.0,
0.001212101339187969,0.01151533915375166,0.017921773018911288,0.04414583245177264,0.0,0.0,
0.001212101339187969,0.01151533915375166,0.017921773018911288,0.04465470275499118,0.0,0.0,
0.001212101339187969,0.01151533915375166,0.017921773018911288,0.04505887327080227,0.0,0.0,
0.001212101339187969,0.01151533915375166,0.017921773018911288,0.04505887327080227,0.0,0.0,
0.001212101339187969,0.01151533915375166,0.017921773018911288,0.04505887327080227,0.0,0.0,
0.001212101339187969,0.01151533915375166,0.017921773018911288,0.04540956640472339,0.0,0.0,
0.001212101339187969,0.01151533915375166,0.017921773018911288,0.04540956640472339,0.0,0.0,
0.001212101339187969,0.01151533915375166,0.017921773018911288,0.04506328850100493,0.0,0.0,
0.001212101339187969,0.01151533915375166,0.017921773018911288,0.045251666198238706,0.0,0.0,
0.001212101339187969,0.01151533915375166,0.017921773018911288,0.045447593113247,0.0,0.0,
0.001212101339187969,0.01151533915375166,0.017921773018911288,0.045644264152301856,0.0,0.0,
0.001212101339187969,0.01151533915375166,0.017921773018911288,0.0458461680792104,0.0,0.0,
0.001212101339187969,0.01151533915375166,0.017921773018911288,0.0458461680792104,0.0,0.0,
0.001212101339187969,0.01151533915375166,0.017921773018911288,0.0458461680792104,0.0,0.0,
0.001212101339187969,0.01151533915375166,0.017921773018911288,0.0458461680792104,0.0,0.0,
0.001212101339187969,0.01151533915375166,0.017921773018911288,0.0458461680792104,0.0,0.0,
0.001212101339187969,0.01151533915375166,0.017921773018911288,0.04558902780434384,0.0,0.0,
0.001212101339187969,0.01151533915375166,0.017921773018911288,0.04558902780434384,0.0,0.0,
0.001212101339187969,0.01151533915375166,0.017921773018911288,0.04558902780434384,0.0,0.0,
0.001212101339187969,0.01151533915375166,0.017921773018911288,0.045830422121638556,0.0,0.0,
0.001212101339187969,0.01151533915375166,0.017921773018911288,0.045830422121638556,0.0,0.0,
0.001212101339187969,0.01151533915375166,0.017921773018911288,0.04605484345137043,0.0,0.0,
0.001212101339187969,0.01151533915375166,0.017921773018911288,0.04605484345137043,0.0,0.0,
0.001212101339187969,0.01151533915375166,0.017921773018911288,0.04605484345137043,0.0,0.0,
0.001212101339187969,0.01151533915375166,0.017921773018911288,0.04605484345137043,0.0,0.0,
0.001212101339187969,0.01151533915375166,0.017921773018911288,0.046261093342549964,0.0,0.0,
0.001212101339187969,0.01151533915375166,0.017921773018911288,0.046441666381789946,0.0,0.0,
0.001212101339187969,0.01151533915375166,0.017921773018911288,0.04489057104312748,0.0,0.0,
0.001212101339187969,0.01151533915375166,0.017921773018911288,0.04511980066019675,0.0,0.0,
0.001212101339187969,0.01151533915375166,0.017921773018911288,0.045342266320743375,0.0,0.0,
0.001212101339187969,0.01151533915375166,0.017921773018911288,0.04555502653395554,0.0,0.0,
0.001212101339187969,0.01151533915375166,0.017921773018911288,0.04575061702231407,0.0,0.0,
0.001212101339187969,0.01151533915375166,0.017921773018911288,0.04594141969274925,0.0,0.0,
0.001212101339187969,0.01151533915375166,0.017921773018911288,0.046116408267051205,0.0,0.0,
0.001212101339187969,0.01151533915375166,0.017921773018911288,0.04618948630134302,0.0,0.0,
0.001212101339187969,0.01151533915375166,0.017921773018911288,0.04418382012235433,0.0,0.0,
0.001212101339187969,0.01151533915375166,0.017921773018911288,0.04464843440756988,0.0,0.0,
0.001212101339187969,0.01151533915375166,0.017921773018911288,0.04464843440756988,0.0,0.0,
0.001212101339187969,0.01151533915375166,0.017921773018911288,0.04464843440756988,0.0,0.0,
0.001212101339187969,0.01151533915375166,0.017921773018911288,0.04464843440756988,0.0,0.0,
0.001212101339187969,0.01151533915375166,0.017921773018911288,0.04362285024653932,0.0,0.0,
0.001212101339187969,0.01151533915375166,0.017921773018911288,0.04341274954549086,0.0,0.0,
0.001212101339187969,0.01151533915375166,0.017921773018911288,0.04363305440020953,0.0,0.0,
0.001212101339187969,0.01151533915375166,0.017921773018911288,0.04363305440020953,0.0,0.0,
0.001212101339187969,0.01151533915375166,0.017921773018911288,0.04299848051255836,0.0,0.0,
0.001212101339187969,0.01151533915375166,0.017921773018911288,0.04327777648431971,0.0,0.0,
0.001212101339187969,0.01151533915375166,0.017921773018911288,0.04353688692659815,0.0,0.0,
0.001212101339187969,0.01151533915375166,0.017921773018911288,0.04263349184303374,0.0,0.0,
0.001212101339187969,0.01151533915375166,0.017921773018911288,0.04298983353759622,0.0,0.0,
0.001212101339187969,0.01151533915375166,0.017921773018911288,0.04331445583630281,0.0,0.0,
0.001212101339187969,0.01151533915375166,0.017921773018911288,0.04371614334551099,0.0,0.0,
0.001212101339187969,0.01151533915375166,0.017921773018911288,0.04371614334551099,0.0,0.0,
0.001212101339187969,0.01151533915375166,0.017921773018911288,0.043791816235805095,0.0,0.0,
0.001212101339187969,0.01151533915375166,0.017921773018911288,0.043791816235805095,0.0,0.0,
0.001212101339187969,0.01151533915375166,0.017921773018911288,0.043791816235805095,0.0,0.0,
0.001212101339187969,0.01151533915375166,0.017921773018911288,0.043791816235805095,0.0,0.0,
0.001212101339187969,0.01151533915375166,0.017921773018911288,0.04377960118893772,0.0,0.0,
0.001212101339187969,0.01151533915375166,0.017921773018911288,0.04379675108738043,0.0,0.0,
0.001212101339187969,0.01151533915375166,0.017921773018911288,0.04379675108738043,0.0,0.0,
0.001212101339187969,0.01151533915375166,0.017921773018911288,0.043839109540408774,0.0,0.0,
0.001212101339187969,0.01151533915375166,0.017921773018911288,0.04344144164785281,0.0,0.0,
0.001212101339187969,0.01151533915375166,0.017921773018911288,0.04345567979604738,0.0,0.0,
0.001212101339187969,0.01151533915375166,0.017921773018911288,0.043499441204896475,0.0,0.0,
0.001212101339187969,0.01151533915375166,0.017921773018911288,0.04360331188610216,0.0,0.0,
0.001212101339187969,0.01151533915375166,0.017921773018911288,0.04360331188610216,0.0,0.0,
0.001212101339187969,0.01151533915375166,0.017921773018911288,0.04365098888931781,0.0,0.0,
0.001212101339187969,0.01151533915375166,0.017921773018911288,0.04372153000448854,0.0,0.0,
0.001212101339187969,0.01151533915375166,0.017921773018911288,0.043407201429618555,0.0,0.0,
0.001212101339187969,0.01151533915375166,0.017921773018911288,0.043407201429618555,0.0,0.0,
0.001212101339187969,0.01151533915375166,0.019476344627419137,0.04268264330651539,0.0,0.0,
0.001212101339187969,0.01151533915375166,0.019476344627419137,0.0428319921032022,0.0,0.0,
0.001212101339187969,0.01151533915375166,0.019476344627419137,0.04300108817721711,0.0,0.0,
0.001212101339187969,0.01151533915375166,0.019476344627419137,0.04319250787679326,0.0,0.0,
0.001212101339187969,0.01151533915375166,0.019476344627419137,0.043398786127171775,0.0,0.0,
0.001212101339187969,0.01151533915375166,0.019476344627419137,0.043398786127171775,0.0,0.0,
0.001212101339187969,0.01151533915375166,0.019476344627419137,0.043398786127171775,0.0,0.0,
0.001212101339187969,0.01151533915375166,0.022118506446469535,0.043398786127171775,0.0,0.0,
0.001212101339187969,0.01151533915375166,0.022118506446469535,0.04377989567826043,0.0,0.0,
0.001212101339187969,0.01151533915375166,0.022118506446469535,0.043937324977069425,0.0,0.0,
0.001212101339187969,0.01151533915375166,0.022118506446469535,0.044109641410755115,0.0,0.0,
0.001212101339187969,0.01151533915375166,0.022118506446469535,0.044109641410755115,0.0,0.0,
0.001212101339187969,0.01151533915375166,0.022118506446469535,0.04385930633082498,0.0,0.0,
0.001212101339187969,0.01151533915375166,0.022118506446469535,0.04405739872182868,0.0,0.0,
0.001212101339187969,0.01151533915375166,0.022118506446469535,0.04294848970127634,0.0,0.0,
0.001212101339187969,0.01151533915375166,0.022118506446469535,0.04308742553773762,0.0,0.0,
0.001212101339187969,0.01151533915375166,0.022118506446469535,0.04341160819390064,0.0,0.0,
0.001212101339187969,0.01151533915375166,0.022118506446469535,0.04359007160691666,0.0,0.0,
0.001212101339187969,0.01151533915375166,0.022118506446469535,0.04379084669236509,0.0,0.0,
0.001212101339187969,0.014304981440689353,0.022118506446469535,0.04361732754507598,0.0,0.0,
0.001212101339187969,0.014304981440689353,0.022118506446469535,0.04389679215846527,0.0,0.0,
0.001212101339187969,0.014304981440689353,0.022118506446469535,0.04418766486297751,0.0,0.0,
0.001212101339187969,0.014304981440689353,0.022118506446469535,0.04401630855367266,0.0,0.0,
0.001212101339187969,0.014304981440689353,0.022118506446469535,0.04433156544990766,0.0,0.0,
0.001212101339187969,0.014304981440689353,0.022118506446469535,0.04377477093184669,0.0,0.0,
0.001212101339187969,0.014304981440689353,0.022118506446469535,0.04401034383916182,0.0,0.0,
0.001212101339187969,0.014304981440689353,0.022118506446469535,0.04401034383916182,0.0,0.0,
0.001212101339187969,0.014304981440689353,0.022118506446469535,0.04423989923302115,0.0,0.0,
0.001212101339187969,0.014304981440689353,0.022118506446469535,0.04423989923302115,0.0,0.0,
0.001212101339187969,0.014304981440689353,0.022118506446469535,0.04448761891942465,0.0,0.0,
0.001212101339187969,0.014304981440689353,0.022118506446469535,0.04448761891942465,0.0,0.0,
0.001212101339187969,0.014304981440689353,0.022118506446469535,0.04474786205292961,0.0,0.0,
0.001212101339187969,0.014304981440689353,0.022118506446469535,0.04474786205292961,0.0,0.0,
0.001212101339187969,0.014304981440689353,0.022118506446469535,0.04403723694260495,0.0,0.0,
0.001212101339187969,0.014304981440689353,0.022118506446469535,0.04437806445819239,0.0,0.0,
0.001212101339187969,0.014304981440689353,0.022118506446469535,0.04437806445819239,0.0,0.0,
0.001212101339187969,0.014304981440689353,0.022118506446469535,0.04434398264949217,0.0,0.0,
0.001212101339187969,0.014304981440689353,0.022118506446469535,0.04467669112239166,0.0,0.0,
0.001212101339187969,0.014304981440689353,0.022118506446469535,0.044993440018644415,0.0,0.0,
0.001212101339187969,0.014304981440689353,0.022118506446469535,0.04433141675896517,0.0,0.0,
0.001212101339187969,0.014304981440689353,0.022118506446469535,0.044721071900983796,0.0,0.0,
0.001212101339187969,0.014304981440689353,0.022118506446469535,0.04438659272116199,0.0,0.0,
0.001212101339187969,0.014304981440689353,0.022118506446469535,0.044758704358575485,0.0,0.0,
0.001212101339187969,0.014304981440689353,0.022118506446469535,0.04408917059526128,0.0,0.0,
0.001212101339187969,0.014304981440689353,0.022118506446469535,0.04438448306975604,0.0,0.0,
0.001212101339187969,0.014304981440689353,0.022118506446469535,0.044780662007261524,0.0,0.0,
0.001212101339187969,0.014304981440689353,0.022118506446469535,0.044780662007261524,0.0,0.0,
0.001212101339187969,0.014304981440689353,0.022118506446469535,0.045292031452750375,0.0,0.0,
0.001212101339187969,0.014304981440689353,0.022118506446469535,0.045480153951138684,0.0,0.0,
0.001212101339187969,0.014304981440689353,0.022118506446469535,0.045480153951138684,0.0,0.0,
0.001212101339187969,0.014304981440689353,0.022118506446469535,0.045480153951138684,0.0,0.0,
0.001212101339187969,0.014304981440689353,0.022118506446469535,0.045267971110290246,0.0,0.0,
0.001212101339187969,0.014304981440689353,0.022118506446469535,0.04552430064517752,0.0,0.0,
0.001212101339187969,0.014304981440689353,0.022118506446469535,0.04552430064517752,0.0,0.0,
0.001212101339187969,0.014304981440689353,0.022118506446469535,0.04576376993591725,0.0,0.0,
0.001212101339187969,0.014304981440689353,0.022118506446469535,0.04576376993591725,0.0,0.0,
0.001212101339187969,0.014304981440689353,0.022118506446469535,0.04470341526887763,0.0,0.0,
0.001212101339187969,0.014304981440689353,0.022118506446469535,0.04482800792184726,0.0,0.0,
0.001212101339187969,0.014304981440689353,0.022118506446469535,0.04513109535680926,0.0,0.0,
0.001212101339187969,0.014304981440689353,0.022118506446469535,0.04529057116801016,0.0,0.0,
0.001212101339187969,0.014304981440689353,0.022118506446469535,0.04394877743899895,0.0,0.0,
0.001212101339187969,0.014304981440689353,0.022118506446469535,0.04409725630814126,0.0,0.0,
0.001212101339187969,0.014304981440689353,0.022118506446469535,0.04427438686379947,0.0,0.0,
0.001212101339187969,0.014304981440689353,0.022118506446469535,0.044478731989762745,0.0,0.0,
0.001212101339187969,0.014304981440689353,0.022118506446469535,0.04439211290974454,0.0,0.0,
0.001212101339187969,0.014304981440689353,0.022118506446469535,0.04463899493398471,0.0,0.0,
0.001212101339187969,0.014304981440689353,0.022118506446469535,0.044913286745203874,0.0,0.0,
0.001212101339187969,0.014304981440689353,0.022118506446469535,0.04520631435693423,0.0,0.0,
0.001212101339187969,0.014304981440689353,0.022118506446469535,0.04494352607304143,0.0,0.0,
0.001212101339187969,0.014304981440689353,0.022118506446469535,0.044768252403766584,0.0,0.0,
0.001212101339187969,0.014304981440689353,0.022118506446469535,0.04500145487311629,0.0,0.0,
0.001212101339187969,0.014304981440689353,0.022118506446469535,0.04500145487311629,0.0,0.0,
0.001212101339187969,0.014304981440689353,0.022118506446469535,0.04437161122336934,0.0,0.0,
0.001212101339187969,0.014304981440689353,0.022118506446469535,0.04475644622824551,0.0,0.0,
0.001212101339187969,0.014304981440689353,0.022118506446469535,0.04475644622824551,0.0,0.0,
0.001212101339187969,0.014304981440689353,0.022118506446469535,0.04531558777370965,0.0,0.0,
0.001212101339187969,0.014304981440689353,0.022118506446469535,0.045566932059688064,0.0,0.0,
0.001212101339187969,0.014304981440689353,0.022118506446469535,0.04585916352006126,0.0,0.0,
0.001212101339187969,0.014304981440689353,0.022118506446469535,0.046136418164714074,0.0,0.0,
0.001212101339187969,0.014304981440689353,0.022118506446469535,0.046136418164714074,0.0,0.0,
0.001212101339187969,0.014304981440689353,0.022118506446469535,0.046136418164714074,0.0,0.0,
0.001212101339187969,0.014304981440689353,0.022118506446469535,0.04644507012096506,0.0,0.0,
0.001212101339187969,0.014304981440689353,0.022118506446469535,0.046479499816031264,0.0,0.0,
0.001212101339187969,0.014304981440689353,0.022118506446469535,0.04670161003167879,0.0,0.0,
0.001212101339187969,0.017299689781573625,0.023431906140572372,0.04689910224074743,0.0,0.0,
0.001212101339187969,0.017299689781573625,0.023431906140572372,0.045784982256341006,0.0,0.0,
0.001212101339187969,0.017299689781573625,0.023431906140572372,0.04613646332623558,0.0,0.0,
0.001212101339187969,0.017299689781573625,0.023431906140572372,0.046516320241576654,0.0,0.0,
0.001212101339187969,0.017299689781573625,0.023431906140572372,0.04715599007904584,0.0,0.0,
0.001212101339187969,0.017299689781573625,0.023431906140572372,0.047439722393962075,0.0,0.0,
0.001212101339187969,0.017299689781573625,0.023431906140572372,0.04767192650986437,0.0,0.0,
0.001212101339187969,0.017299689781573625,0.023431906140572372,0.04690615798316014,0.0,0.0,
0.001212101339187969,0.017299689781573625,0.023431906140572372,0.046908147006672854,0.0,0.0,
0.001212101339187969,0.017299689781573625,0.023431906140572372,0.04739443224743309,0.0,0.0,
0.001212101339187969,0.017299689781573625,0.023431906140572372,0.04739443224743309,0.0,0.0,
0.001212101339187969,0.017299689781573625,0.023431906140572372,0.0481900265248357,0.0,0.0,
0.001212101339187969,0.017299689781573625,0.023431906140572372,0.04852763776827335,0.0,0.0,
0.001212101339187969,0.017299689781573625,0.023431906140572372,0.04845116203025942,0.0,0.0,
0.001212101339187969,0.017299689781573625,0.023431906140572372,0.04845116203025942,0.0,0.0,
0.001212101339187969,0.017299689781573625,0.023431906140572372,0.04873642487706955,0.0,0.0,
0.001212101339187969,0.017299689781573625,0.023431906140572372,0.047432533059750016,0.0,0.0,
0.001212101339187969,0.017299689781573625,0.023431906140572372,0.047432533059750016,0.0,0.0,
0.001212101339187969,0.017299689781573625,0.023431906140572372,0.04786016979967714,0.0,0.0,
0.001212101339187969,0.017299689781573625,0.023431906140572372,0.04785368791583828,0.0,0.0,
0.001212101339187969,0.017299689781573625,0.023431906140572372,0.0483167637980386,0.0,0.0,
0.001212101339187969,0.017299689781573625,0.023431906140572372,0.0483167637980386,0.0,0.0,
0.001212101339187969,0.017299689781573625,0.023431906140572372,0.04628452468782637,0.0,0.0,
0.001212101339187969,0.017299689781573625,0.023431906140572372,0.04628452468782637,0.0,0.0,
0.001212101339187969,0.017299689781573625,0.023431906140572372,0.046963468468160796,0.0,0.0,
0.001212101339187969,0.017299689781573625,0.023431906140572372,0.047610331535467246,0.0,0.0,
0.001212101339187969,0.017299689781573625,0.023431906140572372,0.047610331535467246,0.0,0.0,
0.001212101339187969,0.017299689781573625,0.023431906140572372,0.04713149469890117,0.0,0.0,
0.001212101339187969,0.017299689781573625,0.023431906140572372,0.04679635912131835,0.0,0.0,
0.001212101339187969,0.017299689781573625,0.023431906140572372,0.0475055727970224,0.0,0.0,
0.001212101339187969,0.017299689781573625,0.023431906140572372,0.04719794980100151,0.0,0.0,
0.001212101339187969,0.017299689781573625,0.023431906140572372,0.04719794980100151,0.0,0.0,
0.001212101339187969,0.017299689781573625,0.023431906140572372,0.04794115213339838,0.0,0.0,
0.001212101339187969,0.017299689781573625,0.023431906140572372,0.04794115213339838,0.0,0.0,
0.001212101339187969,0.017299689781573625,0.023431906140572372,0.04794115213339838,0.0,0.0,
0.001212101339187969,0.017299689781573625,0.023431906140572372,0.0485606565287231,0.0,0.0,
0.001212101339187969,0.017299689781573625,0.023431906140572372,0.0485606565287231,0.0,0.0,
0.001212101339187969,0.017299689781573625,0.023431906140572372,0.04915347572912699,0.0,0.0,
0.001212101339187969,0.017299689781573625,0.023431906140572372,0.049653225285069845,0.0,0.0,
0.001212101339187969,0.017299689781573625,0.023431906140572372,0.049653225285069845,0.0,0.0,
0.001212101339187969,0.017299689781573625,0.023431906140572372,0.05012221149885482,0.0,0.0,
0.001212101339187969,0.017299689781573625,0.023431906140572372,0.049861416772887676,0.0,0.0,
0.001212101339187969,0.017299689781573625,0.023431906140572372,0.04966148940485743,0.0,0.0,
0.001212101339187969,0.021022194674831456,0.023431906140572372,0.04966148940485743,0.0,0.0,
0.001212101339187969,0.021022194674831456,0.023431906140572372,0.050180409297464465,0.0,0.0,
0.001212101339187969,0.021022194674831456,0.023431906140572372,0.05066239160783874,0.0,0.0,
0.001212101339187969,0.021022194674831456,0.023431906140572372,0.05066239160783874,0.0,0.0,
0.001212101339187969,0.021022194674831456,0.023431906140572372,0.05066239160783874,0.0,0.0,
0.001212101339187969,0.021022194674831456,0.023431906140572372,0.05066883404817404,0.0,0.0,
0.001212101339187969,0.021022194674831456,0.023431906140572372,0.05066883404817404,0.0,0.0,
0.001212101339187969,0.021022194674831456,0.023431906140572372,0.0511444136249222,0.0,0.0,
0.001212101339187969,0.021022194674831456,0.023431906140572372,0.05112846574261384,0.0,0.0,
0.001212101339187969,0.021022194674831456,0.023431906140572372,0.05112846574261384,0.0,0.0,
0.001212101339187969,0.021022194674831456,0.023431906140572372,0.051595065619783234,0.0,0.0,
0.001212101339187969,0.021022194674831456,0.023431906140572372,0.05196998378331442,0.0,0.0,
0.001212101339187969,0.021022194674831456,0.023431906140572372,0.05196998378331442,0.0,0.0,
0.001212101339187969,0.021022194674831456,0.023431906140572372,0.05202153304407875,0.0,0.0,
0.001212101339187969,0.021022194674831456,0.023431906140572372,0.05177552733638997,0.0,0.0,
0.001212101339187969,0.021022194674831456,0.023431906140572372,0.05204671176301658,0.0,0.0,
0.001212101339187969,0.021022194674831456,0.023431906140572372,0.05204671176301658,0.0,0.0,
0.001212101339187969,0.021022194674831456,0.023431906140572372,0.05231510358387935,0.0,0.0,
0.001212101339187969,0.021022194674831456,0.023431906140572372,0.05231510358387935,0.0,0.0,
0.001212101339187969,0.021022194674831456,0.023431906140572372,0.05189870166026445,0.0,0.0,
0.001212101339187969,0.021022194674831456,0.023431906140572372,0.05189870166026445,0.0,0.0,
0.001212101339187969,0.021022194674831456,0.023431906140572372,0.05218853599446814,0.0,0.0,
0.001212101339187969,0.021022194674831456,0.023431906140572372,0.052541554158696234,0.0,0.0,
0.001212101339187969,0.021022194674831456,0.023431906140572372,0.051831147553418916,0.0,0.0,
0.001212101339187969,0.021022194674831456,0.023431906140572372,0.051831147553418916,0.0,0.0,
0.001212101339187969,0.021022194674831456,0.023431906140572372,0.051831147553418916,0.0,0.0,
0.001212101339187969,0.021022194674831456,0.023431906140572372,0.051910381075228496,0.0,0.0,
0.001212101339187969,0.021022194674831456,0.023431906140572372,0.052020879659613654,0.0,0.0,
0.001212101339187969,0.021022194674831456,0.023431906140572372,0.052020879659613654,0.0,0.0,
0.001212101339187969,0.021022194674831456,0.023431906140572372,0.052020879659613654,0.0,0.0,
0.001212101339187969,0.021022194674831456,0.023431906140572372,0.052020879659613654,0.0,0.0,
0.001212101339187969,0.021022194674831456,0.023431906140572372,0.051218842919281374,0.0,0.0,
0.001212101339187969,0.021022194674831456,0.023431906140572372,0.051218842919281374,0.0,0.0,
0.001212101339187969,0.021022194674831456,0.023431906140572372,0.05146709623758405,0.0,0.0,
0.001212101339187969,0.021022194674831456,0.023431906140572372,0.05018267538032693,0.0,0.0,
0.001212101339187969,0.021022194674831456,0.023431906140572372,0.050571768401591756,0.0,0.0,
0.001212101339187969,0.021022194674831456,0.023431906140572372,0.05095805444077808,0.0,0.0,
0.001212101339187969,0.021022194674831456,0.023431906140572372,0.05133352308578523,0.0,0.0,
0.001212101339187969,0.021022194674831456,0.023431906140572372,0.05023522738644583,0.0,0.0,
0.001212101339187969,0.021022194674831456,0.023431906140572372,0.050613108666271354,0.0,0.0,
0.001212101339187969,0.021022194674831456,0.023431906140572372,0.05077564467716642,0.0,0.0,
0.001212101339187969,0.021022194674831456,0.023431906140572372,0.05077564467716642,0.0,0.0,
0.001212101339187969,0.021022194674831456,0.023431906140572372,0.05077564467716642,0.0,0.0,
0.001212101339187969,0.021022194674831456,0.023431906140572372,0.05102818849704216,0.0,0.0,
0.001212101339187969,0.021022194674831456,0.023431906140572372,0.0501840204124421,0.0,0.0,
0.001212101339187969,0.021022194674831456,0.023431906140572372,0.0501840204124421,0.0,0.0,
0.001212101339187969,0.021022194674831456,0.023431906140572372,0.05055712943841886,0.0,0.0,
0.001212101339187969,0.021022194674831456,0.023431906140572372,0.05055712943841886,0.0,0.0,
0.001212101339187969,0.021022194674831456,0.023431906140572372,0.05055712943841886,0.0,0.0,
0.001212101339187969,0.021022194674831456,0.023431906140572372,0.05055712943841886,0.0,0.0,
0.001212101339187969,0.021022194674831456,0.023431906140572372,0.05089859382596292,0.0,0.0,
0.001212101339187969,0.021022194674831456,0.023431906140572372,0.05121452028059136,0.0,0.0,
0.001212101339187969,0.021022194674831456,0.023431906140572372,0.05121452028059136,0.0,0.0,
0.001212101339187969,0.021022194674831456,0.023431906140572372,0.05121452028059136,0.0,0.0,
0.001212101339187969,0.021022194674831456,0.023431906140572372,0.0515049573543716,0.0,0.0,
0.001212101339187969,0.021022194674831456,0.023431906140572372,0.05176133594655425,0.0,0.0,
0.001212101339187969,0.021022194674831456,0.023431906140572372,0.05176133594655425,0.0,0.0,
0.001212101339187969,0.021022194674831456,0.023431906140572372,0.050757026884541666,0.0,0.0,
0.001212101339187969,0.021022194674831456,0.023431906140572372,0.050757026884541666,0.0,0.0,
0.001212101339187969,0.021022194674831456,0.023431906140572372,0.050757026884541666,0.0,0.0,
0.001212101339187969,0.021022194674831456,0.023431906140572372,0.05078806154210657,0.0,0.0,
0.001212101339187969,0.021022194674831456,0.023431906140572372,0.050982731024383096,0.0,0.0,
0.001212101339187969,0.022711600405444808,0.023431906140572372,0.051144480602458554,0.0,0.0,
0.001212101339187969,0.022711600405444808,0.023431906140572372,0.051144480602458554,0.0,0.0,
0.001212101339187969,0.022711600405444808,0.023431906140572372,0.05128023364725676,0.0,0.0,
0.001212101339187969,0.022711600405444808,0.023431906140572372,0.05121517616110535,0.0,0.0,
0.001212101339187969,0.022711600405444808,0.023431906140572372,0.0513350699082264,0.0,0.0,
0.001212101339187969,0.022711600405444808,0.023431906140572372,0.050785371325133444,0.0,0.0,
0.001212101339187969,0.022711600405444808,0.023431906140572372,0.050785371325133444,0.0,0.0,
0.001212101339187969,0.022711600405444808,0.023431906140572372,0.050785371325133444,0.0,0.0,
0.001212101339187969,0.022711600405444808,0.023431906140572372,0.050785371325133444,0.0,0.0,
0.001212101339187969,0.022711600405444808,0.023431906140572372,0.050785371325133444,0.0,0.0,
0.001212101339187969,0.022711600405444808,0.023431906140572372,0.05081737782649643,0.0,0.0,
0.001212101339187969,0.022711600405444808,0.023431906140572372,0.05081737782649643,0.0,0.0,
0.001212101339187969,0.022711600405444808,0.023431906140572372,0.0508360349647386,0.0,0.0,
0.001212101339187969,0.022711600405444808,0.023431906140572372,0.0508360349647386,0.0,0.0,
0.001212101339187969,0.022711600405444808,0.023431906140572372,0.0508360349647386,0.0,0.0,
0.001212101339187969,0.022711600405444808,0.023431906140572372,0.0503383034217835,0.0,0.0,
0.001212101339187969,0.022711600405444808,0.023431906140572372,0.050366918481771064,0.0,0.0,
0.001212101339187969,0.022711600405444808,0.023431906140572372,0.05038661021837036,0.0,0.0,
0.001212101339187969,0.022711600405444808,0.023431906140572372,0.05038661021837036,0.0,0.0,
0.001212101339187969,0.022711600405444808,0.023431906140572372,0.05038661021837036,0.0,0.0,
0.001212101339187969,0.022711600405444808,0.023431906140572372,0.04994511757220334,0.0,0.0,
0.001212101339187969,0.022711600405444808,0.023431906140572372,0.04994511757220334,0.0,0.0,
0.001212101339187969,0.022711600405444808,0.023431906140572372,0.049995558001096875,0.0,0.0,
0.001212101339187969,0.022711600405444808,0.023431906140572372,0.049972633690504246,0.0,0.0,
0.001212101339187969,0.022711600405444808,0.024920337235815302,0.04988653810270683,0.0,0.0,
0.001212101339187969,0.022711600405444808,0.024920337235815302,0.04988653810270683,0.0,0.0,
0.001212101339187969,0.022711600405444808,0.024920337235815302,0.04988653810270683,0.0,0.0,
0.001212101339187969,0.022711600405444808,0.024920337235815302,0.04981652611176034,0.0,0.0,
0.001212101339187969,0.0250052258552382,0.024920337235815302,0.04981652611176034,0.0,0.0,
0.001212101339187969,0.0250052258552382,0.024920337235815302,0.04981652611176034,0.0,0.0,
0.001212101339187969,0.0250052258552382,0.026188643794166827,0.04976679169572718,0.0,0.0,
0.001212101339187969,0.0250052258552382,0.026188643794166827,0.049729084129216464,0.0,0.0,
0.001212101339187969,0.0250052258552382,0.026188643794166827,0.049729084129216464,0.0,0.0,
0.001212101339187969,0.0250052258552382,0.026188643794166827,0.049580082318741406,0.0,0.0,
0.001212101339187969,0.0250052258552382,0.026188643794166827,0.049580082318741406,0.0,0.0,
0.001212101339187969,0.0250052258552382,0.026188643794166827,0.04926068328467653,0.0,0.0,
0.001212101339187969,0.0250052258552382,0.026188643794166827,0.04926068328467653,0.0,0.0,
0.001212101339187969,0.0250052258552382,0.026188643794166827,0.0490913123909886,0.0,0.0,
0.001212101339187969,0.0250052258552382,0.026188643794166827,0.04790152627334599,0.0,0.0,
0.001212101339187969,0.0250052258552382,0.026188643794166827,0.04764880260191189,0.0,0.0,
0.001212101339187969,0.0250052258552382,0.026188643794166827,0.04764880260191189,0.0,0.0,
0.001212101339187969,0.0250052258552382,0.026188643794166827,0.04764095762926176,0.0,0.0,
0.001212101339187969,0.0250052258552382,0.026188643794166827,0.04764095762926176,0.0,0.0,
0.001212101339187969,0.0250052258552382,0.026188643794166827,0.047425035708239686,0.0,0.0,
0.001212101339187969,0.0250052258552382,0.026188643794166827,0.047425035708239686,0.0,0.0,
0.001212101339187969,0.0250052258552382,0.026188643794166827,0.04744614201971657,0.0,0.0,
0.001212101339187969,0.0250052258552382,0.026188643794166827,0.0474693447622064,0.0,0.0,
0.001212101339187969,0.0250052258552382,0.026188643794166827,0.047496904058306276,0.0,0.0,
0.001212101339187969,0.0250052258552382,0.026188643794166827,0.047496904058306276,0.0,0.0,
0.001212101339187969,0.0250052258552382,0.026188643794166827,0.047496904058306276,0.0,0.0,
0.001212101339187969,0.0250052258552382,0.026188643794166827,0.04715549863834772,0.0,0.0,
0.001212101339187969,0.0250052258552382,0.026188643794166827,0.04722115199378883,0.0,0.0,
0.001212101339187969,0.0250052258552382,0.026188643794166827,0.04609823923409116,0.0,0.0,
0.001212101339187969,0.0250052258552382,0.026188643794166827,0.046259763527799945,0.0,0.0,
0.001212101339187969,0.0250052258552382,0.026188643794166827,0.046259763527799945,0.0,0.0,
0.001212101339187969,0.0250052258552382,0.026188643794166827,0.04642495588563562,0.0,0.0,
0.001212101339187969,0.0250052258552382,0.026188643794166827,0.04646693252671159,0.0,0.0,
0.001212101339187969,0.0250052258552382,0.026188643794166827,0.046522767413673505,0.0,0.0,
0.001212101339187969,0.0250052258552382,0.026188643794166827,0.046522767413673505,0.0,0.0,
0.001212101339187969,0.0250052258552382,0.026188643794166827,0.04660307036488362,0.0,0.0,
0.001212101339187969,0.0250052258552382,0.026188643794166827,0.04642305253708532,0.0,0.0,
0.001212101339187969,0.0250052258552382,0.026188643794166827,0.04642305253708532,0.0,0.0,
0.001212101339187969,0.0250052258552382,0.026188643794166827,0.04642305253708532,0.0,0.0,
0.001212101339187969,0.0250052258552382,0.026188643794166827,0.04642305253708532,0.0,0.0,
0.001212101339187969,0.0250052258552382,0.026188643794166827,0.04642305253708532,0.0,0.0,
0.001212101339187969,0.0250052258552382,0.026188643794166827,0.04642305253708532,0.0,0.0,
0.001212101339187969,0.0250052258552382,0.026188643794166827,0.046264233288289526,0.0,0.0,
0.001212101339187969,0.0250052258552382,0.026188643794166827,0.046320722377757625,0.0,0.0,
0.001212101339187969,0.0250052258552382,0.026188643794166827,0.04637573651960289,0.0,0.0,
0.001212101339187969,0.0250052258552382,0.026188643794166827,0.04531561630535299,0.0,0.0,
0.001212101339187969,0.0250052258552382,0.026188643794166827,0.04541575982615063,0.0,0.0,
0.001212101339187969,0.0250052258552382,0.026188643794166827,0.04541575982615063,0.0,0.0,
0.001212101339187969,0.0250052258552382,0.026188643794166827,0.0455058889948685,0.0,0.0,
0.001212101339187969,0.0250052258552382,0.026188643794166827,0.0455058889948685,0.0,0.0,
0.001212101339187969,0.0250052258552382,0.026188643794166827,0.0455058889948685,0.0,0.0,
0.001212101339187969,0.0250052258552382,0.026188643794166827,0.0455058889948685,0.0,0.0,
0.001212101339187969,0.0250052258552382,0.026188643794166827,0.04560928401649449,0.0,0.0,
0.001212101339187969,0.0250052258552382,0.026188643794166827,0.04472440171973219,0.0,0.0,
0.001212101339187969,0.0250052258552382,0.026188643794166827,0.04455482427798765,0.0,0.0,
0.001212101339187969,0.027001959826871785,0.026188643794166827,0.04410927603520777,0.0,0.0,
0.001212101339187969,0.027001959826871785,0.026188643794166827,0.0441380234688209,0.0,0.0,
0.001212101339187969,0.027001959826871785,0.026188643794166827,0.04448737618050046,0.0,0.0,
0.001212101339187969,0.027001959826871785,0.026188643794166827,0.044827880030478606,0.0,0.0,
0.001212101339187969,0.027001959826871785,0.026188643794166827,0.04511496506886194,0.0,0.0,
0.001212101339187969,0.027001959826871785,0.026188643794166827,0.04511496506886194,0.0,0.0,
0.001212101339187969,0.027001959826871785,0.026188643794166827,0.04499775030418784,0.0,0.0,
0.001212101339187969,0.027001959826871785,0.026188643794166827,0.04487059310192738,0.0,0.0,
0.001212101339187969,0.027001959826871785,0.026188643794166827,0.04515293135896976,0.0,0.0,
0.001212101339187969,0.027001959826871785,0.026188643794166827,0.043786295114851714,0.0,0.0,
0.001212101339187969,0.027001959826871785,0.026188643794166827,0.04417347523710784,0.0,0.0,
0.001212101339187969,0.027001959826871785,0.026188643794166827,0.04417347523710784,0.0,0.0,
0.001212101339187969,0.027001959826871785,0.026188643794166827,0.04417347523710784,0.0,0.0,
0.001212101339187969,0.027001959826871785,0.026188643794166827,0.04417347523710784,0.0,0.0,
0.001212101339187969,0.027001959826871785,0.026188643794166827,0.04417347523710784,0.0,0.0,
0.001212101339187969,0.027001959826871785,0.026188643794166827,0.04417347523710784,0.0,0.0,
0.001212101339187969,0.027001959826871785,0.026188643794166827,0.04417347523710784,0.0,0.0,
0.001212101339187969,0.027001959826871785,0.026188643794166827,0.04417347523710784,0.0,0.0,
0.001212101339187969,0.027001959826871785,0.026188643794166827,0.04452629198515594,0.0,0.0,
0.001212101339187969,0.027001959826871785,0.026188643794166827,0.04488481080796733,0.0,0.0,
0.001212101339187969,0.027001959826871785,0.026188643794166827,0.04395734501413753,0.0,0.0,
0.001212101339187969,0.027001959826871785,0.026188643794166827,0.044412612696246474,0.0,0.0,
0.001212101339187969,0.027001959826871785,0.026188643794166827,0.04477399316851901,0.0,0.0,
0.001212101339187969,0.027001959826871785,0.026188643794166827,0.04512216341662783,0.0,0.0,
0.001212101339187969,0.027001959826871785,0.026188643794166827,0.04512216341662783,0.0,0.0,
0.001212101339187969,0.027001959826871785,0.026188643794166827,0.04512216341662783,0.0,0.0,
0.001212101339187969,0.027001959826871785,0.026188643794166827,0.04512216341662783,0.0,0.0,
0.001212101339187969,0.027001959826871785,0.026188643794166827,0.045469671707492054,0.0,0.0,
0.001212101339187969,0.027001959826871785,0.026188643794166827,0.04569136005346859,0.0,0.0,
0.001212101339187969,0.027001959826871785,0.026188643794166827,0.04569136005346859,0.0,0.0,
0.001212101339187969,0.027001959826871785,0.026188643794166827,0.04600868561913947,0.0,0.0,
0.001212101339187969,0.027001959826871785,0.026188643794166827,0.04600868561913947,0.0,0.0,
0.001212101339187969,0.027001959826871785,0.026188643794166827,0.04632542698683233,0.0,0.0,
0.001212101339187969,0.027001959826871785,0.026188643794166827,0.04664027192049532,0.0,0.0,
0.001212101339187969,0.027001959826871785,0.026188643794166827,0.04603554027016926,0.0,0.0,
0.001212101339187969,0.027001959826871785,0.026188643794166827,0.04643697799463443,0.0,0.0,
0.001212101339187969,0.027001959826871785,0.026188643794166827,0.046758738902129504,0.0,0.0,
0.001212101339187969,0.027001959826871785,0.026188643794166827,0.04707152984452879,0.0,0.0,
0.001212101339187969,0.027001959826871785,0.026188643794166827,0.04735692105052501,0.0,0.0,
0.001212101339187969,0.027001959826871785,0.026188643794166827,0.04763832038820955,0.0,0.0,
0.001212101339187969,0.029098541935950056,0.026188643794166827,0.04763832038820955,0.0,0.0,
0.001212101339187969,0.029098541935950056,0.026188643794166827,0.04763832038820955,0.0,0.0,
0.001212101339187969,0.029098541935950056,0.026188643794166827,0.047852241654428605,0.0,0.0,
0.001212101339187969,0.029098541935950056,0.026188643794166827,0.04805425045847946,0.0,0.0,
0.001212101339187969,0.029098541935950056,0.026188643794166827,0.04805425045847946,0.0,0.0,
0.001212101339187969,0.029098541935950056,0.026188643794166827,0.04687588593628253,0.0,0.0,
0.001212101339187969,0.029098541935950056,0.026188643794166827,0.0472091670715199,0.0,0.0,
0.001212101339187969,0.029098541935950056,0.026188643794166827,0.047104719570587164,0.0,0.0,
0.001212101339187969,0.029098541935950056,0.026188643794166827,0.04745654521336935,0.0,0.0,
0.001212101339187969,0.029098541935950056,0.026188643794166827,0.04602033117902954,0.0,0.0,
0.001212101339187969,0.029098541935950056,0.026188643794166827,0.04464947113866265,0.0,0.0,
0.001212101339187969,0.029098541935950056,0.026188643794166827,0.04464947113866265,0.0,0.0,
0.001212101339187969,0.029098541935950056,0.026188643794166827,0.04527299685786354,0.0,0.0,
0.001212101339187969,0.029098541935950056,0.026188643794166827,0.04527299685786354,0.0,0.0,
0.001212101339187969,0.029098541935950056,0.026188643794166827,0.04585631710986618,0.0,0.0,
0.001212101339187969,0.029098541935950056,0.026188643794166827,0.0464020303468551,0.0,0.0,
0.001212101339187969,0.029098541935950056,0.026188643794166827,0.046879933930162265,0.0,0.0,
0.001212101339187969,0.029098541935950056,0.026188643794166827,0.046879933930162265,0.0,0.0,
0.001212101339187969,0.029098541935950056,0.026188643794166827,0.046879933930162265,0.0,0.0,
0.001212101339187969,0.029098541935950056,0.026188643794166827,0.047335487224758735,0.0,0.0,
0.001212101339187969,0.029098541935950056,0.026188643794166827,0.046721896526482155,0.0,0.0,
0.001212101339187969,0.029098541935950056,0.026188643794166827,0.04722444323459456,0.0,0.0,
0.001212101339187969,0.029098541935950056,0.026188643794166827,0.04722444323459456,0.0,0.0,
0.001212101339187969,0.029098541935950056,0.026188643794166827,0.04722444323459456,0.0,0.0,
0.001212101339187969,0.029098541935950056,0.026188643794166827,0.04722444323459456,0.0,0.0,
0.001212101339187969,0.029098541935950056,0.026188643794166827,0.04733243928123414,0.0,0.0,
0.001212101339187969,0.029098541935950056,0.026188643794166827,0.04733243928123414,0.0,0.0,
0.001212101339187969,0.029098541935950056,0.026188643794166827,0.047772504860685704,0.0,0.0,
0.001212101339187969,0.029098541935950056,0.026188643794166827,0.046684217625388255,0.0,0.0,
0.001212101339187969,0.029098541935950056,0.026188643794166827,0.046684217625388255,0.0,0.0,
0.001212101339187969,0.029098541935950056,0.026188643794166827,0.04719127291654933,0.0,0.0,
0.001212101339187969,0.029098541935950056,0.026188643794166827,0.04719127291654933,0.0,0.0,
0.001212101339187969,0.029098541935950056,0.026188643794166827,0.047658959333851905,0.0,0.0,
0.001212101339187969,0.029098541935950056,0.026188643794166827,0.04697591254572782,0.0,0.0,
0.001212101339187969,0.029098541935950056,0.026188643794166827,0.04715825653935356,0.0,0.0,
0.001212101339187969,0.029098541935950056,0.026188643794166827,0.047569763117729244,0.0,0.0,
0.001212101339187969,0.030979431526549295,0.026188643794166827,0.047569763117729244,0.0,0.0,
0.001212101339187969,0.030979431526549295,0.026188643794166827,0.04737358141599581,0.0,0.0,
0.001212101339187969,0.030979431526549295,0.026188643794166827,0.047654040741943904,0.0,0.0,
0.001212101339187969,0.030979431526549295,0.026188643794166827,0.047654040741943904,0.0,0.0,
0.001212101339187969,0.030979431526549295,0.026188643794166827,0.047654040741943904,0.0,0.0,
0.001212101339187969,0.030979431526549295,0.026188643794166827,0.04792759793166376,0.0,0.0,
0.001212101339187969,0.030979431526549295,0.026188643794166827,0.04782593730050519,0.0,0.0,
0.001212101339187969,0.030979431526549295,0.026188643794166827,0.04555062083021454,0.0,0.0,
0.001212101339187969,0.030979431526549295,0.026188643794166827,0.04596755112986604,0.0,0.0,
0.001212101339187969,0.030979431526549295,0.026188643794166827,0.04596755112986604,0.0,0.0,
0.001212101339187969,0.030979431526549295,0.026188643794166827,0.04548138570833392,0.0,0.0,
0.001212101339187969,0.030979431526549295,0.026188643794166827,0.04594949786011321,0.0,0.0,
0.001212101339187969,0.030979431526549295,0.026188643794166827,0.04594949786011321,0.0,0.0,
0.001212101339187969,0.030979431526549295,0.026188643794166827,0.04641003757878828,0.0,0.0,
0.001212101339187969,0.030979431526549295,0.026188643794166827,0.04641003757878828,0.0,0.0,
0.001212101339187969,0.030979431526549295,0.026188643794166827,0.046798379943886984,0.0,0.0,
0.001212101339187969,0.030979431526549295,0.026188643794166827,0.0471674770830709,0.0,0.0,
0.001212101339187969,0.030979431526549295,0.026188643794166827,0.0471674770830709,0.0,0.0,
0.001212101339187969,0.03269807351527635,0.026188643794166827,0.045660619043260166,0.0,0.0,
0.001212101339187969,0.03269807351527635,0.026188643794166827,0.045660619043260166,0.0,0.0,
0.001212101339187969,0.03269807351527635,0.026188643794166827,0.04575163509062148,0.0,0.0,
0.001212101339187969,0.03269807351527635,0.026188643794166827,0.04575163509062148,0.0,0.0,
0.001212101339187969,0.03269807351527635,0.026188643794166827,0.04546052220909301,0.0,0.0,
0.001212101339187969,0.03269807351527635,0.026188643794166827,0.04602318365259274,0.0,0.0,
0.001212101339187969,0.03269807351527635,0.026188643794166827,0.04602318365259274,0.0,0.0,
0.001212101339187969,0.03269807351527635,0.026188643794166827,0.0467304157504453,0.0,0.0,
0.001212101339187969,0.03269807351527635,0.026188643794166827,0.0467304157504453,0.0,0.0,
0.001212101339187969,0.03269807351527635,0.026188643794166827,0.0467304157504453,0.0,0.0,
0.001212101339187969,0.03269807351527635,0.026188643794166827,0.046755355345617866,0.0,0.0,
0.001212101339187969,0.03269807351527635,0.026188643794166827,0.046582797149693586,0.0,0.0,
0.001212101339187969,0.03269807351527635,0.026188643794166827,0.046582797149693586,0.0,0.0,
0.001212101339187969,0.03269807351527635,0.026188643794166827,0.046582797149693586,0.0,0.0,
0.001212101339187969,0.03269807351527635,0.026188643794166827,0.04690740240678198,0.0,0.0,
0.001212101339187969,0.03269807351527635,0.026188643794166827,0.046990007160274086,0.0,0.0,
0.001212101339187969,0.03269807351527635,0.026188643794166827,0.046990007160274086,0.0,0.0,
0.001212101339187969,0.03269807351527635,0.026188643794166827,0.04719902813582972,0.0,0.0,
0.001212101339187969,0.03269807351527635,0.026188643794166827,0.04730840102942528,0.0,0.0,
0.001212101339187969,0.03269807351527635,0.026188643794166827,0.04730840102942528,0.0,0.0,
0.001212101339187969,0.03269807351527635,0.026188643794166827,0.04702673291824384,0.0,0.0,
0.001212101339187969,0.03269807351527635,0.027281535646752914,0.047285416203244106,0.0,0.0,
0.001212101339187969,0.03269807351527635,0.027281535646752914,0.04697953862747896,0.0,0.0,
0.001212101339187969,0.03269807351527635,0.027281535646752914,0.047182259460757436,0.0,0.0,
0.001212101339187969,0.03269807351527635,0.027281535646752914,0.0474443407731293,0.0,0.0,
0.001212101339187969,0.03269807351527635,0.027281535646752914,0.04759713398572872,0.0,0.0,
0.001212101339187969,0.03269807351527635,0.027281535646752914,0.047792509402508586,0.0,0.0,
0.001212101339187969,0.03269807351527635,0.027281535646752914,0.04702905816340401,0.0,0.0,
0.001212101339187969,0.03269807351527635,0.027281535646752914,0.046514519745548696,0.0,0.0,
0.001212101339187969,0.03269807351527635,0.027281535646752914,0.046514519745548696,0.0,0.0,
0.001212101339187969,0.03269807351527635,0.027281535646752914,0.046514519745548696,0.0,0.0,
0.001212101339187969,0.03269807351527635,0.027281535646752914,0.04685117779397455,0.0,0.0,
0.001212101339187969,0.03269807351527635,0.027281535646752914,0.04685117779397455,0.0,0.0,
0.001212101339187969,0.03269807351527635,0.027281535646752914,0.0466440642627881,0.0,0.0,
0.001212101339187969,0.03269807351527635,0.027281535646752914,0.0466440642627881,0.0,0.0,
0.001212101339187969,0.03269807351527635,0.027281535646752914,0.0466440642627881,0.0,0.0,
0.001212101339187969,0.03269807351527635,0.027281535646752914,0.046643092281752105,0.0,0.0,
0.001212101339187969,0.03269807351527635,0.027281535646752914,0.046643092281752105,0.0,0.0,
0.001212101339187969,0.03409841286901512,0.027281535646752914,0.046643092281752105,0.0,0.0,
0.001212101339187969,0.03409841286901512,0.027281535646752914,0.046643092281752105,0.0,0.0,
0.001212101339187969,0.03409841286901512,0.027281535646752914,0.04654710524602185,0.0,0.0,
0.001212101339187969,0.03409841286901512,0.027281535646752914,0.04654710524602185,0.0,0.0,
0.001212101339187969,0.03409841286901512,0.027281535646752914,0.04693542711670062,0.0,0.0,
0.001212101339187969,0.03409841286901512,0.027281535646752914,0.04640986376941958,0.0,0.0,
0.001212101339187969,0.03549220825766051,0.027281535646752914,0.04640986376941958,0.0,0.0,
0.001212101339187969,0.03549220825766051,0.027281535646752914,0.04591349323594251,0.0,0.0,
0.001212101339187969,0.03549220825766051,0.027281535646752914,0.0462836326468284,0.0,0.0,
0.001212101339187969,0.03549220825766051,0.027281535646752914,0.0462836326468284,0.0,0.0,
0.001212101339187969,0.03549220825766051,0.027281535646752914,0.04629005779163734,0.0,0.0,
0.001212101339187969,0.03549220825766051,0.027281535646752914,0.04629005779163734,0.0,0.0,
0.001212101339187969,0.03549220825766051,0.027281535646752914,0.04629005779163734,0.0,0.0,
0.001212101339187969,0.03549220825766051,0.027281535646752914,0.04629005779163734,0.0,0.0,
0.001212101339187969,0.03549220825766051,0.027281535646752914,0.04629005779163734,0.0,0.0,
0.001212101339187969,0.03549220825766051,0.027281535646752914,0.046896633387616994,0.0,0.0,
0.001212101339187969,0.03549220825766051,0.027281535646752914,0.04708395274235916,0.0,0.0,
0.001212101339187969,0.03549220825766051,0.027281535646752914,0.04708395274235916,0.0,0.0,
0.001212101339187969,0.03549220825766051,0.027281535646752914,0.04765504500530556,0.0,0.0,
0.001212101339187969,0.03549220825766051,0.027281535646752914,0.04776456299585512,0.0,0.0,
0.001212101339187969,0.03549220825766051,0.027281535646752914,0.04776456299585512,0.0,0.0,
0.001212101339187969,0.03549220825766051,0.027281535646752914,0.04776456299585512,0.0,0.0,
0.001212101339187969,0.03549220825766051,0.027281535646752914,0.048028814081163135,0.0,0.0,
0.001212101339187969,0.03549220825766051,0.027281535646752914,0.048501287675456584,0.0,0.0,
0.001212101339187969,0.03703172293769521,0.027281535646752914,0.048501287675456584,0.0,0.0,
0.001212101339187969,0.03703172293769521,0.027281535646752914,0.048501287675456584,0.0,0.0,
0.001212101339187969,0.03703172293769521,0.027281535646752914,0.048501287675456584,0.0,0.0,
0.001212101339187969,0.03703172293769521,0.027281535646752914,0.04805556388823995,0.0,0.0,
0.001212101339187969,0.03703172293769521,0.027281535646752914,0.04850608201156089,0.0,0.0,
0.001212101339187969,0.03815331733003577,0.027281535646752914,0.04920956998499789,0.0,0.0,
0.001212101339187969,0.03815331733003577,0.027281535646752914,0.04920956998499789,0.0,0.0,
0.001212101339187969,0.03800524326548365,0.027281535646752914,0.04905045767450124,0.0,0.0,
0.001212101339187969,0.03800524326548365,0.027281535646752914,0.04939436251669443,0.0,0.0,
0.001212101339187969,0.03800524326548365,0.027281535646752914,0.0496985671240668,0.0,0.0,
0.001212101339187969,0.03800524326548365,0.027281535646752914,0.050016928006367936,0.0,0.0,
0.001212101339187969,0.03800524326548365,0.027281535646752914,0.050016928006367936,0.0,0.0,
0.001212101339187969,0.03800524326548365,0.027281535646752914,0.050016928006367936,0.0,0.0,
0.001212101339187969,0.03800524326548365,0.027281535646752914,0.050016928006367936,0.0,0.0,
0.001212101339187969,0.03800524326548365,0.027281535646752914,0.050414000977124764,0.0,0.0,
0.001212101339187969,0.03800524326548365,0.027281535646752914,0.050414000977124764,0.0,0.0,
0.001212101339187969,0.03800524326548365,0.027281535646752914,0.050414000977124764,0.0,0.0,
0.001212101339187969,0.03800524326548365,0.027281535646752914,0.05075103577752359,0.0,0.0,
0.001212101339187969,0.03800524326548365,0.027281535646752914,0.050004424767188624,0.0,0.0,
0.001212101339187969,0.03800524326548365,0.027281535646752914,0.050004424767188624,0.0,0.0,
0.001212101339187969,0.03800524326548365,0.027281535646752914,0.050004424767188624,0.0,0.0,
0.001212101339187969,0.03800524326548365,0.027281535646752914,0.05033388791341516,0.0,0.0,
0.001212101339187969,0.03800524326548365,0.027281535646752914,0.05033388791341516,0.0,0.0,
0.001212101339187969,0.03800524326548365,0.027281535646752914,0.050630404745019036,0.0,0.0,
0.001212101339187969,0.03800524326548365,0.027281535646752914,0.050630404745019036,0.0,0.0,
0.001212101339187969,0.03800524326548365,0.027281535646752914,0.050630404745019036,0.0,0.0,
0.001212101339187969,0.03800524326548365,0.027281535646752914,0.050630404745019036,0.0,0.0,