
0.0
2.791534455303567E-37
4.3276708904184407E-19
1.0243401753753531E-16
1.1490272629777229E-12
1.4674782599164517E-12
1.9399497680558615E-12
2.2394479892290552E-12
2.51654448933542E-12
2.7999344957777312E-12
3.095579917772911E-12
3.4601053577563902E-12
3.877786259263073E-12
4.305448452135158E-12
4.801974134212656E-12
1.0116503461026017E-7
1.8890317706196548E-7
0.005366529838856439
0.011197672045841637
0.021636447173474165
0.029822482107798542
0.03893073471452975
0.045523317937781485
0.05080029404468659
0.05332583609312159
0.05484305256663745
0.05393411048050455
0.04512718858133531
0.041162728358300746
0.03443207138837536
0.030565527081903864
0.07806444276563462
0.06797591076552532
0.05688268875457983
0.04888507081703631
0.040613794375075174
0.03449233764082611
0.028590522180916136
0.024017551118247774
0.019823677718161004
0.016507889932045227
0.013567907754636713
0.011225075164417004
0.009196711869157095
0.007568565423665074
0.006185203531726721
0.005070629416300748
0.004133732286435862
0.003944808137682236
0.003310804088764697
0.0027444286121172607
0.0022276676943939703
0.0018100331372335173
0.0014585623824580449
0.0011819135340869979
9.50079054552147E-4
7.67993435684738E-4
6.179156420908838E-4
5.003177508581385E-4
4.0252041924866895E-4
3.2471645530369423E-4
2.607693060011078E-4
2.09612635271549E-4
1.6800463003428288E-4
1.348068395544386E-4
1.079886994421605E-4
8.662334580145041E-5
6.942336375727359E-5
5.5715395749876816E-5
4.469371542942331E-5
3.589715423526351E-5
2.8825205713308092E-5
2.3171073338556974E-5
1.862383821339271E-5
5.030312519878627E-4
4.6119092519155325E-4
3.9957676215189597E-4
3.118468816698318E-4
4.8482256054587267E-4
4.1216327918009913E-4
3.488284511244462E-4
2.731206727783235E-4
2.195987225671459E-4
1.745463550979937E-4
1.3831742440778647E-4
1.0751132741276049E-4
8.360475463253388E-5
6.341532186993217E-5
4.831738537846667E-5
3.610754078656114E-5
2.7185380574612594E-5
2.0177778162606248E-5
1.5423213330593514E-5
1.1435461743584298E-5
8.965419315458045E-6
6.8249254315217495E-6
5.277196303140337E-6
4.003917564432209E-6
3.057737772315924E-6
2.2815730084956468E-4
2.014442721120054E-4
1.940453845092714E-4
1.5660806500623057E-4
1.277421580570012E-4
1.7308432398801114E-4
1.5731198723379798E-4
1.3035852282696815E-4
1.4321241558655395E-4
1.2365125305271202E-4
1.0269487695772667E-4
8.210873678777223E-5
0.0031772740080262605
0.0028618547119097725
0.0026429822260756407
0.0022166403896238217
0.0019700248057564727
0.0016673764540406594
0.0014206786741748497
0.0011651668784318395
9.545897868915887E-4
7.591895259326234E-4
6.027928497514414E-4
4.6772476392099133E-4
3.628323883914994E-4
2.765611080586193E-4
2.1114313350476525E-4
1.5907902012207982E-4
0.02681458389245419
0.019037751293169057
0.021958920398002176
0.018221772603391976
0.016698366860983145
0.014909053549452236
0.016065035130825817
0.012320937708165738
0.01279061733389356
0.010214777598475309
0.009796573887378018
0.007736772830637458
0.006955884966162558
0.0055134271950747155
0.005041086578022039
0.004069197528473555
0.0034840677504934512
0.0027831687686782737
0.0023017685840463504
0.0018122645239691496
0.001459793064263072
0.006756556362335427
0.004959765618288843
0.006307878016119834
0.018504564892036356
0.017936055810789272
0.016030803715912468
0.01474007380525038
0.012681400795338282
0.011162770737205847
0.009452098563637793
0.008051755633970209
0.006693372284361033
0.005555889126320348
0.004536060773548157
0.003689191090451826
0.0033042196372952337
0.0026901177827535205
0.0022231404092209477
0.001776397057309366
0.0014321519743536945
0.0011313006556492367
8.986949914007178E-4
7.035098480174167E-4
5.529628736559097E-4
0.007666297034779792
0.005831379173286875
0.007189901935626136
0.005740404286847227
0.00658886157958682
0.005460831899827581
0.005347975391570622
0.004751855510478686
0.005432445732427234
0.004880919377817942
0.004870871924183117
0.004289127417152881
0.0037806595616637767
0.0035925231494471606
0.003093280668057918
0.0026631920036893734
0.0021960527687457576
0.011829166831029601
0.00959105776123638
0.009363665986309147
0.008031241995370992
0.007891460479909507
0.006694663298928125
0.0058624753976627576
0.004800006514138334
0.003965012489653255
0.0031407694249303304
0.010645284207882813
0.008234880819690307
0.009698805419703475
0.008267320860361709
0.007160475583806077
0.005736688647384426
0.005052405896141607
0.004062272407896454
0.003531647761113684
0.0028787479865283504
0.002422290168181725
0.0064566066531191535
0.005335373593020368
0.013720835833984497
0.012087181197671614
0.017490022746496275
0.01582438547787011
0.016249682604494914
0.014411722311910872
0.014772190143514172
0.012419992009389903
0.012407790197460545
0.010422455306482536
0.009937925348500925
0.008439838174475146
0.007712214490605384
0.006565416757488672
0.005819967612707889
0.004942901340523446
0.004294662068493119
0.003888888232815034
0.0033134666146735748
0.0029379824081851172
0.0024877359835611887
0.002138230192316942
0.0018042182879796239
0.0016176093213087477
0.0013584684196699004
0.0011851365367953346
0.00100957105369102
8.729551165252979E-4
7.4967355735557E-4
6.446939979799452E-4
5.557427342890206E-4
4.796177807564991E-4
4.125721782999668E-4
3.541566406026886E-4
3.028273541596815E-4
2.5804348043869925E-4
0.0027160771625792486
0.0021260535489343174
0.003275430061871149
0.002787916353825072
0.0029248685144067812
0.0024877462889808083
0.0023468298511402272
0.001985337922700384
0.0017810005493945178
0.0015245590733488107
0.0013348430877693246
0.0011407040545631114
9.842299525146306E-4
8.474626986901432E-4
7.247994057181143E-4
6.275127049868023E-4
5.388686146674282E-4
4.6846870316554824E-4
4.0471211436808954E-4
3.516863315228383E-4
3.034437985019677E-4
2.6262460903974494E-4
2.2551217101906293E-4
1.9356832782296102E-4
1.6521496891413106E-4
1.406446354560207E-4
1.1919656885822649E-4
0.0020746281951580813
0.0015809165273828335
0.0024317577696649295
0.002050259924791287
0.0021122151056293353
0.0017649148536238374
0.0016352040443388203
0.0027425779590596368
0.002225800293608685
0.0031112087285361683
0.0026036899259402834
0.002753390179677604
0.003339690044304075
0.0030317211382840767
0.005226061232705788
0.005093464932331971
0.005461123650730118
0.005092492557730357
0.004929817572003641
0.004781921720638729
0.004351011979122246
0.004398490437026827
0.003951659008519376
0.0036835659127392962
0.0032243920852995512
0.0028796577043555573
0.002482160686787587
0.0021614295282181444
0.0018398427186272917
0.001573134746707884
0.0013274712528662377
0.0011241947383292116
9.43250591029587E-4
0.0011868338255627943
9.591230569265497E-4
0.0014834329028681652
0.0013097927897307308
0.0013765825939059282
0.0011818783019226092
0.0011104814907062295
0.001222472769538211
0.0010468327585281309
0.0013552168805755144
0.0011976332339410922
0.0011903429262117263
0.0010221179854020242
9.342894996930416E-4
7.949672654025778E-4
6.96708357559712E-4
5.871725366412762E-4
0.001086651183597845
8.431996554385849E-4
0.0024228090089525663
0.0022128474829015638
0.0026496400003246205
0.002424185948093841
0.0024272213021579118
0.002161717679239175
0.001999820748943979
0.001744987210482206
0.001546335540496789
0.0013273548873645774
0.0011474683889888776
9.772575366766376E-4
8.340148400427252E-4
7.09259948146582E-4
7.755636217364531E-4
6.53429456161682E-4
0.0010585371598186668
9.892514512525057E-4
0.001084844155202392
0.0010765582517590735
0.0010460491191010184
0.0012062100657617566
0.0011484854362849165
0.0011208635674597725
0.0010107557329561037
0.005845887646600095
0.0045165306465382695
0.0054106371891088
0.004671848039700146
0.00412724770833472
0.0034474695300302687
0.003023507780126763
0.0024825714279080725
0.002090306526716193
0.0016900800745152235
0.0013770919268234073
0.0010971286855099508
8.770616421063865E-4
6.956234755210489E-4
5.678701836568122E-4
4.529509441594685E-4
3.660974971374792E-4
2.9181187315950016E-4
2.3363610677078146E-4
1.8583623283662993E-4
1.482438310381349E-4
1.1797364621926181E-4
9.415106503289736E-5
7.512044453787399E-5
6.02709511429847E-5
4.824623134222743E-5
4.010550011331419E-5
3.306031946208093E-5
2.765863413030063E-5
2.331085348747388E-5
1.9065215144897965E-5
1.576590415697533E-5
1.2885452101121047E-5
1.0575013939297463E-5
0.005553523053096989
0.004776078541261584
0.004237734253006331
0.003553511476747898
0.003241246649833171
0.0027319269815916643
0.00235299431004362
0.0019411371415424955
0.0016032884753365943
0.0012889885320436587
0.001031004909630478
8.09584400144606E-4
6.319621912237117E-4
4.869689205064202E-4
0.0025318649489151973
0.0018411529411946669
0.0022077306290333026
0.0025792506621722657
0.002260933662003023
0.002112980874071738
0.0017860504382568665
0.0015246834559190189
0.002354371964117424
0.002010506830766852
0.0017954304534770656
0.0014589837384062544
0.0011990402732736574
9.498231865656621E-4
0.028415160708573545
0.030172233728266173
0.035318428672730766
0.03233073126553407
0.03388660488892735
0.03209581068945562
0.0325824177962738
0.046189198012733704
0.04420443437078319
0.03973414309246376
0.03561884090676105
0.03106238116000352
0.02742423268847998
0.023679139082548664
0.02043933514468443
0.01730576958314418
0.02371319499046798
0.021459134986950353
0.021953144988927812
0.019762965477426186
0.017379024736022486
0.014636726296705984
0.012578231695959185
0.010585984659525762
0.008938854396547265
0.007495102549161933
0.0066892971705042915
0.005869978501425724
0.00502320742969549
0.0042605956968502145
0.004818291054605273
0.0042629899383180275
0.0040993073504135774
0.00360590286860107
0.0032097141132406345
0.00272618079242275
0.002310563147613745
0.0019025801414767624
0.0018718466225447934
0.001565663353468906
0.0014058903740183225
0.001141192983639552
9.592177066619702E-4
7.622504269311121E-4
0.01095261896248365
0.010295208617189048
0.01048622885486121
0.008773503882856533
0.007588927854874355
0.006725115182234948
0.005721250936996486
0.004841388151984178
0.004024481871908662
0.0032905657620374883
0.0026535139818176746
0.0021090978416570135
0.0016590772503739036
0.0012919844515551031
9.996065479698257E-4
0.006342985079091632
0.006352623542175214
0.006820487351430389
0.006121435334909623
0.005511257520262931
0.004887607807847671
0.004230766051196866
0.0035877792553583943
0.0030043896508353536
0.002476624914273381
0.002071733375735195
0.0016885192287605852
0.0014349903766217795
0.0012511161618716106
0.0010604347150434139
8.861168858410099E-4
7.274316041522849E-4
5.88958476998484E-4
4.7062145680653054E-4
3.71954561702499E-4
0.00250128147456712
0.0029938016593418723
0.0026748448095149035
0.0021617495372086687
0.0017177904241240992
0.001345727589844761
0.0010525290934191506
8.158011185307942E-4
6.290613430955528E-4
4.809785130909217E-4
3.6613039211860586E-4
2.7726508554127194E-4
2.0959755122380286E-4
1.5815857144110812E-4
1.1943038622284467E-4
9.025852237588472E-5
6.838489103809353E-5
5.194303743683783E-5
0.0018369567780691168
0.002059364333577744
0.0022572291710254945
0.001932295920263735
0.0016272136385527107
0.0013109201654646968
0.001053452053488473
8.291856769405006E-4
0.0017652521399112373
0.0016805567244370097
0.0016024203507066792
0.0014531000512958982
0.001190582002403601
9.51424360586566E-4
7.576575120301729E-4
5.967180681987184E-4
4.6435925269532703E-4
3.7398834727442765E-4
2.9082843308766255E-4
2.284232015956213E-4
8.441799919380172E-4
8.529906468293085E-4
7.102387825943259E-4
5.64832099504292E-4
4.616320604935468E-4
3.738055202350208E-4
2.9983107490720763E-4
2.370597761870916E-4
1.9195596550167148E-4
1.5083363160655846E-4
2.2425451065122577E-4
2.1264678697402884E-4
2.447517132371441E-4
2.3085062987005021E-4
2.3717703257897788E-4
2.191315163149809E-4
5.325171781153348E-4
5.187522094614042E-4
5.432887376831292E-4
5.08871871554088E-4
4.396997368853514E-4
0.012388330453483911
0.012991136731586382
0.012460280131923136
0.011258640819633072
0.010739741548691346
0.009819882334388281
0.008722420358230398
0.007718036110310713
0.006805222905858341
0.0058667266454677505
0.007639212673421677
0.007035634921427606
0.00627933148454716
0.005198236006782674
0.004367455370726806
0.0035392163395724092
0.0028698584160144415
0.002275134529500537
0.0017960413717560606
0.0013978651050815802
0.0010842326465073874
8.342172342698915E-4
6.410720535096619E-4
4.916877782938097E-4
3.773924793460865E-4
3.058845227865271E-4
2.4036122219823315E-4
2.0840557614134255E-4
1.6725654740415205E-4
1.4037265584357933E-4
1.115344612319856E-4
9.1065791766404E-5
7.172901136708394E-5
5.760190541419688E-5
4.5773971856555624E-5
3.6499348231247336E-5
3.718522667417557E-5
3.119099781685894E-5
4.229206201899507E-5
3.71985266239732E-5
4.197299837581632E-5
3.610031970261271E-5
3.492423745829395E-5
3.064393510226828E-5
2.7693380492434473E-5
2.5238972296932004E-5
2.2310005583544537E-5
0.0032011002181191097
0.003276716419145593
0.0031235544905162367
0.004029446443664311
0.003602203247386408
0.003342807916946653
0.00281413269648355
0.002383720529389948
0.013131618470384219
0.013660738516241043
0.020845278273230478
0.021353232504863
0.022959958909868936
0.022310245999175544
0.022216997352107585
0.0214813597920837
0.020751076681695672
0.019574028883990208
0.018816920204978337
0.018276714563439194
0.017780933533439847
0.016629401625818524
0.016004343321975516
0.015311587212956666
0.01474526795442657
0.013884054734709725
0.013049624855875578
0.012343109456296486
0.013420115901402872
0.012983891401872399
0.013197605032091945
0.012599389663385368
0.011378738861742914
0.010196742026720529
0.0091977037441528
0.008426386164981328
0.007654693467643378
0.006922672725300468
0.006765445628813877
0.006212843773895952
0.005620262235528543
0.004980992034088654
0.004382247638862338
0.0038231140286201417
0.003323069623577523
0.002880126254779616
0.002495055766519605
0.002162623888369944
0.0018778122835356372
0.003186555233449689
0.003074172172160073
0.0028461895307194023
0.0024407790039022983
0.00209055241003064
0.001771908137268003
0.0015227046678072567
0.0013055090832257946
0.0011218462089295095
9.625053215866321E-4
8.269917077698602E-4
7.115603264598002E-4
6.146583046628223E-4
5.365172658151897E-4
4.6973752808298713E-4
4.1431653609010804E-4
3.6476454925118816E-4
3.216175697556302E-4
2.832542194176289E-4
2.4964514074354117E-4
0.0014471658486270424
0.0014579381522918603
0.0013708549796854531
0.0011464338776249697
9.565530109345776E-4
7.792599314124833E-4
6.370367881270992E-4
5.193289961677136E-4
4.2604901831979415E-4
3.5126255170271495E-4
2.9199606950571524E-4
2.446010373304886E-4
2.0661870566668784E-4
1.7586380839052908E-4
1.5075912738793436E-4
1.300431405149377E-4
1.127846307515323E-4
9.826426961746615E-5
0.0010406118720715765
0.0010073908415720227
9.294439447610734E-4
7.587755327060552E-4
6.217736591668998E-4
4.980555499342898E-4
4.015786948828171E-4
3.2339269637171765E-4
2.626247408949382E-4
2.1463953452447354E-4
1.7713247492420772E-4
1.4746909969134243E-4
1.2392846920306218E-4
1.0502073571993302E-4
8.973199242714831E-5
7.716545630428678E-5
6.769968382972337E-5
6.138726719962154E-4
6.121095186785192E-4
5.690061644391196E-4
4.7199711674650216E-4
3.897659379384724E-4
3.146270805970421E-4
2.545237866355094E-4
2.0540921199396506E-4
1.667916501660285E-4
1.3619038470602182E-4
1.1218056446214449E-4
9.319303048380915E-5
7.812957430991474E-5
5.287282513233601E-4
4.894182828824053E-4
4.818379550153772E-4
4.0637204815629845E-4
3.4098232226226276E-4
5.868754997208172E-4
5.632291340070197E-4
5.439981412198309E-4
5.004872113169985E-4
4.295890934959862E-4
3.606669403018595E-4
2.992169198031919E-4
2.462735197885393E-4
2.0126585257495774E-4
1.6380839600836883E-4
1.332199544834601E-4
1.0858515116144356E-4
3.174972260001048E-4
3.117962369234936E-4
2.6556196471020906E-4
3.006827811287002E-4
2.725902308810634E-4
2.3175079959920832E-4
1.9088252497847976E-4
3.1833141586717255E-4
2.9465764729858554E-4
2.810262188099512E-4
2.530776128357325E-4
2.5224664390496464E-4
2.0845456844600937E-4
1.7433354976483634E-4
1.420192481292205E-4
1.1605924156580522E-4
1.9013784957521343E-4
1.738191122647509E-4
1.4374971048391143E-4
1.1377727865706184E-4
9.181846650291843E-5
7.375647073443692E-5
5.974511520509623E-5
6.593130406890562E-5
1.3034696493073334E-4
1.3372661055350226E-4
1.2138011573893986E-4
1.0934115214095468E-4
9.522276394075694E-5
8.261905753559439E-5
7.015010482556445E-5
5.918005091536624E-5
4.9167549484359034E-5
4.060241885026866E-5
3.318183507279821E-5
2.7007152116162617E-5
2.1844923917882626E-5
9.017775041035071E-5
8.401180017957277E-5
9.503601972280611E-5
8.214549520023747E-5
7.313539618606361E-5
6.751019673366257E-5
5.805192579731415E-5
5.059645880425682E-5
4.3664108838449064E-5
3.81763455024019E-5
3.2509837760518404E-5
2.72735154215881E-5
2.5436874576603763E-5
2.2257323895846718E-5
1.9798098772921922E-5
1.7051933384442422E-5
0.0019385534534325625
0.002057087606038154
0.0020689673072232457
0.0019042187552599195
0.0016661187338393162
0.0014868788021198877
0.0013459851949161532
0.0016862764762285356
0.0016092606027091427
0.0014780994640048231
0.001326801659778829
0.0011685399560209004
0.001015820178920967
8.686657853929931E-4
0.0013825540420751184
0.0012751213180418597
0.0014238782182221814
0.0012494970438351
0.0011145652535635544
9.33004220432369E-4
8.006009962907145E-4
6.70335253852507E-4
5.815124618287127E-4
4.957949300318832E-4
4.246060446077587E-4
3.584788263129412E-4
3.017446425792378E-4
2.5427293426628775E-4
2.168844299028318E-4
1.842896574201464E-4
1.5654097001111832E-4
1.327581264385632E-4
1.1269183378764E-4
5.888404997158047E-4
5.454167594823868E-4
4.96765047415435E-4
4.064050520677953E-4
3.473036934199591E-4
2.908476625129862E-4
2.498875911383058E-4
2.0922316035843993E-4
1.7501696808459722E-4
1.447784834520719E-4
1.1950503279463314E-4
9.8498151468459E-5
8.139581995689973E-5
6.753875262167096E-5
5.636771819371306E-5
4.7342449303245225E-5
4.002382766276384E-5
3.404792708878652E-5
2.9131102556074E-5
2.505108346014621E-5
2.16374833455507E-5
1.875878892346236E-5
1.631387915313067E-5
1.4224200987175521E-5
1.2428408557904068E-5
1.0877995368259108E-5
0.027133008022914164
0.023681327969216272
0.032904907516618155
0.030640329317791763
0.033718766642469235
0.03242306620009233
0.03474814827177632
0.030262590102553583
0.027189757994701077
0.022500752864221298
0.04126716742297024
0.03633814953025787
0.034898025756197285
0.030289916311332623
0.02664645474095104
0.022220036472210294
0.023565264680213843
0.019402549710813753
0.01775339685456632
0.01481294271979994
0.013081011053970209
0.011886576608327164
0.011247860019272858
0.010811958631758697
0.010352595868772919
0.010046742191126709
0.009711425554338729
0.009467868044651863
0.009225155459995967
0.009014443929223244
0.008744321846547654
0.00853289443041595
0.008256613875753901
0.008054975000456772
0.0076199027560186604
0.007370437437237373
0.006534965569284197
0.005815428005388883
0.005234774857869504
0.00455180160171233
0.00391706143785375
0.006437406813569934
0.006298898713558999
0.005913449535799059
0.005132030416200168
0.004344551208577392
0.0035713120848259133
0.0028886074162709752
0.002303219975387654
0.0018200103436026513
0.0018781113590087498
0.0015498663103104878
0.0015190217536926874
0.0012689510120558278
0.0011290532484932833
9.371309754105132E-4
7.986167372283006E-4
8.206570384946181E-4
7.06190547586172E-4
6.3197226836891E-4
5.337040079178798E-4
4.554620891263986E-4
3.807433739010778E-4
3.205760851685039E-4
2.6814017495719916E-4
2.2611669522255642E-4
1.9073895280242672E-4
0.004583566317179385
0.004404156626097663
0.004245859474988433
0.0034843821726762347
0.0028241783956799637
0.002187119853787317
0.0016725464915126067
0.004043361948924566
0.0035720719861863704
0.0032519127068293043
0.0026099890713950856
0.002073841043362403
0.001753428155863391
0.001359828373854021
0.0010992521762970904
9.305397314213471E-4
7.473705920468349E-4
6.150518082129773E-4
4.900017465698794E-4
3.9030026552113936E-4
3.059049379396992E-4
2.3909426498892476E-4
0.002271132523220684
0.002072188024758132
0.00195969669308249
0.012541591339857435
0.011420171705927086
0.012495595920777907
0.011542427815760979
0.00954811032068955
0.007742423870004223
0.006154967179174826
0.004803532623825486
0.0036912551381791353
0.0027950572909609126
0.002097437299146578
0.0015592804950087034
0.0011549083951752188
0.0015957708897167172
0.001288878306382664
0.0010915524633354336
8.505865559261895E-4
6.665830925305156E-4
5.078700807737067E-4
3.8605141798832575E-4
0.010414118367975374
0.00912451166831305
0.009158679311169685
0.008034905149192847
0.006840159199543414
0.005545598388894739
0.004444882766554796
0.0034651420116550923
0.0026754714391001833
0.00777128427739892
0.006631013098412074
0.006548314823380885
0.005116274248893486
0.007251801125686445
0.005996427667436959
0.0067957896379069365
0.0055804510352349635
0.005102765618331513
0.004067981301354636
0.0033818761895119446
0.002632341837733145
0.0036414766492065915
0.0029603560448405826
0.002954992255542869
0.002385480892999798
0.002042531072886911
0.001610755857393536
0.0012861805118355772
9.874493526318764E-4
7.57244792480373E-4
5.685115818861333E-4
4.252849486148206E-4
3.144632116460531E-4
2.3201337915113105E-4
1.70274257399446E-4
1.2504386357353617E-4
0.0047527949651703025
0.004056126332825492
0.004222549529440317
0.0034462966918398395
0.002857488948622756
0.0022455071521633014
0.001745556480214346