
0.0
9.424592737478099E-29
9.359208542488085E-10
1.1062518976994764E-6
3.956165272173586E-6
5.108578636190878E-7
8.900466466847828E-8
2.3221713644785695E-8
8.839530599680814E-9
4.008903862945347E-9
3.078169931834684E-9
2.6527181610228096E-9
2.9475839649424812E-9
3.0272434762056805E-9
3.279365096161984E-9
5.6205113020499E-9
6.037242508895257E-9
7.850610326507347E-9
7.55794583117061E-9
8.536249745746307E-9
7.760303102979123E-9
8.487181443715357E-9
7.452669232589379E-9
6.8569224866492105E-9
5.744154432088745E-9
4.969061887403913E-9
4.037667663618728E-9
3.3914319242017566E-9
2.7049983499878387E-9
2.23220100801259E-9
1.764038387061728E-9
1.436523949442624E-9
1.128594021943783E-9
9.092564609452981E-10
7.111914729667271E-10
5.677389246220498E-10
4.4232688247398773E-10
3.5025124443432703E-10
2.718176787507385E-10
2.1369337458682525E-10
1.6521174174045484E-10
1.2904961889147807E-10
9.942574155450805E-11
7.723844049094767E-11
5.929727084302008E-11
4.585476461626394E-11
3.51128497610373E-11
2.7067571101772296E-11
2.0702983191109644E-11
1.5933682223803524E-11
1.2184435199058182E-11
9.372484890941117E-12
7.181904133765718E-12
5.531570874119246E-12
4.242077027578282E-12
3.2651249584954835E-12
2.509382853336151E-12
1.9409921564213363E-12
1.5014494342673894E-12
1.1708808424610158E-12
9.156131499157873E-13
7.231348406366493E-13
5.742123107186456E-13
4.617316689455422E-13
3.7546146768708986E-13
3.088855143548498E-13
2.5675837979132417E-13
2.1622525513083005E-13
1.8400148359184484E-13
1.584745781192172E-13
1.3778701057130196E-13
1.2102444803128007E-13
1.0714914125369794E-13
9.564186897718612E-14
8.591726883661886E-14
7.76716333757633E-14
7.056770817243066E-14
6.466103529324005E-14
5.928719704208289E-14
5.4578350588290155E-14
5.036447291723535E-14
4.6599107758808424E-14
4.323945352595604E-14
4.0197807162992293E-14
3.742544706672469E-14
3.488236700404862E-14
3.107011256037245E-14
2.503587349421847E-14
2.3162079607601328E-14
2.1350624229573215E-14
2.0463377135765357E-14
1.9379868683982545E-14
1.845454346530008E-14
2.0636375832740505E-14
2.0215080930388803E-14
2.2991009992635847E-14
2.371280015139212E-14
2.436199669014531E-14
2.3689496796734854E-14
2.266253950826745E-14
2.2379906047879104E-14
2.173014783683816E-14
2.130626868476022E-14
2.0343447696534518E-14
1.9895344664354532E-14
1.684159781645718E-14
1.5686764818048443E-14
1.4038751379196802E-14
1.2741874135169172E-14
1.1440658801295347E-14
1.0303832781176874E-14
1.0557032806215901E-14
1.0780937084921264E-14
1.1309249415672477E-14
1.1316119962193566E-14
1.1078870031672898E-14
1.0453107867420563E-14
9.671881559024817E-15
8.917496669612582E-15
8.001309598845055E-15
7.162158054335702E-15
6.144465280891275E-15
5.512213614226288E-15
4.844513473033782E-15
4.345894435372424E-15
2.422645640354179E-14
3.690469570735442E-14
5.6023281259030045E-14
6.407451260582462E-14
6.960806568228034E-14
7.517758155361327E-14
7.001861032833605E-14
6.309589030113224E-14
6.33875926247301E-14
5.950752243277422E-14
6.485876085782672E-14
5.858169173717353E-14
5.706493480065167E-14
4.989614296333337E-14
4.696458372392246E-14
3.9414797943144895E-14
3.4158195452253685E-14
4.1557590047824364E-14
4.405046444543276E-14
5.1732478242224625E-14
5.330193702457154E-14
5.599191909981519E-14
5.4310690599148263E-14
5.242904468337253E-14
5.383155306893043E-14
4.7898954087930105E-14
4.321766232363897E-14
3.714287843656264E-14
3.1977739799172046E-14
3.2331373116640966E-14
3.102040700071386E-14
3.4642733171163945E-14
3.4414605482141264E-14
3.589499174202273E-14
3.3916619979746746E-14
3.497902872359726E-14
3.318516669978881E-14
3.268965065528947E-14
3.1689384022491313E-14
3.0265734141142846E-14
2.900861276001715E-14
2.970644536867346E-14
2.6396848862380444E-14
2.5935722918522764E-14
2.193866140445422E-14
1.9754070678527118E-14
1.6816948659439156E-14
1.4543173698461264E-14
1.582202610470679E-14
1.492909068607038E-14
1.708297661510342E-14
1.723105079028023E-14
1.8084920934302885E-14
1.7178536875030423E-14
1.6438075916636777E-14
1.5848924135523866E-14
1.4964475836039807E-14
1.524316727065782E-14
1.4878877272932174E-14
1.5098388992862673E-14
1.450495034459534E-14
1.4620221475133343E-14
1.3118347317428542E-14
1.2246655444257041E-14
1.0828680860999176E-14
9.622359005924736E-15
8.941304326102626E-15
8.413104154133603E-15
8.999038262630614E-15
8.789333403932217E-15
9.177013794779951E-15
8.892513385429704E-15
8.580614703765209E-15
7.93303797136826E-15
7.216925905550352E-15
7.005555367390072E-15
6.746503118161429E-15
6.757949774607892E-15
6.6965201637969155E-15
6.834855222912043E-15
6.695995457782241E-15
6.602890999517818E-15
6.158752884297729E-15
5.7334322099786465E-15
5.568394213546538E-15
5.357804861677728E-15
1.3279710299374974E-14
1.975727494135707E-14
2.7363722904052225E-14
3.094790726002498E-14
3.332636641692927E-14
3.401438188827184E-14
3.290216309942221E-14
3.089813424801113E-14
2.823698834701874E-14
2.5508554321633054E-14
2.889486816520484E-14
3.069341971395116E-14
3.4150302440721316E-14
3.501367648010271E-14
3.522878894180693E-14
3.375323943659566E-14
3.290660565239164E-14
3.0997134942108154E-14
2.945059120629264E-14
2.7171503207977305E-14
2.4991623755238323E-14
2.249982477386674E-14
2.0150685189123862E-14
1.779692450563234E-14
1.5741741131213494E-14
1.3663596171699489E-14
1.1875162259853263E-14
1.020702444651934E-14
8.770594458782507E-15
9.578205662697172E-15
1.0092581452588276E-14
1.1418872585937087E-14
1.174097664068609E-14
1.194175256777465E-14
1.1392139584172867E-14
1.069695511557249E-14
1.1312666498903585E-14
1.0835373685202327E-14
1.1336182921439202E-14
1.0896883789379544E-14
1.1034545090068241E-14
1.0045918804254251E-14
9.376840110855554E-15
1.125600387306131E-14
1.1945708295013506E-14
1.3863958291685012E-14
1.4276956147839784E-14
1.5809639225929135E-14
1.577614320015792E-14
1.699415028392272E-14
1.6096156837508503E-14
1.5846109109246355E-14
1.4747356702140662E-14
1.3683883885284372E-14
1.3071891658477997E-14
1.1376109777524841E-14
1.0758119363081984E-14
9.736432383657254E-15
9.078522691379907E-15
8.263669350129887E-15
7.52348253140862E-15
7.067650886463973E-15
6.634491850403443E-15
6.281481964303072E-15
5.857215767268442E-15
5.388136561601184E-15
4.866690253565964E-15
4.32416296686892E-15
3.787280588996598E-15
3.276589994281968E-15
2.810043205718E-15
2.395968872817893E-15
2.036690983035027E-15
1.7318398887822668E-15
1.475205973909074E-15
1.2650359995719062E-15
1.0913985917335804E-15
9.510500096104886E-16
1.8348142363158625E-15
3.0407969946953965E-15
4.396638077222926E-15
5.484876057370503E-15
6.1296260898627785E-15
6.393951649176881E-15
6.412901510870785E-15
6.191688462101726E-15
5.858794203620852E-15
5.426786931212566E-15
5.170612854678215E-15
5.0101847399158156E-15
4.77547807743985E-15
4.554845907734153E-15
4.189927423592556E-15
3.923451460016923E-15
3.64379148742486E-15
3.385502104238013E-15
3.2759168196130428E-15
3.191328600050158E-15
3.0966467215522958E-15
2.961103148162635E-15
2.8373300250658434E-15
2.710423157353487E-15
2.5491684070155233E-15
2.3702379147295998E-15
2.1542459881314912E-15
1.9295344567001846E-15
1.7603917671167951E-15
1.6286303088330163E-15
1.503429514014903E-15
1.3889188517363141E-15
1.295782537390946E-15
1.221479009458071E-15
1.1374520565402637E-15
1.0563525227074827E-15
9.5897281797863E-16
8.626862711839774E-16
7.952971087528143E-16
7.630695892987441E-16
7.191232017554255E-16
6.885450608445716E-16
6.549748211434953E-16
6.25514544171145E-16
5.945732769898969E-16
6.664657989887564E-16
7.84945094991321E-16
8.816640377139275E-16
9.6387730156755E-16
1.0010627915558808E-15
9.837681763833717E-16
9.234421205069099E-16
8.501342808249489E-16
7.809127055155486E-16
7.144968186073224E-16
7.321148998449636E-16
7.749474861028941E-16
8.198084490096851E-16
8.579280363850132E-16
8.570927132661106E-16
8.842633615174921E-16
9.032091163529046E-16
9.046314189397161E-16
8.881659029273357E-16
5.09758417083048E-15
1.029366176517145E-14
1.649361603693418E-14
2.0362451262558817E-14
2.418786702001005E-14
2.679724638367673E-14
2.7493330987654334E-14
2.744718706087782E-14
2.6102904126828413E-14
2.6388118743443933E-14
2.5083880910350957E-14
2.4386832765327054E-14
2.2221816072088418E-13
3.3739222781902417E-13
5.010689651569994E-13
5.744950638934335E-13
6.257273659651734E-13
6.343273209631562E-13
6.226661991367646E-13
5.908863662515347E-13
5.437597943241841E-13
4.912748471894447E-13
4.342756263344266E-13
4.167637727493901E-13
3.884471187523365E-13
3.7934570491823693E-13
3.5310195503123913E-13
3.3054213733059574E-13
2.9715906514718686E-13
2.6535485485131094E-13
2.3070336580176764E-13
2.0795889100152007E-13
1.766868451258662E-13
1.507249944292378E-13
1.2567106016745174E-13
1.0475084997166474E-13
1.8612698714062967E-13
2.2191943626994523E-13
3.0796399114468497E-13
3.4336898118517926E-13
3.7502615546043517E-13
4.0049696355953766E-13
3.917355959904402E-13
3.803879050720438E-13
3.4682043418665877E-13
3.13503456610994E-13
2.752650702437633E-13
2.40510489663202E-13
2.1670739825012575E-13
1.913541794772831E-13
1.7548063940570555E-13
1.5739957381553744E-13
1.4350615206660545E-13
1.28219417127466E-13
1.1771983729933333E-13
1.0380279572010684E-13
9.156877562643539E-14
7.915771035399018E-14
6.84776085783416E-14
1.1806047740231095E-13
1.404792006602282E-13
1.9777289873926126E-13
2.0575775862771764E-13
2.1022787554315326E-13
1.9322714631427893E-13
1.7449845217889564E-13
1.5032938629327289E-13
1.2824953132386532E-13
1.1409643450340225E-13
9.916554307038982E-14
9.232906732687952E-14
8.099041471937201E-14
7.323115237914368E-14
6.357865066716073E-14
5.589618781731172E-14
8.95340859162516E-14
1.0836804951005216E-13
1.4000156344164938E-13
1.471539370177996E-13
1.5255520256539817E-13
1.5729141133327557E-13
1.5500792778732798E-13
1.5077555323265293E-13
1.4395123518607506E-13
1.3366292484937662E-13
1.2982796325704275E-13
1.2135676500144728E-13
1.1718105442353145E-13
1.0997611891101713E-13
1.0325173348014085E-13
9.485652268123211E-14
8.630699988165765E-14
7.729032961166777E-14
7.323019372871193E-14
6.700023054368693E-14
6.432574143932672E-14
5.920116110637434E-14
6.052423086237552E-14
5.343910115300559E-14
4.8434639303672996E-14
4.213392082330871E-14
4.2110341550971757E-14
3.766339590995402E-14
3.6337141426111343E-14
3.619711419604932E-14
3.539294718573879E-14
3.64113212479356E-14
3.54769944883093E-14
3.6189228476627924E-14
3.49886065401306E-14
3.417454928567491E-14
3.197726637652759E-14
2.9727056679819385E-14
2.6904063112075547E-14
2.5716899172950095E-14
2.3860162966324536E-14
2.3151322583449442E-14
2.173877496161339E-14
2.219738985166428E-14
1.9573131120100807E-14
1.855669208194653E-14
1.6663359730122262E-14
1.518794224997526E-14
1.3605491988354669E-14
1.2087625587087228E-14
1.2376917036316388E-14
1.2235254819669243E-14
1.2841857334821193E-14
1.3127899358517997E-14
1.3294857971177983E-14
1.3230354420940226E-14
1.2794663590946376E-14
1.2187356457796668E-14
1.1328270493068869E-14
1.0394863520294634E-14
9.386897385369312E-15
8.3808643952398E-15
7.520370453064731E-15
6.57721675130527E-15
5.742535705647837E-15
4.9598700072413896E-15
4.275705009107337E-15
4.007738536223753E-15
3.962328667382157E-15
4.026937465906282E-15
4.075858868135033E-15
4.031650602231888E-15
1.3285481178722854E-13
2.0714649668541461E-13
3.5512651266568985E-13
4.247132275800629E-13
5.085345033368477E-13
5.424881787209788E-13
5.582405888198353E-13
5.440503593656786E-13
5.125243073185661E-13
4.680376713981353E-13
4.173915752389882E-13
3.6761591770567167E-13
3.173924529421666E-13
2.7031542178137575E-13
2.8913166448827825E-13
2.8558391369648805E-13
3.1000179268200574E-13
3.2439926858126514E-13
3.1591229886003927E-13
2.878526570191344E-13
3.4714552213470445E-13
3.5952312437134476E-13
4.076990388580734E-13
4.101553255645478E-13
4.1130088175041244E-13
3.870291605151717E-13
3.9852057055099815E-13
3.578947947618572E-13
3.123977723062477E-13
2.677278415699178E-13
2.2765141152335365E-13
1.922985936231292E-13
1.619355758346338E-13
1.3620437464928384E-13
1.1496045058071354E-13
9.679218721312273E-14
8.17320245776479E-14
1.1117175518904702E-13
1.2133126207384552E-13
1.5243513456998054E-13
1.5655421294018783E-13
1.6252476673372062E-13
1.5213474680869317E-13
1.5953385510461961E-13
1.3779736046293372E-13
1.1859019030460937E-13
9.879070230479406E-14
8.230698031031024E-14
6.871474669392516E-14
5.71757087928935E-14
4.818197915477691E-14
4.0168494245770815E-14
3.4180467137759446E-14
8.784295034795154E-14
1.132693806261776E-13
1.6814555368918885E-13
1.8420344909141531E-13
2.0439806303108722E-13
1.9986908130652976E-13
2.153114974381412E-13
2.1197750953652312E-13
2.0535932930995356E-13
1.9484985885893335E-13
1.8291578219906637E-13
1.6423503698534523E-13
1.4354010530682243E-13
1.238095698061043E-13
1.0517488832932301E-13
8.963500321561411E-14
7.641851183641012E-14
6.641633256481353E-14
5.829139024885478E-14
5.179136203926886E-14
4.6229200453929076E-14
4.121777013701068E-14
3.66837447071382E-14
4.587204745928207E-14
4.993378766683341E-14
6.38820907374795E-14
6.812709403765967E-14
8.079083270386805E-14
8.180150246569236E-14
8.08178306205735E-14
7.659261489235749E-14
7.036337638453621E-14
6.323844490808985E-14
5.563918120607533E-14
4.8409039689359924E-14
4.162124438168979E-14
3.5622084326008205E-14
3.3450513986618736E-14
2.7323844444602536E-14
2.802116603319332E-14
2.690923217389238E-14
2.8537070599164907E-14
2.7601395793802007E-14
2.7067680535258886E-14
2.503348841155488E-14
2.294967572971644E-14
2.301809953708706E-14
2.2128677919907818E-14
2.3860708859893205E-14
2.2274807506348666E-14
2.189464263347916E-14
2.0232816696029714E-14
1.869227841179111E-14
1.822289649701284E-14
1.7490760268584664E-14
1.7244217068201376E-14
1.6459100899416137E-14
1.5638327854943274E-14
1.4477597126305654E-14
1.3266433315581894E-14
1.1960385407008722E-14
1.0675363100046368E-14
9.438828107704148E-15
8.258005105989017E-15
7.314336814379312E-15
3.967127773546526E-14
5.889791231063264E-14
1.0566220328683807E-13
1.2652070741240515E-13
1.5116029408280764E-13
1.5741972358172126E-13
1.582907094598172E-13
1.509332927350597E-13
1.3953224761309267E-13
1.2576311437020444E-13
1.229832914462066E-13
1.2836378699435978E-13
1.2835557912941564E-13
1.199862825662221E-13
1.1437410070433143E-13
1.033969712542596E-13
9.392444616814348E-14
8.23390729031404E-14
8.161337242307286E-14
7.081542834119743E-14
6.268801472495607E-14
5.310204607699723E-14
4.5618107613170896E-14
3.73739767823141E-14
3.113302550797712E-14
2.584208925204857E-14
2.1543052191476533E-14
1.810383851936839E-14
1.5387884583258463E-14
1.330881072422412E-14
1.1688516936064643E-14
1.0410680974592255E-14
9.367072660383594E-15
8.608179343877621E-15
7.872900792550523E-15
1.4009105085561626E-14
1.8670853882241752E-14
2.5866471694062262E-14
2.859939756290868E-14
3.0729853221403065E-14
2.970417924086475E-14
2.800890153835229E-14
2.740858595831839E-14
2.7701091594964057E-14
2.7253343927371862E-14
2.8168515278426434E-14
2.718882435844627E-14
2.633616604063625E-14
2.424032675399935E-14
2.2132990251467012E-14
1.9634821209368778E-14
1.732224161635178E-14
1.5081052336497048E-14
1.3089575193614004E-14
1.503075892396623E-14
1.5929078969775195E-14
1.8345689231635476E-14
2.0429330782725346E-14
2.2914604232428552E-14
2.3195229840056683E-14
2.2868463451957248E-14
2.1625600728472658E-14
2.1960799571126444E-14
2.0527039385844183E-14
2.005354860682524E-14
1.8482396966381252E-14
1.713210285298077E-14
3.856769934957294E-14
4.953938215305674E-14
7.162718421091612E-14
7.952988115660702E-14
8.645825658890555E-14
8.44746481653619E-14
8.013826818060861E-14
7.24530039254208E-14
6.417278540796688E-14
5.550175587445618E-14
4.7424698718633644E-14
4.0062176089727565E-14
3.3664731517269076E-14
2.8183681966726588E-14
2.6574095608183487E-14
2.1546975247469076E-14
1.8631175189252826E-14
1.507409318710597E-14
1.2543404335031828E-14
1.036636035099409E-14
9.066450995997982E-15
7.301066740913794E-15
6.1976705717739576E-15
5.259789760255131E-15
4.7913776932957226E-15
3.982319911838582E-15
3.5966301314790994E-15
3.1414217574375117E-15
2.8133512306305882E-15
2.558076736844914E-15
2.2970456784948385E-15
2.0910914551860978E-15
1.908096026908595E-15
1.757403139365564E-15
1.625315659763458E-15
1.5111632333475797E-15
1.4012911066334258E-15
1.3117760025633683E-15
1.2101766155359567E-15
1.1340366361040526E-15
1.0565466022994126E-15
9.929375997877408E-16
1.749186867095258E-14
2.848400600258674E-14
4.129610910429183E-14
4.349618735200174E-14
4.529618012985192E-14
4.1783994854453617E-14
3.89069423770051E-14
3.3809999340171505E-14
2.9256486204214134E-14
2.4625016635404197E-14
2.0710837726563697E-14
2.878704088312536E-14
3.1179612335659E-14
3.797233195412378E-14
3.769713973821104E-14
3.779735344864489E-14
3.4424979678361384E-14
3.119842923726575E-14
2.7094214608175132E-14
2.3723259524837143E-14
2.0108932193774043E-14
1.7100043061463576E-14
1.4361456319129878E-14
1.2887848326784401E-14
1.853452417121184E-14
2.1721464446411583E-14
2.716820313516451E-14
2.8014220390594606E-14
2.84741489046516E-14
2.8865259658478015E-14
2.5633348496275204E-14
2.2846471550000853E-14
1.956182915793445E-14
1.672509744888369E-14
1.406022491721434E-14
1.1935584370163385E-14
9.964118676562663E-15
8.423336927748235E-15
1.1258181884509807E-14
1.3479985538259955E-14
1.8497839402876077E-14
2.0410505247936403E-14
2.2982212910734724E-14
2.287461157088879E-14
2.2682270121692314E-14
2.1155694078858885E-14
1.9542410945774663E-14
1.750438442685796E-14
1.8235552249508903E-14
1.7038229143161262E-14
1.765859023649918E-14
1.6922542944283822E-14
1.6542026125240977E-14
1.550726012896327E-14
1.433201884442339E-14
1.2900068919986975E-14
1.1457737075667875E-14
1.012164068976438E-14
8.938567077838532E-15
8.210577547475218E-15
7.0122306659450465E-15
6.3324740521607715E-15
5.460080754988549E-15
4.790405067780283E-15
4.347709958494033E-15
3.6239473177782724E-15
3.224901296785629E-15
2.773533124532205E-15
2.392656234041689E-15
2.041940014384458E-15
1.7592051046430548E-15
1.5076292940319339E-15
1.3740784176840698E-15
1.2921721426807277E-15
1.1668094304396123E-15
1.1738374639336908E-15
1.1791616906745979E-15
1.1831863261059994E-15
1.146472408215307E-15
1.1184336444500177E-15
1.0701876862079533E-15
9.496284802038106E-16
8.577764448057272E-16
8.583649388314719E-16
3.038806992551367E-15
5.552964415489649E-15
9.210265041476652E-15
1.2070262939882131E-14
1.5070770266968292E-14
1.68788093003706E-14
1.822681429462404E-14
1.8575815529313214E-14
1.8789753448255667E-14
1.8324666624459466E-14
1.8120566201289758E-14
1.7358814231914728E-14
1.6650970488299466E-14
1.5555039814559127E-14
1.4657455573310514E-14
1.3531080810579077E-14
1.250233172107169E-14
1.2002759457697054E-14
1.0608636362629907E-14
9.699611906409619E-15
8.489853082362771E-15
7.475604581159863E-15
6.452115707287775E-15
5.56784270206896E-15
4.975026624101927E-15
4.1680321864873945E-15
4.544726000242371E-15
4.744096487692023E-15
5.510802404989583E-15
5.984001994081609E-15
6.381409254134403E-15
6.563983105942024E-15
6.3272819562728975E-15
6.693802517235701E-15
6.532015945626581E-15
6.805893361059425E-15
6.6619029310699146E-15
6.555354354385845E-15
6.192023169101259E-15
5.775833011878678E-15
5.584579399207269E-15
5.405174468612127E-15
5.4667813299576585E-15
5.483337092948574E-15
5.716272020345094E-15
5.768563468386743E-15
5.782306353566612E-15
5.583982391246901E-15
5.394207968597748E-15
1.800400056530975E-14
2.8371534260236625E-14
4.155142627905142E-14
4.815992295761865E-14
5.270394009435608E-14
5.259984088748995E-14
5.0419350335979525E-14
4.63547403717203E-14
4.160254367191311E-14
3.745096945804633E-14
3.246306752300513E-14
2.8090633172875626E-14
2.3815443716109357E-14
2.0196899088042792E-14
2.443562734344218E-14
2.8093301175258876E-14
3.3833627188800885E-14
3.591738086839355E-14
3.7603293680393325E-14
3.617810721517455E-14
3.436805185888119E-14
3.0986310535004E-14
2.7621840237444425E-14
2.4050085279808934E-14
2.0950608735205284E-14
2.082220888479196E-14
2.0172003687871475E-14
2.0628824330601593E-14
2.0991392022549487E-14
1.9488077476187445E-14
1.815634608813999E-14
1.624770926231049E-14
1.6652641666859472E-14
1.6268404137010346E-14
1.6613560525706665E-14
1.593414923856701E-14
1.5223398313809784E-14
1.4043451461428994E-14
1.4044917183212681E-14
1.3605379806789328E-14
1.3544073283441909E-14
1.2906207278597405E-14
1.2220445138365013E-14
1.1169789710410266E-14
1.0096972430963731E-14
8.936433937362479E-15
7.825513135996053E-15
8.101050159427385E-15
8.102415166015194E-15
8.512362710961756E-15
8.419097083681564E-15
8.16732821714351E-15
8.325946604352649E-15
8.426013272629127E-15
8.242383788194128E-15
7.988078453316948E-15
7.462191377589118E-15
7.344549791489096E-15
7.024370264487872E-15
6.809069574760397E-15
6.4038381001580734E-15
5.947730792120375E-15
5.500090678894263E-15
5.0260433556195454E-15
4.578957403385327E-15
4.1336662956983555E-15
3.694914107443445E-15
3.27370588114819E-15
2.8760703469124234E-15
2.5264614626869204E-15
5.77258355435044E-13
7.956711488282571E-13
9.719556162496843E-11
1.4534724246664114E-10
2.326299476461689E-10
2.645054823117513E-10
2.8861583723384425E-10
3.0160698840349353E-10
2.99003024657199E-10
2.831951002978285E-10
2.5955663035190126E-10
2.41287980331072E-10
2.1669128050893085E-10
1.9757981573097137E-10
1.7454304264379846E-10
1.661573204816853E-10
1.507260386328605E-10
1.2897905669787918E-10
1.0945573017738452E-10
9.3238022511752E-11
7.869977874068668E-11
6.684756102547888E-11
5.629422895508212E-11
4.762557503089448E-11
4.305897946121685E-11
3.748233530850609E-11
3.074522169742554E-11
2.5402764831334426E-11
2.0844570253417987E-11
3.279170619783357E-11
3.614800541694946E-11
4.763568681935975E-11
4.8423832371297636E-11
5.30029754501358E-11
5.040172946793637E-11
5.744025346234058E-11
5.59997865278689E-11
6.044358586288316E-11
8.889421560471796E-11
1.053336816004296E-10
1.271752317218002E-10
1.3273961330103993E-10
1.3839015946003042E-10
1.348170234582873E-10
1.3105011333470916E-10
1.2261235816551513E-10
1.226919176023334E-10
1.1689349337473204E-10
1.0608491473027128E-10
9.431882910760404E-11
8.16058421144575E-11
6.958712140635696E-11
5.905542749602104E-11
4.978299440751527E-11
4.1847824241602604E-11
3.51221124838876E-11
2.950688176503139E-11
2.4825956734577434E-11
2.2687078265100928E-11
2.728787102434935E-11
2.9046309062999262E-11
3.284924706816999E-11
3.3530474948382575E-11
3.427573387241652E-11
3.268111246694287E-11
3.093755829514088E-11
2.8048537440784675E-11
2.5511398734219658E-11
2.2540194389758977E-11
2.0043955409478383E-11