
0.0,0.0,0.0,0.0,0.0,0.0,0.1029580795733647,
0.0,0.0,0.0,0.20410288924831607,0.0,0.0,0.4498689923210569,
0.0,0.0,0.0,0.27672184769789887,0.0,0.0,0.5354043807260441,
0.0,0.0,0.0,0.3072040665459067,0.0,0.0,0.6638410742222897,
0.0,0.0,0.0,0.37033745186809736,0.0,0.0,0.8094606950022788,
0.0,0.0,0.0,0.4165598463263832,0.0,0.0,0.8510103697399163,
0.0,0.0,0.0,0.46864890134586173,0.0,0.0,1.2027920839070525,
0.0,0.0,0.0,0.46864890134586173,0.0,0.0,1.5005703575388034,
0.0,0.0,0.0,0.47488382727750234,0.0,0.0,1.6626795608127516,
0.0,0.0,0.0,0.47488382727750234,0.0,0.0,1.7451299165699752,
0.0,0.0,0.0,0.49080282620669846,0.0,0.0,1.7451299165699752,
0.0,0.0,0.0,0.6457701057670728,0.0,0.0,1.7451299165699752,
0.0,0.0,0.0,0.6457701057670728,0.0,0.0,2.0219917343548865,
0.0,0.0,0.0,0.6457701057670728,0.0,0.0,1.7182980971016957,
0.0,0.0,0.0,0.6924923203292253,0.0,0.0,1.7182980971016957,
0.0,0.0,0.0,0.7445726735955827,0.0,0.0,2.042499319055509,
0.0,0.0,0.0,0.7521698614659332,0.0,0.0,2.1414919222674014,
0.0,0.0,0.0,0.7521698614659332,0.0,0.0,2.1414919222674014,
0.0,0.0,0.0,0.7521698614659332,0.0,0.0,2.183204372027698,
0.0,0.0,0.0,0.8199539660624272,0.0,0.0,2.2663416096754574,
0.0,0.0,0.0,0.8199539660624272,0.0,0.0,2.2332156904928846,
0.0,0.0,0.0,0.8199539660624272,0.0,0.0,2.1167335137600274,
0.0,0.0,0.0,0.8199539660624272,0.0,0.0,2.2347837481148276,
0.0,0.0,0.0,0.8199539660624272,0.0,0.0,2.200301628034142,
0.0,0.0,0.0,0.8199539660624272,0.0,0.0,2.3303570282126946,
0.0,0.0,0.0,0.8199539660624272,0.0,0.0,2.3303570282126946,
0.0,0.0,0.0,0.8647110281134603,0.0,0.0,2.3303570282126946,
0.0,0.0,0.0,0.8647110281134603,0.0,0.0,2.2001928513483797,
0.0,0.0,0.0,0.8647110281134603,0.0,0.0,2.4623901005362745,
0.0,0.0,0.0,0.8647110281134603,0.0,0.0,2.5978076984782295,
0.0,0.0,0.0,0.8647110281134603,0.0,0.0,1.899959606283842,
0.0,0.0,0.0,0.9230160214839797,0.0,0.0,1.899959606283842,
0.0,0.0,0.0,0.9230160214839797,0.0,0.0,1.8523717150699284,
0.0,0.0,0.0,0.9684692759698847,0.0,0.0,1.8523717150699284,
0.0,0.0,0.0,0.9684692759698847,0.0,0.0,1.8523717150699284,
0.0,0.0,0.0,0.9684692759698847,0.0,0.0,1.8724793811641158,
0.0,0.0,0.0,1.0351084412239724,0.0,0.0,1.9245016714109529,
0.0,0.0,0.0,1.0351084412239724,0.0,0.0,1.9245016714109529,
0.0,0.0,0.0,1.0351084412239724,0.0,0.0,1.9245016714109529,
0.0,0.0,0.0,1.0351084412239724,0.0,0.0,2.11383200655362,
0.0,0.0,0.0,1.0351084412239724,0.0,0.0,2.015414620713759,
0.0,0.0,0.0,1.0351084412239724,0.0,0.0,1.9581069885003741,
0.0,0.0,0.0,1.0351084412239724,0.0,0.0,1.8895235086297721,
0.0,0.0,0.0,1.1169576000460961,0.0,0.0,1.8895235086297721,
0.0,0.0,0.0,1.1169576000460961,0.0,0.0,1.8194212552039737,
0.0,0.0,0.0,1.1518511888071068,0.0,0.0,1.8194212552039737,
0.0,0.0,0.0,1.1832554186920163,0.0,0.0,2.051238277117474,
0.0,0.0,0.0,1.1832554186920163,0.0,0.0,1.9193867781590805,
0.0,0.0,0.0,1.1832554186920163,0.0,0.0,2.0609584965874874,
0.0,0.0,0.0,1.1832554186920163,0.0,0.0,2.3938422234341066,
0.0,0.0,0.0,1.1832554186920163,0.0,0.0,2.602336397662512,
0.0,0.0,0.0,1.1832554186920163,0.0,0.0,2.396664525133176,
0.0,0.0,0.0,1.1832554186920163,0.0,0.0,2.516693990851535,
0.0,0.0,0.0,1.1832554186920163,0.0,0.0,2.6907093057862808,
0.0,0.0,0.0,1.1832554186920163,0.0,0.0,2.6245965251162815,
0.0,0.0,0.0,1.1832554186920163,0.0,0.0,2.6947377073195704,
0.0,0.0,0.0,1.1832554186920163,0.0,0.0,2.6194422590759365,
0.0,0.0,0.0,1.1832554186920163,0.0,0.0,2.7376895598332522,
0.0,0.0,0.0,1.1832554186920163,0.0,0.0,2.705064254032604,
0.0,0.0,0.0,1.1832554186920163,0.0,0.0,2.3957124717299028,
0.0,0.0,0.0,1.2467653970961456,0.0,0.0,2.3723416088683225,
0.0,0.0,0.0,1.2467653970961456,0.0,0.0,2.4716849745125864,
0.0,0.0,0.0,1.2467653970961456,0.0,0.0,2.309722632770847,
0.0,0.0,0.0,1.2467653970961456,0.0,0.0,2.288998803423934,
0.0,0.0,0.0,1.2467653970961456,0.0,0.0,2.4857941194829496,
0.0,0.0,0.0,1.2467653970961456,0.0,0.0,2.4857941194829496,
0.0,0.0,0.0,1.2467653970961456,0.0,0.0,2.4857941194829496,
0.0,0.0,0.0,1.3050567121282273,0.0,0.0,2.5067789789440607,
0.0,0.0,0.0,1.3050567121282273,0.0,0.0,2.4069774794066707,
0.0,0.0,0.0,1.3050567121282273,0.0,0.0,2.5331286169143743,
0.0,0.0,0.0,1.3575188956571007,0.0,0.0,2.5509553305167403,
0.0,0.0,0.0,1.3575188956571007,0.0,0.0,2.73466563690545,
0.0,0.0,0.0,1.3575188956571007,0.0,0.0,2.1398773742458825,
0.0,0.0,0.0,1.3575188956571007,0.0,0.0,2.195821073341585,
0.0,0.0,0.0,1.3575188956571007,0.0,0.0,2.3441720019335954,
0.0,0.0,0.0,1.406205493828546,0.0,0.0,2.30906626248281,
0.0,0.0,0.0,1.406205493828546,0.0,0.0,2.453383099589905,
0.0,0.0,0.0,1.406205493828546,0.0,0.0,2.453383099589905,
0.0,0.0,0.0,1.406205493828546,0.0,0.0,2.391700281064071,
0.0,0.0,0.0,1.406205493828546,0.0,0.0,2.391700281064071,
0.0,0.0,0.0,1.406205493828546,0.0,0.0,2.3961687005670846,
0.0,0.0,0.0,1.406205493828546,0.0,0.0,2.395466673509702,
0.0,0.0,0.0,1.406205493828546,0.0,0.0,2.43297432549342,
0.0,0.0,0.0,1.406205493828546,0.0,0.0,2.5749894747672677,
0.0,0.0,0.0,1.406205493828546,0.0,0.0,2.4377910420702222,
0.0,0.0,0.0,1.4406064502315095,0.0,0.0,2.507905377456162,
0.0,0.0,0.0,1.4406064502315095,0.0,0.0,2.507905377456162,
0.0,0.0,0.0,1.4406064502315095,0.0,0.0,2.2753633212508353,
0.0,0.0,0.0,1.4406064502315095,0.0,0.0,2.401434280647419,
0.0,0.0,0.0,1.4406064502315095,0.0,0.0,2.3433993349100426,
0.0,0.0,0.0,1.4406064502315095,0.0,0.0,2.3433993349100426,
0.0,0.0,0.0,1.4406064502315095,0.0,0.0,2.483842910433144,
0.0,0.0,0.0,1.4406064502315095,0.0,0.0,2.614347317914784,
0.0,0.0,0.0,1.4406064502315095,0.0,0.0,2.720532597663332,
0.0,0.0,0.0,1.4406064502315095,0.0,0.0,2.646077408853346,
0.0,0.0,0.0,1.4406064502315095,0.0,0.0,2.789296783853377,
0.0,0.0,0.0,1.4406064502315095,0.0,0.0,2.719810083750271,
0.0,0.0,0.0,1.4406064502315095,0.0,0.0,2.7173578549088715,
0.0,0.0,0.0,1.4406064502315095,0.0,0.0,2.7173578549088715,
0.0,0.0,0.0,1.4406064502315095,0.0,0.0,2.6293281122301613,
0.0,0.0,0.0,1.4406064502315095,0.0,0.0,2.6293281122301613,
0.0,0.0,0.0,1.4406064502315095,0.0,0.0,2.615192483970577,
0.0,0.0,0.0,1.569525994451259,0.0,0.0,2.5120651411929806,
0.0,0.0,0.0,1.569525994451259,0.0,0.0,2.4411176615683057,
0.0,0.0,0.0,1.569525994451259,0.0,0.0,2.4382131487665353,
0.0,0.0,0.0,1.569525994451259,0.0,0.0,2.403550720033161,
0.0,0.0,0.0,1.6099003210870846,0.0,0.0,2.3984492962017976,
0.0,0.0,0.0,1.6099003210870846,0.0,0.0,2.3356822296696005,
0.0,0.0,0.0,1.7382327880177448,0.0,0.0,2.3356822296696005,
0.0,0.0,0.0,1.80297956177484,0.0,0.0,2.29174425490423,
0.0,0.0,0.0,1.80297956177484,0.0,0.0,2.3743320632745704,
0.0,0.0,0.0,1.8200085316783077,0.0,0.0,2.2161012617867435,
0.0,0.0,0.0,1.8502000154971578,0.0,0.0,2.2957158326108096,
0.0,0.0,0.0,1.8502000154971578,0.0,0.0,2.4248559855324636,
0.0,0.0,0.0,1.8502000154971578,0.0,0.0,2.544360987582704,
0.0,0.0,0.0,1.8502000154971578,0.0,0.0,2.478133415975516,
0.0,0.0,0.0,1.8769893172386438,0.0,0.0,2.478133415975516,
0.0,0.0,0.0,1.8769893172386438,0.0,0.0,2.6544664282050627,
0.0,0.0,0.0,1.8769893172386438,0.0,0.0,2.76366154250561,
0.0,0.0,0.0,1.8769893172386438,0.0,0.0,2.923820636889978,
0.0,0.0,0.0,1.8769893172386438,0.0,0.0,2.8341873745834114,
0.0,0.0,0.0,1.8769893172386438,0.0,0.0,2.4451664319412285,
0.0,0.0,0.0,1.8769893172386438,0.0,0.0,2.4516893164501887,
0.0,0.0,0.0,2.0365574956066883,0.0,0.0,2.4516893164501887,
0.0,0.0,0.0,2.034977962234521,0.0,0.0,2.3275963028950466,
0.0,0.0,0.0,2.023299581694115,0.0,0.0,2.2704044580072775,
0.0,0.0,0.0,2.0111339222479265,0.0,0.0,2.2704044580072775,
0.0,0.0,0.0,2.0111339222479265,0.0,0.0,2.2704044580072775,
0.0,0.0,0.0,2.0111339222479265,0.0,0.0,2.3372477163396987,
0.0,0.0,0.0,2.0111339222479265,0.0,0.0,2.2998377217128123,
0.0,0.0,0.0,1.9970698958116084,0.0,0.0,2.2998377217128123,
0.0,0.0,0.0,1.9670220066962947,0.0,0.0,2.2998377217128123,
0.0,0.0,0.0,1.9670220066962947,0.0,0.0,2.2998377217128123,
0.0,0.0,0.0,1.9615832924477876,0.0,0.0,2.2998377217128123,
0.0,0.0,0.0,1.9615832924477876,0.0,0.0,2.576391949185491,
0.0,0.0,0.0,1.9615832924477876,0.0,0.0,2.331476165327765,
0.0,0.0,0.0,1.9615832924477876,0.0,0.0,2.345976412067812,
0.0,0.0,0.0,1.9615832924477876,0.0,0.0,2.3219848036057362,
0.0,0.0,0.0,1.9615832924477876,0.0,0.0,2.3219848036057362,
0.0,0.0,0.0,1.9615832924477876,0.0,0.0,2.3219848036057362,
0.0,0.0,0.0,1.9388195099913481,0.0,0.0,2.3219848036057362,
0.0,0.0,0.0,1.9323592273880024,0.0,0.0,2.3219848036057362,
0.0,0.0,0.0,1.9323592273880024,0.0,0.0,2.415600871896977,
0.0,0.0,0.0,1.9323592273880024,0.0,0.0,2.399318224482225,
0.0,0.0,0.0,1.9323592273880024,0.0,0.0,2.399318224482225,
0.0,0.0,0.0,1.9323592273880024,0.0,0.0,2.4983901188824555,
0.0,0.0,0.0,1.9323592273880024,0.0,0.0,2.3509771419783787,
0.0,0.0,0.0,1.9323592273880024,0.0,0.0,2.2746371271411077,
0.0,0.0,0.0,1.9323592273880024,0.0,0.0,2.2746371271411077,
0.0,0.0,0.0,1.9323592273880024,0.0,0.0,2.4022496991844906,
0.0,0.0,0.0,1.9323592273880024,0.0,0.0,2.32809812133605,
0.0,0.0,0.0,1.9323592273880024,0.0,0.0,2.485162821322298,
0.0,0.0,0.0,1.9323592273880024,0.0,0.0,2.556322623673169,
0.0,0.0,0.0,1.9323592273880024,0.0,0.0,2.556322623673169,
0.0,0.0,0.0,1.9323592273880024,0.0,0.0,2.4167070355859064,
0.0,0.0,0.0,1.9159191879259203,0.0,0.0,2.6198387688296427,
0.0,0.0,0.0,1.9291428635789196,0.0,0.0,2.5687684530529284,
0.0,0.0,0.0,1.9291428635789196,0.0,0.0,2.779387446320833,
0.0,0.0,0.0,1.9291428635789196,0.0,0.0,2.688916077750411,
0.0,0.0,0.0,1.9291428635789196,0.0,0.0,2.5995883312111503,
0.0,0.0,0.0,1.9291428635789196,0.0,0.0,2.4875592489766385,
0.0,0.0,0.0,1.9291428635789196,0.0,0.0,2.4875592489766385,
0.0,0.0,0.0,1.9291428635789196,0.0,0.0,2.4875592489766385,
0.0,0.0,0.0,1.9291428635789196,0.0,0.0,2.6567394088310126,
0.0,0.0,0.0,1.9291428635789196,0.0,0.0,2.5889761070758537,
0.0,0.0,0.0,1.9291428635789196,0.0,0.0,2.6549581235818493,
0.0,0.0,0.0,1.9291428635789196,0.0,0.0,2.7176733158380593,
0.0,0.0,0.0,1.9291428635789196,0.0,0.0,2.7176733158380593,
0.0,0.0,0.0,1.9291428635789196,0.0,0.0,2.7359312805218696,
0.0,0.0,0.0,1.9156902545574859,0.0,0.0,2.7897951337323392,
0.0,0.0,0.0,1.9156902545574859,0.0,0.0,2.678827856809958,
0.0,0.0,0.0,1.9156902545574859,0.0,0.0,2.7800425030699496,
0.0,0.0,0.0,1.9156902545574859,0.0,0.0,2.5571581927117353,
0.0,0.0,0.0,1.9156902545574859,0.0,0.0,2.5571581927117353,
0.0,0.0,0.0,1.9156902545574859,0.0,0.0,2.5571581927117353,
0.0,0.0,0.0,1.9156902545574859,0.0,0.0,2.5571581927117353,
0.0,0.0,0.0,1.9156902545574859,0.0,0.0,2.5571581927117353,
0.0,0.0,0.0,1.8906703093414312,0.0,0.0,2.666466412687897,
0.0,0.0,0.0,1.8906703093414312,0.0,0.0,2.6482626471596795,
0.0,0.0,0.0,1.8906703093414312,0.0,0.0,2.410476726636835,
0.0,0.0,0.0,1.8906703093414312,0.0,0.0,2.4716961979420304,
0.0,0.0,0.0,1.8906703093414312,0.0,0.0,2.1783511138530947,
0.0,0.0,0.0,1.883713836733908,0.0,0.0,2.1628928264214062,
0.0,0.0,0.0,1.883713836733908,0.0,0.0,2.313379155087598,
0.0,0.0,0.0,1.9068002463264937,0.0,0.0,2.4573943287299027,
0.0,0.0,0.0,1.9068002463264937,0.0,0.0,2.603346002506151,
0.0,0.0,0.0,1.9068002463264937,0.0,0.0,2.603346002506151,
0.0,0.0,0.0,1.9068002463264937,0.0,0.0,2.732545530017485,
0.0,0.0,0.0,1.9068002463264937,0.0,0.0,2.8374145607147634,
0.0,0.0,0.0,1.9347308236694125,0.0,0.0,2.761303038545624,
0.0,0.0,0.0,1.9347308236694125,0.0,0.0,2.7151572733788734,
0.0,0.0,0.0,1.9347308236694125,0.0,0.0,2.6820934355052355,
0.0,0.0,0.0,1.9347308236694125,0.0,0.0,2.5316238462123226,
0.0,0.0,0.0,1.9347308236694125,0.0,0.0,2.6132930348863757,
0.0,0.0,0.0,1.9347308236694125,0.0,0.0,2.6454430732708505,
0.0,0.0,0.0,1.9347308236694125,0.0,0.0,2.7282162830532024,
0.0,0.0,0.0,1.9347308236694125,0.0,0.0,2.565675593198805,
0.0,0.0,0.0,1.9347308236694125,0.0,0.0,2.4973409108376434,
0.0,0.0,0.0,1.9347308236694125,0.0,0.0,2.6743093105083426,
0.0,0.0,0.0,1.9347308236694125,0.0,0.0,2.7852677282290474,
0.0,0.0,0.0,1.9347308236694125,0.0,0.0,2.719951865221562,
0.0,0.0,0.0,1.9347308236694125,0.0,0.0,2.7263055575435104,
0.0,0.0,0.0,1.9347308236694125,0.0,0.0,2.860347551048762,
0.0,0.0,0.0,1.9347308236694125,0.0,0.0,2.878486780339015,
0.0,0.0,0.0,1.9347308236694125,0.0,0.0,2.807761019454874,
0.0,0.0,0.0,1.9347308236694125,0.0,0.0,2.807761019454874,
0.0,0.0,0.0,1.9347308236694125,0.0,0.0,2.7807815913079676,
0.0,0.0,0.0,1.9347308236694125,0.0,0.0,2.664952788565781,
0.0,0.0,0.0,1.9347308236694125,0.0,0.0,2.774944235714218,
0.0,0.0,0.0,1.9347308236694125,0.0,0.0,2.674044555203113,
0.0,0.0,0.0,1.9347308236694125,0.0,0.0,2.867823900720052,
0.0,0.0,0.0,1.9347308236694125,0.0,0.0,2.7150314308003667,
0.0,0.0,0.0,1.9347308236694125,0.0,0.0,2.3593664082598997,
0.0,0.0,0.0,1.964031447397823,0.0,0.0,2.2741881059759077,
0.0,0.0,0.0,1.964031447397823,0.0,0.0,2.332516588163061,
0.0,0.0,0.0,1.9709300836164356,0.0,0.0,2.305330568020289,
0.0,0.0,0.0,1.9709300836164356,0.0,0.0,2.475409726560364,
0.0,0.0,0.0,1.9709300836164356,0.0,0.0,2.5727976420896086,
0.0,0.0,0.0,1.9844111139800031,0.0,0.0,2.6040846902123085,
0.0,0.0,0.0,2.051956496684792,0.0,0.0,2.5556423059484934,
0.0,0.0,0.0,2.051956496684792,0.0,0.0,2.6211331457438636,
0.0,0.0,0.0,2.051956496684792,0.0,0.0,2.6211331457438636,
0.0,0.0,0.0,2.051956496684792,0.0,0.0,2.559212376842786,
0.0,0.0,0.0,2.051956496684792,0.0,0.0,2.4855062404055137,
0.0,0.0,0.0,2.037785578238784,0.0,0.0,2.4855062404055137,
0.0,0.0,0.0,2.037785578238784,0.0,0.0,2.6187713076785397,
0.0,0.0,0.0,2.037785578238784,0.0,0.0,2.564628161940366,
0.0,0.0,0.0,2.037785578238784,0.0,0.0,2.69475944087722,
0.0,0.0,0.0,2.037785578238784,0.0,0.0,2.788211822194327,
0.0,0.0,0.0,2.037785578238784,0.0,0.0,2.625481514640244,
0.0,0.0,0.0,2.037785578238784,0.0,0.0,2.7360653389255183,
0.0,0.0,0.0,2.037785578238784,0.0,0.0,2.484747719244743,
0.0,0.0,0.0,2.037785578238784,0.0,0.0,2.484747719244743,
0.0,0.0,0.0,2.038408296829878,0.0,0.0,2.484747719244743,
0.0,0.0,0.0,2.038408296829878,0.0,0.0,2.5972890744942987,
0.0,0.0,0.0,2.038408296829878,0.0,0.0,2.5002929660120894,
0.0,0.0,0.0,2.038408296829878,0.0,0.0,2.356379889673344,
0.0,0.0,0.0,2.038408296829878,0.0,0.0,2.4815651674574424,
0.0,0.0,0.0,2.038408296829878,0.0,0.0,2.5534849496103247,
0.0,0.0,0.0,2.032188860879852,0.0,0.0,2.5534849496103247,
0.0,0.0,0.0,2.0446526451223748,0.0,0.0,2.625417754253706,
0.0,0.0,0.0,2.0446526451223748,0.0,0.0,2.6876890223547707,
0.0,0.0,0.0,2.0446526451223748,0.0,0.0,2.6640490614040733,
0.0,0.0,0.0,2.0446526451223748,0.0,0.0,2.577567810140383,
0.0,0.0,0.0,2.0446526451223748,0.0,0.0,2.6837327795152506,
0.0,0.0,0.0,2.0446526451223748,0.0,0.0,2.7819386138686872,
0.0,0.0,0.0,2.0446526451223748,0.0,0.0,2.8879069695757966,
0.0,0.0,0.0,2.0446526451223748,0.0,0.0,2.989750091654732,
0.0,0.0,0.0,2.0446526451223748,0.0,0.0,2.956557885602211,
0.0,0.0,0.0,2.0446526451223748,0.0,0.0,2.956557885602211,
0.0,0.0,0.0,2.0446526451223748,0.0,0.0,3.0336502333412523,
0.0,0.0,0.0,2.0446526451223748,0.0,0.0,2.95844825239757,
0.0,0.0,0.0,2.0446526451223748,0.0,0.0,2.834796739113735,
0.0,0.0,0.0,2.0446526451223748,0.0,0.0,2.7582636753028345,
0.0,0.0,0.0,2.0446526451223748,0.0,0.0,2.607448320408515,
0.0,0.0,0.0,2.0446526451223748,0.0,0.0,2.607448320408515,
0.0,0.0,0.0,2.0606180851211824,0.0,0.0,2.607448320408515,
0.0,0.0,0.0,2.0606180851211824,0.0,0.0,2.736794683981394,
0.0,0.0,0.0,2.0606180851211824,0.0,0.0,2.736794683981394,
0.0,0.0,0.0,2.0606180851211824,0.0,0.0,2.736794683981394,
0.0,0.0,0.0,2.0606180851211824,0.0,0.0,2.6789885453031186,
0.0,0.0,0.0,2.0606180851211824,0.0,0.0,2.5844989788815473,
0.0,0.0,0.0,2.0606180851211824,0.0,0.0,2.639189928251844,
0.0,0.0,0.0,2.0606180851211824,0.0,0.0,2.713885416454847,
0.0,0.0,0.0,2.0606180851211824,0.0,0.0,2.7552532430922043,
0.0,0.0,0.0,2.0606180851211824,0.0,0.0,2.7086412718459196,
0.0,0.0,0.0,2.0606180851211824,0.0,0.0,2.7086412718459196,
0.0,0.0,0.0,2.0606180851211824,0.0,0.0,2.6222290801386783,
0.0,0.0,0.0,2.0606180851211824,0.0,0.0,2.6465917139023425,
0.0,0.0,0.0,2.0606180851211824,0.0,0.0,2.5508360037361517,
0.0,0.0,0.0,2.0606180851211824,0.0,0.0,2.4980194250445886,
0.0,0.0,0.0,2.0606180851211824,0.0,0.0,2.4980194250445886,
0.0,0.0,0.0,2.0606180851211824,0.0,0.0,2.498715964806109,
0.0,0.0,0.0,2.0606180851211824,0.0,0.0,2.539125566191737,
0.0,0.0,0.0,2.0606180851211824,0.0,0.0,2.6561484484952795,
0.0,0.0,0.0,2.0606180851211824,0.0,0.0,2.7321033155658703,
0.0,0.0,0.0,2.0606180851211824,0.0,0.0,2.6854962924232413,
0.0,0.0,0.0,2.0606180851211824,0.0,0.0,2.767396866347297,
0.0,0.0,0.0,2.0606180851211824,0.0,0.0,2.6280867279424354,
0.0,0.0,0.0,2.0606180851211824,0.0,0.0,2.681210220885464,
0.0,0.0,0.0,2.0606180851211824,0.0,0.0,2.483294534056301,
0.0,0.0,0.0,2.0606180851211824,0.0,0.0,2.4756748212541657,
0.0,0.0,0.0,2.0606180851211824,0.0,0.0,2.336063123062118,
0.0,0.0,0.0,2.0606180851211824,0.0,0.0,2.496699039523524,
0.0,0.0,0.0,2.082869153416498,0.0,0.0,2.83365533453709,
0.0,0.0,0.0,2.082869153416498,0.0,0.0,2.92443234430601,
0.0,0.0,0.0,2.082869153416498,0.0,0.0,2.829906695206184,
0.0,0.0,0.0,2.082869153416498,0.0,0.0,2.829906695206184,
0.0,0.0,0.0,2.082869153416498,0.0,0.0,2.6448949936835024,
0.0,0.0,0.0,2.082869153416498,0.0,0.0,2.4974889515537635,
0.0,0.0,0.0,2.082869153416498,0.0,0.0,2.4974889515537635,
0.0,0.0,0.0,2.0453844871076514,0.0,0.0,2.448380802613435,
0.0,0.0,0.0,2.0453844871076514,0.0,0.0,2.5674374602568966,
0.0,0.0,0.0,2.036706438181116,0.0,0.0,2.6951310305512455,
0.0,0.0,0.0,2.036706438181116,0.0,0.0,2.6573436057181334,
0.0,0.0,0.0,2.036706438181116,0.0,0.0,2.6573436057181334,
0.0,0.0,0.0,2.036706438181116,0.0,0.0,2.738740795630347,
0.0,0.0,0.0,2.036706438181116,0.0,0.0,2.763929898078038,
0.0,0.0,0.0,2.036706438181116,0.0,0.0,2.763929898078038,
0.0,0.0,0.0,2.036706438181116,0.0,0.0,2.68321681313926,
0.0,0.0,0.0,2.036706438181116,0.0,0.0,2.673410751657465,
0.0,0.0,0.0,2.036706438181116,0.0,0.0,2.673410751657465,
0.0,0.0,0.0,2.09512153433806,0.0,0.0,2.673410751657465,
0.0,0.0,0.0,2.09512153433806,0.0,0.0,2.4963361916528246,
0.0,0.0,0.0,2.09512153433806,0.0,0.0,2.6399808753589458,
0.0,0.0,0.0,2.09512153433806,0.0,0.0,2.5205794848927234,
0.0,0.0,0.0,2.09512153433806,0.0,0.0,2.2997081526627716,
0.0,0.0,0.0,2.09512153433806,0.0,0.0,2.2997081526627716,
0.0,0.0,0.0,2.09512153433806,0.0,0.0,2.397535141786202,
0.0,0.0,0.0,2.09512153433806,0.0,0.0,2.397535141786202,
0.0,0.0,0.0,2.09512153433806,0.0,0.0,2.51137037416459,
0.0,0.0,0.0,2.09512153433806,0.0,0.0,2.6099256542202576,
0.0,0.0,0.0,2.09512153433806,0.0,0.0,2.57509780909602,
0.0,0.0,0.0,2.09512153433806,0.0,0.0,2.5553873929984396,
0.0,0.0,0.0,2.09512153433806,0.0,0.0,2.5553873929984396,
0.0,0.0,0.0,2.09512153433806,0.0,0.0,2.836005629219062,
0.0,0.0,0.0,2.09512153433806,0.0,0.0,2.90314753300996,
0.0,0.0,0.0,2.09512153433806,0.0,0.0,2.942297983504966,
0.0,0.0,0.0,2.09512153433806,0.0,0.0,2.8428781430549197,
0.0,0.0,0.0,2.09512153433806,0.0,0.0,2.607771873021959,
0.0,0.0,0.0,2.09512153433806,0.0,0.0,2.6512033215333424,
0.0,0.0,0.0,2.09512153433806,0.0,0.0,2.6750368274468066,
0.0,0.0,0.0,2.125668292033298,0.0,0.0,2.604186369713191,
0.0,0.0,0.0,2.138690857156005,0.0,0.0,2.604186369713191,
0.0,0.0,0.0,2.138690857156005,0.0,0.0,2.5261148402709974,
0.0,0.0,0.0,2.138690857156005,0.0,0.0,2.6519398456247893,
0.0,0.0,0.0,2.138690857156005,0.0,0.0,2.7326369421780643,
0.0,0.0,0.0,2.1585055819736896,0.0,0.0,2.7326369421780643,
0.0,0.0,0.0,2.1585055819736896,0.0,0.0,2.814598142037599,
0.0,0.0,0.0,2.1585055819736896,0.0,0.0,2.630570330256884,
0.0,0.0,0.0,2.1585055819736896,0.0,0.0,2.3288133585977637,
0.0,0.0,0.0,2.1585055819736896,0.0,0.0,2.3288133585977637,
0.0,0.0,0.0,2.1585055819736896,0.0,0.0,2.44287391324617,
0.0,0.0,0.0,2.1585055819736896,0.0,0.0,2.3567829568088468,
0.0,0.0,0.0,2.1585055819736896,0.0,0.0,2.50337663392103,
0.0,0.0,0.0,2.234044255783614,0.0,0.0,2.50337663392103,
0.0,0.0,0.0,2.234044255783614,0.0,0.0,2.50337663392103,
0.0,0.0,0.0,2.234044255783614,0.0,0.0,2.50337663392103,
0.0,0.0,0.0,2.234044255783614,0.0,0.0,2.50337663392103,
0.0,0.0,0.0,2.234044255783614,0.0,0.0,2.50337663392103,
0.0,0.0,0.0,2.234044255783614,0.0,0.0,2.214351769314041,
0.0,0.0,0.0,2.1992696892146917,0.0,0.0,2.097962011679417,
0.0,0.0,0.0,2.1992696892146917,0.0,0.0,2.0930910230403197,
0.0,0.0,0.0,2.1992696892146917,0.0,0.0,2.0639383162633895,
0.0,0.0,0.0,2.154170030300437,0.0,0.0,2.0639383162633895,
0.0,0.0,0.0,2.1191541377083167,0.0,0.0,2.0639383162633895,
0.0,0.0,0.0,2.082713585642763,0.0,0.0,2.066601065836579,
0.0,0.0,0.0,2.082713585642763,0.0,0.0,2.2738832496401336,
0.0,0.0,0.0,2.068447329625925,0.0,0.0,2.389959946787168,
0.0,0.0,0.0,2.068447329625925,0.0,0.0,2.5502655667254213,
0.0,0.0,0.0,2.068447329625925,0.0,0.0,2.4785832253599076,
0.0,0.0,0.0,2.068447329625925,0.0,0.0,2.6038864870209144,
0.0,0.0,0.0,2.068447329625925,0.0,0.0,2.673095933870949,
0.0,0.0,0.0,2.068447329625925,0.0,0.0,2.7743175351633997,
0.0,0.0,0.0,2.068447329625925,0.0,0.0,2.865398934351161,
0.0,0.0,0.0,2.092019404726833,0.0,0.0,2.8102108297235957,
0.0,0.0,0.0,2.092019404726833,0.0,0.0,2.9221553924272605,
0.0,0.0,0.0,2.092019404726833,0.0,0.0,2.837177170596522,
0.0,0.0,0.0,2.064663590793581,0.0,0.0,2.4588372296798213,
0.0,0.0,0.0,2.064663590793581,0.0,0.0,2.5664178198745784,
0.0,0.0,0.0,2.064663590793581,0.0,0.0,2.5120244300343075,
0.0,0.0,0.0,2.064663590793581,0.0,0.0,2.6021794620819874,
0.0,0.0,0.0,2.064663590793581,0.0,0.0,2.742997871783044,
0.0,0.0,0.0,2.064663590793581,0.0,0.0,2.6764011452779606,
0.0,0.0,0.0,2.064663590793581,0.0,0.0,2.7787807551134702,
0.0,0.0,0.0,2.040761634583701,0.0,0.0,2.770059909039976,
0.0,0.0,0.0,2.040761634583701,0.0,0.0,2.837733840915383,
0.0,0.0,0.0,2.040761634583701,0.0,0.0,2.67432715509541,
0.0,0.0,0.0,2.040761634583701,0.0,0.0,2.797381298204272,
0.0,0.0,0.0,2.040761634583701,0.0,0.0,2.64603289115417,
0.0,0.0,0.0,2.040761634583701,0.0,0.0,2.64603289115417,
0.0,0.0,0.0,2.040761634583701,0.0,0.0,2.6193450413746797,
0.0,0.0,0.0,2.040761634583701,0.0,0.0,2.688071820469654,
0.0,0.0,0.0,2.040761634583701,0.0,0.0,2.796277077900458,
0.0,0.0,0.0,2.040761634583701,0.0,0.0,2.611737200876389,
0.0,0.0,0.0,2.040761634583701,0.0,0.0,2.800108493238743,
0.0,0.0,0.0,2.040761634583701,0.0,0.0,2.2278514038062296,
0.0,0.0,0.0,2.040761634583701,0.0,0.0,2.4366484331603067,
0.0,0.0,0.0,2.040761634583701,0.0,0.0,2.5315339524123,
0.0,0.0,0.0,2.0447491493058356,0.0,0.0,2.5315339524123,
0.0,0.0,0.0,2.0447491493058356,0.0,0.0,2.659200132913176,
0.0,0.0,0.0,2.0447491493058356,0.0,0.0,2.7389054885548556,
0.0,0.0,0.0,2.0447491493058356,0.0,0.0,2.5191887600775287,
0.0,0.0,0.0,2.0447491493058356,0.0,0.0,2.3210560104922946,
0.0,0.0,0.0,2.0447491493058356,0.0,0.0,2.332822751748795,
0.0,0.0,0.0,2.0447491493058356,0.0,0.0,2.397818222785406,
0.0,0.0,0.0,2.0447491493058356,0.0,0.0,2.4802067224712636,
0.0,0.0,0.0,2.0447491493058356,0.0,0.0,2.411652564175505,
0.0,0.0,0.0,2.0447491493058356,0.0,0.0,2.411652564175505,
0.0,0.0,0.0,2.0447491493058356,0.0,0.0,2.4763594617372915,
0.0,0.0,0.0,2.0447491493058356,0.0,0.0,2.6037701968094087,
0.0,0.0,0.0,2.0447491493058356,0.0,0.0,2.5087942105298784,
0.0,0.0,0.0,2.0447491493058356,0.0,0.0,2.3999803868523975,
0.0,0.0,0.0,2.0447491493058356,0.0,0.0,2.5102854232998455,
0.0,0.0,0.0,2.0447491493058356,0.0,0.0,2.5993669265798784,
0.0,0.0,0.0,2.0447491493058356,0.0,0.0,2.6242523660556327,
0.0,0.0,0.0,2.0447491493058356,0.0,0.0,2.6128782246072007,
0.0,0.0,0.0,2.0447491493058356,0.0,0.0,2.481145395526225,
0.0,0.0,0.0,2.0447491493058356,0.0,0.0,2.562306611328193,
0.0,0.0,0.0,2.0447491493058356,0.0,0.0,2.6684051777126716,
0.0,0.0,0.0,2.0447491493058356,0.0,0.0,2.709492021200453,
0.0,0.0,0.0,2.0447491493058356,0.0,0.0,2.709492021200453,
0.0,0.0,0.0,2.0447491493058356,0.0,0.0,2.7931474047158047,
0.0,0.0,0.0,2.0447491493058356,0.0,0.0,2.8420899954743617,
0.0,0.0,0.0,2.0447491493058356,0.0,0.0,2.905041426240787,
0.0,0.0,0.0,2.0447491493058356,0.0,0.0,2.8310075054645307,
0.0,0.0,0.0,2.0447491493058356,0.0,0.0,2.870273652234021,
0.0,0.0,0.0,2.0447491493058356,0.0,0.0,2.9135174055600457,
0.0,0.0,0.0,2.0447491493058356,0.0,0.0,3.0450360114134383,
0.0,0.0,0.0,2.0447491493058356,0.0,0.0,3.0450360114134383,
0.0,0.0,0.0,2.0447491493058356,0.0,0.0,2.5634146104628868,
0.0,0.0,0.0,2.0447491493058356,0.0,0.0,2.735362709397994,
0.0,0.0,0.0,2.0733201786723208,0.0,0.0,2.7802783370766786,
0.0,0.0,0.0,2.0733201786723208,0.0,0.0,2.723217167964286,
0.0,0.0,0.0,2.0733201786723208,0.0,0.0,2.6398753782351188,
0.0,0.0,0.0,2.0733201786723208,0.0,0.0,2.741942684076555,
0.0,0.0,0.0,2.0733201786723208,0.0,0.0,2.3091725683794952,
0.0,0.0,0.0,2.0733201786723208,0.0,0.0,2.4412303807515574,
0.0,0.0,0.0,2.0733201786723208,0.0,0.0,2.3315206935734025,
0.0,0.0,0.0,2.0733201786723208,0.0,0.0,2.5869375182816228,
0.0,0.0,0.0,2.0733201786723208,0.0,0.0,2.6265071870816175,
0.0,0.0,0.0,2.0733201786723208,0.0,0.0,2.6817763181572443,
0.0,0.0,0.0,2.0733201786723208,0.0,0.0,2.800110037733914,
0.0,0.0,0.0,2.0733201786723208,0.0,0.0,2.825294088849146,
0.0,0.0,0.0,2.0733201786723208,0.0,0.0,2.8333449091932534,
0.0,0.0,0.0,2.0733201786723208,0.0,0.0,2.8974381592355365,
0.0,0.0,0.0,2.0934014307222655,0.0,0.0,2.955508600743267,
0.0,0.0,0.0,2.0934014307222655,0.0,0.0,2.7857054121752207,
0.0,0.0,0.0,2.0934014307222655,0.0,0.0,2.5630439924342108,
0.0,0.0,0.0,2.0934014307222655,0.0,0.0,2.5056985949716766,
0.0,0.0,0.0,2.0934014307222655,0.0,0.0,2.4249123771405325,
0.0,0.0,0.0,2.0805097916934523,0.0,0.0,2.4249123771405325,
0.0,0.0,0.0,2.0805097916934523,0.0,0.0,2.5113746520966287,
0.0,0.0,0.0,2.0805097916934523,0.0,0.0,2.7375390231354535,
0.0,0.0,0.0,2.0805097916934523,0.0,0.0,2.7698719219001307,
0.0,0.0,0.0,2.0805097916934523,0.0,0.0,2.6893363576989326,
0.0,0.0,0.0,2.0805097916934523,0.0,0.0,2.775184957011227,
0.0,0.0,0.0,2.0805097916934523,0.0,0.0,2.7020114004774047,
0.0,0.0,0.0,2.0805097916934523,0.0,0.0,2.615701684118187,
0.0,0.0,0.0,2.0805097916934523,0.0,0.0,2.679623412043916,
0.0,0.0,0.0,2.0805097916934523,0.0,0.0,2.7583146656854134,
0.0,0.0,0.0,2.0805097916934523,0.0,0.0,2.7847383200917024,
0.0,0.0,0.0,2.0805097916934523,0.0,0.0,2.7847383200917024,
0.0,0.0,0.0,2.0805097916934523,0.0,0.0,2.883399211321541,
0.0,0.0,0.0,2.0805097916934523,0.0,0.0,2.8000935453156846,
0.0,0.0,0.0,2.0805097916934523,0.0,0.0,2.6852466492521754,
0.0,0.0,0.0,2.0908797810604005,0.0,0.0,2.725412223891496,
0.0,0.0,0.0,2.0908797810604005,0.0,0.0,2.7807478536236294,
0.0,0.0,0.0,2.0908797810604005,0.0,0.0,2.7807478536236294,
0.0,0.0,0.0,2.0908797810604005,0.0,0.0,2.7807478536236294,
0.0,0.0,0.0,2.0908797810604005,0.0,0.0,2.812154540446098,
0.0,0.0,0.0,2.0908797810604005,0.0,0.0,2.8427063774763215,
0.0,0.0,0.0,2.0908797810604005,0.0,0.0,2.8427063774763215,
0.0,0.0,0.0,2.0908797810604005,0.0,0.0,2.9027390595373994,
0.0,0.0,0.0,2.0908797810604005,0.0,0.0,2.7007102943810426,
0.0,0.0,0.0,2.0908797810604005,0.0,0.0,2.664722540600747,
0.0,0.0,0.0,2.0908797810604005,0.0,0.0,2.664722540600747,
0.0,0.0,0.0,2.0908797810604005,0.0,0.0,2.595455478556489,
0.0,0.0,0.0,2.0908797810604005,0.0,0.0,2.208396506325711,
0.0,0.0,0.0,2.0908797810604005,0.0,0.0,2.208396506325711,
0.0,0.0,0.0,2.0908797810604005,0.0,0.0,2.3424504531969967,
0.0,0.0,0.0,2.0908797810604005,0.0,0.0,2.45650776419994,
0.0,0.0,0.0,2.0908797810604005,0.0,0.0,2.430266514779721,
0.0,0.0,0.0,2.0908797810604005,0.0,0.0,2.620595819929399,
0.0,0.0,0.0,2.0908797810604005,0.0,0.0,2.620595819929399,
0.0,0.0,0.0,2.0908797810604005,0.0,0.0,2.3453778353663837,
0.0,0.0,0.0,2.0908797810604005,0.0,0.0,2.305894249300064,
0.0,0.0,0.0,2.0908797810604005,0.0,0.0,2.2975659196806686,
0.0,0.0,0.0,2.0908797810604005,0.0,0.0,2.5026945692372156,
0.0,0.0,0.0,2.0908797810604005,0.0,0.0,2.5550496764303756,
0.0,0.0,0.0,2.0908797810604005,0.0,0.0,2.6785321651968848,
0.0,0.0,0.0,2.0908797810604005,0.0,0.0,2.6785321651968848,
0.0,0.0,0.0,2.0703557872577343,0.0,0.0,2.7496281639937576,
0.0,0.0,0.0,2.0703557872577343,0.0,0.0,2.682764696212037,
0.0,0.0,0.0,2.0703557872577343,0.0,0.0,2.784421904197724,
0.0,0.0,0.0,2.0703557872577343,0.0,0.0,2.8551416422435105,
0.0,0.0,0.0,2.0703557872577343,0.0,0.0,2.773186555983971,
0.0,0.0,0.0,2.0703557872577343,0.0,0.0,2.8196432045360513,
0.0,0.0,0.0,2.0703557872577343,0.0,0.0,2.7468847637182168,
0.0,0.0,0.0,2.0703557872577343,0.0,0.0,2.7504206829576243,
0.0,0.0,0.0,2.0703557872577343,0.0,0.0,2.6336186112100783,
0.0,0.0,0.0,2.0703557872577343,0.0,0.0,2.78849218134181,
0.0,0.0,0.0,2.0703557872577343,0.0,0.0,2.750998706663002,
0.0,0.0,0.0,2.0703557872577343,0.0,0.0,2.829743542247816,
0.0,0.0,0.0,2.0703557872577343,0.0,0.0,2.751339511854744,
0.0,0.0,0.0,2.035007979695707,0.0,0.0,2.6055575981158716,
0.0,0.0,0.0,2.035007979695707,0.0,0.0,2.480571980614487,
0.0,0.0,0.0,2.035007979695707,0.0,0.0,2.58904076845368,
0.0,0.0,0.0,2.035007979695707,0.0,0.0,2.4086886199976547,
0.0,0.0,0.0,2.035007979695707,0.0,0.0,2.508656428019261,
0.0,0.0,0.0,2.035007979695707,0.0,0.0,2.4527901321934946,
0.0,0.0,0.0,2.035007979695707,0.0,0.0,2.3354332273384704,
0.0,0.0,0.0,2.008326446708296,0.0,0.0,2.2643786528299974,
0.0,0.0,0.0,1.99699343474719,0.0,0.0,2.304120950816534,
0.0,0.0,0.0,1.99699343474719,0.0,0.0,2.304120950816534,
0.0,0.0,0.0,2.045140496243185,0.0,0.0,2.304120950816534,
0.0,0.0,0.0,2.021367404845378,0.0,0.0,2.428986210331299,
0.0,0.0,0.0,2.021367404845378,0.0,0.0,2.5057699856139743,
0.0,0.0,0.0,2.021367404845378,0.0,0.0,2.5057699856139743,
0.0,0.0,0.0,2.021367404845378,0.0,0.0,2.5619488457688293,
0.0,0.0,0.0,2.021367404845378,0.0,0.0,2.565683917409712,
0.0,0.0,0.0,2.021367404845378,0.0,0.0,2.726312995524951,
0.0,0.0,0.0,2.021367404845378,0.0,0.0,2.783437573124443,
0.0,0.0,0.0,2.1106493329316827,0.0,0.0,2.783437573124443,
0.0,0.0,0.0,2.1106493329316827,0.0,0.0,2.736920472090848,
0.0,0.0,0.0,2.1106493329316827,0.0,0.0,2.7880033364059322,
0.0,0.0,0.0,2.1106493329316827,0.0,0.0,2.7880033364059322,
0.0,0.0,0.0,2.1106493329316827,0.0,0.0,2.3024886593496294,
0.0,0.0,0.0,2.1106493329316827,0.0,0.0,2.280522724925179,
0.0,0.0,0.0,2.1106493329316827,0.0,0.0,2.280522724925179,
0.0,0.0,0.0,2.1106493329316827,0.0,0.0,2.3515878687198057,
0.0,0.0,0.0,2.1106493329316827,0.0,0.0,2.533240416276717,
0.0,0.0,0.0,2.1106493329316827,0.0,0.0,2.394350220906189,
0.0,0.0,0.0,2.1106493329316827,0.0,0.0,2.5095645106888216,
0.0,0.0,0.0,2.118160343437015,0.0,0.0,2.5095645106888216,
0.0,0.0,0.0,2.118160343437015,0.0,0.0,2.551043402300275,
0.0,0.0,0.0,2.118160343437015,0.0,0.0,2.626837347341841,
0.0,0.0,0.0,2.118160343437015,0.0,0.0,2.5723931030867506,
0.0,0.0,0.0,2.118160343437015,0.0,0.0,2.5723931030867506,
0.0,0.0,0.0,2.118160343437015,0.0,0.0,2.6642243031088895,
0.0,0.0,0.0,2.118160343437015,0.0,0.0,2.5232549970197713,
0.0,0.0,0.0,2.118160343437015,0.0,0.0,2.677139571299485,
0.0,0.0,0.0,2.118160343437015,0.0,0.0,2.75874943064505,
0.0,0.0,0.0,2.118160343437015,0.0,0.0,2.8383696485011627,
0.0,0.0,0.0,2.118160343437015,0.0,0.0,2.8446169776528034,
0.0,0.0,0.0,2.118160343437015,0.0,0.0,2.4756373311602062,
0.0,0.0,0.0,2.118160343437015,0.0,0.0,2.568003293237726,
0.0,0.0,0.0,2.118160343437015,0.0,0.0,2.3180016853083574,
0.0,0.0,0.0,2.118160343437015,0.0,0.0,2.4457450362153947,
0.0,0.0,0.0,2.118160343437015,0.0,0.0,2.4457450362153947,
0.0,0.0,0.0,2.04545879679173,0.0,0.0,2.5602417926451335,
0.0,0.0,0.0,2.056796824324015,0.0,0.0,2.498756315053318,
0.0,0.0,0.0,2.056796824324015,0.0,0.0,2.4477969673363487,
0.0,0.0,0.0,2.056796824324015,0.0,0.0,2.6340557971015546,
0.0,0.0,0.0,2.056796824324015,0.0,0.0,2.721240649053447,
0.0,0.0,0.0,2.056796824324015,0.0,0.0,2.4665250392811746,
0.0,0.0,0.0,2.056796824324015,0.0,0.0,2.584748907475103,
0.0,0.0,0.0,2.056796824324015,0.0,0.0,2.571315279256608,
0.0,0.0,0.0,2.056796824324015,0.0,0.0,2.5159666272011987,
0.0,0.0,0.0,2.056796824324015,0.0,0.0,2.7563795071827437,
0.0,0.0,0.0,2.0557455964601443,0.0,0.0,2.8413130867971508,
0.0,0.0,0.0,2.0557455964601443,0.0,0.0,2.9202112144221406,
0.0,0.0,0.0,2.0557455964601443,0.0,0.0,2.9202112144221406,
0.0,0.0,0.0,2.0557455964601443,0.0,0.0,3.027876962876511,
0.0,0.0,0.0,2.0557455964601443,0.0,0.0,3.0230712391535937,
0.0,0.0,0.0,2.0557455964601443,0.0,0.0,3.012764019945202,
0.0,0.0,0.0,2.0557455964601443,0.0,0.0,2.8738226228011654,
0.0,0.0,0.0,2.0557455964601443,0.0,0.0,2.5104685415248658,
0.0,0.0,0.0,2.0557455964601443,0.0,0.0,2.5104685415248658,
0.0,0.0,0.0,2.0557455964601443,0.0,0.0,2.4498699446792886,
0.0,0.0,0.0,2.0557455964601443,0.0,0.0,2.5698039614417763,
0.0,0.0,0.0,2.0557455964601443,0.0,0.0,2.4156258222028244,
0.0,0.0,0.0,2.0557455964601443,0.0,0.0,2.4811535166726326,
0.0,0.0,0.0,2.0557455964601443,0.0,0.0,2.4329421474891593,
0.0,0.0,0.0,2.0345455729160933,0.0,0.0,2.493778029982067,
0.0,0.0,0.0,2.0345455729160933,0.0,0.0,2.4452836046311655,
0.0,0.0,0.0,2.0345455729160933,0.0,0.0,2.2866699497739207,
0.0,0.0,0.0,2.0345455729160933,0.0,0.0,2.3020393746837784,
0.0,0.0,0.0,2.0345455729160933,0.0,0.0,2.3020393746837784,
0.0,0.0,0.0,2.011212718486598,0.0,0.0,2.3020393746837784,
0.0,0.0,0.0,2.011212718486598,0.0,0.0,2.4616127544635407,
0.0,0.0,0.0,2.011212718486598,0.0,0.0,2.410378310347726,
0.0,0.0,0.0,2.011212718486598,0.0,0.0,2.4688859973567916,
0.0,0.0,0.0,2.011212718486598,0.0,0.0,2.574511605319501,
0.0,0.0,0.0,2.011212718486598,0.0,0.0,2.7131064349028104,
0.0,0.0,0.0,2.011212718486598,0.0,0.0,2.6641188490409684,
0.0,0.0,0.0,2.011212718486598,0.0,0.0,2.6931820285564876,
0.0,0.0,0.0,2.011212718486598,0.0,0.0,2.7813666526913643,
0.0,0.0,0.0,2.011212718486598,0.0,0.0,2.842297841034584,
0.0,0.0,0.0,2.011212718486598,0.0,0.0,2.8721226511816553,
0.0,0.0,0.0,2.011212718486598,0.0,0.0,2.919369700977924,
0.0,0.0,0.0,2.011212718486598,0.0,0.0,2.7854621661127257,
0.0,0.0,0.0,2.011212718486598,0.0,0.0,2.815746467782425,
0.0,0.0,0.0,2.011212718486598,0.0,0.0,2.861329075627204,
0.0,0.0,0.0,2.011212718486598,0.0,0.0,2.7126975502548305,
0.0,0.0,0.0,2.011212718486598,0.0,0.0,2.7966072754580624,
0.0,0.0,0.0,2.011212718486598,0.0,0.0,2.67557078403113,
0.0,0.0,0.0,2.011212718486598,0.0,0.0,2.2934773588865514,
0.0,0.0,0.0,1.983050008890598,0.0,0.0,2.37513843816716,
0.0,0.0,0.0,1.983050008890598,0.0,0.0,2.3385910380772303,
0.0,0.0,0.0,1.983050008890598,0.0,0.0,2.1906157535839923,
0.0,0.0,0.0,1.826169132065478,0.0,0.0,2.169170187227139,
0.0,0.0,0.0,1.804242240194224,0.0,0.0,2.169170187227139,
0.0,0.0,0.0,1.804242240194224,0.0,0.0,2.32637240934209,
0.0,0.0,0.0,1.804242240194224,0.0,0.0,2.405613176941128,
0.0,0.0,0.0,1.804242240194224,0.0,0.0,2.300893522282874,
0.0,0.0,0.0,1.804242240194224,0.0,0.0,2.3177458483770854,
0.0,0.0,0.0,1.804242240194224,0.0,0.0,1.999446884960537,
0.0,0.0,0.0,1.804242240194224,0.0,0.0,2.1012049309553587,
0.0,0.0,0.0,1.804242240194224,0.0,0.0,2.1012049309553587,
0.0,0.0,0.0,1.7878594429173802,0.0,0.0,2.1012049309553587,
0.0,0.0,0.0,1.7808751977625152,0.0,0.0,2.1012049309553587,
0.0,0.0,0.0,1.7808751977625152,0.0,0.0,2.1012049309553587,
0.0,0.0,0.0,1.7786650863424016,0.0,0.0,2.079981559917875,
0.0,0.0,0.0,1.7786650863424016,0.0,0.0,2.211538274851298,
0.0,0.0,0.0,1.7812324987520027,0.0,0.0,2.327667539784433,
0.0,0.0,0.0,1.7812324987520027,0.0,0.0,2.537624336616784,
0.0,0.0,0.0,1.7812324987520027,0.0,0.0,2.2849150442374997,
0.0,0.0,0.0,1.793523030498883,0.0,0.0,2.0045815410808205,
0.0,0.0,0.0,1.793523030498883,0.0,0.0,2.1835802252208802,
0.0,0.0,0.0,1.793523030498883,0.0,0.0,2.3089717279143027,
0.0,0.0,0.0,1.793523030498883,0.0,0.0,2.4193842376498753,
0.0,0.0,0.0,1.793523030498883,0.0,0.0,2.4193842376498753,
0.0,0.0,0.0,1.86101420133913,0.0,0.0,2.279211816042786,
0.0,0.0,0.0,1.86101420133913,0.0,0.0,2.4001741979648656,
0.0,0.0,0.0,1.86101420133913,0.0,0.0,2.3681884692555175,
0.0,0.0,0.0,1.86101420133913,0.0,0.0,2.3081047376320636,
0.0,0.0,0.0,1.8826422075921028,0.0,0.0,2.243570491970723,
0.0,0.0,0.0,1.8826422075921028,0.0,0.0,2.239342193814243,
0.0,0.0,0.0,1.8826422075921028,0.0,0.0,2.3005966973202567,
0.0,0.0,0.0,1.8826422075921028,0.0,0.0,2.4037821699132964,
0.0,0.0,0.0,1.8826422075921028,0.0,0.0,2.4037821699132964,
0.0,0.0,0.0,1.8826422075921028,0.0,0.0,2.540986876711469,
0.0,0.0,0.0,1.8826422075921028,0.0,0.0,2.540986876711469,
0.0,0.0,0.0,1.8826422075921028,0.0,0.0,2.4794175555268527,
0.0,0.0,0.0,1.8826422075921028,0.0,0.0,2.5951376738209224,
0.0,0.0,0.0,1.8826422075921028,0.0,0.0,2.6269153958518565,
0.0,0.0,0.0,1.8826422075921028,0.0,0.0,2.5251089926569557,
0.0,0.0,0.0,1.8826422075921028,0.0,0.0,2.166766618982664,
0.0,0.0,0.0,1.8826422075921028,0.0,0.0,2.166766618982664,
0.0,0.0,0.0,1.8826422075921028,0.0,0.0,2.3121602722413375,
0.0,0.0,0.0,1.8826422075921028,0.0,0.0,2.2819906319774814,
0.0,0.0,0.0,1.8823000928502225,0.0,0.0,2.3971613263481872,
0.0,0.0,0.0,1.8823000928502225,0.0,0.0,2.538129907563386,
0.0,0.0,0.0,1.8823000928502225,0.0,0.0,2.6595338663553094,
0.0,0.0,0.0,1.8823000928502225,0.0,0.0,2.7229829762785127,
0.0,0.0,0.0,1.8823000928502225,0.0,0.0,2.828218581656531,
0.0,0.0,0.0,1.8823000928502225,0.0,0.0,2.834206261811776,
0.0,0.0,0.0,1.8823000928502225,0.0,0.0,2.9023873988974116,
0.0,0.0,0.0,1.8823000928502225,0.0,0.0,2.8518254475635,
0.0,0.0,0.0,1.8823000928502225,0.0,0.0,2.968109162332954,
0.0,0.0,0.0,1.8823000928502225,0.0,0.0,3.020335974922633,
0.0,0.0,0.0,1.8823000928502225,0.0,0.0,2.9120092266420237,
0.0,0.0,0.0,1.8823000928502225,0.0,0.0,3.0021803999617007,
0.0,0.0,0.0,1.8823000928502225,0.0,0.0,3.006622013714998,
0.0,0.0,0.0,1.8823000928502225,0.0,0.0,3.056989903728014,
0.0,0.0,0.0,1.8823000928502225,0.0,0.0,2.959055573449553,
0.0,0.0,0.0,1.8823000928502225,0.0,0.0,2.9348967794366043,
0.0,0.0,0.0,1.8823000928502225,0.0,0.0,2.930851872315299,
0.0,0.0,0.0,1.8823000928502225,0.0,0.0,2.8531157758235204,
0.0,0.0,0.0,1.8823000928502225,0.0,0.0,2.8473955687465904,
0.0,0.0,0.0,1.8823000928502225,0.0,0.0,2.756404151886502,
0.0,0.0,0.0,1.8823000928502225,0.0,0.0,2.546171535938656,
0.0,0.0,0.0,1.9060010997487034,0.0,0.0,2.2236820823313486,
0.0,0.0,0.0,1.9060010997487034,0.0,0.0,2.3185357547165326,
0.0,0.0,0.0,1.9060010997487034,0.0,0.0,2.462729830482264,
0.0,0.0,0.0,1.9060010997487034,0.0,0.0,2.352450174732506,
0.0,0.0,0.0,1.9060010997487034,0.0,0.0,2.4640688267798696,
0.0,0.0,0.0,1.9060010997487034,0.0,0.0,2.4640688267798696,
0.0,0.0,0.0,1.9060010997487034,0.0,0.0,2.4640688267798696,
0.0,0.0,0.0,1.9060010997487034,0.0,0.0,2.520835403272248,
0.0,0.0,0.0,1.9060010997487034,0.0,0.0,2.5938819894245824,
0.0,0.0,0.0,1.9060010997487034,0.0,0.0,2.596365715654583,
0.0,0.0,0.0,1.9060010997487034,0.0,0.0,2.691222907588929,
0.0,0.0,0.0,1.9060010997487034,0.0,0.0,2.729040615900797,
0.0,0.0,0.0,1.9060010997487034,0.0,0.0,2.729040615900797,
0.0,0.0,0.0,1.9060010997487034,0.0,0.0,2.839582286485148,
0.0,0.0,0.0,1.9060010997487034,0.0,0.0,2.839582286485148,
0.0,0.0,0.0,1.9060010997487034,0.0,0.0,2.757665452989178,
0.0,0.0,0.0,1.9060010997487034,0.0,0.0,2.8656056141330826,
0.0,0.0,0.0,1.9060010997487034,0.0,0.0,2.6866881706701258,
0.0,0.0,0.0,1.9060010997487034,0.0,0.0,2.693653490778651,
0.0,0.0,0.0,1.9060010997487034,0.0,0.0,2.61804103219614,
0.0,0.0,0.0,1.9060010997487034,0.0,0.0,2.5604668291428077,
0.0,0.0,0.0,1.9060010997487034,0.0,0.0,2.7017905921660126,
0.0,0.0,0.0,1.9060010997487034,0.0,0.0,2.3805394664147874,
0.0,0.0,0.0,1.9060010997487034,0.0,0.0,2.3469374394551985,
0.0,0.0,0.0,1.9060010997487034,0.0,0.0,2.469903876956441,
0.0,0.0,0.0,1.9060010997487034,0.0,0.0,2.437399019804792,
0.0,0.0,0.0,1.9060010997487034,0.0,0.0,2.380697402675442,
0.0,0.0,0.0,1.9060010997487034,0.0,0.0,2.5500820792267938,
0.0,0.0,0.0,1.9060010997487034,0.0,0.0,2.5123286054484097,
0.0,0.0,0.0,1.9060010997487034,0.0,0.0,2.4693131955575938,
0.0,0.0,0.0,1.9060010997487034,0.0,0.0,2.4260555996982744,
0.0,0.0,0.0,1.9060010997487034,0.0,0.0,2.387732541741781,
0.0,0.0,0.0,1.9060010997487034,0.0,0.0,2.387732541741781,
0.0,0.0,0.0,1.9060010997487034,0.0,0.0,2.5890266585321,
0.0,0.0,0.0,1.9060010997487034,0.0,0.0,2.6350555143865217,
0.0,0.0,0.0,1.9060010997487034,0.0,0.0,2.6350555143865217,
0.0,0.0,0.0,1.9060010997487034,0.0,0.0,2.4238117464526154,
0.0,0.0,0.0,1.9060010997487034,0.0,0.0,2.566879233645271,
0.0,0.0,0.0,1.9060010997487034,0.0,0.0,2.547413077453243,
0.0,0.0,0.0,1.9060010997487034,0.0,0.0,2.6377336381518695,
0.0,0.0,0.0,1.9060010997487034,0.0,0.0,2.661252358645106,
0.0,0.0,0.0,1.9060010997487034,0.0,0.0,2.7486224927288663,
0.0,0.0,0.0,1.9060010997487034,0.0,0.0,2.741112932821066,
0.0,0.0,0.0,1.9060010997487034,0.0,0.0,2.754182099947417,
0.0,0.0,0.0,1.9060010997487034,0.0,0.0,2.780531214492498,
0.0,0.0,0.0,1.9060010997487034,0.0,0.0,2.682808798448778,
0.0,0.0,0.0,1.9060010997487034,0.0,0.0,2.682808798448778,
0.0,0.0,0.0,1.9060010997487034,0.0,0.0,2.7556347607952967,
0.0,0.0,0.0,1.9060010997487034,0.0,0.0,2.8560350410854647,
0.0,0.0,0.0,1.9060010997487034,0.0,0.0,2.727530135976682,
0.0,0.0,0.0,1.9060010997487034,0.0,0.0,2.6662705110812244,
0.0,0.0,0.0,1.9222591040143648,0.0,0.0,2.6160407336755553,
0.0,0.0,0.0,1.9222591040143648,0.0,0.0,2.745018626940416,
0.0,0.0,0.0,1.9222591040143648,0.0,0.0,2.7702113717860373,
0.0,0.0,0.0,1.9222591040143648,0.0,0.0,2.8472077661741495,
0.0,0.0,0.0,1.9222591040143648,0.0,0.0,2.8472077661741495,
0.0,0.0,0.0,1.9222591040143648,0.0,0.0,2.8025501899748293,
0.0,0.0,0.0,1.9222591040143648,0.0,0.0,2.6029423894050874,
0.0,0.0,0.0,1.9222591040143648,0.0,0.0,2.052835057442526,
0.0,0.0,0.0,1.9015854186388683,0.0,0.0,2.052835057442526,
0.0,0.0,0.0,1.9015854186388683,0.0,0.0,2.1879647185705493,
0.0,0.0,0.0,1.9015854186388683,0.0,0.0,2.1098967416504584,
0.0,0.0,0.0,1.9015854186388683,0.0,0.0,2.1098967416504584,
0.0,0.0,0.0,1.9015854186388683,0.0,0.0,2.0222277028980953,
0.0,0.0,0.0,1.8821091740205476,0.0,0.0,2.429103522302773,
0.0,0.0,0.0,1.8821091740205476,0.0,0.0,2.5145784111268767,
0.0,0.0,0.0,1.8821091740205476,0.0,0.0,2.5145784111268767,
0.0,0.0,0.0,1.8821091740205476,0.0,0.0,2.6514142538069887,
0.0,0.0,0.0,1.8821091740205476,0.0,0.0,2.534712144207152,
0.0,0.0,0.0,1.8821091740205476,0.0,0.0,2.6518321049655675,
0.0,0.0,0.0,1.8821091740205476,0.0,0.0,2.759416717759409,
0.0,0.0,0.0,1.8821091740205476,0.0,0.0,2.8286105591025756,
0.0,0.0,0.0,1.8821091740205476,0.0,0.0,2.732176794924613,
0.0,0.0,0.0,1.8821091740205476,0.0,0.0,2.734958652319097,
0.0,0.0,0.0,1.8821091740205476,0.0,0.0,2.610715567892595,
0.0,0.0,0.0,1.8821091740205476,0.0,0.0,2.7281819135871914,
0.0,0.0,0.0,1.8821091740205476,0.0,0.0,2.6672372500525467,
0.0,0.0,0.0,1.8821091740205476,0.0,0.0,2.5992203706368486,
0.0,0.0,0.0,1.8821091740205476,0.0,0.0,2.71112113448294,
0.0,0.0,0.0,1.8821091740205476,0.0,0.0,2.809022389586697,
0.0,0.0,0.0,1.8821091740205476,0.0,0.0,2.809035095152796,
0.0,0.0,0.0,1.8821091740205476,0.0,0.0,2.9133788804991623,
0.0,0.0,0.0,1.8821091740205476,0.0,0.0,2.972616095403724,
0.0,0.0,0.0,1.8821091740205476,0.0,0.0,2.864542599320743,
0.0,0.0,0.0,1.8821091740205476,0.0,0.0,2.5187496011406534,
0.0,0.0,0.0,1.8821091740205476,0.0,0.0,2.5187496011406534,
0.0,0.0,0.0,1.8821091740205476,0.0,0.0,2.4122710051293117,
0.0,0.0,0.0,1.8876515842366626,0.0,0.0,2.4425151992727154,
0.0,0.0,0.0,1.8876515842366626,0.0,0.0,2.530182572390833,
0.0,0.0,0.0,1.8876515842366626,0.0,0.0,2.4152766737942617,
0.0,0.0,0.0,1.8876515842366626,0.0,0.0,2.4152766737942617,
0.0,0.0,0.0,1.8876515842366626,0.0,0.0,2.5063647040481474,
0.0,0.0,0.0,1.8876515842366626,0.0,0.0,2.6085654899133046,
0.0,0.0,0.0,1.8876515842366626,0.0,0.0,2.573505031385555,
0.0,0.0,0.0,1.8876515842366626,0.0,0.0,2.6444831797190496,
0.0,0.0,0.0,1.8876515842366626,0.0,0.0,2.7280061160926405,
0.0,0.0,0.0,1.8876515842366626,0.0,0.0,2.8167543891906948,
0.0,0.0,0.0,1.8876515842366626,0.0,0.0,2.69526528591843,
0.0,0.0,0.0,1.8876515842366626,0.0,0.0,2.663834566516647,
0.0,0.0,0.0,1.8876515842366626,0.0,0.0,2.7075322375975186,
0.0,0.0,0.0,1.8876515842366626,0.0,0.0,1.9975219066061187,
0.0,0.0,0.0,1.8876515842366626,0.0,0.0,2.0866511818236124,
0.0,0.0,0.0,1.8876515842366626,0.0,0.0,2.0866511818236124,
0.0,0.0,0.0,1.8876515842366626,0.0,0.0,2.0866511818236124,
0.0,0.0,0.0,1.8876515842366626,0.0,0.0,2.1099897303160704,
0.0,0.0,0.0,1.8876515842366626,0.0,0.0,2.2660743345546708,
0.0,0.0,0.0,1.8876515842366626,0.0,0.0,2.2660743345546708,
0.0,0.0,0.0,1.8876515842366626,0.0,0.0,2.2270988759003547,
0.0,0.0,0.0,1.8876515842366626,0.0,0.0,2.210203936771803,
0.0,0.0,0.0,1.8876515842366626,0.0,0.0,2.3296057868673694,
0.0,0.0,0.0,1.9046494451383182,0.0,0.0,2.3296057868673694,
0.0,0.0,0.0,1.9046494451383182,0.0,0.0,2.002068417204873,
0.0,0.0,0.0,1.9046494451383182,0.0,0.0,2.198066514467401,
0.0,0.0,0.0,1.9046494451383182,0.0,0.0,2.3120513543712393,
0.0,0.0,0.0,1.9046494451383182,0.0,0.0,2.4469796121966776,
0.0,0.0,0.0,1.9046494451383182,0.0,0.0,2.1701696209757215,
0.0,0.0,0.0,1.9046494451383182,0.0,0.0,2.302523900921627,
0.0,0.0,0.0,1.9046494451383182,0.0,0.0,2.2728559990087938,
0.0,0.0,0.0,1.9046494451383182,0.0,0.0,2.438439625402533,
0.0,0.0,0.0,1.9046494451383182,0.0,0.0,2.550023246429344,
0.0,0.0,0.0,1.9046494451383182,0.0,0.0,2.550023246429344,
0.0,0.0,0.0,1.9046494451383182,0.0,0.0,2.67990858804921,
0.0,0.0,0.0,1.9046494451383182,0.0,0.0,2.789195898291591,
0.0,0.0,0.0,1.9046494451383182,0.0,0.0,2.7151885095471755,
0.0,0.0,0.0,1.9046494451383182,0.0,0.0,2.7151885095471755,
0.0,0.0,0.0,1.9046494451383182,0.0,0.0,2.7151885095471755,
0.0,0.0,0.0,1.9046494451383182,0.0,0.0,2.411808530311953,
0.0,0.0,0.0,1.9046494451383182,0.0,0.0,2.6451149192569776,
0.0,0.0,0.0,1.9046494451383182,0.0,0.0,2.595335540883115,
0.0,0.0,0.0,1.9046494451383182,0.0,0.0,2.6993408433616954,
0.0,0.0,0.0,1.9046494451383182,0.0,0.0,2.570873830251015,
0.0,0.0,0.0,1.9046494451383182,0.0,0.0,2.570873830251015,
0.0,0.0,0.0,1.9046494451383182,0.0,0.0,2.570873830251015,
0.0,0.0,0.0,1.9046494451383182,0.0,0.0,2.6263190363382507,
0.0,0.0,0.0,1.9046494451383182,0.0,0.0,2.706495794030028,
0.0,0.0,0.0,1.9046494451383182,0.0,0.0,2.706495794030028,
0.0,0.0,0.0,1.9046494451383182,0.0,0.0,2.781985643066236,
0.0,0.0,0.0,1.9046494451383182,0.0,0.0,2.863408696217303,
0.0,0.0,0.0,1.9046494451383182,0.0,0.0,2.9722967038410455,
0.0,0.0,0.0,1.9046494451383182,0.0,0.0,3.0643365844093275,
0.0,0.0,0.0,1.9046494451383182,0.0,0.0,3.1147244316448313,
0.0,0.0,0.0,1.9046494451383182,0.0,0.0,3.123241741361599,
0.0,0.0,0.0,1.9046494451383182,0.0,0.0,3.151231964633322,
0.0,0.0,0.0,1.9046494451383182,0.0,0.0,3.1209086486343502,
0.0,0.0,0.0,1.9046494451383182,0.0,0.0,2.7820959224323696,
0.0,0.0,0.0,1.9046494451383182,0.0,0.0,2.7131196295288342,
0.0,0.0,0.0,1.9247567464560644,0.0,0.0,2.7131196295288342,
0.0,0.0,0.0,1.976461838468053,0.0,0.0,2.829541064091041,
0.0,0.0,0.0,1.976461838468053,0.0,0.0,2.6883459521433055,
0.0,0.0,0.0,1.976461838468053,0.0,0.0,2.62377760638161,
0.0,0.0,0.0,1.976461838468053,0.0,0.0,2.8516877798477904,
0.0,0.0,0.0,1.976461838468053,0.0,0.0,2.6608341917391702,
0.0,0.0,0.0,1.976461838468053,0.0,0.0,2.7554901259788753,
0.0,0.0,0.0,1.976461838468053,0.0,0.0,2.8458572649062166,
0.0,0.0,0.0,1.976461838468053,0.0,0.0,3.017822884072145,
0.0,0.0,0.0,1.976461838468053,0.0,0.0,3.0685500520037063,
0.0,0.0,0.0,1.976461838468053,0.0,0.0,2.947661177643759,
0.0,0.0,0.0,1.976461838468053,0.0,0.0,2.865476110876003,
0.0,0.0,0.0,1.976461838468053,0.0,0.0,2.911840927629547,
0.0,0.0,0.0,1.976461838468053,0.0,0.0,2.678727301206836,
0.0,0.0,0.0,1.976461838468053,0.0,0.0,2.7237699931157078,
0.0,0.0,0.0,1.976461838468053,0.0,0.0,2.686470750810073,
0.0,0.0,0.0,1.976461838468053,0.0,0.0,2.7480330075358745,
0.0,0.0,0.0,1.976461838468053,0.0,0.0,2.290636198123072,
0.0,0.0,0.0,1.976461838468053,0.0,0.0,2.4702000898442935,
0.0,0.0,0.0,1.976461838468053,0.0,0.0,2.5577496266269755,
0.0,0.0,0.0,1.976461838468053,0.0,0.0,2.634688983034648,
0.0,0.0,0.0,1.976461838468053,0.0,0.0,2.7119699814435863,
0.0,0.0,0.0,1.976461838468053,0.0,0.0,2.8182797722898387,
0.0,0.0,0.0,1.976461838468053,0.0,0.0,2.8698678924935224,
0.0,0.0,0.0,1.9994526945578281,0.0,0.0,2.8698678924935224,
0.0,0.0,0.0,1.9994526945578281,0.0,0.0,2.971080750910139,
0.0,0.0,0.0,1.9994526945578281,0.0,0.0,2.9370492691578822,
0.0,0.0,0.0,1.9994526945578281,0.0,0.0,2.8912238909313004,
0.0,0.0,0.0,1.9994526945578281,0.0,0.0,2.946056521229743,
0.0,0.0,0.0,1.9994526945578281,0.0,0.0,2.946056521229743,
0.0,0.0,0.0,1.9994526945578281,0.0,0.0,2.9937338094079413,
0.0,0.0,0.0,1.9994526945578281,0.0,0.0,3.0022699615399717,
0.0,0.0,0.0,1.9994526945578281,0.0,0.0,3.0619886664778884,
0.0,0.0,0.0,2.116561296344557,0.0,0.0,3.0619886664778884,
0.0,0.0,0.0,2.116561296344557,0.0,0.0,3.152058007687269,
0.0,0.0,0.0,2.116561296344557,0.0,0.0,2.8156902111006605,
0.0,0.0,0.0,2.116561296344557,0.0,0.0,2.6765566427520975,
0.0,0.0,0.0,2.116561296344557,0.0,0.0,2.7454966572886326,
0.0,0.0,0.0,2.116561296344557,0.0,0.0,2.8778697284787036,
0.0,0.0,0.0,2.116561296344557,0.0,0.0,2.939201848354286,
0.0,0.0,0.0,2.116561296344557,0.0,0.0,2.939201848354286,
0.0,0.0,0.0,2.116561296344557,0.0,0.0,2.939201848354286,
0.0,0.0,0.0,2.116561296344557,0.0,0.0,2.9302231395448652,
0.0,0.0,0.0,2.116561296344557,0.0,0.0,2.230971751444338,
0.0,0.0,0.0,2.116561296344557,0.0,0.0,2.230971751444338,
0.0,0.0,0.0,2.116561296344557,0.0,0.0,2.328056175948715,
0.0,0.0,0.0,2.116561296344557,0.0,0.0,2.4342058537163793,
0.0,0.0,0.0,2.116561296344557,0.0,0.0,2.5798368859549536,
0.0,0.0,0.0,2.137090486446047,0.0,0.0,2.301447681488601,
0.0,0.0,0.0,2.137090486446047,0.0,0.0,2.301447681488601,
0.0,0.0,0.0,2.137090486446047,0.0,0.0,2.393124774549527,
0.0,0.0,0.0,2.137090486446047,0.0,0.0,2.2461052338556455,
0.0,0.0,0.0,2.137090486446047,0.0,0.0,2.2522363261044975,
0.0,0.0,0.0,2.137090486446047,0.0,0.0,2.4151497495039007,
0.0,0.0,0.0,2.137090486446047,0.0,0.0,2.4112607583605907,
0.0,0.0,0.0,2.137090486446047,0.0,0.0,2.5227650158218013,
0.0,0.0,0.0,2.1504302892254046,0.0,0.0,2.3940546442804846,
0.0,0.0,0.0,2.1504302892254046,0.0,0.0,2.5666608478701334,
0.0,0.0,0.0,2.1504302892254046,0.0,0.0,2.7247587365683588,
0.0,0.0,0.0,2.1504302892254046,0.0,0.0,2.659026158172744,
0.0,0.0,0.0,2.1504302892254046,0.0,0.0,2.7722078582931395,
0.0,0.0,0.0,2.1504302892254046,0.0,0.0,2.873374877735775,
0.0,0.0,0.0,2.1504302892254046,0.0,0.0,2.968438479351767,
0.0,0.0,0.0,2.1504302892254046,0.0,0.0,2.354890976263802,
0.0,0.0,0.0,2.1504302892254046,0.0,0.0,2.4861100322937193,
0.0,0.0,0.0,2.1504302892254046,0.0,0.0,2.369024391005475,
0.0,0.0,0.0,2.1504302892254046,0.0,0.0,2.498581964602499,
0.0,0.0,0.0,2.1504302892254046,0.0,0.0,2.548296423769629,
0.0,0.0,0.0,2.1504302892254046,0.0,0.0,2.6175699274699284,
0.0,0.0,0.0,2.095553674530059,0.0,0.0,2.4072338727887375,
0.0,0.0,0.0,2.095553674530059,0.0,0.0,2.5331687174809128,
0.0,0.0,0.0,2.0998289993969212,0.0,0.0,2.5331687174809128,
0.0,0.0,0.0,2.067988890250949,0.0,0.0,2.5973448625712576,
0.0,0.0,0.0,2.0576180521269958,0.0,0.0,2.534125502086661,
0.0,0.0,0.0,2.044559217912899,0.0,0.0,2.534125502086661,
0.0,0.0,0.0,2.044559217912899,0.0,0.0,2.61470718093449,
0.0,0.0,0.0,2.044559217912899,0.0,0.0,2.7154005710501874,
0.0,0.0,0.0,2.044559217912899,0.0,0.0,2.809429383322306,
0.0,0.0,0.0,2.044559217912899,0.0,0.0,2.8299167432136714,
0.0,0.0,0.0,2.044559217912899,0.0,0.0,2.8299167432136714,
0.0,0.0,0.0,2.044559217912899,0.0,0.0,2.396264547072239,
0.0,0.0,0.0,2.038754340229059,0.0,0.0,2.396264547072239,
0.0,0.0,0.0,2.038754340229059,0.0,0.0,2.396264547072239,
0.0,0.0,0.0,2.038754340229059,0.0,0.0,2.1351704804166456,
0.0,0.0,0.0,2.038754340229059,0.0,0.0,2.1192255882980455,
0.0,0.0,0.0,2.038754340229059,0.0,0.0,2.1192255882980455,
0.0,0.0,0.0,2.038754340229059,0.0,0.0,2.1192255882980455,
0.0,0.0,0.0,2.038754340229059,0.0,0.0,2.168000433409699,
0.0,0.0,0.0,2.038754340229059,0.0,0.0,2.0371270972260134,
0.0,0.0,0.0,2.038754340229059,0.0,0.0,2.1822545162545985,
0.0,0.0,0.0,2.038754340229059,0.0,0.0,2.15681404143894,
0.0,0.0,0.0,2.038754340229059,0.0,0.0,2.0535980768321633,
0.0,0.0,0.0,2.038754340229059,0.0,0.0,2.208092817698678,
0.0,0.0,0.0,2.038754340229059,0.0,0.0,2.3081679269731956,
0.0,0.0,0.0,2.038754340229059,0.0,0.0,2.0823406097493073,
0.0,0.0,0.0,2.038754340229059,0.0,0.0,2.2141268645116856,
0.0,0.0,0.0,2.038754340229059,0.0,0.0,2.316233142020362,
0.0,0.0,0.0,2.038754340229059,0.0,0.0,2.3899223628102155,
0.0,0.0,0.0,2.038754340229059,0.0,0.0,2.4459484024187272,
0.0,0.0,0.0,2.038754340229059,0.0,0.0,2.5234164249705318,
0.0,0.0,0.0,2.038754340229059,0.0,0.0,2.3496782986847036,
0.0,0.0,0.0,2.038754340229059,0.0,0.0,2.44892858771837,
0.0,0.0,0.0,2.038754340229059,0.0,0.0,2.44892858771837,
0.0,0.0,0.0,2.038754340229059,0.0,0.0,2.0073346043958207,
0.0,0.0,0.0,2.038754340229059,0.0,0.0,2.1529832061631504,
0.0,0.0,0.0,2.038754340229059,0.0,0.0,2.277282912569485,
0.0,0.0,0.0,2.038754340229059,0.0,0.0,2.382822593869514,
0.0,0.0,0.0,2.038754340229059,0.0,0.0,2.4356027495309136,
0.0,0.0,0.0,2.038754340229059,0.0,0.0,2.5643010765410192,
0.0,0.0,0.0,2.038754340229059,0.0,0.0,2.500343898987692,
0.0,0.0,0.0,2.035878142565966,0.0,0.0,2.592682930452217,
0.0,0.0,0.0,2.035878142565966,0.0,0.0,2.711979986155466,
0.0,0.0,0.0,2.035878142565966,0.0,0.0,2.634720487059198,
0.0,0.0,0.0,2.035878142565966,0.0,0.0,2.6600374523822965,
0.0,0.0,0.0,2.035878142565966,0.0,0.0,2.659761762937241,
0.0,0.0,0.0,2.035878142565966,0.0,0.0,2.408039295175135,
0.0,0.0,0.0,2.0945914427414665,0.0,0.0,2.353779207435638,
0.0,0.0,0.0,2.0945914427414665,0.0,0.0,2.499884911743864,
0.0,0.0,0.0,2.0945914427414665,0.0,0.0,2.4611716037381663,
0.0,0.0,0.0,2.0945914427414665,0.0,0.0,2.5031632377556856,
0.0,0.0,0.0,2.0945914427414665,0.0,0.0,2.5641788798776393,
0.0,0.0,0.0,2.0945914427414665,0.0,0.0,2.4606349150174074,
0.0,0.0,0.0,2.0945914427414665,0.0,0.0,2.6084195751005557,
0.0,0.0,0.0,2.0945914427414665,0.0,0.0,2.7145349799315,
0.0,0.0,0.0,2.0945914427414665,0.0,0.0,2.7145349799315,
0.0,0.0,0.0,2.0945914427414665,0.0,0.0,2.6404629736859215,
0.0,0.0,0.0,2.0945914427414665,0.0,0.0,2.5855075425360905,
0.0,0.0,0.0,2.0945914427414665,0.0,0.0,2.522295645446403,
0.0,0.0,0.0,2.0945914427414665,0.0,0.0,2.522295645446403,
0.0,0.0,0.0,2.0945914427414665,0.0,0.0,2.822322463868325,
0.0,0.0,0.0,2.0945914427414665,0.0,0.0,2.9116960947647987,
0.0,0.0,0.0,2.0945914427414665,0.0,0.0,2.634083761060398,
0.0,0.0,0.0,2.0945914427414665,0.0,0.0,2.7040232085049345,
0.0,0.0,0.0,2.0945914427414665,0.0,0.0,2.8186129709430428,
0.0,0.0,0.0,2.0945914427414665,0.0,0.0,2.79280555363109,
0.0,0.0,0.0,2.0945914427414665,0.0,0.0,2.79280555363109,
0.0,0.0,0.0,2.0945914427414665,0.0,0.0,2.8685821015115067,
0.0,0.0,0.0,2.0945914427414665,0.0,0.0,2.871441374380434,
0.0,0.0,0.0,2.0945914427414665,0.0,0.0,2.962912830940272,
0.0,0.0,0.0,2.0945914427414665,0.0,0.0,2.9168899729663664,
0.0,0.0,0.0,2.0945914427414665,0.0,0.0,2.9168899729663664,
0.0,0.0,0.0,2.0945914427414665,0.0,0.0,2.84541857344258,
0.0,0.0,0.0,2.0945914427414665,0.0,0.0,2.8637353760650055,
0.0,0.0,0.0,2.0945914427414665,0.0,0.0,2.9261152414883322,
0.0,0.0,0.0,2.0945914427414665,0.0,0.0,2.9642279306210937,
0.0,0.0,0.0,2.0945914427414665,0.0,0.0,2.925230851677957,
0.0,0.0,0.0,2.0945914427414665,0.0,0.0,2.9798877231978524,
0.0,0.0,0.0,2.0945914427414665,0.0,0.0,2.847707184609797,
0.0,0.0,0.0,2.0945914427414665,0.0,0.0,2.8651428767275524,
0.0,0.0,0.0,2.0945914427414665,0.0,0.0,2.9145839022563003,
0.0,0.0,0.0,2.0945914427414665,0.0,0.0,2.9002334109599315,
0.0,0.0,0.0,2.0945914427414665,0.0,0.0,2.9002334109599315,
0.0,0.0,0.0,2.0945914427414665,0.0,0.0,2.7995028087713036,
0.0,0.0,0.0,2.0945914427414665,0.0,0.0,2.787360986604212,
0.0,0.0,0.0,2.0945914427414665,0.0,0.0,2.852823349422065,
0.0,0.0,0.0,2.0945914427414665,0.0,0.0,2.9385891085612363,
0.0,0.0,0.0,2.0945914427414665,0.0,0.0,2.8760241012138,
0.0,0.0,0.0,2.0945914427414665,0.0,0.0,2.430078179066741,
0.0,0.0,0.0,2.0945914427414665,0.0,0.0,2.4150239296618525,
0.0,0.0,0.0,2.0945914427414665,0.0,0.0,2.4150239296618525,
0.0,0.0,0.0,2.0945914427414665,0.0,0.0,2.4608786363697126,
0.0,0.0,0.0,2.0945914427414665,0.0,0.0,2.253266142650334,
0.0,0.0,0.0,2.0945914427414665,0.0,0.0,2.47961290465346,
0.0,0.0,0.0,2.0945914427414665,0.0,0.0,2.725663372081956,
0.0,0.0,0.0,2.0945914427414665,0.0,0.0,2.7104170721268166,
0.0,0.0,0.0,2.0546022052093904,0.0,0.0,2.798599492504718,
0.0,0.0,0.0,2.0985508105443085,0.0,0.0,2.798599492504718,
0.0,0.0,0.0,2.0985508105443085,0.0,0.0,2.798599492504718,
0.0,0.0,0.0,2.0985508105443085,0.0,0.0,2.427132690031271,
0.0,0.0,0.0,2.0985508105443085,0.0,0.0,2.5366325825268,
0.0,0.0,0.0,2.0985508105443085,0.0,0.0,2.6339305518301943,
0.0,0.0,0.0,2.0985508105443085,0.0,0.0,2.6339305518301943,
0.0,0.0,0.0,2.0985508105443085,0.0,0.0,2.378880193082439,
0.0,0.0,0.0,2.0985508105443085,0.0,0.0,2.3612080651558482,
0.0,0.0,0.0,2.0985508105443085,0.0,0.0,2.488013301089012,
0.0,0.0,0.0,2.0367966722675157,0.0,0.0,2.185840213619059,
0.0,0.0,0.0,2.0367966722675157,0.0,0.0,2.2516697659164016,
0.0,0.0,0.0,2.0367966722675157,0.0,0.0,2.2485755384074246,
0.0,0.0,0.0,1.9794202927881575,0.0,0.0,2.3685677669062555,
0.0,0.0,0.0,1.9794202927881575,0.0,0.0,2.4374415498183253,
0.0,0.0,0.0,1.9794202927881575,0.0,0.0,2.534272033932374,
0.0,0.0,0.0,2.0025582272715967,0.0,0.0,2.534272033932374,
0.0,0.0,0.0,1.9601911592965346,0.0,0.0,2.534272033932374,
0.0,0.0,0.0,1.9601911592965346,0.0,0.0,2.319880330726215,
0.0,0.0,0.0,1.9601911592965346,0.0,0.0,2.1678956224955406,
0.0,0.0,0.0,1.9601911592965346,0.0,0.0,2.1667522631207072,
0.0,0.0,0.0,1.9601911592965346,0.0,0.0,2.1169445822108437,
0.0,0.0,0.0,1.811473570512283,0.0,0.0,2.1169445822108437,
0.0,0.0,0.0,1.811473570512283,0.0,0.0,2.2103358950475536,
0.0,0.0,0.0,1.7873386467505628,0.0,0.0,2.323409200788579,
0.0,0.0,0.0,1.7873386467505628,0.0,0.0,2.4241436678351884,
0.0,0.0,0.0,1.7873386467505628,0.0,0.0,2.527311912919226,
0.0,0.0,0.0,1.7873386467505628,0.0,0.0,2.4635630219268547,
0.0,0.0,0.0,1.7873386467505628,0.0,0.0,2.6142440431509884,
0.0,0.0,0.0,1.7873386467505628,0.0,0.0,2.848271785734714,
0.0,0.0,0.0,1.7873386467505628,0.0,0.0,2.8297807926017455,
0.0,0.0,0.0,1.7873386467505628,0.0,0.0,2.665250197739056,
0.0,0.0,0.0,1.7873386467505628,0.0,0.0,2.73786672826149,
0.0,0.0,0.0,1.7873386467505628,0.0,0.0,2.7838946824005886,
0.0,0.0,0.0,1.7873386467505628,0.0,0.0,2.713108824793085,
0.0,0.0,0.0,1.7873386467505628,0.0,0.0,2.656434323120011,
0.0,0.0,0.0,1.7873386467505628,0.0,0.0,2.565485001010237,
0.0,0.0,0.0,1.7873386467505628,0.0,0.0,2.4286809368370563,
0.0,0.0,0.0,1.7873386467505628,0.0,0.0,2.4143771912232284,
0.0,0.0,0.0,1.7873386467505628,0.0,0.0,2.571138191655189,
0.0,0.0,0.0,1.8071242232255038,0.0,0.0,2.6861827128548272,
0.0,0.0,0.0,1.8071242232255038,0.0,0.0,2.7091191581732508,
0.0,0.0,0.0,1.8071242232255038,0.0,0.0,2.718257675652314,
0.0,0.0,0.0,1.8071242232255038,0.0,0.0,2.60672979678008,
0.0,0.0,0.0,1.8071242232255038,0.0,0.0,2.405711339879333,
0.0,0.0,0.0,1.8071242232255038,0.0,0.0,2.546930746253487,