
0.0
3.223459559030317E-6
0.015896557627422564
4.046605740831583E-4
4.070474576145391E-4
2.1830686233842614E-5
2.787022169706617E-4
6.808630495005331E-5
1.5512013082430277E-4
8.888451877672721E-5
9.602622507834514E-5
6.889535616805525E-5
6.342667478780396E-5
5.0639537557280475E-5
4.6241036584675325E-5
3.815467825865004E-5
3.415190406978078E-5
2.810791595995428E-5
2.431523044291994E-5
1.909379479823083E-5
1.7129683142722094E-5
1.5108384701198973E-5
1.3957997194638531E-5
1.2277759516220885E-5
1.0913041469654322E-5
9.354105803419058E-6
8.046492640436476E-6
6.9211120893272425E-6
5.902546001918937E-6
5.0536088798966215E-6
4.27593608869805E-6
3.6686286679707534E-6
3.1313996817328637E-6
2.661606433607516E-6
2.2541739270164933E-6
1.897050028017978E-6
1.5944199522441321E-6
1.3330137933928077E-6
1.1146116449295458E-6
9.286660821760186E-7
7.757134991064379E-7
6.462821348845624E-7
5.402139792406844E-7
4.505775529042687E-7
3.7650804247838956E-7
3.147303388861358E-7
2.634690763650173E-7
2.2103480219164855E-7
1.8538645420264948E-7
1.558645641604956E-7
1.312698897170811E-7
1.1073885773721286E-7
9.355514303426822E-8
7.926534467793169E-8
6.729094758246603E-8
5.726787310899779E-8
4.882430314094337E-8
4.494633257517681E-8
4.044356446326172E-8
3.617771502767075E-8
3.088798855087377E-8
2.6980668561037628E-8
2.3098368796282615E-8
1.9933850647098314E-8
1.7144767974043732E-8
1.481065872538147E-8
1.2796604910458463E-8
1.1086491327292191E-8
9.611897846359176E-9
8.345958800622884E-9
7.257554579368562E-9
6.3197140285177096E-9
5.512110706550161E-9
4.81462181113953E-9
4.2123175209404985E-9
3.6909204657480048E-9
3.238348635145289E-9
2.8481594756243142E-9
3.320968540424149E-9
3.6080014334617975E-9
3.5291715198512786E-9
3.3435312646446383E-9
3.2849653114808436E-9
3.2400087244810483E-9
3.1563596909080103E-9
3.0304822547593093E-9
2.8539417052850694E-9
2.649430615295956E-9
2.4231774621007114E-9
2.192944007876001E-9
1.9646159649944537E-9
2.4027183372091697E-9
2.613269576539032E-9
2.4238959201072037E-9
2.0090216899115054E-9
1.6779433579392966E-9
1.3959875950557712E-9
1.1771133038236565E-9
9.984838753855578E-10
1.2245559705168756E-9
1.3289515752973346E-9
1.2282962840675028E-9
1.0056929931977356E-9
8.360251551881348E-10
6.912752699519819E-10
5.81133830065888E-10
4.917038507278093E-10
4.2122686371925077E-10
3.6292222739355335E-10
3.153857727463466E-10
2.750068913307459E-10
2.411944529313679E-10
3.1996349541295276E-10
5.816874490029542E-10
9.189139768199133E-10
1.2981789153446098E-9
1.600346029974148E-9
1.8173321705162193E-9
1.915311023499639E-9
1.9276729024260818E-9
1.8610165152826089E-9
2.1459239089340146E-9
2.2182022155128773E-9
2.0990873076290305E-9
1.8542997128553144E-9
1.6975149390294083E-9
1.5185355844994264E-9
1.3175188816807849E-9
1.1106539453667177E-9
9.408122277232397E-10
8.025763544691842E-10
6.87949047749272E-10
5.918809210016032E-10
5.470223967106352E-10
5.786485894882704E-10
6.348873370349648E-10
6.900726475578434E-10
8.136393079427937E-10
8.778973920399962E-10
8.63771359047739E-10
8.29773895563991E-10
8.507534520902939E-10
8.769035302716797E-10
8.961634769533203E-10
8.879060422433475E-10
8.593220205394874E-10
8.102367096561493E-10
7.498286675481588E-10
6.813627532828945E-10
6.35910742141255E-10
6.326324165256783E-10
6.405627088628322E-10
6.456604816147882E-10
6.335872984298989E-10
6.078282201413456E-10
5.681191856156209E-10
5.211933498353739E-10
4.695990024375725E-10
4.3803383079971867E-10
4.409299847871963E-10
4.522291314335092E-10
5.768740303593282E-10
6.330773288695406E-10
6.109657271055273E-10
5.416439194856635E-10
5.581004484080258E-10
5.336687832771578E-10
4.741262239041482E-10
3.951404226702089E-10
3.8352186295564594E-10
3.759184265774735E-10
3.4798742290411743E-10
2.928285037656499E-10
2.4212066493036515E-10
1.996586282307448E-10
1.668654793135867E-10
1.6216645985914677E-10
1.6190085438775344E-10
1.5123847186010774E-10
1.2760562567077664E-10
1.0599466187043002E-10
8.83426844253518E-11
7.439224752253839E-11
6.287277881039919E-11
7.124257782990708E-11
9.615316778397211E-11
1.2828835987524722E-10
1.5376268016810633E-10
1.780531735652585E-10
1.8827698721630824E-10
1.851582038899073E-10
1.748530738262091E-10
1.6604147941103712E-10
1.5904781697500856E-10
1.518804510235637E-10
1.5062375741147423E-10
5.889516664155395E-10
1.945909438587332E-9
3.567578509748419E-9
5.089189500870951E-9
6.170460321342726E-9
6.849147375556203E-9
7.129872415397541E-9
7.14155714224047E-9
6.948059075922457E-9
6.628286087269068E-9
6.216305035857642E-9
5.750723868265721E-9
5.480782517010466E-9
5.031777726746596E-9
4.5144678575156036E-9
4.381880433988775E-9
4.742259009744897E-9
5.264836715658828E-9
5.659745537704485E-9
5.9210248956165625E-9
5.960565119652672E-9
5.93544014156361E-9
7.117273586570802E-9
1.0613957989628588E-8
1.4798221124906008E-8
1.879087649751927E-8
2.172813393117863E-8
2.3629185302595094E-8
2.4472008166570076E-8
2.4621861335421946E-8
2.433243028547724E-8
2.360518862287898E-8
2.249670346795926E-8
2.106461762952692E-8
1.94376323643257E-8
1.7697187675169605E-8
1.594108853152296E-8
1.4221509701933272E-8
1.2590911329262311E-8
1.1216363026743415E-8
1.0865900001874238E-8
1.013971847005889E-8
9.353863583025103E-9
8.280170152663613E-9
7.4688311814905E-9
6.587394662466166E-9
5.871382314219593E-9
5.557196302177439E-9
5.951513053805174E-9
6.5618504839431966E-9
7.198006571650037E-9
7.561469987420803E-9
7.683351474596775E-9
7.516067554794028E-9
7.165817473155813E-9
6.662158121814835E-9
6.089634672552858E-9
5.478277355531685E-9
5.187539135114332E-9
4.792670470663719E-9
4.534240654297232E-9
4.224485638975327E-9
4.014961570131759E-9
3.7184748155375664E-9
3.4489135675160517E-9
3.391532088418979E-9
3.754848977081434E-9
4.229583514877514E-9
4.694578015178535E-9
4.961928008115795E-9
5.054523716475614E-9
5.018088419233899E-9
4.970084499836498E-9
4.8296987786504775E-9
4.6079589081363015E-9
4.293162819459028E-9
3.932326697948699E-9
3.5864798642820353E-9
3.3179462142000525E-9
3.0704425445292574E-9
2.8291113362382677E-9
2.5740747659417733E-9
2.3477025117962635E-9
2.1708148143864503E-9
2.0129492153184402E-9
1.8575210541604223E-9
1.6946727744046419E-9
1.552170848126665E-9
1.9895069552290234E-9
3.5994854756112887E-9
5.442076873660204E-9
7.125910902686876E-9
8.220925085698814E-9
8.747839727669437E-9
8.761989184302412E-9
8.53323600484232E-9
8.57517545448636E-9
9.354216339397433E-9
1.0367320233064767E-8
1.1391723565058056E-8
1.2084067819805686E-8
1.2420899504160825E-8
1.2339222445272507E-8
1.1941120796494005E-8
1.2038901603108002E-8
1.1443564991419571E-8
1.0487301677955481E-8
9.214545150735663E-9
8.166726091964083E-9
7.11955604307203E-9
6.264592941244791E-9
5.786257525831977E-9
5.928925898674891E-9
6.262234412436312E-9
6.627678442990449E-9
6.77630615739194E-9
6.740073077053849E-9
6.48289016906179E-9
6.094832828268302E-9
5.600476731402248E-9
5.442624215370618E-9
4.972440213955235E-9
4.41254235854001E-9
3.749736010550406E-9
3.2599243931326765E-9
2.7899186406642032E-9
2.4399056218900333E-9
2.528072211951749E-9
3.556520304675723E-9
4.680139545545542E-9
5.690616793434859E-9
6.574972741323231E-9
7.202154671327998E-9
7.264961925445977E-9
6.8788937035217876E-9
6.419678530908821E-9
6.132154527531393E-9
5.916379781443576E-9
5.767566686662183E-9
5.65050054267263E-9
5.511232580199374E-9
5.675047277632118E-9
5.558755740048851E-9
5.335044275879074E-9
4.897625493875689E-9
4.5102230639404785E-9
4.076278409079426E-9
3.804516856005202E-9
4.808189899305993E-9
8.140214821509566E-9
1.2498810916971993E-8
1.7314466551277816E-8
2.1586316702985274E-8
2.5288135268969252E-8
2.795251803561106E-8
3.09553898532264E-8
3.232830820258976E-8
3.334967013984606E-8
3.242726453783493E-8
3.0437086324995415E-8
2.7620905293676394E-8
2.5001165305325774E-8
2.3989688325097652E-8
2.3397152025611808E-8
2.377564789363656E-8
2.4011105579980316E-8
2.4434410623349275E-8
2.4220484545994903E-8
2.380899485913515E-8
2.3706253439918974E-8
2.489695501700844E-8
2.6291156156611323E-8
2.752696105337924E-8
2.8119125155222667E-8
2.8317805197379492E-8
2.80775451504163E-8
2.7645500127563983E-8
2.701753165305728E-8
2.6373467114389094E-8
2.5613969511922593E-8
2.4825196211880857E-8
2.397038210571804E-8
2.375590593075273E-8
2.313928903523548E-8
2.242974120891085E-8
2.146528040021363E-8
2.069092488698724E-8
1.982216615339586E-8
1.9011530257440548E-8
1.8270583959303473E-8
1.7736475615936197E-8
1.7276690825052747E-8
1.6841010904575897E-8
1.6323331263754568E-8
1.5859491217963538E-8
1.5551563064586814E-8
1.5207994249242215E-8
1.4731313436621964E-8
1.4241188578767707E-8
1.5479974463081285E-8
1.992082332379567E-8
2.6229196004047907E-8
3.345269826960805E-8
3.978636409866608E-8
4.453895992872537E-8
4.7247332432165493E-8
4.824835337687545E-8
4.77138653269349E-8
4.6160991515227496E-8
4.389248696714739E-8
4.1272926868315826E-8
3.848133346768086E-8
3.567653121473646E-8
3.291467894774475E-8
3.0263269047944785E-8
2.7752858195570453E-8
2.5410670977221308E-8
2.323175942682253E-8
2.120733062143464E-8
1.932119398964923E-8
1.7562508281455286E-8
1.5921735005424892E-8
1.4393789450375867E-8
1.2974900808835489E-8
1.1663038580515821E-8
1.0522968913784728E-8
9.645713203691287E-9
9.013073413751014E-9
8.579600085413383E-9
8.79940545437088E-9
8.639647328890812E-9
8.707733900919855E-9
8.168034524078525E-9
7.746798172650499E-9
7.0127929189665945E-9
6.416904519239283E-9
5.9425894683303394E-9
5.996050318347649E-9
6.599051776198394E-9
7.996481858827233E-9
9.536986653153727E-9
1.1072366990414389E-8
1.221060029578574E-8
1.2969595793742536E-8
1.3268978887795404E-8
1.3231539627526661E-8
1.2890076267848406E-8
1.2339396999711732E-8
1.1625223559501897E-8
1.081238917820252E-8
9.93961048677804E-9
9.047846884082956E-9
8.163741458040418E-9
7.310918048412524E-9
6.5042943919724415E-9
5.754889419105641E-9
5.0682994349790715E-9
4.446949384009778E-9
3.890298943099352E-9
3.424295358430244E-9
3.08075447561556E-9
2.842009095967119E-9
2.683288077936379E-9
2.5572795478227373E-9
2.4339412988446446E-9
2.2939046994676377E-9
2.1356178932699666E-9
1.962297879637979E-9
1.781920118954025E-9
1.6014583642878755E-9
1.4272478076115455E-9
1.2830894481429431E-9
1.1384676961341824E-9
1.0078303439238595E-9
9.060093723649353E-10
9.029892017006048E-10
1.1917087238548797E-9
1.94651768097192E-9
2.875851368211311E-9
4.136994873747344E-9
5.1585016059143935E-9
5.959206026475139E-9
6.362318998084514E-9
6.437915505700966E-9
6.229795259464174E-9
5.946585299076878E-9
5.665636975650976E-9
5.565342674259054E-9
5.501744738927019E-9
5.731129735499767E-9
5.847640920582732E-9
6.00084947980291E-9
6.035439074277638E-9
6.0746022899684966E-9
5.970405891194597E-9
5.7887785006255515E-9
5.541271356729435E-9
5.301315482890848E-9
5.03382196968723E-9
4.74490332621055E-9
4.420906538293062E-9
4.077303566503687E-9
3.718693965650773E-9
3.597749859016422E-9
3.2887174333123047E-9
3.1083737160500808E-9
2.7158417092377894E-9
2.4002001376401412E-9
2.1381495004292074E-9
1.8920353869867253E-9
1.6961008583865222E-9
1.6028182683749075E-9
1.6042382594116007E-9
1.6356034400306345E-9
1.651154525770312E-9
1.647203639279809E-9
1.6208021902204813E-9
1.5720705174270977E-9
1.5049938710338352E-9
1.4156711389910144E-9
1.3118599553737692E-9
1.20361916143466E-9
1.1190651266827046E-9
1.1256825162565636E-9
1.2877043396267793E-9
1.5206293937886505E-9
1.7728039957115751E-9
1.963143508285015E-9
2.0785406059380487E-9
2.1014867884244607E-9
2.1755791244872342E-9
2.1217058521799295E-9
1.9853357624251184E-9
1.8245092335476768E-9
1.7469600571808702E-9
1.6807109510422475E-9
1.618467726525841E-9
1.551840935422945E-9
1.4919290584686848E-9
1.4204369531390542E-9
1.4067639409356598E-9
1.5358768614179041E-9
1.895082349604225E-9
2.4454227848231636E-9
3.086095867165792E-9
3.6494608179705126E-9
4.0462657248519316E-9
4.25079319244234E-9
4.304500541749098E-9
4.24084071763465E-9
4.103980816237528E-9
3.915855810193656E-9
3.7159277230128372E-9
3.5352436402120597E-9
3.3771050142469496E-9
3.4339192874276524E-9
3.3979472522178724E-9
3.248474925083385E-9
2.990364453860894E-9
2.748858503012587E-9
2.49260414724222E-9
2.241029228644387E-9
2.0160107355276817E-9
1.9379775985525154E-9
1.8654206936853456E-9
1.830371571051525E-9
1.784098580455459E-9
1.767817868932786E-9
1.8239559451565046E-9
1.7947578617603234E-9
1.7316801206464399E-9
1.6082456356118721E-9
1.4921188730013599E-9
1.3522359770560116E-9
1.2421820668492145E-9
1.114168832178581E-9
9.88610347759006E-10
8.657579810356995E-10
7.659940782421983E-10
6.813412099597955E-10
6.081802306671164E-10
5.429319430543474E-10
5.110659537669976E-10
5.434336807756861E-10
6.256498457683828E-10
7.45473954671468E-10
8.650102021163793E-10
9.631349717770943E-10
1.0241525059534643E-9
1.0469109133089586E-9
1.034279182452133E-9
9.934228428811773E-10
9.31798911422504E-10
8.932103488712405E-10
9.205311883014808E-10
9.965808166251761E-10
1.1119150540708617E-9
1.2197324742611613E-9
1.3012030700862566E-9
1.3382101132563794E-9
1.333928104394227E-9
1.379783630988586E-9
1.372434301653751E-9
1.2951330833619607E-9
1.1770280142568667E-9
1.058124808994131E-9
9.307043509549E-10
8.112923469071677E-10
7.297743124130655E-10
8.442499292644965E-10
1.30408317332227E-9
1.916667814470346E-9
2.563057064423094E-9
3.0996387360729927E-9
3.4790312523174996E-9
3.6757466126851985E-9
3.7192469286240232E-9
3.638154224890583E-9
3.4697739592719106E-9
3.242727383013005E-9
2.9824807087599945E-9
2.7073615410766685E-9
2.4315442555658905E-9
2.1646024407936933E-9
2.0523000066625097E-9
1.862895094663843E-9
1.7269206410837834E-9
1.486338465837272E-9
1.291583121770244E-9
1.0894264466662493E-9
9.604878128941544E-10
9.643451140153585E-10
1.2836232689518135E-9
1.6770381658290916E-9
2.0780788103340252E-9
2.338747016102263E-9
2.492494057237162E-9
2.511804471932814E-9
2.44719801420086E-9
2.34876355899066E-9
2.2848286426364087E-9
2.2351105391728538E-9
2.1808734011532556E-9
2.1050024277059464E-9
2.0082794316137733E-9
1.8966606592257147E-9
1.7754428933515674E-9
1.652879103080245E-9
1.6267922547883104E-9
1.534123665913151E-9
1.4043190921712307E-9
1.2392725024068627E-9
1.1062128016616662E-9
1.0358505006059895E-9
9.324728792268146E-10
8.598410191380776E-10
8.394120708484164E-10
8.636833654271923E-10
8.755177349442896E-10
8.660750874587865E-10
8.525168454464582E-10
8.547287377632937E-10
8.525959947781765E-10
8.362459520286183E-10
7.993828114733032E-10
7.514088225018003E-10
7.006422451353743E-10
6.500010211176387E-10
6.009350530294732E-10
5.513010916697649E-10
5.010985261179994E-10
4.5036318851393464E-10
4.006566190236555E-10
3.8164126602437353E-10
3.42609759882568E-10
3.0406642066203885E-10
2.578926974093685E-10
2.2760635489391946E-10
2.0533498475892657E-10
2.548109450805228E-10
8.09779856732262E-10
2.2069738451952836E-9
3.732422428468715E-9
5.075603226165974E-9
5.990864104876823E-9
6.537638159476039E-9
6.742590534376075E-9
6.6814615200007916E-9
6.4125148614821405E-9
6.000878542402681E-9
5.5021572597899885E-9
4.9606509429708716E-9
4.412166787279615E-9
3.880729945621883E-9
3.3830971386397347E-9
3.1119706593972066E-9
2.736987102565067E-9
2.3744542153781932E-9
1.9897248337706675E-9
1.724438756165021E-9
1.47773105637872E-9
1.3008274952003906E-9
1.3098537196245843E-9
1.5822037596966952E-9
1.929964414379334E-9
2.246978304143898E-9
2.4693785650895503E-9
2.7520703750866196E-9
3.2304804288713723E-9
3.7361927487244765E-9
4.22505908179176E-9
4.56838141187192E-9
4.742225910163809E-9
5.067720778918151E-9
5.048161377056869E-9
4.750712754628257E-9
4.52493232933777E-9
4.155788186895596E-9
3.735986598686775E-9
3.2620944456266068E-9
2.9282426633982532E-9
2.7506855809829916E-9
2.6203341155795075E-9
2.5026310841504175E-9
2.400512332575761E-9
2.323707381725753E-9
2.2431982974747782E-9
2.153225122917257E-9
2.056511413584082E-9
1.9629683397909E-9
1.932584171594523E-9
2.018705730607786E-9
2.1337528912403807E-9
2.2246901585304636E-9
2.4030136205591852E-9
2.423513815080462E-9
2.3562148646617556E-9
2.1894891212455535E-9
2.0256868109856282E-9
1.8257127720858298E-9
1.6389058212063458E-9
1.4669256334872226E-9
1.3389300517625553E-9
1.2354187246735462E-9
1.1550870161623176E-9
1.0836768860536376E-9
1.0214530729830404E-9
9.632426325634658E-10
9.098846676862808E-10
8.587728363952175E-10
8.104675347178007E-10
7.642545957410408E-10
7.205097568410618E-10
6.785869987993674E-10
6.388057354713332E-10
6.011875234961614E-10
5.657705982999645E-10
5.323721855828385E-10
5.009108671948879E-10
4.712672022721566E-10
4.433565959203382E-10
4.170836940016204E-10
3.923654192109912E-10
3.691141583278063E-10
3.4724416962328556E-10
3.2667293445658325E-10
3.0732107794096727E-10
3.0013764250106184E-10
4.5186500683494224E-10
6.590015538681773E-10
9.601120737732098E-10
1.3130784827477772E-9
1.740516846979869E-9
1.7652755806100543E-9
1.5375073888833826E-9
1.2672267302978718E-9
1.0680874272450234E-9
9.059496113483514E-10
7.864256231122088E-10
6.906791830973249E-10
6.171851808832974E-10
5.527654320475948E-10
5.003563298291197E-10
4.502702686172409E-10
4.04922475109848E-10
3.660821261334977E-10
3.284126210823358E-10
3.6604266733024217E-10
6.359429647794553E-10
7.555498857444966E-10
7.223915013613758E-10
6.346239370424207E-10
5.569683582475394E-10
4.786096517275937E-10
4.153674154308349E-10
3.6061554343594296E-10
3.1316291440308087E-10
2.737107285454467E-10
2.4389844162838086E-10
2.1540407983681725E-10
1.9088825851616025E-10
1.7240520602846583E-10
1.525794723255475E-10
1.36433021355174E-10
2.0532200260187145E-10
2.664867250438246E-10
2.832861657592896E-10
2.711821262768911E-10
2.555896672734487E-10
2.372699535629288E-10
2.1927133606283208E-10
2.0443441704589523E-10
4.2337594323218575E-10
5.686579227335013E-10
6.629019767314969E-10
6.797614998119008E-10
6.464598286550893E-10
5.718011139790498E-10
5.019661640885051E-10
4.619228798072368E-10
4.376246680665681E-10
4.806401139554461E-10
5.082037588643802E-10
5.649296265807179E-10
6.159992654625809E-10
7.060582654862131E-10
7.982126930879047E-10
8.949854338319772E-10
9.60119486313142E-10
9.965903263248305E-10
9.992865744243995E-10
9.782368832611224E-10
9.368470206892432E-10
9.597708424155642E-10
9.26615169756064E-10
8.519343120671841E-10
7.50105100207336E-10
6.656347736460834E-10
5.827154254166416E-10
5.09775740504865E-10
4.4558785845731507E-10
3.9338370593889017E-10
3.483710682778781E-10
3.0898509905357745E-10
3.0565376064813445E-10
2.819618635766128E-10
2.553203074702144E-10
2.1971784565173373E-10
1.95227444645665E-10
1.6897297058768738E-10
1.4802660022933462E-10
1.3094352174166226E-10
1.20836809105982E-10
1.1408546880131935E-10
1.0975300418438819E-10
1.0582967248388961E-10
1.0220284489695474E-10
1.522630288076094E-10
2.1442518339272555E-10
2.5283847378293593E-10
2.664600107421526E-10
2.6897203841014097E-10
2.6409771147871535E-10
2.5458014289551845E-10
2.427219407157423E-10
2.3019253108422785E-10
2.2034547138076281E-10
2.1067212404540254E-10
2.2571737978473347E-10
2.4411042362036234E-10
2.4309744636475915E-10
2.2478852194427056E-10
2.0186794955637323E-10
1.7981339727095207E-10
1.6035784746281195E-10
1.440023728717134E-10
1.3030669230279163E-10
1.184258557278288E-10
1.0778359716230235E-10
1.0416523074804588E-10
1.0031802719214995E-10
9.446426492719517E-11
8.704898164614579E-11
8.002036275078524E-11
1.0447314468055636E-10
1.1922953139441694E-10
1.186534020486735E-10
1.0747615365011846E-10
9.650453543894054E-11
8.507833268198057E-11
7.535125544729778E-11
6.74756101146204E-11
6.218317312973869E-11
7.30248632387292E-11
7.995488395824111E-11
7.811539737752821E-11
7.15539335108319E-11
7.086060549158114E-11
1.0347083123710646E-10
1.9611997076592645E-10
3.0797650058893686E-10
4.101807569433438E-10
4.812375619273594E-10
5.21892675256516E-10
5.32087142285768E-10
5.195042241902514E-10
4.911462870238632E-10
4.5780680917663005E-10
4.485423868732537E-10
5.281092624660599E-10
5.991568569850261E-10
6.431327450914858E-10
6.462604442042441E-10
6.315216306573813E-10
5.935286238224437E-10
5.449308312575701E-10
4.899933016202844E-10
4.3533365782731164E-10
3.826014807160677E-10
3.338184288959921E-10
2.8935018141274054E-10
2.4966898502605464E-10
2.1459487554977857E-10
1.8397876161983427E-10
1.5743206158004354E-10
1.3458969388591506E-10
1.1502519777244629E-10
9.834508266382663E-11
8.416427795552216E-11
7.213699062531242E-11
6.194877017824977E-11
5.332391916031594E-11
4.602166814595062E-11
4.000425338403188E-11
3.4843481301221625E-11
3.0412705861527606E-11
2.7369257755620632E-11
2.8953970221000625E-11
6.479160656971168E-11
1.4347215608771232E-10
2.2567112644084045E-10
2.910196962163667E-10
3.2800926260829915E-10
3.4036470455615827E-10
3.3235782513878385E-10
3.1232321722978075E-10
2.855936151561856E-10
2.56241399784849E-10
2.266625280866019E-10
1.986280754618725E-10
1.7256653448197297E-10
1.4894720254634854E-10
1.2839115430806697E-10
1.1317808377514675E-10
1.1738146087721005E-10
1.5149137070398908E-10
1.9148048204352816E-10
2.2521044140976525E-10
2.4329714444222883E-10
2.4764154253354076E-10
2.398262413192394E-10
2.2423312023258874E-10
2.03756168175202E-10
1.8181794936365995E-10
1.617610130913108E-10
1.55121219032625E-10
1.699399547536062E-10
1.8937213488071405E-10
2.0512916633447996E-10
2.1067997221678475E-10
2.0771651632134203E-10
1.9819555183041716E-10
1.9198786923067263E-10
1.9582261126999795E-10
2.0297221334348073E-10
2.0589150730879265E-10
2.0150945846670869E-10
1.9457728488239822E-10
2.0655409483222957E-10
3.975389988293288E-10
9.375401438615569E-10
1.5365353157603259E-9
2.062211573092759E-9
2.4201999421026345E-9
2.641066406534908E-9
2.727351780291885E-9
2.7109729139911325E-9
2.612500637271572E-9
2.616202919914341E-9
2.4799513987811807E-9
2.2923169882338315E-9
2.0412199142649374E-9
1.843020189502527E-9
1.6312673805712662E-9
1.492363352055102E-9
1.7007014996445847E-9
2.5309874787766322E-9
3.5007925264062445E-9
4.41656508240379E-9
5.063632978470855E-9
5.474352907286716E-9
5.664449410716913E-9
5.7248734461793605E-9
5.685858489202904E-9