
0.0,0.0,0.0,0.0,0.0,0.0,0.0,0.0,
0.0,0.0,0.0,0.0,0.0,0.0,0.0,0.0,
0.0,0.0,0.0,0.0,0.0,0.0,0.0,0.0,
0.0,0.0,0.0,0.0,0.0,0.0,0.0,0.0,
0.0,0.0,0.0,0.0,0.0,0.0,0.0,0.0,
0.0,0.0,0.0,0.0,0.0,0.0,0.0,0.0,
0.0,0.0,0.0,0.0,0.0,0.0,0.0,0.0,
0.0,0.0,0.0,0.0,0.0,0.0,0.0,0.0,
0.0,0.0,0.0,0.0,0.0,0.0,0.0,0.0,
0.0,0.0,0.0,0.0,0.0,0.0,0.0,0.0,
0.0,0.0,0.0,0.0,0.0,0.0,0.0,0.0,
0.0,0.0,0.0,0.0,0.0,0.0,0.0,0.0,
0.0,0.0,0.0,0.0,0.0,0.0,0.0,0.0,
0.0,0.0,0.0,7.964400149774123E-12,0.0,0.0,0.0,0.0,
0.0,0.0,0.0,6.456123190069179E-11,0.0,0.0,0.0,0.0,
0.0,0.0,0.0,6.456123190069179E-11,0.0,0.0,0.0,0.0,
0.0,0.0,0.0,6.456123190069179E-11,0.0,0.0,0.0,0.0,
0.0,0.0,0.0,6.456123190069179E-11,0.0,0.0,0.0,0.0,
0.0,0.0,0.0,6.456123190069179E-11,0.0,0.0,0.0,0.0,
0.0,0.0,0.0,7.620793957552446E-11,0.0,0.0,0.0,0.0,
0.0,0.0,0.0,1.311778137996397E-10,0.0,0.0,0.0,0.0,
0.0,0.0,0.0,1.311778137996397E-10,0.0,0.0,0.0,0.0,
0.0,0.0,0.0,5.509762633316613E-10,0.0,0.0,0.0,0.0,
0.0,0.0,0.0,5.509762633316613E-10,0.0,0.0,0.0,0.0,
0.0,0.0,0.0,5.509762633316613E-10,0.0,0.0,0.0,0.0,
0.0,0.0,0.0,5.509762633316613E-10,0.0,0.0,0.0,0.0,
0.0,0.0,0.0,5.509762633316613E-10,0.0,0.0,0.0,0.0,
0.0,0.0,0.0,4.108891278672187E-9,0.0,0.0,0.0,0.0,
0.0,0.0,0.0,4.108891278672187E-9,0.0,0.0,0.0,0.0,
0.0,0.0,0.0,4.108891278672187E-9,0.0,0.0,0.0,0.0,
0.0,0.0,0.0,4.108891278672187E-9,0.0,0.0,3.498047299613224E-7,0.0,
0.0,0.0,0.0,4.108891278672187E-9,0.0,0.0,3.498047299613224E-7,0.0,
0.0,0.0,0.0,4.108891278672187E-9,0.0,0.0,3.498047299613224E-7,0.0,
0.0,0.0,0.0,4.108891278672187E-9,0.0,0.0,3.498047299613224E-7,0.0,
0.0,0.0,0.0,1.0282491154856919E-7,0.0,0.0,3.498047299613224E-7,0.0,
0.0,0.0,0.0,1.0282491154856919E-7,0.0,0.0,9.826538242372015E-7,0.0,
0.0,0.0,0.0,1.0282491154856919E-7,0.0,0.0,9.826538242372015E-7,0.0,
0.0,0.0,0.0,1.0282491154856919E-7,0.0,0.0,9.826538242372015E-7,0.0,
0.0,0.0,0.0,1.0282491154856919E-7,0.0,0.0,9.826538242372015E-7,0.0,
0.0,0.0,0.0,1.0282491154856919E-7,0.0,0.0,9.826538242372015E-7,0.0,
0.0,0.0,0.0,2.549414964911467E-7,0.0,0.0,9.826538242372015E-7,0.0,
0.0,0.0,0.0,2.549414964911467E-7,0.0,0.0,9.826538242372015E-7,0.0,
0.0,0.0,0.0,2.549414964911467E-7,0.0,0.0,9.826538242372015E-7,0.0,
0.0,0.0,0.0,2.549414964911467E-7,0.0,0.0,9.826538242372015E-7,0.0,
0.0,0.0,0.0,2.549414964911467E-7,0.0,0.0,9.826538242372015E-7,0.0,
0.0,0.0,0.0,8.079137604512791E-7,0.0,0.0,9.826538242372015E-7,0.0,
0.0,0.0,0.0,8.079137604512791E-7,0.0,0.0,9.826538242372015E-7,0.0,
0.0,0.0,0.0,8.079137604512791E-7,0.0,0.0,9.826538242372015E-7,0.0,
0.0,0.0,0.0,8.079137604512791E-7,0.0,0.0,1.4861844665944433E-5,0.0,
0.0,0.0,0.0,3.052411812343842E-6,0.0,0.0,1.4861844665944433E-5,0.0,
0.0,0.0,0.0,3.052411812343842E-6,0.0,0.0,1.4861844665944433E-5,0.0,
0.0,0.0,0.0,5.0840539899260425E-6,0.0,0.0,1.4861844665944433E-5,0.0,
0.0,0.0,0.0,5.0840539899260425E-6,0.0,0.0,1.4861844665944433E-5,0.0,
0.0,0.0,0.0,5.0840539899260425E-6,0.0,0.0,1.4861844665944433E-5,0.0,
0.0,0.0,0.0,8.620592585298945E-6,0.0,0.0,1.4861844665944433E-5,0.0,
0.0,0.0,0.0,1.5197993215320519E-5,0.0,0.0,1.4861844665944433E-5,0.0,
0.0,0.0,0.0,1.5197993215320519E-5,0.0,0.0,4.9486382802573216E-5,0.0,
0.0,0.0,0.0,1.5197993215320519E-5,0.0,0.0,4.9486382802573216E-5,0.0,
0.0,0.0,0.0,1.5197993215320519E-5,0.0,0.0,4.9486382802573216E-5,0.0,
0.0,0.0,0.0,3.250448346901451E-5,0.0,0.0,4.9486382802573216E-5,0.0,
0.0,0.0,0.0,3.250448346901451E-5,0.0,0.0,4.9486382802573216E-5,0.0,
0.0,0.0,0.0,2.9654874822813902E-5,0.0,0.0,4.9486382802573216E-5,0.0,
0.0,0.0,0.0,2.9654874822813902E-5,0.0,0.0,4.9486382802573216E-5,0.0,
0.0,0.0,0.0,2.9654874822813902E-5,0.0,0.0,4.9486382802573216E-5,0.0,
0.0,0.0,0.0,2.9654874822813902E-5,0.0,0.0,4.9486382802573216E-5,0.0,
0.0,0.0,0.0,2.7090227041233355E-5,0.0,0.0,4.9486382802573216E-5,0.0,
0.0,0.0,0.0,4.2826776477331095E-5,0.0,0.0,4.9486382802573216E-5,0.0,
0.0,0.0,0.0,4.2826776477331095E-5,0.0,0.0,4.9486382802573216E-5,0.0,
0.0,0.0,0.0,4.2826776477331095E-5,0.0,0.0,4.9486382802573216E-5,0.0,
0.0,0.0,0.0,4.2826776477331095E-5,0.0,0.0,4.9486382802573216E-5,0.0,
0.0,0.0,0.0,4.2826776477331095E-5,0.0,0.0,4.9486382802573216E-5,0.0,
0.0,0.0,0.0,4.2826776477331095E-5,0.0,0.0,4.9486382802573216E-5,0.0,
0.0,0.0,0.0,4.2826776477331095E-5,0.0,0.0,4.9486382802573216E-5,0.0,
0.0,0.0,0.0,6.925410577579368E-5,0.0,0.0,2.45597870526648E-4,0.0,
0.0,0.0,0.0,1.0416551499374031E-4,0.0,0.0,2.45597870526648E-4,0.0,
0.0,0.0,0.0,1.0416551499374031E-4,0.0,0.0,2.45597870526648E-4,0.0,
0.0,0.0,0.0,1.0416551499374031E-4,0.0,0.0,2.45597870526648E-4,0.0,
0.0,0.0,0.0,1.0416551499374031E-4,0.0,0.0,2.45597870526648E-4,0.0,
0.0,0.0,0.0,1.340883551540217E-4,0.0,0.0,2.45597870526648E-4,0.0,
0.0,0.0,0.0,1.340883551540217E-4,0.0,0.0,7.310172087368456E-4,0.0,
0.0,0.0,0.0,1.340883551540217E-4,0.0,0.0,7.310172087368456E-4,0.0,
0.0,0.0,0.0,1.340883551540217E-4,0.0,0.0,7.310172087368456E-4,0.0,
0.0,0.0,0.0,1.340883551540217E-4,0.0,0.0,7.909956514813972E-4,0.0,
0.0,0.0,0.0,1.340883551540217E-4,0.0,0.0,9.229506394307768E-4,0.0,
0.0,0.0,0.0,1.340883551540217E-4,0.0,0.0,9.229506394307768E-4,0.0,
0.0,0.0,0.0,1.340883551540217E-4,0.0,0.0,9.229506394307768E-4,0.0,
0.0,0.0,0.0,1.340883551540217E-4,0.0,0.0,9.229506394307768E-4,0.0,
0.0,0.0,0.0,1.340883551540217E-4,0.0,0.0,9.229506394307768E-4,0.0,
0.0,0.0,0.0,2.5955932787571743E-4,0.0,0.0,9.229506394307768E-4,0.0,
0.0,0.0,0.0,4.010132336042588E-4,0.0,0.0,9.229506394307768E-4,0.0,
0.0,0.0,0.0,4.010132336042588E-4,0.0,0.0,9.923651153048527E-4,0.0,
0.0,0.0,0.0,4.010132336042588E-4,0.0,0.0,9.923651153048527E-4,0.0,
0.0,0.0,0.0,4.010132336042588E-4,0.0,0.0,9.923651153048527E-4,0.0,
0.0,0.0,0.0,4.010132336042588E-4,0.0,0.0,0.0012808864334626425,0.0,
0.0,0.0,0.0,5.811762387511986E-4,0.0,0.0,0.0012808864334626425,0.0,
0.0,0.0,0.0,5.811762387511986E-4,0.0,0.0,0.0012808864334626425,0.0,
0.0,0.0,0.0,7.781508436231607E-4,0.0,0.0,0.0012808864334626425,0.0,
0.0,0.0,0.0,9.905919851255136E-4,0.0,0.0,0.0012808864334626425,0.0,
0.0,0.0,0.0,9.905919851255136E-4,0.0,0.0,0.0012808864334626425,0.0,
0.0,0.0,0.0,9.905919851255136E-4,0.0,0.0,0.0012808864334626425,0.0,
0.0,0.0,0.0,0.001126683771291749,0.0,0.0,0.0012808864334626425,0.0,
0.0,0.0,0.0,0.001126683771291749,0.0,0.0,0.0012808864334626425,0.0,
0.0,0.0,0.0,0.0013700374466918395,0.0,0.0,0.0012808864334626425,0.0,
0.0,0.0,0.0,0.0013700374466918395,0.0,0.0,0.0012808864334626425,0.0,
0.0,0.0,0.0,0.0012112045081257863,0.0,0.0,0.0012808864334626425,0.0,
0.0,0.0,0.0,0.0012112045081257863,0.0,0.0,0.0012808864334626425,0.0,
0.0,0.0,0.0,0.001500071946902322,0.0,0.0,0.0012808864334626425,0.0,
0.0,0.0,0.0,0.001500071946902322,0.0,0.0,0.0012808864334626425,0.0,
0.0,0.0,0.0,0.001500071946902322,0.0,0.0,0.0012808864334626425,0.0,
0.0,0.0,0.0,0.001500071946902322,0.0,0.0,0.001849707712688016,0.0,
0.0,0.0,0.0,0.001500071946902322,0.0,0.0,0.001849707712688016,0.0,
0.0,0.0,0.0,0.001500071946902322,0.0,0.0,0.0029014484583229547,0.0,
0.0,0.0,0.0,0.0017767460857725473,0.0,0.0,0.0029014484583229547,0.0,
0.0,0.0,0.0,0.0017767460857725473,0.0,0.0,0.0029014484583229547,0.0,
0.0,0.0,0.0,0.0017767460857725473,0.0,0.0,0.0029014484583229547,0.0,
0.0,0.0,0.0,0.0020690339034539307,0.0,0.0,0.0029014484583229547,0.0,
0.0,0.0,0.0,0.0020690339034539307,0.0,0.0,0.0029014484583229547,0.0,
3.297678695066402E-4,0.0,0.0,0.002375852094153046,0.0,0.0,0.0029014484583229547,0.0,
3.297678695066402E-4,0.0,0.0,0.002375852094153046,0.0,0.0,0.0029014484583229547,0.0,
3.297678695066402E-4,0.0,0.0,0.002375852094153046,0.0,0.0,0.0029014484583229547,0.0,
3.297678695066402E-4,0.0,0.0,0.002375852094153046,0.0,0.0,0.0029014484583229547,0.0,
3.297678695066402E-4,0.0,0.0,0.002375852094153046,0.0,0.0,0.0029014484583229547,0.0,
3.297678695066402E-4,0.0,0.0,0.0026198605292918342,0.0,0.0,0.0029014484583229547,0.0,
3.297678695066402E-4,0.0,0.0,0.002572177127510311,0.0,0.0,0.0029014484583229547,0.0,
3.297678695066402E-4,0.0,0.0,0.002572177127510311,0.0,0.0,0.0029014484583229547,0.0,
3.297678695066402E-4,0.0,0.0,0.002572177127510311,0.0,0.0,0.0029014484583229547,0.0,
3.297678695066402E-4,0.0,0.0,0.002572177127510311,0.0,0.0,0.0029014484583229547,0.0,
3.297678695066402E-4,0.0,0.0,0.002572177127510311,0.0,0.0,0.0037849567904864015,0.0,
3.297678695066402E-4,0.0,0.0,0.002900819409149973,0.0,0.0,0.0037849567904864015,0.0,
3.297678695066402E-4,0.0,0.0,0.002900819409149973,0.0,0.0,0.0037849567904864015,0.0,
3.297678695066402E-4,0.0,0.0,0.002900819409149973,0.0,0.0,0.004643411951977059,0.0,
3.297678695066402E-4,0.0,0.0,0.002900819409149973,0.0,0.0,0.004643411951977059,0.0,
3.297678695066402E-4,0.0,0.0,0.003254992103090964,0.0,0.0,0.004643411951977059,0.0,
3.297678695066402E-4,0.0,0.0,0.003254992103090964,0.0,0.0,0.004643411951977059,0.0,
3.297678695066402E-4,0.0,0.0,0.003254992103090964,0.0,0.0,0.004643411951977059,0.0,
3.297678695066402E-4,0.0,0.0,0.003254992103090964,0.0,0.0,0.004643411951977059,0.0,
3.297678695066402E-4,0.0,0.0,0.0037047511061834137,0.0,0.0,0.004643411951977059,0.0,
3.297678695066402E-4,0.0,0.0,0.0037047511061834137,0.0,0.0,0.004643411951977059,0.0,
3.297678695066402E-4,0.0,0.0,0.0037047511061834137,0.0,0.0,0.004643411951977059,0.0,
3.297678695066402E-4,0.0,0.0,0.0037047511061834137,0.0,0.0,0.004643411951977059,0.0,
3.297678695066402E-4,0.0,0.0,0.0037047511061834137,0.0,0.0,0.004643411951977059,0.0,
3.297678695066402E-4,0.0,0.0,0.0037047511061834137,0.0,0.0,0.004643411951977059,0.0,
3.297678695066402E-4,0.0,0.0,0.0037047511061834137,0.0,0.0,0.004643411951977059,0.0,
3.297678695066402E-4,0.0,0.0,0.0037047511061834137,0.0,0.0,0.004643411951977059,0.0,
3.297678695066402E-4,0.0,0.0,0.004233420224167466,0.0,0.0,0.004643411951977059,0.0,
3.297678695066402E-4,0.0,0.0,0.004233420224167466,0.0,0.0,0.004643411951977059,0.0,
3.297678695066402E-4,0.0,0.0,0.004767071339364472,0.0,0.0,0.004643411951977059,0.0,
3.297678695066402E-4,0.0,0.0,0.004767071339364472,0.0,0.0,0.004643411951977059,0.0,
3.297678695066402E-4,0.0,0.0,0.004767071339364472,0.0,0.0,0.004643411951977059,0.0,
3.297678695066402E-4,0.0,0.0,0.004767071339364472,0.0,0.0,0.004643411951977059,0.0,
3.297678695066402E-4,0.0,0.0,0.004767071339364472,0.0,0.0,0.007234698475534193,0.0,
3.297678695066402E-4,0.0,0.0,0.0053384148006484404,0.0,0.0,0.009201712096290119,0.0,
3.297678695066402E-4,0.0,0.0,0.0053384148006484404,0.0,0.0,0.009201712096290119,0.0,
3.297678695066402E-4,0.0,0.0,0.0053384148006484404,0.0,0.0,0.009201712096290119,0.0,
3.297678695066402E-4,0.0,0.0,0.0053384148006484404,0.0,0.0,0.009201712096290119,0.0,
3.297678695066402E-4,0.0,0.0,0.0053384148006484404,0.0,0.0,0.009201712096290119,0.0,
3.297678695066402E-4,0.0,0.0,0.0053384148006484404,0.0,0.0,0.009201712096290119,0.0,
3.297678695066402E-4,0.0,0.0,0.0053384148006484404,0.0,0.0,0.009201712096290119,0.0,
3.297678695066402E-4,0.0,0.0,0.006402791603028234,0.0,0.0,0.009201712096290119,0.0,
3.297678695066402E-4,0.0,0.0,0.006402791603028234,0.0,0.0,0.009201712096290119,0.0,
3.297678695066402E-4,0.0,0.0,0.006402791603028234,0.0,0.0,0.009201712096290119,0.0,
3.297678695066402E-4,0.0,0.0,0.006402791603028234,0.0,0.0,0.009201712096290119,0.0,
3.297678695066402E-4,0.0,0.0,0.006402791603028234,0.0,0.0,0.010114228560095709,0.0,
3.297678695066402E-4,0.0,0.0,0.006402791603028234,0.0,0.0,0.010114228560095709,0.0,
3.297678695066402E-4,0.0,0.0,0.006402791603028234,0.0,0.0,0.010676134152232895,0.0,
3.297678695066402E-4,0.0,0.0,0.006402791603028234,0.0,0.0,0.010676134152232895,0.0,
3.297678695066402E-4,0.0,0.0,0.006923919733553717,0.0,0.0,0.010676134152232895,0.0,
3.297678695066402E-4,0.0,0.0,0.006923919733553717,0.0,0.0,0.010676134152232895,0.0,
3.297678695066402E-4,0.0,0.0,0.0074796383694052,0.0,0.0,0.010676134152232895,0.0,
3.297678695066402E-4,0.0,0.0,0.0074796383694052,0.0,0.0,0.010676134152232895,0.0,
3.297678695066402E-4,0.0,0.0,0.0074796383694052,0.0,0.0,0.010676134152232895,0.0,
3.297678695066402E-4,0.0,0.0,0.0074796383694052,0.0,0.0,0.010676134152232895,0.0,
3.297678695066402E-4,0.0,0.0,0.008287009156980645,0.0,0.0,0.010676134152232895,0.0,
3.297678695066402E-4,0.0,0.0,0.009007600612432512,0.0,0.0,0.010676134152232895,0.0,
3.297678695066402E-4,0.0,0.0,0.009007600612432512,0.0,0.0,0.010676134152232895,0.0,
3.297678695066402E-4,0.0,0.0,0.009007600612432512,0.0,0.0,0.010676134152232895,0.0,
3.297678695066402E-4,0.0,0.0,0.009007600612432512,0.0,0.0,0.010676134152232895,0.0,
3.297678695066402E-4,0.0,0.0,0.009007600612432512,0.0,0.0,0.010676134152232895,0.0,
3.297678695066402E-4,0.0,0.0,0.009007600612432512,0.0,0.0,0.010676134152232895,0.0,
3.297678695066402E-4,0.0,0.0,0.009007600612432512,0.0,0.0,0.010676134152232895,0.0,
3.297678695066402E-4,0.0,0.0,0.009007600612432512,0.0,0.0,0.010676134152232895,0.0,
3.297678695066402E-4,0.0,0.0,0.009007600612432512,0.0,0.0,0.010676134152232895,0.0,
3.297678695066402E-4,0.0,0.0,0.009398199196336929,0.0,0.0,0.012170774088512632,0.0,
3.297678695066402E-4,0.0,0.0,0.009398199196336929,0.0,0.0,0.012170774088512632,0.0,
3.297678695066402E-4,0.0,0.0,0.009983849369234616,0.0,0.0,0.012170774088512632,0.0,
3.297678695066402E-4,0.0,0.0,0.009983849369234616,0.0,0.0,0.012170774088512632,0.0,
3.297678695066402E-4,0.0,0.0,0.009983849369234616,0.0,0.0,0.012170774088512632,0.0,
3.297678695066402E-4,0.0,0.0,0.009983849369234616,0.0,0.0,0.012170774088512632,0.0,
3.297678695066402E-4,0.0,0.0,0.011029200192640979,0.0,0.0,0.012170774088512632,0.0,
3.297678695066402E-4,0.0,0.0,0.011029200192640979,0.0,0.0,0.012170774088512632,0.0,
3.297678695066402E-4,0.0,0.0,0.011029200192640979,0.0,0.0,0.012170774088512632,0.0,
3.297678695066402E-4,0.0,0.0,0.011029200192640979,0.0,0.0,0.012170774088512632,0.0,
3.297678695066402E-4,0.0,0.0,0.011029200192640979,0.0,0.0,0.013487065923784803,0.0,
3.297678695066402E-4,0.0,0.0,0.01162754496348843,0.0,0.0,0.013487065923784803,0.0,
3.297678695066402E-4,0.0,0.0,0.01162754496348843,0.0,0.0,0.013487065923784803,0.0,
3.297678695066402E-4,0.0,0.0,0.01162754496348843,0.0,0.0,0.013487065923784803,0.0,
3.297678695066402E-4,0.0,0.0,0.012260072617256155,0.0,0.0,0.013487065923784803,0.0,
3.297678695066402E-4,0.0,0.0,0.012260072617256155,0.0,0.0,0.013487065923784803,0.0,
3.297678695066402E-4,0.0,0.0,0.012260072617256155,0.0,0.0,0.013487065923784803,0.0,
3.297678695066402E-4,0.0,0.0,0.012260072617256155,0.0,0.0,0.013487065923784803,0.0,
3.297678695066402E-4,0.0,0.0,0.01274275826681656,0.0,0.0,0.013487065923784803,0.0,
3.297678695066402E-4,0.0,0.0,0.01274275826681656,0.0,0.0,0.013487065923784803,0.0,
3.297678695066402E-4,0.0,0.0,0.01274275826681656,0.0,0.0,0.013487065923784803,0.0,
3.297678695066402E-4,0.0,0.0,0.01274275826681656,0.0,0.0,0.013487065923784803,0.0,
3.297678695066402E-4,0.0,0.0,0.013839994313645876,0.0,0.0,0.013487065923784803,0.0,
3.297678695066402E-4,0.0,0.0,0.013839994313645876,0.0,0.0,0.013487065923784803,0.0,
3.297678695066402E-4,0.0,0.0,0.013839994313645876,0.0,0.0,0.015320451736512208,0.0,
3.297678695066402E-4,0.0,0.0,0.013839994313645876,0.0,0.0,0.015320451736512208,0.0,
3.297678695066402E-4,0.0,0.0,0.013839994313645876,0.0,0.0,0.015320451736512208,0.0,
3.297678695066402E-4,0.0,0.0,0.013839994313645876,0.0,0.0,0.017418143695709827,0.0,
3.297678695066402E-4,0.0,0.0,0.014485879018736957,0.0,0.0,0.017418143695709827,0.0,
3.297678695066402E-4,0.0,0.0,0.014485879018736957,0.0,0.0,0.017418143695709827,0.0,
3.297678695066402E-4,0.0,0.0,0.014485879018736957,0.0,0.0,0.017418143695709827,0.0,
3.297678695066402E-4,0.0,0.0,0.014485879018736957,0.0,0.0,0.017418143695709827,0.0,
3.297678695066402E-4,0.0,0.0,0.014485879018736957,0.0,0.0,0.017418143695709827,0.0,
3.297678695066402E-4,0.0,0.0,0.014485879018736957,0.0,0.0,0.01814711639319775,0.0,
3.297678695066402E-4,0.0,0.0,0.014485879018736957,0.0,0.0,0.018671418016667135,0.0,
3.297678695066402E-4,0.0,0.0,0.014485879018736957,0.0,0.0,0.018671418016667135,0.0,
3.297678695066402E-4,0.0,0.0,0.014485879018736957,0.0,0.0,0.018671418016667135,0.0,
3.297678695066402E-4,0.0,0.0,0.014485879018736957,0.0,0.0,0.018671418016667135,0.0,
3.297678695066402E-4,0.0,0.0,0.014485879018736957,0.0,0.0,0.020307278663334153,0.0,
3.297678695066402E-4,0.0,0.0,0.01530484398487173,0.0,0.0,0.020307278663334153,0.0,
3.297678695066402E-4,0.0,0.0,0.016173573978528887,0.0,0.0,0.020307278663334153,0.0,
3.297678695066402E-4,0.0,0.0,0.016173573978528887,0.0,0.0,0.020307278663334153,0.0,
3.297678695066402E-4,0.0,0.0,0.016173573978528887,0.0,0.0,0.020307278663334153,0.0,
3.297678695066402E-4,0.0,0.0,0.016173573978528887,0.0,0.0,0.020307278663334153,0.0,
3.297678695066402E-4,0.0,0.0,0.016173573978528887,0.0,0.0,0.022060773474048112,0.0,
3.297678695066402E-4,0.0,0.0,0.017200372933214685,0.0,0.0,0.022060773474048112,0.0,
3.297678695066402E-4,0.0,0.0,0.017200372933214685,0.0,0.0,0.022060773474048112,0.0,
3.297678695066402E-4,0.0,0.0,0.017200372933214685,0.0,0.0,0.022060773474048112,0.0,
3.297678695066402E-4,0.0,0.0,0.017200372933214685,0.0,0.0,0.022060773474048112,0.0,
3.297678695066402E-4,0.0,0.0,0.01836418742863573,0.0,0.0,0.022060773474048112,0.0,
3.297678695066402E-4,0.0,0.0,0.01836418742863573,0.0,0.0,0.022060773474048112,0.0,
3.297678695066402E-4,0.0,0.0,0.01836418742863573,0.0,0.0,0.022060773474048112,0.0,
3.297678695066402E-4,0.0,0.0,0.01836418742863573,0.0,0.0,0.022060773474048112,0.0,
3.297678695066402E-4,0.0,0.0,0.01836418742863573,0.0,0.0,0.022060773474048112,0.0,
3.297678695066402E-4,0.0,0.0,0.01836418742863573,0.0,0.0,0.022060773474048112,0.0,
3.297678695066402E-4,0.0,0.0,0.01836418742863573,0.0,0.0,0.022060773474048112,0.0,
3.297678695066402E-4,0.0,0.0,0.019524058046562282,0.0,0.0,0.022060773474048112,0.0,
3.297678695066402E-4,0.0,0.0,0.018890786509913084,0.0,0.0,0.023043346306071234,0.0,
3.297678695066402E-4,0.0,0.0,0.018890786509913084,0.0,0.0,0.023043346306071234,0.0,
3.297678695066402E-4,0.0,0.0,0.018890786509913084,0.0,0.0,0.023043346306071234,0.0,
3.297678695066402E-4,0.0,0.0,0.018890786509913084,0.0,0.0,0.023043346306071234,0.0,
3.297678695066402E-4,0.0,0.0,0.018890786509913084,0.0,0.0,0.023043346306071234,0.0,
3.297678695066402E-4,0.0,0.0,0.018890786509913084,0.0,0.0,0.023043346306071234,0.0,
3.297678695066402E-4,0.0,0.0,0.018890786509913084,0.0,0.0,0.023043346306071234,0.0,
3.297678695066402E-4,0.0,0.0,0.018890786509913084,0.0,0.0,0.023043346306071234,0.0,
3.297678695066402E-4,0.0,0.0,0.018890786509913084,0.0,0.0,0.023043346306071234,0.0,
3.297678695066402E-4,0.0,0.0,0.018890786509913084,0.0,0.0,0.023043346306071234,0.0,
3.297678695066402E-4,0.0,0.0,0.018890786509913084,0.0,0.0,0.023043346306071234,0.0,
3.297678695066402E-4,0.0,0.0,0.018890786509913084,0.0,0.0,0.023043346306071234,0.0,
3.297678695066402E-4,0.0,0.0,0.018890786509913084,0.0,0.0,0.023043346306071234,0.0,
3.297678695066402E-4,0.0,0.0,0.01987932507892961,0.0,0.0,0.023043346306071234,0.0,
3.297678695066402E-4,0.0,0.0,0.01987932507892961,0.0,0.0,0.023043346306071234,0.0,
3.297678695066402E-4,0.0,0.0,0.01987932507892961,0.0,0.0,0.023043346306071234,0.0,
3.297678695066402E-4,0.0,0.0,0.01987932507892961,0.0,0.0,0.023043346306071234,0.0,
3.297678695066402E-4,0.0,0.0,0.01987932507892961,0.0,0.0,0.025474100074109288,0.0,
3.297678695066402E-4,0.0,0.0,0.01987932507892961,0.0,0.0,0.025474100074109288,0.0,
3.297678695066402E-4,0.0,0.0,0.01987932507892961,0.0,0.0,0.025474100074109288,0.0,
3.297678695066402E-4,0.0,0.0,0.01987932507892961,0.0,0.0,0.025474100074109288,0.0,
3.297678695066402E-4,0.0,0.0,0.01987932507892961,0.0,0.0,0.025474100074109288,0.0,
3.297678695066402E-4,0.0,0.0,0.01987932507892961,0.0,0.0,0.025474100074109288,0.0,
3.297678695066402E-4,0.0,0.0,0.01987932507892961,0.0,0.0,0.025474100074109288,0.0,
3.297678695066402E-4,0.0,0.0,0.021018597300878072,0.0,0.0,0.025474100074109288,0.0,
3.297678695066402E-4,0.0,0.0,0.021018597300878072,0.0,0.0,0.025474100074109288,0.0,
3.297678695066402E-4,0.0,0.0,0.021018597300878072,0.0,0.0,0.025474100074109288,0.0,
3.297678695066402E-4,0.0,0.0,0.021018597300878072,0.0,0.0,0.027098194372870893,0.0,
3.297678695066402E-4,0.0,0.0,0.021018597300878072,0.0,0.0,0.027098194372870893,0.0,
3.297678695066402E-4,0.0,0.0,0.021018597300878072,0.0,0.0,0.027098194372870893,0.0,
3.297678695066402E-4,0.0,0.0,0.021018597300878072,0.0,0.0,0.027098194372870893,0.0,
3.297678695066402E-4,0.0,0.0,0.021018597300878072,0.0,0.0,0.027098194372870893,0.0,
3.297678695066402E-4,0.0,0.0,0.021018597300878072,0.0,0.0,0.026989849677287264,0.0,
3.297678695066402E-4,0.0,0.0,0.021018597300878072,0.0,0.0,0.026989849677287264,0.0,
3.297678695066402E-4,0.0,0.0,0.021018597300878072,0.0,0.0,0.026989849677287264,0.0,
3.297678695066402E-4,0.0,0.0,0.021018597300878072,0.0,0.0,0.026989849677287264,0.0,
3.297678695066402E-4,0.0,0.0,0.021018597300878072,0.0,0.0,0.027899104295166784,0.0,
3.297678695066402E-4,0.0,0.0,0.0231866089783709,0.0,0.0,0.027899104295166784,0.0,
3.297678695066402E-4,0.0,0.0,0.0231866089783709,0.0,0.0,0.027899104295166784,0.0,
3.297678695066402E-4,0.0,0.0,0.0231866089783709,0.0,0.0,0.027899104295166784,0.0,
3.297678695066402E-4,0.0,0.0,0.0231866089783709,0.0,0.0,0.027899104295166784,0.0,
3.297678695066402E-4,0.0,0.0,0.0231866089783709,0.0,0.0,0.029125451215234154,0.0,
3.297678695066402E-4,0.0,0.0,0.0231866089783709,0.0,0.0,0.029125451215234154,0.0,
3.297678695066402E-4,0.0,0.0,0.0231866089783709,0.0,0.0,0.029125451215234154,0.0,
3.297678695066402E-4,0.0,0.0,0.024920055058457978,0.0,0.0,0.029125451215234154,0.0,
3.297678695066402E-4,0.0,0.0,0.024920055058457978,0.0,0.0,0.029125451215234154,0.0,
3.297678695066402E-4,0.0,0.0,0.02570385583094429,0.0,0.0,0.029125451215234154,0.0,
3.297678695066402E-4,0.0,0.0,0.02570385583094429,0.0,0.0,0.029148265365658663,0.0,
3.297678695066402E-4,0.0,0.0,0.02570385583094429,0.0,0.0,0.029148265365658663,0.0,
3.297678695066402E-4,0.0,0.0,0.02570385583094429,0.0,0.0,0.029148265365658663,0.0,
3.297678695066402E-4,0.0,0.0,0.02570385583094429,0.0,0.0,0.029148265365658663,0.0,
3.297678695066402E-4,0.0,0.0,0.02570385583094429,0.0,0.0,0.029148265365658663,0.0,
3.297678695066402E-4,0.0,0.0,0.02570385583094429,0.0,0.0,0.030402382334486507,0.0,
3.297678695066402E-4,0.0,0.0,0.02570385583094429,0.0,0.0,0.030402382334486507,0.0,
3.297678695066402E-4,0.0,0.0,0.02570385583094429,0.0,0.0,0.03157140212687811,0.0,
3.297678695066402E-4,0.0,0.0,0.02570385583094429,0.0,0.0,0.03157140212687811,0.0,
3.297678695066402E-4,0.0,0.0,0.02570385583094429,0.0,0.0,0.03157140212687811,0.0,
3.297678695066402E-4,0.0,0.0,0.02570385583094429,0.0,0.0,0.0327558493187895,0.0,
3.297678695066402E-4,0.0,0.0,0.02570385583094429,0.0,0.0,0.0327558493187895,0.0,
3.297678695066402E-4,0.0,0.0,0.027459478687797377,0.0,0.0,0.0327558493187895,0.0,
3.297678695066402E-4,0.0,0.0,0.027459478687797377,0.0,0.0,0.0327558493187895,0.0,
3.297678695066402E-4,0.0,0.0,0.027459478687797377,0.0,0.0,0.0327558493187895,0.0,
3.297678695066402E-4,0.0,0.0,0.027459478687797377,0.0,0.0,0.0327558493187895,0.0,
3.297678695066402E-4,0.0,0.0,0.027459478687797377,0.0,0.0,0.0327558493187895,0.0,
3.297678695066402E-4,0.0,0.0,0.027459478687797377,0.0,0.0,0.0327558493187895,0.0,
3.297678695066402E-4,0.0,0.0,0.027459478687797377,0.0,0.0,0.0327558493187895,0.0,
3.297678695066402E-4,0.0,0.0,0.027459478687797377,0.0,0.0,0.0327558493187895,0.0,
3.297678695066402E-4,0.0,0.0,0.027459478687797377,0.0,0.0,0.0327558493187895,0.0,
3.297678695066402E-4,0.0,0.0,0.027459478687797377,0.0,0.0,0.0327558493187895,0.0,
3.297678695066402E-4,0.0,0.0,0.027459478687797377,0.0,0.0,0.0327558493187895,0.0,
3.297678695066402E-4,0.0,0.0,0.027459478687797377,0.0,0.0,0.0327558493187895,0.0,
3.297678695066402E-4,0.0,0.0,0.027459478687797377,0.0,0.0,0.0327558493187895,0.0,
3.297678695066402E-4,0.0,0.0,0.02524569367390249,0.0,0.0,0.0327558493187895,0.0,
3.297678695066402E-4,0.0,0.0,0.02524569367390249,0.0,0.0,0.0327558493187895,0.0,
3.297678695066402E-4,0.0,0.0,0.02524569367390249,0.0,0.0,0.0327558493187895,0.0,
3.297678695066402E-4,0.0,0.0,0.02524569367390249,0.0,0.0,0.0327558493187895,0.0,
3.297678695066402E-4,0.0,0.0,0.02524569367390249,0.0,0.0,0.0327558493187895,0.0,
3.297678695066402E-4,0.0,0.0,0.02524569367390249,0.0,0.0,0.03307808895116145,0.0,
3.297678695066402E-4,0.0,0.0,0.02524569367390249,0.0,0.0,0.03413232596685262,0.0,
3.297678695066402E-4,0.0,0.0,0.02524569367390249,0.0,0.0,0.03413232596685262,0.0,
3.297678695066402E-4,0.0,0.0,0.02524569367390249,0.0,0.0,0.03413232596685262,0.0,
3.297678695066402E-4,0.0,0.0,0.02639592683210353,0.0,0.0,0.03413232596685262,0.0,
3.297678695066402E-4,0.0,0.0,0.02639592683210353,0.0,0.0,0.03413232596685262,0.0,
3.297678695066402E-4,0.0,0.0,0.02639592683210353,0.0,0.0,0.03413232596685262,0.0,
3.297678695066402E-4,0.0,0.0,0.027431136674484467,0.0,0.0,0.03413232596685262,0.0,
3.297678695066402E-4,0.0,0.0,0.027431136674484467,0.0,0.0,0.03413232596685262,0.0,
3.297678695066402E-4,0.0,0.0,0.025234383272359814,0.0,0.0,0.03413232596685262,0.0,
3.297678695066402E-4,0.0,0.0,0.025234383272359814,0.0,0.0,0.03413232596685262,0.0,
3.297678695066402E-4,0.0,0.0,0.025234383272359814,0.0,0.0,0.03413232596685262,0.0,
3.297678695066402E-4,0.0,0.0,0.025234383272359814,0.0,0.0,0.03413232596685262,0.0,
3.297678695066402E-4,0.0,0.0,0.025234383272359814,0.0,0.0,0.03413232596685262,0.0,
3.297678695066402E-4,0.0,0.0,0.025234383272359814,0.0,0.0,0.03413232596685262,0.0,
3.297678695066402E-4,0.0,0.0,0.025234383272359814,0.0,0.0,0.03340950789364106,0.0,
3.297678695066402E-4,0.0,0.0,0.025234383272359814,0.0,0.0,0.03340950789364106,0.0,
3.297678695066402E-4,0.0,0.0,0.025234383272359814,0.0,0.0,0.03340950789364106,0.0,
3.297678695066402E-4,0.0,0.0,0.025234383272359814,0.0,0.0,0.03393479204909981,0.0,
3.297678695066402E-4,0.0,0.0,0.025234383272359814,0.0,0.0,0.03393479204909981,0.0,
3.297678695066402E-4,0.0,0.0,0.025234383272359814,0.0,0.0,0.03393479204909981,0.0,
3.297678695066402E-4,0.0,0.0,0.025234383272359814,0.0,0.0,0.03495973591019458,0.0,
3.297678695066402E-4,0.0,0.0,0.025234383272359814,0.0,0.0,0.03517294407291904,0.0,
3.297678695066402E-4,0.0,0.0,0.025234383272359814,0.0,0.0,0.03608538845643853,0.0,
3.297678695066402E-4,0.0,0.0,0.025234383272359814,0.0,0.0,0.03608538845643853,0.0,
3.297678695066402E-4,0.0,0.0,0.025234383272359814,0.0,0.0,0.03608538845643853,0.0,
3.297678695066402E-4,0.0,0.0,0.025234383272359814,0.0,0.0,0.03608538845643853,0.0,
3.297678695066402E-4,0.0,0.0,0.025234383272359814,0.0,0.0,0.03608538845643853,0.0,
3.297678695066402E-4,0.0,0.0,0.025234383272359814,0.0,0.0,0.03608538845643853,0.0,
3.297678695066402E-4,0.0,0.0,0.024833243911093338,0.0,0.0,0.03608538845643853,0.0,
3.297678695066402E-4,0.0,0.0,0.024833243911093338,0.0,0.0,0.03608538845643853,0.0,
3.297678695066402E-4,0.0,0.0,0.024833243911093338,0.0,0.0,0.03608538845643853,0.0,
3.297678695066402E-4,0.0,0.0,0.024833243911093338,0.0,0.0,0.03608538845643853,0.0,
3.297678695066402E-4,0.0,0.0,0.024833243911093338,0.0,0.0,0.03608538845643853,0.0,
3.297678695066402E-4,0.0,0.0,0.026204509694992703,0.0,0.0,0.03608538845643853,0.0,
3.297678695066402E-4,0.0,0.0,0.02552587894242226,0.0,0.0,0.03608538845643853,0.0,
3.297678695066402E-4,0.0,0.0,0.026827881223188733,0.0,0.0,0.03608538845643853,0.0,
3.297678695066402E-4,0.0,0.0,0.026827881223188733,0.0,0.0,0.03608538845643853,0.0,
3.297678695066402E-4,0.0,0.0,0.026827881223188733,0.0,0.0,0.03608538845643853,0.0,
3.297678695066402E-4,0.0,0.0,0.026827881223188733,0.0,0.0,0.03608538845643853,0.0,
3.297678695066402E-4,0.0,0.0,0.026827881223188733,0.0,0.0,0.03608538845643853,0.0,
3.297678695066402E-4,0.0,0.0,0.026827881223188733,0.0,0.0,0.03608538845643853,0.0,
3.297678695066402E-4,0.0,0.0,0.026827881223188733,0.0,0.0,0.03608538845643853,0.0,
3.297678695066402E-4,0.0,0.0,0.026827881223188733,0.0,0.0,0.03608538845643853,0.0,
3.297678695066402E-4,0.0,0.0,0.026827881223188733,0.0,0.0,0.03608538845643853,0.0,
3.297678695066402E-4,0.0,0.0,0.02747065741079229,0.0,0.0,0.03608538845643853,0.0,
3.297678695066402E-4,0.0,0.0,0.028614923496154087,0.0,0.0,0.03608538845643853,0.0,
3.297678695066402E-4,0.0,0.0,0.029644762972979702,0.0,0.0,0.03608538845643853,0.0,
3.297678695066402E-4,0.0,0.0,0.029644762972979702,0.0,0.0,0.03608538845643853,0.0,
3.297678695066402E-4,0.0,0.0,0.029644762972979702,0.0,0.0,0.03672539958681363,0.0,
3.297678695066402E-4,0.0,0.0,0.029644762972979702,0.0,0.0,0.0366349503284729,0.0,
3.297678695066402E-4,0.0,0.0,0.029644762972979702,0.0,0.0,0.0366349503284729,0.0,
3.297678695066402E-4,0.0,0.0,0.029644762972979702,0.0,0.0,0.0366349503284729,0.0,
3.297678695066402E-4,0.0,0.0,0.029644762972979702,0.0,0.0,0.0366349503284729,0.0,
3.297678695066402E-4,0.0,0.0,0.029644762972979702,0.0,0.0,0.0366349503284729,0.0,
3.297678695066402E-4,0.0,0.0,0.03060734031708055,0.0,0.0,0.0366349503284729,0.0,
3.297678695066402E-4,0.0,0.0,0.031473659926771314,0.0,0.0,0.0366349503284729,0.0,
3.297678695066402E-4,0.0,0.0,0.029268222708680604,0.0,0.0,0.0366349503284729,0.0,
3.297678695066402E-4,0.0,0.0,0.029268222708680604,0.0,0.0,0.0366349503284729,0.0,
3.297678695066402E-4,0.0,0.0,0.029268222708680604,0.0,0.0,0.0366349503284729,0.0,
3.297678695066402E-4,0.0,0.0,0.029268222708680604,0.0,0.0,0.0366349503284729,0.0,
3.297678695066402E-4,0.0,0.0,0.029268222708680604,0.0,0.0,0.0366349503284729,0.0,
3.297678695066402E-4,0.0,0.0,0.029268222708680604,0.0,0.0,0.03678259958764371,0.0,
3.297678695066402E-4,0.0,0.0,0.027313253647792916,0.0,0.0,0.03678259958764371,0.0,
3.297678695066402E-4,0.0,0.0,0.027313253647792916,0.0,0.0,0.03694431461593402,0.0,
3.297678695066402E-4,0.0,0.0,0.027313253647792916,0.0,0.0,0.03698597363879622,0.0,
3.297678695066402E-4,0.0,0.0,0.028558351406119585,0.0,0.0,0.03698597363879622,0.0,
3.297678695066402E-4,0.0,0.0,0.028558351406119585,0.0,0.0,0.03698597363879622,0.0,
3.297678695066402E-4,0.0,0.0,0.028558351406119585,0.0,0.0,0.03698597363879622,0.0,
3.297678695066402E-4,0.0,0.0,0.028558351406119585,0.0,0.0,0.03708496036297315,0.0,
3.297678695066402E-4,0.0,0.0,0.028558351406119585,0.0,0.0,0.03708496036297315,0.0,
3.297678695066402E-4,0.0,0.0,0.028558351406119585,0.0,0.0,0.03708496036297315,0.0,
3.297678695066402E-4,0.0,0.0,0.028558351406119585,0.0,0.0,0.03708496036297315,0.0,
3.297678695066402E-4,0.0,0.0,0.029693461432320815,0.0,0.0,0.03708496036297315,0.0,
3.297678695066402E-4,0.0,0.0,0.029693461432320815,0.0,0.0,0.03708496036297315,0.0,
3.297678695066402E-4,0.0,0.0,0.029693461432320815,0.0,0.0,0.03708496036297315,0.0,
3.297678695066402E-4,0.0,0.0,0.029693461432320815,0.0,0.0,0.03708496036297315,0.0,
3.297678695066402E-4,0.0,0.0,0.029693461432320815,0.0,0.0,0.03708496036297315,0.0,
3.297678695066402E-4,0.0,0.0,0.029693461432320815,0.0,0.0,0.03708496036297315,0.0,
3.297678695066402E-4,0.0,0.0,0.029693461432320815,0.0,0.0,0.03708496036297315,0.0,
3.297678695066402E-4,0.0,0.0,0.029693461432320815,0.0,0.0,0.03708496036297315,0.0,
3.297678695066402E-4,0.0,0.0,0.029693461432320815,0.0,0.0,0.03708496036297315,0.0,
3.297678695066402E-4,0.0,0.0,0.029693461432320815,0.0,0.0,0.03708496036297315,0.0,
3.297678695066402E-4,0.0,0.0,0.029693461432320815,0.0,0.0,0.03743227788892674,0.0,
3.297678695066402E-4,0.0,0.0,0.029693461432320815,0.0,0.0,0.03776966817018801,0.0,
3.297678695066402E-4,0.0,0.0,0.029693461432320815,0.0,0.0,0.03776966817018801,0.0,
3.297678695066402E-4,0.0,0.0,0.030729865901825394,0.0,0.0,0.03776966817018801,0.0,
3.297678695066402E-4,0.0,0.0,0.030729865901825394,0.0,0.0,0.03776966817018801,0.0,
3.297678695066402E-4,0.0,0.0,0.02870782791644738,0.0,0.0,0.03776966817018801,0.0,
3.297678695066402E-4,0.0,0.0,0.02870782791644738,0.0,0.0,0.03776966817018801,0.0,
3.297678695066402E-4,0.0,0.0,0.02870782791644738,0.0,0.0,0.03676250986351886,0.0,
3.297678695066402E-4,0.0,0.0,0.02870782791644738,0.0,0.0,0.03676250986351886,0.0,
3.297678695066402E-4,0.0,0.0,0.02870782791644738,0.0,0.0,0.03676250986351886,0.0,
3.297678695066402E-4,0.0,0.0,0.02870782791644738,0.0,0.0,0.03676250986351886,0.0,
3.297678695066402E-4,0.0,0.0,0.02870782791644738,0.0,0.0,0.03676250986351886,0.0,
3.297678695066402E-4,0.0,0.0,0.02870782791644738,0.0,0.0,0.03241796512796618,0.0,
3.297678695066402E-4,0.0,0.0,0.02870782791644738,0.0,0.0,0.03241796512796618,0.0,
3.297678695066402E-4,0.0,0.0,0.02870782791644738,0.0,0.0,0.03241796512796618,0.0,
3.297678695066402E-4,0.0,0.0,0.02870782791644738,0.0,0.0,0.03241796512796618,0.0,
3.297678695066402E-4,0.0,0.0,0.02870782791644738,0.0,0.0,0.03241796512796618,0.0,
3.297678695066402E-4,0.0,0.0,0.02870782791644738,0.0,0.0,0.03241796512796618,0.0,
3.297678695066402E-4,0.0,0.0,0.02870782791644738,0.0,0.0,0.03241796512796618,0.0,
3.297678695066402E-4,0.0,0.0,0.02870782791644738,0.0,0.0,0.03241796512796618,0.0,
3.297678695066402E-4,0.0,0.0,0.02870782791644738,0.0,0.0,0.033521123025768075,0.0,
3.297678695066402E-4,0.0,0.0,0.02870782791644738,0.0,0.0,0.033521123025768075,0.0,
3.297678695066402E-4,0.0,0.0,0.02968620046858583,0.0,0.0,0.033521123025768075,0.0,
3.297678695066402E-4,0.0,0.0,0.02968620046858583,0.0,0.0,0.033521123025768075,0.0,
3.297678695066402E-4,0.0,0.0,0.02968620046858583,0.0,0.0,0.033521123025768075,0.0,
3.297678695066402E-4,0.0,0.0,0.02968620046858583,0.0,0.0,0.033521123025768075,0.0,
3.297678695066402E-4,0.0,0.0,0.02968620046858583,0.0,0.0,0.03440757597432443,0.0,
3.297678695066402E-4,0.0,0.0,0.030605676756245433,0.0,0.0,0.03440757597432443,0.0,
3.297678695066402E-4,0.0,0.0,0.030605676756245433,0.0,0.0,0.03440757597432443,0.0,
3.297678695066402E-4,0.0,0.0,0.030605676756245433,0.0,0.0,0.03440757597432443,0.0,
3.297678695066402E-4,0.0,0.0,0.030605676756245433,0.0,0.0,0.03440757597432443,0.0,
3.297678695066402E-4,0.0,0.0,0.030605676756245433,0.0,0.0,0.035087466980014345,0.0,
3.297678695066402E-4,0.0,0.0,0.030605676756245433,0.0,0.0,0.035087466980014345,0.0,
3.297678695066402E-4,0.0,0.0,0.030605676756245433,0.0,0.0,0.035087466980014345,0.0,
3.297678695066402E-4,0.0,0.0,0.030605676756245433,0.0,0.0,0.035087466980014345,0.0,
3.297678695066402E-4,0.0,0.0,0.030605676756245433,0.0,0.0,0.035087466980014345,0.0,
3.297678695066402E-4,0.0,0.0,0.030605676756245433,0.0,0.0,0.035087466980014345,0.0,
3.297678695066402E-4,0.0,0.0,0.030605676756245433,0.0,0.0,0.035087466980014345,0.0,
3.297678695066402E-4,0.0,0.0,0.030605676756245433,0.0,0.0,0.035087466980014345,0.0,
3.297678695066402E-4,0.0,0.0,0.030605676756245433,0.0,0.0,0.03572864830315347,0.0,
3.297678695066402E-4,0.0,0.0,0.03361356898386578,0.0,0.0,0.03572864830315347,0.0,
3.297678695066402E-4,0.0,0.0,0.03361356898386578,0.0,0.0,0.03572864830315347,0.0,
3.297678695066402E-4,0.0,0.0,0.03361356898386578,0.0,0.0,0.03572864830315347,0.0,
3.297678695066402E-4,0.0,0.0,0.034187421292833996,0.0,0.0,0.03572864830315347,0.0,
3.297678695066402E-4,0.0,0.0,0.034187421292833996,0.0,0.0,0.03572864830315347,0.0,
3.297678695066402E-4,0.0,0.0,0.03323561688438143,0.0,0.0,0.03572864830315347,0.0,
3.297678695066402E-4,0.0,0.0,0.03378397507541868,0.0,0.0,0.03572864830315347,0.0,
3.297678695066402E-4,0.0,0.0,0.03378397507541868,0.0,0.0,0.03572864830315347,0.0,
3.297678695066402E-4,0.0,0.0,0.03378397507541868,0.0,0.0,0.03572864830315347,0.0,
3.297678695066402E-4,0.0,0.0,0.03378397507541868,0.0,0.0,0.03572864830315347,0.0,
3.297678695066402E-4,0.0,0.0,0.034340786775231606,0.0,0.0,0.03572864830315347,0.0,
3.297678695066402E-4,0.0,0.0,0.034340786775231606,0.0,0.0,0.03572864830315347,0.0,
3.297678695066402E-4,0.0,0.0,0.034340786775231606,0.0,0.0,0.03572864830315347,0.0,
3.297678695066402E-4,0.0,0.0,0.034340786775231606,0.0,0.0,0.03572864830315347,0.0,
3.297678695066402E-4,0.0,0.0,0.034340786775231606,0.0,0.0,0.03572864830315347,0.0,
3.297678695066402E-4,0.0,0.0,0.034841917305063246,0.0,0.0,0.03572864830315347,0.0,
3.297678695066402E-4,0.0,0.0,0.03529293478191172,0.0,0.0,0.03572864830315347,0.0,
3.297678695066402E-4,0.0,0.0,0.03529293478191172,0.0,0.0,0.03572864830315347,0.0,
3.297678695066402E-4,0.0,0.0,0.03606417466732261,0.0,0.0,0.03572864830315347,0.0,
3.297678695066402E-4,0.0,0.0,0.03606417466732261,0.0,0.0,0.03526505494360374,0.0,
3.297678695066402E-4,0.0,0.0,0.03606417466732261,0.0,0.0,0.03526505494360374,0.0,
3.297678695066402E-4,0.0,0.0,0.03606417466732261,0.0,0.0,0.03526505494360374,0.0,
3.297678695066402E-4,0.0,0.0,0.03639296640794515,0.0,0.0,0.03526505494360374,0.0,
3.297678695066402E-4,0.0,0.0,0.03639296640794515,0.0,0.0,0.03526505494360374,0.0,
3.297678695066402E-4,0.0,0.0,0.03639296640794515,0.0,0.0,0.03590558322470662,0.0,
3.297678695066402E-4,0.0,0.0,0.03639296640794515,0.0,0.0,0.03590558322470662,0.0,
3.297678695066402E-4,0.0,0.0,0.03639296640794515,0.0,0.0,0.03590558322470662,0.0,
3.297678695066402E-4,0.0,0.0,0.03456693277946843,0.0,0.0,0.03590558322470662,0.0,
3.297678695066402E-4,0.0,0.0,0.03456693277946843,0.0,0.0,0.03590558322470662,0.0,
3.297678695066402E-4,0.0,0.0,0.03456693277946843,0.0,0.0,0.03590558322470662,0.0,
3.297678695066402E-4,0.0,0.0,0.03506863116568723,0.0,0.0,0.03590558322470662,0.0,
3.297678695066402E-4,0.0,0.0,0.03506863116568723,0.0,0.0,0.03590558322470662,0.0,
3.297678695066402E-4,0.0,0.0,0.03506863116568723,0.0,0.0,0.03590558322470662,0.0,
3.297678695066402E-4,0.0,0.0,0.03506863116568723,0.0,0.0,0.03590558322470662,0.0,
3.297678695066402E-4,0.0,0.0,0.03506863116568723,0.0,0.0,0.03590558322470662,0.0,
3.297678695066402E-4,0.0,0.0,0.03506863116568723,0.0,0.0,0.03590558322470662,0.0,
3.297678695066402E-4,0.0,0.0,0.03506863116568723,0.0,0.0,0.03590558322470662,0.0,
3.297678695066402E-4,0.0,0.0,0.03506863116568723,0.0,0.0,0.03590558322470662,0.0,
3.297678695066402E-4,0.0,0.0,0.035550539479387626,0.0,0.0,0.03590558322470662,0.0,
3.297678695066402E-4,0.0,0.0,0.035550539479387626,0.0,0.0,0.03590558322470662,0.0,
3.297678695066402E-4,0.0,0.0,0.035550539479387626,0.0,0.0,0.03590558322470662,0.0,
3.297678695066402E-4,0.0,0.0,0.035550539479387626,0.0,0.0,0.03590558322470662,0.0,
3.297678695066402E-4,0.0,0.0,0.035550539479387626,0.0,0.0,0.03590558322470662,0.0,
3.297678695066402E-4,0.0,0.0,0.035550539479387626,0.0,0.0,0.03590558322470662,0.0,
3.297678695066402E-4,0.0,0.0,0.035550539479387626,0.0,0.0,0.031223667422407876,0.0,
3.297678695066402E-4,0.0,0.0,0.035550539479387626,0.0,0.0,0.031223667422407876,0.0,
3.297678695066402E-4,0.0,0.0,0.035550539479387626,0.0,0.0,0.031223667422407876,0.0,
3.297678695066402E-4,0.0,0.0,0.035550539479387626,0.0,0.0,0.031223667422407876,0.0,
3.297678695066402E-4,0.0,0.0,0.035550539479387626,0.0,0.0,0.031223667422407876,0.0,
3.297678695066402E-4,0.0,0.0,0.035550539479387626,0.0,0.0,0.031223667422407876,0.0,
3.297678695066402E-4,0.0,0.0,0.035550539479387626,0.0,0.0,0.031223667422407876,0.0,
3.297678695066402E-4,0.0,0.0,0.035745530392916086,0.0,0.0,0.031223667422407876,0.0,
3.297678695066402E-4,0.0,0.0,0.035745530392916086,0.0,0.0,0.031223667422407876,0.0,
3.297678695066402E-4,0.0,0.0,0.035745530392916086,0.0,0.0,0.031223667422407876,0.0,
3.297678695066402E-4,0.0,0.0,0.035745530392916086,0.0,0.0,0.031223667422407876,0.0,
3.297678695066402E-4,0.0,0.0,0.035745530392916086,0.0,0.0,0.031223667422407876,0.0,
3.297678695066402E-4,0.0,0.0,0.03544589997326299,0.0,0.0,0.031223667422407876,0.0,
3.297678695066402E-4,0.0,0.0,0.03571453998772182,0.0,0.0,0.031223667422407876,0.0,
3.297678695066402E-4,0.0,0.0,0.03605017348741282,0.0,0.0,0.031223667422407876,0.0,
3.297678695066402E-4,0.0,0.0,0.03605017348741282,0.0,0.0,0.031223667422407876,0.0,
3.297678695066402E-4,0.0,0.0,0.03605017348741282,0.0,0.0,0.031223667422407876,0.0,
3.297678695066402E-4,0.0,0.0,0.03605017348741282,0.0,0.0,0.031223667422407876,0.0,
3.297678695066402E-4,0.0,0.0,0.03628944394451655,0.0,0.0,0.032646998067978605,0.0,
3.297678695066402E-4,0.0,0.0,0.03628944394451655,0.0,0.0,0.032646998067978605,0.0,
3.297678695066402E-4,0.0,0.0,0.03628944394451655,0.0,0.0,0.032646998067978605,0.0,
3.297678695066402E-4,0.0,0.0,0.03628944394451655,0.0,0.0,0.032646998067978605,0.0,
3.297678695066402E-4,0.0,0.0,0.03653522353882988,0.0,0.0,0.032646998067978605,0.0,
3.297678695066402E-4,0.0,0.0,0.03653522353882988,0.0,0.0,0.032646998067978605,0.0,
3.297678695066402E-4,0.0,0.0,0.03653522353882988,0.0,0.0,0.032646998067978605,0.0,
3.297678695066402E-4,0.0,0.0,0.036797633652979354,0.0,0.0,0.032646998067978605,0.0,
3.297678695066402E-4,0.0,0.0,0.036797633652979354,0.0,0.0,0.032646998067978605,0.0,
3.297678695066402E-4,0.0,0.0,0.036797633652979354,0.0,0.0,0.03377609634586126,0.0,
3.297678695066402E-4,0.0,0.0,0.036797633652979354,0.0,0.0,0.03377609634586126,0.0,
3.297678695066402E-4,0.0,0.0,0.036797633652979354,0.0,0.0,0.03377609634586126,0.0,
3.297678695066402E-4,0.0,0.0,0.036797633652979354,0.0,0.0,0.03377609634586126,0.0,
3.297678695066402E-4,0.0,0.0,0.036797633652979354,0.0,0.0,0.03377609634586126,0.0,
3.297678695066402E-4,0.0,0.0,0.036797633652979354,0.0,0.0,0.03377609634586126,0.0,
3.297678695066402E-4,0.0,0.0,0.036797633652979354,0.0,0.0,0.034907935699476374,0.0,
3.297678695066402E-4,0.0,0.0,0.036797633652979354,0.0,0.0,0.036159896874868744,0.0,
3.297678695066402E-4,0.0,0.0,0.036797633652979354,0.0,0.0,0.036159896874868744,0.0,
3.297678695066402E-4,0.0,0.0,0.036797633652979354,0.0,0.0,0.036159896874868744,0.0,
3.297678695066402E-4,0.0,0.0,0.036797633652979354,0.0,0.0,0.036159896874868744,0.0,
3.297678695066402E-4,0.0,0.0,0.036797633652979354,0.0,0.0,0.036159896874868744,0.0,
3.297678695066402E-4,0.0,0.0,0.036797633652979354,0.0,0.0,0.036159896874868744,0.0,
3.297678695066402E-4,0.0,0.0,0.036903331507195686,0.0,0.0,0.036159896874868744,0.0,
3.297678695066402E-4,0.0,0.0,0.036903331507195686,0.0,0.0,0.036159896874868744,0.0,
3.297678695066402E-4,0.0,0.0,0.036903331507195686,0.0,0.0,0.036159896874868744,0.0,
3.297678695066402E-4,0.0,0.0,0.036903331507195686,0.0,0.0,0.036159896874868744,0.0,
3.297678695066402E-4,0.0,0.0,0.036903331507195686,0.0,0.0,0.035935354516717206,0.0,
3.297678695066402E-4,0.0,0.0,0.036903331507195686,0.0,0.0,0.035935354516717206,0.0,
3.297678695066402E-4,0.0,0.0,0.036903331507195686,0.0,0.0,0.035935354516717206,0.0,
3.297678695066402E-4,0.0,0.0,0.036903331507195686,0.0,0.0,0.035935354516717206,0.0,
3.297678695066402E-4,0.0,0.0,0.03704967131631453,0.0,0.0,0.035935354516717206,0.0,
3.297678695066402E-4,0.0,0.0,0.03704967131631453,0.0,0.0,0.035935354516717206,0.0,
3.297678695066402E-4,0.0,0.0,0.03704967131631453,0.0,0.0,0.035935354516717206,0.0,
3.297678695066402E-4,0.0,0.0,0.03704967131631453,0.0,0.0,0.035935354516717206,0.0,
3.297678695066402E-4,0.0,0.0,0.03704967131631453,0.0,0.0,0.035935354516717206,0.0,
3.297678695066402E-4,0.0,0.0,0.03704967131631453,0.0,0.0,0.035935354516717206,0.0,
3.297678695066402E-4,0.0,0.0,0.03704967131631453,0.0,0.0,0.03708523399657201,0.0,
3.297678695066402E-4,0.0,0.0,0.03704967131631453,0.0,0.0,0.038039998674609415,0.0,
3.297678695066402E-4,0.0,0.0,0.03704967131631453,0.0,0.0,0.038039998674609415,0.0,
3.297678695066402E-4,0.0,0.0,0.03704967131631453,0.0,0.0,0.037668157198111216,0.0,
3.297678695066402E-4,0.0,0.0,0.03688220755745171,0.0,0.0,0.037668157198111216,0.0,
3.297678695066402E-4,0.0,0.0,0.03688220755745171,0.0,0.0,0.037668157198111216,0.0,
3.297678695066402E-4,0.0,0.0,0.03688220755745171,0.0,0.0,0.037668157198111216,0.0,
3.297678695066402E-4,0.0,0.0,0.037138049764971176,0.0,0.0,0.037668157198111216,0.0,
3.297678695066402E-4,0.0,0.0,0.037138049764971176,0.0,0.0,0.037668157198111216,0.0,
3.297678695066402E-4,0.0,0.0,0.037138049764971176,0.0,0.0,0.037668157198111216,0.0,
3.297678695066402E-4,0.0,0.0,0.037138049764971176,0.0,0.0,0.036443505472763635,0.0,
3.297678695066402E-4,0.0,0.0,0.037138049764971176,0.0,0.0,0.036443505472763635,0.0,
3.297678695066402E-4,0.0,0.0,0.037138049764971176,0.0,0.0,0.036443505472763635,0.0,
3.297678695066402E-4,0.0,0.0,0.037138049764971176,0.0,0.0,0.036443505472763635,0.0,
3.297678695066402E-4,0.0,0.0,0.037138049764971176,0.0,0.0,0.036443505472763635,0.0,
3.297678695066402E-4,0.0,0.0,0.037138049764971176,0.0,0.0,0.036443505472763635,0.0,
3.297678695066402E-4,0.0,0.0,0.037138049764971176,0.0,0.0,0.036443505472763635,0.0,
3.297678695066402E-4,0.0,0.0,0.037138049764971176,0.0,0.0,0.036443505472763635,0.0,
3.297678695066402E-4,0.0,0.0,0.037138049764971176,0.0,0.0,0.036443505472763635,0.0,
3.297678695066402E-4,0.0,0.0,0.037138049764971176,0.0,0.0,0.036443505472763635,0.0,
3.297678695066402E-4,0.0,0.0,0.037138049764971176,0.0,0.0,0.03595978699735629,0.0,
3.297678695066402E-4,0.0,0.0,0.037138049764971176,0.0,0.0,0.03595978699735629,0.0,
3.297678695066402E-4,0.0,0.0,0.037138049764971176,0.0,0.0,0.03595978699735629,0.0,
3.297678695066402E-4,0.0,0.0,0.037138049764971176,0.0,0.0,0.03595978699735629,0.0,
3.297678695066402E-4,0.0,0.0,0.0372036330439053,0.0,0.0,0.03595978699735629,0.0,
3.297678695066402E-4,0.0,0.0,0.0372036330439053,0.0,0.0,0.03595978699735629,0.0,
3.297678695066402E-4,0.0,0.0,0.0372036330439053,0.0,0.0,0.03595978699735629,0.0,
3.297678695066402E-4,0.0,0.0,0.034838427903114255,0.0,0.0,0.03595978699735629,0.0,
3.297678695066402E-4,0.0,0.0,0.034838427903114255,0.0,0.0,0.03595978699735629,0.0,
3.297678695066402E-4,0.0,0.0,0.034838427903114255,0.0,0.0,0.036974963433413964,0.0,
3.297678695066402E-4,0.0,0.0,0.034838427903114255,0.0,0.0,0.036974963433413964,0.0,
3.297678695066402E-4,0.0,0.0,0.034838427903114255,0.0,0.0,0.03686734374507859,0.0,
3.297678695066402E-4,0.0,0.0,0.034838427903114255,0.0,0.0,0.03686734374507859,0.0,
3.297678695066402E-4,0.0,0.0,0.034838427903114255,0.0,0.0,0.03686734374507859,0.0,
3.297678695066402E-4,0.0,0.0,0.034838427903114255,0.0,0.0,0.03686734374507859,0.0,
3.297678695066402E-4,0.0,0.0,0.035349709495367435,0.0,0.0,0.03686734374507859,0.0,
3.297678695066402E-4,0.0,0.0,0.035349709495367435,0.0,0.0,0.03686734374507859,0.0,
3.297678695066402E-4,0.0,0.0,0.035349709495367435,0.0,0.0,0.03686734374507859,0.0,
3.297678695066402E-4,0.0,0.0,0.035349709495367435,0.0,0.0,0.03686734374507859,0.0,
3.297678695066402E-4,0.0,0.0,0.035349709495367435,0.0,0.0,0.03686734374507859,0.0,
3.297678695066402E-4,0.0,0.0,0.035349709495367435,0.0,0.0,0.03686734374507859,0.0,
3.297678695066402E-4,0.0,0.0,0.035809862928395296,0.0,0.0,0.03686734374507859,0.0,
3.297678695066402E-4,0.0,0.0,0.035809862928395296,0.0,0.0,0.03686734374507859,0.0,
3.297678695066402E-4,0.0,0.0,0.035809862928395296,0.0,0.0,0.03686734374507859,0.0,
3.297678695066402E-4,0.0,0.0,0.03622400101812037,0.0,0.0,0.03686734374507859,0.0,
3.297678695066402E-4,0.0,0.0,0.03622400101812037,0.0,0.0,0.03666896528191151,0.0,
3.297678695066402E-4,0.0,0.0,0.03622400101812037,0.0,0.0,0.03666896528191151,0.0,
3.297678695066402E-4,0.0,0.0,0.03659672529887294,0.0,0.0,0.03666896528191151,0.0,
3.297678695066402E-4,0.0,0.0,0.03659672529887294,0.0,0.0,0.03666896528191151,0.0,
3.297678695066402E-4,0.0,0.0,0.03659672529887294,0.0,0.0,0.03666896528191151,0.0,
3.297678695066402E-4,0.0,0.0,0.03659672529887294,0.0,0.0,0.03666896528191151,0.0,
3.297678695066402E-4,0.0,0.0,0.03659672529887294,0.0,0.0,0.03666896528191151,0.0,
3.297678695066402E-4,0.0,0.0,0.03659672529887294,0.0,0.0,0.03666896528191151,0.0,
3.297678695066402E-4,0.0,0.0,0.03659672529887294,0.0,0.0,0.03666896528191151,0.0,
3.297678695066402E-4,0.0,0.0,0.03659672529887294,0.0,0.0,0.03666896528191151,0.0,
3.297678695066402E-4,0.0,0.0,0.03659672529887294,0.0,0.0,0.03666896528191151,0.0,
3.297678695066402E-4,0.0,0.0,0.03659672529887294,0.0,0.0,0.03666896528191151,0.0,
3.297678695066402E-4,0.0,0.0,0.03659672529887294,0.0,0.0,0.03666896528191151,0.0,
3.297678695066402E-4,0.0,0.0,0.0365272149936292,0.0,0.0,0.03666896528191151,0.0,
3.297678695066402E-4,0.0,0.0,0.0365272149936292,0.0,0.0,0.03666896528191151,0.0,
3.297678695066402E-4,0.0,0.0,0.0365272149936292,0.0,0.0,0.03666896528191151,0.0,
3.297678695066402E-4,0.0,0.0,0.0365272149936292,0.0,0.0,0.03666896528191151,0.0,
3.297678695066402E-4,0.0,0.0,0.0365272149936292,0.0,0.0,0.03666896528191151,0.0,
3.297678695066402E-4,0.0,0.0,0.034356768088842256,0.0,0.0,0.03666896528191151,0.0,
3.297678695066402E-4,0.0,0.0,0.034356768088842256,0.0,0.0,0.03666896528191151,0.0,
3.297678695066402E-4,0.0,0.0,0.034356768088842256,0.0,0.0,0.03666896528191151,0.0,
3.297678695066402E-4,0.0,0.0,0.034356768088842256,0.0,0.0,0.03666896528191151,0.0,
3.297678695066402E-4,0.0,0.0,0.034356768088842256,0.0,0.0,0.03666896528191151,0.0,
3.297678695066402E-4,0.0,0.0,0.035099505618180205,0.0,0.0,0.03666896528191151,0.0,
3.297678695066402E-4,0.0,0.0,0.035099505618180205,0.0,0.0,0.03666896528191151,0.0,
3.297678695066402E-4,0.0,0.0,0.0351602929889208,0.0,0.0,0.03666896528191151,0.0,
3.297678695066402E-4,0.0,0.0,0.0351602929889208,0.0,0.0,0.037622841320461634,0.0,
3.297678695066402E-4,0.0,0.0,0.0351602929889208,0.0,0.0,0.037622841320461634,0.0,
3.297678695066402E-4,0.0,0.0,0.0351602929889208,0.0,0.0,0.037622841320461634,0.0,
3.297678695066402E-4,0.0,0.0,0.0351602929889208,0.0,0.0,0.037622841320461634,0.0,
3.297678695066402E-4,0.0,0.0,0.03643822503568571,0.0,0.0,0.037622841320461634,0.0,
3.297678695066402E-4,0.0,0.0,0.03622521887599517,0.0,0.0,0.037622841320461634,0.0,
3.297678695066402E-4,0.0,0.0,0.03622521887599517,0.0,0.0,0.037622841320461634,0.0,
3.297678695066402E-4,0.0,0.0,0.036777648798616544,0.0,0.0,0.037622841320461634,0.0,
3.297678695066402E-4,0.0,0.0,0.036777648798616544,0.0,0.0,0.037622841320461634,0.0,
3.297678695066402E-4,0.0,0.0,0.03727483572897578,0.0,0.0,0.037622841320461634,0.0,
3.297678695066402E-4,0.0,0.0,0.03727483572897578,0.0,0.0,0.037622841320461634,0.0,
3.297678695066402E-4,0.0,0.0,0.03727483572897578,0.0,0.0,0.037622841320461634,0.0,
3.297678695066402E-4,0.0,0.0,0.03727483572897578,0.0,0.0,0.037622841320461634,0.0,
3.297678695066402E-4,0.0,0.0,0.03727483572897578,0.0,0.0,0.037622841320461634,0.0,
3.297678695066402E-4,0.0,0.0,0.03727483572897578,0.0,0.0,0.037622841320461634,0.0,
3.297678695066402E-4,0.0,0.0,0.03727483572897578,0.0,0.0,0.037622841320461634,0.0,
3.297678695066402E-4,0.0,0.0,0.03727483572897578,0.0,0.0,0.037622841320461634,0.0,
3.297678695066402E-4,0.0,0.0,0.03727483572897578,0.0,0.0,0.037622841320461634,0.0,
3.297678695066402E-4,0.0,0.0,0.03727483572897578,0.0,0.0,0.037622841320461634,0.0,
3.297678695066402E-4,0.0,0.0,0.03727483572897578,0.0,0.0,0.037622841320461634,0.0,
3.297678695066402E-4,0.0,0.0,0.03727483572897578,0.0,0.0,0.037622841320461634,0.0,
3.297678695066402E-4,0.0,0.0,0.03727483572897578,0.0,0.0,0.038255935151212735,0.0,
3.297678695066402E-4,0.0,0.0,0.03727483572897578,0.0,0.0,0.038255935151212735,0.0,
3.297678695066402E-4,0.0,0.0,0.03727483572897578,0.0,0.0,0.038255935151212735,0.0,
3.297678695066402E-4,0.0,0.0,0.03727483572897578,0.0,0.0,0.038255935151212735,0.0,
3.297678695066402E-4,0.0,0.0,0.03727483572897578,0.0,0.0,0.038255935151212735,0.0,
3.297678695066402E-4,0.0,0.0,0.03748682165742188,0.0,0.0,0.038255935151212735,0.0,
3.297678695066402E-4,0.0,0.0,0.03748682165742188,0.0,0.0,0.03704589952158052,0.0,
3.297678695066402E-4,0.0,0.0,0.03748682165742188,0.0,0.0,0.03704589952158052,0.0,
3.297678695066402E-4,0.0,0.0,0.03748682165742188,0.0,0.0,0.03704589952158052,0.0,
3.297678695066402E-4,0.0,0.0,0.03748682165742188,0.0,0.0,0.03704589952158052,0.0,
3.297678695066402E-4,0.0,0.0,0.037782624688543216,0.0,0.0,0.03704589952158052,0.0,
3.297678695066402E-4,0.0,0.0,0.037782624688543216,0.0,0.0,0.03704589952158052,0.0,
3.297678695066402E-4,0.0,0.0,0.037782624688543216,0.0,0.0,0.03704589952158052,0.0,
3.297678695066402E-4,0.0,0.0,0.037782624688543216,0.0,0.0,0.03704589952158052,0.0,
3.297678695066402E-4,0.0,0.0,0.037782624688543216,0.0,0.0,0.03706932540096757,0.0,
3.297678695066402E-4,0.0,0.0,0.037285293588127176,0.0,0.0,0.03706932540096757,0.0,
3.297678695066402E-4,0.0,0.0,0.037285293588127176,0.0,0.0,0.03783415219787958,0.0,
3.297678695066402E-4,0.0,0.0,0.037285293588127176,0.0,0.0,0.03783415219787958,0.0,
3.297678695066402E-4,0.0,0.0,0.037285293588127176,0.0,0.0,0.03853229348927828,0.0,
3.297678695066402E-4,0.0,0.0,0.037285293588127176,0.0,0.0,0.03853229348927828,0.0,
3.297678695066402E-4,0.0,0.0,0.03771639775959309,0.0,0.0,0.03853229348927828,0.0,
3.297678695066402E-4,0.0,0.0,0.037627730128907334,0.0,0.0,0.03853229348927828,0.0,
3.297678695066402E-4,0.0,0.0,0.037627730128907334,0.0,0.0,0.03853229348927828,0.0,
3.297678695066402E-4,0.0,0.0,0.037627730128907334,0.0,0.0,0.03853229348927828,0.0,
3.297678695066402E-4,0.0,0.0,0.037627730128907334,0.0,0.0,0.03853229348927828,0.0,
3.297678695066402E-4,0.0,0.0,0.037627730128907334,0.0,0.0,0.03853229348927828,0.0,
3.297678695066402E-4,0.0,0.0,0.037627730128907334,0.0,0.0,0.03853229348927828,0.0,
3.297678695066402E-4,0.0,0.0,0.037627730128907334,0.0,0.0,0.039075576324809694,0.0,
3.297678695066402E-4,0.0,0.0,0.037627730128907334,0.0,0.0,0.039075576324809694,0.0,
3.297678695066402E-4,0.0,0.0,0.037627730128907334,0.0,0.0,0.03545432558525486,0.0,
3.297678695066402E-4,0.0,0.0,0.037627730128907334,0.0,0.0,0.03545432558525486,0.0,
3.297678695066402E-4,0.0,0.0,0.037627730128907334,0.0,0.0,0.036224264473934106,0.0,
3.297678695066402E-4,0.0,0.0,0.037627730128907334,0.0,0.0,0.036224264473934106,0.0,
3.297678695066402E-4,0.0,0.0,0.037627730128907334,0.0,0.0,0.036224264473934106,0.0,
3.297678695066402E-4,0.0,0.0,0.037627730128907334,0.0,0.0,0.036224264473934106,0.0,
3.297678695066402E-4,0.0,0.0,0.037627730128907334,0.0,0.0,0.036224264473934106,0.0,
3.297678695066402E-4,0.0,0.0,0.037627730128907334,0.0,0.0,0.036224264473934106,0.0,
3.297678695066402E-4,0.0,0.0,0.037627730128907334,0.0,0.0,0.03688797440120859,0.0,
3.297678695066402E-4,0.0,0.0,0.037627730128907334,0.0,0.0,0.03688797440120859,0.0,
3.297678695066402E-4,0.0,0.0,0.037627730128907334,0.0,0.0,0.03688797440120859,0.0,
3.297678695066402E-4,0.0,0.0,0.037627730128907334,0.0,0.0,0.03688797440120859,0.0,
3.297678695066402E-4,0.0,0.0,0.037627730128907334,0.0,0.0,0.03688797440120859,0.0,
3.297678695066402E-4,0.0,0.0,0.037627730128907334,0.0,0.0,0.03688797440120859,0.0,
3.297678695066402E-4,0.0,0.0,0.037627730128907334,0.0,0.0,0.03688797440120859,0.0,
3.297678695066402E-4,0.0,0.0,0.037627730128907334,0.0,0.0,0.03688797440120859,0.0,
3.297678695066402E-4,0.0,0.0,0.037627730128907334,0.0,0.0,0.03688797440120859,0.0,
3.297678695066402E-4,0.0,0.0,0.037627730128907334,0.0,0.0,0.03688797440120859,0.0,
3.297678695066402E-4,0.0,0.0,0.037627730128907334,0.0,0.0,0.03688797440120859,0.0,
3.297678695066402E-4,0.0,0.0,0.037627730128907334,0.0,0.0,0.03688797440120859,0.0,
3.297678695066402E-4,0.0,0.0,0.037627730128907334,0.0,0.0,0.03688797440120859,0.0,
3.297678695066402E-4,0.0,0.0,0.037627730128907334,0.0,0.0,0.03688797440120859,0.0,
3.297678695066402E-4,0.0,0.0,0.037627730128907334,0.0,0.0,0.03688797440120859,0.0,
3.297678695066402E-4,0.0,0.0,0.037627730128907334,0.0,0.0,0.03738366247839432,0.0,
3.297678695066402E-4,0.0,0.0,0.037627730128907334,0.0,0.0,0.03738366247839432,0.0,
3.297678695066402E-4,0.0,0.0,0.037627730128907334,0.0,0.0,0.03738366247839432,0.0,
3.297678695066402E-4,0.0,0.0,0.037627730128907334,0.0,0.0,0.03738366247839432,0.0,
3.297678695066402E-4,0.0,0.0,0.037627730128907334,0.0,0.0,0.03738366247839432,0.0,
3.297678695066402E-4,0.0,0.0,0.037627730128907334,0.0,0.0,0.03738366247839432,0.0,
3.297678695066402E-4,0.0,0.0,0.035815755867661454,0.0,0.0,0.03738366247839432,0.0,
3.297678695066402E-4,0.0,0.0,0.035815755867661454,0.0,0.0,0.03768561764087,0.0,
3.297678695066402E-4,0.0,0.0,0.035815755867661454,0.0,0.0,0.03768561764087,0.0,
3.297678695066402E-4,0.0,0.0,0.035815755867661454,0.0,0.0,0.03768561764087,0.0,
3.297678695066402E-4,0.0,0.0,0.035815755867661454,0.0,0.0,0.03768561764087,0.0,
3.297678695066402E-4,0.0,0.0,0.035815755867661454,0.0,0.0,0.03768561764087,0.0,
3.297678695066402E-4,0.0,0.0,0.035815755867661454,0.0,0.0,0.03768561764087,0.0,
3.297678695066402E-4,0.0,0.0,0.035815755867661454,0.0,0.0,0.03795106002590479,0.0,
3.297678695066402E-4,0.0,0.0,0.035815755867661454,0.0,0.0,0.03795106002590479,0.0,
3.297678695066402E-4,0.0,0.0,0.03625591960049399,0.0,0.0,0.03795106002590479,0.0,
3.297678695066402E-4,0.0,0.0,0.03625591960049399,0.0,0.0,0.03795106002590479,0.0,
3.297678695066402E-4,0.0,0.0,0.03625591960049399,0.0,0.0,0.03795106002590479,0.0,
3.297678695066402E-4,0.0,0.0,0.03658302768372591,0.0,0.0,0.03795106002590479,0.0,
3.297678695066402E-4,0.0,0.0,0.03658302768372591,0.0,0.0,0.03818158341445407,0.0,
3.297678695066402E-4,0.0,0.0,0.03658302768372591,0.0,0.0,0.03818158341445407,0.0,
3.297678695066402E-4,0.0,0.0,0.03658302768372591,0.0,0.0,0.03818158341445407,0.0,
3.297678695066402E-4,0.0,0.0,0.03658302768372591,0.0,0.0,0.03818158341445407,0.0,
3.297678695066402E-4,0.0,0.0,0.03658302768372591,0.0,0.0,0.03838868413422301,0.0,
3.297678695066402E-4,0.0,0.0,0.03658302768372591,0.0,0.0,0.0385805874785049,0.0,
3.297678695066402E-4,0.0,0.0,0.03686186994827506,0.0,0.0,0.0385805874785049,0.0,
3.297678695066402E-4,0.0,0.0,0.03686186994827506,0.0,0.0,0.037933620737576335,0.0,
3.297678695066402E-4,0.0,0.0,0.03686186994827506,0.0,0.0,0.037933620737576335,0.0,
3.297678695066402E-4,0.0,0.0,0.03686186994827506,0.0,0.0,0.037933620737576335,0.0,
3.297678695066402E-4,0.0,0.0,0.03686186994827506,0.0,0.0,0.037933620737576335,0.0,
3.297678695066402E-4,0.0,0.0,0.03686186994827506,0.0,0.0,0.037933620737576335,0.0,
3.297678695066402E-4,0.0,0.0,0.03686186994827506,0.0,0.0,0.037933620737576335,0.0,
3.297678695066402E-4,0.0,0.0,0.03686186994827506,0.0,0.0,0.037933620737576335,0.0,
3.297678695066402E-4,0.0,0.0,0.03686186994827506,0.0,0.0,0.037933620737576335,0.0,
3.297678695066402E-4,0.0,0.0,0.03686186994827506,0.0,0.0,0.037933620737576335,0.0,
3.297678695066402E-4,0.0,0.0,0.03686186994827506,0.0,0.0,0.037933620737576335,0.0,
3.297678695066402E-4,0.0,0.0,0.03686186994827506,0.0,0.0,0.037933620737576335,0.0,
3.297678695066402E-4,0.0,0.0,0.03686186994827506,0.0,0.0,0.037933620737576335,0.0,
3.297678695066402E-4,0.0,0.0,0.03686186994827506,0.0,0.0,0.037933620737576335,0.0,
3.297678695066402E-4,0.0,0.0,0.03686186994827506,0.0,0.0,0.037933620737576335,0.0,
3.297678695066402E-4,0.0,0.0,0.03686186994827506,0.0,0.0,0.037933620737576335,0.0,
3.297678695066402E-4,0.0,0.0,0.03686186994827506,0.0,0.0,0.037933620737576335,0.0,
3.297678695066402E-4,0.0,0.0,0.03686186994827506,0.0,0.0,0.037933620737576335,0.0,
3.297678695066402E-4,0.0,0.0,0.03686186994827506,0.0,0.0,0.037933620737576335,0.0,
3.297678695066402E-4,0.0,0.0,0.03686186994827506,0.0,0.0,0.03804894030068369,0.0,
3.297678695066402E-4,0.0,0.0,0.03686186994827506,0.0,0.0,0.03804894030068369,0.0,
3.297678695066402E-4,0.0,0.0,0.036163843065514976,0.0,0.0,0.03804894030068369,0.0,
3.297678695066402E-4,0.0,0.0,0.03644486978514966,0.0,0.0,0.03804894030068369,0.0,
3.297678695066402E-4,0.0,0.0,0.03644486978514966,0.0,0.0,0.03804894030068369,0.0,
3.297678695066402E-4,0.0,0.0,0.03670197916884137,0.0,0.0,0.03804894030068369,0.0,
3.297678695066402E-4,0.0,0.0,0.03670197916884137,0.0,0.0,0.03804894030068369,0.0,
3.297678695066402E-4,0.0,0.0,0.03670197916884137,0.0,0.0,0.038248753360195314,0.0,
3.297678695066402E-4,0.0,0.0,0.03670197916884137,0.0,0.0,0.038248753360195314,0.0,
3.297678695066402E-4,0.0,0.0,0.036940427935467625,0.0,0.0,0.038248753360195314,0.0,
3.297678695066402E-4,0.0,0.0,0.036940427935467625,0.0,0.0,0.038248753360195314,0.0,
3.297678695066402E-4,0.0,0.0,0.036940427935467625,0.0,0.0,0.038248753360195314,0.0,
3.297678695066402E-4,0.0,0.0,0.036940427935467625,0.0,0.0,0.038248753360195314,0.0,
3.297678695066402E-4,0.0,0.0,0.036940427935467625,0.0,0.0,0.038248753360195314,0.0,
3.297678695066402E-4,0.0,0.0,0.036940427935467625,0.0,0.0,0.038248753360195314,0.0,
3.297678695066402E-4,0.0,0.0,0.036940427935467625,0.0,0.0,0.038248753360195314,0.0,
3.297678695066402E-4,0.0,0.0,0.03680440065171356,0.0,0.0,0.038248753360195314,0.0,
3.297678695066402E-4,0.0,0.0,0.03622827016424321,0.0,0.0,0.038248753360195314,0.0,
3.297678695066402E-4,0.0,0.0,0.03622827016424321,0.0,0.0,0.038248753360195314,0.0,
3.297678695066402E-4,0.0,0.0,0.03622827016424321,0.0,0.0,0.038248753360195314,0.0,
3.297678695066402E-4,0.0,0.0,0.03622827016424321,0.0,0.0,0.038248753360195314,0.0,
3.297678695066402E-4,0.0,0.0,0.03622827016424321,0.0,0.0,0.038248753360195314,0.0,
3.297678695066402E-4,0.0,0.0,0.03622827016424321,0.0,0.0,0.038248753360195314,0.0,
3.297678695066402E-4,0.0,0.0,0.03622827016424321,0.0,0.0,0.038248753360195314,0.0,
3.297678695066402E-4,0.0,0.0,0.0365256604622734,0.0,0.0,0.038248753360195314,0.0,
3.297678695066402E-4,0.0,0.0,0.0365256604622734,0.0,0.0,0.038248753360195314,0.0,
3.297678695066402E-4,0.0,0.0,0.0365256604622734,0.0,0.0,0.038248753360195314,0.0,
3.297678695066402E-4,0.0,0.0,0.0365256604622734,0.0,0.0,0.038248753360195314,0.0,
3.297678695066402E-4,0.0,0.0,0.0365256604622734,0.0,0.0,0.038248753360195314,0.0,
3.297678695066402E-4,0.0,0.0,0.0365256604622734,0.0,0.0,0.038248753360195314,0.0,
3.297678695066402E-4,0.0,0.0,0.0365256604622734,0.0,0.0,0.038248753360195314,0.0,
3.297678695066402E-4,0.0,0.0,0.0365256604622734,0.0,0.0,0.038248753360195314,0.0,
3.297678695066402E-4,0.0,0.0,0.0365256604622734,0.0,0.0,0.038248753360195314,0.0,
3.297678695066402E-4,0.0,0.0,0.037034197871905025,0.0,0.0,0.038248753360195314,0.0,
3.297678695066402E-4,0.0,0.0,0.037034197871905025,0.0,0.0,0.038248753360195314,0.0,
3.297678695066402E-4,0.0,0.0,0.037034197871905025,0.0,0.0,0.038248753360195314,0.0,
3.297678695066402E-4,0.0,0.0,0.037034197871905025,0.0,0.0,0.038248753360195314,0.0,
3.297678695066402E-4,0.0,0.0,0.037034197871905025,0.0,0.0,0.038248753360195314,0.0,
3.297678695066402E-4,0.0,0.0,0.037034197871905025,0.0,0.0,0.0385731806848109,0.0,
3.297678695066402E-4,0.0,0.0,0.037034197871905025,0.0,0.0,0.0385731806848109,0.0,
3.297678695066402E-4,0.0,0.0,0.037034197871905025,0.0,0.0,0.0385731806848109,0.0,
3.297678695066402E-4,0.0,0.0,0.037034197871905025,0.0,0.0,0.0385731806848109,0.0,
3.297678695066402E-4,0.0,0.0,0.037034197871905025,0.0,0.0,0.0385731806848109,0.0,
3.297678695066402E-4,0.0,0.0,0.03727390393378709,0.0,0.0,0.0385731806848109,0.0,
3.297678695066402E-4,0.0,0.0,0.03727390393378709,0.0,0.0,0.0385731806848109,0.0,
3.297678695066402E-4,0.0,0.0,0.03727390393378709,0.0,0.0,0.0385731806848109,0.0,
3.297678695066402E-4,0.0,0.0,0.03748963938948095,0.0,0.0,0.0385731806848109,0.0,
3.297678695066402E-4,0.0,0.0,0.03748963938948095,0.0,0.0,0.0385731806848109,0.0,
3.297678695066402E-4,0.0,0.0,0.03748963938948095,0.0,0.0,0.0385731806848109,0.0,
3.297678695066402E-4,0.0,0.0,0.03748963938948095,0.0,0.0,0.0385731806848109,0.0,
3.297678695066402E-4,0.0,0.0,0.03748963938948095,0.0,0.0,0.0385731806848109,0.0,
3.297678695066402E-4,0.0,0.0,0.03768380129960543,0.0,0.0,0.0385731806848109,0.0,
3.297678695066402E-4,0.0,0.0,0.03768380129960543,0.0,0.0,0.0385731806848109,0.0,
3.297678695066402E-4,0.0,0.0,0.03768380129960543,0.0,0.0,0.0385731806848109,0.0,
3.297678695066402E-4,0.0,0.0,0.03768380129960543,0.0,0.0,0.0385731806848109,0.0,
3.297678695066402E-4,0.0,0.0,0.03768380129960543,0.0,0.0,0.0385731806848109,0.0,
3.297678695066402E-4,0.0,0.0,0.03768380129960543,0.0,0.0,0.0385731806848109,0.0,
3.297678695066402E-4,0.0,0.0,0.03768380129960543,0.0,0.0,0.0385731806848109,0.0,
3.297678695066402E-4,0.0,0.0,0.03768380129960543,0.0,0.0,0.0385731806848109,0.0,
3.297678695066402E-4,0.0,0.0,0.03768380129960543,0.0,0.0,0.0385731806848109,0.0,
3.297678695066402E-4,0.0,0.0,0.03768380129960543,0.0,0.0,0.0385731806848109,0.0,
3.297678695066402E-4,0.0,0.0,0.03768380129960543,0.0,0.0,0.0385731806848109,0.0,
3.297678695066402E-4,0.0,0.0,0.03768380129960543,0.0,0.0,0.0385731806848109,0.0,
3.297678695066402E-4,0.0,0.0,0.03768380129960543,0.0,0.0,0.0385731806848109,0.0,
3.297678695066402E-4,0.0,0.0,0.03768380129960543,0.0,0.0,0.0385731806848109,0.0,
3.297678695066402E-4,0.0,0.0,0.03768380129960543,0.0,0.0,0.0385731806848109,0.0,
3.297678695066402E-4,0.0,0.0,0.03785854701871746,0.0,0.0,0.0385731806848109,0.0,
3.297678695066402E-4,0.0,0.0,0.03785854701871746,0.0,0.0,0.0385731806848109,0.0,
3.297678695066402E-4,0.0,0.0,0.03785854701871746,0.0,0.0,0.0385731806848109,0.0,
3.297678695066402E-4,0.0,0.0,0.03785854701871746,0.0,0.0,0.0385731806848109,0.0,
3.297678695066402E-4,0.0,0.0,0.03785854701871746,0.0,0.0,0.0385731806848109,0.0,
3.297678695066402E-4,0.0,0.0,0.03785854701871746,0.0,0.0,0.0385731806848109,0.0,
3.297678695066402E-4,0.0,0.0,0.03785854701871746,0.0,0.0,0.0385731806848109,0.0,
3.297678695066402E-4,0.0,0.0,0.03785854701871746,0.0,0.0,0.0385731806848109,0.0,
3.297678695066402E-4,0.0,0.0,0.03785854701871746,0.0,0.0,0.0385731806848109,0.0,
3.297678695066402E-4,0.0,0.0,0.03785854701871746,0.0,0.0,0.0385731806848109,0.0,
3.297678695066402E-4,0.0,0.0,0.03785854701871746,0.0,0.0,0.0385731806848109,0.0,
3.297678695066402E-4,0.0,0.0,0.038015818165918286,0.0,0.0,0.0385731806848109,0.0,
3.297678695066402E-4,0.0,0.0,0.0382847518276317,0.0,0.0,0.0385731806848109,0.0,
3.297678695066402E-4,0.0,0.0,0.0383994024939411,0.0,0.0,0.0385731806848109,0.0,
3.297678695066402E-4,0.0,0.0,0.0383994024939411,0.0,0.0,0.0385731806848109,0.0,
3.297678695066402E-4,0.0,0.0,0.0383994024939411,0.0,0.0,0.0385731806848109,0.0,
3.297678695066402E-4,0.0,0.0,0.0383994024939411,0.0,0.0,0.0385731806848109,0.0,
3.297678695066402E-4,0.0,0.0,0.0383994024939411,0.0,0.0,0.0385731806848109,0.0,
3.297678695066402E-4,0.0,0.0,0.0383994024939411,0.0,0.0,0.0385731806848109,0.0,
3.297678695066402E-4,0.0,0.0,0.0383994024939411,0.0,0.0,0.0385731806848109,0.0,
3.297678695066402E-4,0.0,0.0,0.0383994024939411,0.0,0.0,0.0385731806848109,0.0,
3.297678695066402E-4,0.0,0.0,0.0383994024939411,0.0,0.0,0.0385731806848109,0.0,
3.297678695066402E-4,0.0,0.0,0.0383994024939411,0.0,0.0,0.0385731806848109,0.0,
3.297678695066402E-4,0.0,0.0,0.03634311620103963,0.0,0.0,0.0385731806848109,0.0,
3.297678695066402E-4,0.0,0.0,0.03634311620103963,0.0,0.0,0.0385731806848109,0.0,
3.297678695066402E-4,0.0,0.0,0.03634311620103963,0.0,0.0,0.0385731806848109,0.0,
3.297678695066402E-4,0.0,0.0,0.03634311620103963,0.0,0.0,0.0385731806848109,0.0,
3.297678695066402E-4,0.0,0.0,0.03634311620103963,0.0,0.0,0.0385731806848109,0.0,
3.297678695066402E-4,0.0,0.0,0.03634311620103963,0.0,0.0,0.0385731806848109,0.0,
3.297678695066402E-4,0.0,0.0,0.03634311620103963,0.0,0.0,0.0385731806848109,0.0,
3.297678695066402E-4,0.0,0.0,0.03665193043000824,0.0,0.0,0.0385731806848109,0.0,
3.297678695066402E-4,0.0,0.0,0.03665193043000824,0.0,0.0,0.0385731806848109,0.0,
3.297678695066402E-4,0.0,0.0,0.03665193043000824,0.0,0.0,0.0385731806848109,0.0,
3.297678695066402E-4,0.0,0.0,0.03665193043000824,0.0,0.0,0.0385731806848109,0.0,
3.297678695066402E-4,0.0,0.0,0.03665193043000824,0.0,0.0,0.0385731806848109,0.0,
3.297678695066402E-4,0.0,0.0,0.03665193043000824,0.0,0.0,0.0385731806848109,0.0,
3.297678695066402E-4,0.0,0.0,0.03665193043000824,0.0,0.0,0.0385731806848109,0.0,
3.297678695066402E-4,0.0,0.0,0.03665193043000824,0.0,0.0,0.0385731806848109,0.0,
3.297678695066402E-4,0.0,0.0,0.03665193043000824,0.0,0.0,0.0385731806848109,0.0,
3.297678695066402E-4,0.0,0.0,0.03665193043000824,0.0,0.0,0.0385731806848109,0.0,
3.297678695066402E-4,0.0,0.0,0.03665193043000824,0.0,0.0,0.0385731806848109,0.0,
3.297678695066402E-4,0.0,0.0,0.03407923917821306,0.0,0.0,0.0385731806848109,0.0,
3.297678695066402E-4,0.0,0.0,0.03461444110946432,0.0,0.0,0.0385731806848109,0.0,
3.297678695066402E-4,0.0,0.0,0.03461444110946432,0.0,0.0,0.0385731806848109,0.0,
3.297678695066402E-4,0.0,0.0,0.035096122847590464,0.0,0.0,0.0385731806848109,0.0,
3.297678695066402E-4,0.0,0.0,0.035096122847590464,0.0,0.0,0.0385731806848109,0.0,
3.297678695066402E-4,0.0,0.0,0.035096122847590464,0.0,0.0,0.0385731806848109,0.0,
3.297678695066402E-4,0.0,0.0,0.035096122847590464,0.0,0.0,0.0385731806848109,0.0,
3.297678695066402E-4,0.0,0.0,0.035096122847590464,0.0,0.0,0.0385731806848109,0.0,
3.297678695066402E-4,0.0,0.0,0.035096122847590464,0.0,0.0,0.0385731806848109,0.0,
3.297678695066402E-4,0.0,0.0,0.035096122847590464,0.0,0.0,0.0385731806848109,0.0,
3.297678695066402E-4,0.0,0.0,0.035096122847590464,0.0,0.0,0.0385731806848109,0.0,
3.297678695066402E-4,0.0,0.0,0.035096122847590464,0.0,0.0,0.0385731806848109,0.0,
3.297678695066402E-4,0.0,0.0,0.035096122847590464,0.0,0.0,0.0385731806848109,0.0,
3.297678695066402E-4,0.0,0.0,0.035529636411903986,0.0,0.0,0.0385731806848109,0.0,
3.297678695066402E-4,0.0,0.0,0.035529636411903986,0.0,0.0,0.0385731806848109,0.0,
3.297678695066402E-4,0.0,0.0,0.035529636411903986,0.0,0.0,0.0385731806848109,0.0,
3.297678695066402E-4,0.0,0.0,0.035529636411903986,0.0,0.0,0.0385731806848109,0.0,
3.297678695066402E-4,0.0,0.0,0.035529636411903986,0.0,0.0,0.0385731806848109,0.0,
3.297678695066402E-4,0.0,0.0,0.035529636411903986,0.0,0.0,0.0385731806848109,0.0,
3.297678695066402E-4,0.0,0.0,0.035529636411903986,0.0,0.0,0.0385731806848109,0.0,
3.297678695066402E-4,0.0,0.0,0.035529636411903986,0.0,0.0,0.0385731806848109,0.0,
3.297678695066402E-4,0.0,0.0,0.035529636411903986,0.0,0.0,0.0385731806848109,0.0,
3.297678695066402E-4,0.0,0.0,0.035529636411903986,0.0,0.0,0.0387156961474961,0.0,
3.297678695066402E-4,0.0,0.0,0.035529636411903986,0.0,0.0,0.0387156961474961,0.0,
3.297678695066402E-4,0.0,0.0,0.035529636411903986,0.0,0.0,0.0387156961474961,0.0,
3.297678695066402E-4,0.0,0.0,0.035529636411903986,0.0,0.0,0.0387156961474961,0.0,
3.297678695066402E-4,0.0,0.0,0.03592546938799553,0.0,0.0,0.0387156961474961,0.0,
3.297678695066402E-4,0.0,0.0,0.03592546938799553,0.0,0.0,0.0387156961474961,0.0,
3.297678695066402E-4,0.0,0.0,0.036281719066477924,0.0,0.0,0.0387156961474961,0.0,
3.297678695066402E-4,0.0,0.0,0.036281719066477924,0.0,0.0,0.03890591437134295,0.0,
3.297678695066402E-4,0.0,0.0,0.036281719066477924,0.0,0.0,0.03890591437134295,0.0,
3.297678695066402E-4,0.0,0.0,0.036281719066477924,0.0,0.0,0.03890591437134295,0.0,
3.297678695066402E-4,0.0,0.0,0.036281719066477924,0.0,0.0,0.03890591437134295,0.0,
3.297678695066402E-4,0.0,0.0,0.036281719066477924,0.0,0.0,0.03890591437134295,0.0,
3.297678695066402E-4,0.0,0.0,0.036281719066477924,0.0,0.0,0.03890591437134295,0.0,
3.297678695066402E-4,0.0,0.0,0.036281719066477924,0.0,0.0,0.03905172622244477,0.0,
3.297678695066402E-4,0.0,0.0,0.036281719066477924,0.0,0.0,0.03905172622244477,0.0,
3.297678695066402E-4,0.0,0.0,0.036281719066477924,0.0,0.0,0.03905172622244477,0.0,
3.297678695066402E-4,0.0,0.0,0.036281719066477924,0.0,0.0,0.03905172622244477,0.0,
3.297678695066402E-4,0.0,0.0,0.036281719066477924,0.0,0.0,0.03905172622244477,0.0,
3.297678695066402E-4,0.0,0.0,0.036281719066477924,0.0,0.0,0.03905172622244477,0.0,
3.297678695066402E-4,0.0,0.0,0.036281719066477924,0.0,0.0,0.03905172622244477,0.0,
3.297678695066402E-4,0.0,0.0,0.036281719066477924,0.0,0.0,0.03905172622244477,0.0,
3.297678695066402E-4,0.0,0.0,0.036281719066477924,0.0,0.0,0.03905172622244477,0.0,
3.297678695066402E-4,0.0,0.0,0.036281719066477924,0.0,0.0,0.03905172622244477,0.0,
3.297678695066402E-4,0.0,0.0,0.036281719066477924,0.0,0.0,0.03905172622244477,0.0,
3.297678695066402E-4,0.0,0.0,0.036281719066477924,0.0,0.0,0.03905172622244477,0.0,
3.297678695066402E-4,0.0,0.0,0.036281719066477924,0.0,0.0,0.03905172622244477,0.0,
3.297678695066402E-4,0.0,0.0,0.036281719066477924,0.0,0.0,0.03905172622244477,0.0,
3.297678695066402E-4,0.0,0.0,0.036281719066477924,0.0,0.0,0.03905172622244477,0.0,
3.297678695066402E-4,0.0,0.0,0.036281719066477924,0.0,0.0,0.03905172622244477,0.0,
3.297678695066402E-4,0.0,0.0,0.03609969194743668,0.0,0.0,0.03905172622244477,0.0,
3.297678695066402E-4,0.0,0.0,0.03609969194743668,0.0,0.0,0.03905172622244477,0.0,
3.297678695066402E-4,0.0,0.0,0.03609969194743668,0.0,0.0,0.03905172622244477,0.0,
3.297678695066402E-4,0.0,0.0,0.03609969194743668,0.0,0.0,0.03905172622244477,0.0,
3.297678695066402E-4,0.0,0.0,0.03609969194743668,0.0,0.0,0.03905172622244477,0.0,
3.297678695066402E-4,0.0,0.0,0.03609969194743668,0.0,0.0,0.03905172622244477,0.0,
3.297678695066402E-4,0.0,0.0,0.03680848326184671,0.0,0.0,0.03905172622244477,0.0,
3.297678695066402E-4,0.0,0.0,0.0364597705236512,0.0,0.0,0.03905172622244477,0.0,
3.297678695066402E-4,0.0,0.0,0.0364597705236512,0.0,0.0,0.03905172622244477,0.0,
3.297678695066402E-4,0.0,0.0,0.0364597705236512,0.0,0.0,0.03905172622244477,0.0,
3.297678695066402E-4,0.0,0.0,0.0364597705236512,0.0,0.0,0.03905172622244477,0.0,
3.297678695066402E-4,0.0,0.0,0.0364597705236512,0.0,0.0,0.03905172622244477,0.0,
3.297678695066402E-4,0.0,0.0,0.0364597705236512,0.0,0.0,0.03905172622244477,0.0,
3.297678695066402E-4,0.0,0.0,0.03679681072624555,0.0,0.0,0.03905172622244477,0.0,
3.297678695066402E-4,0.0,0.0,0.03710014690858047,0.0,0.0,0.03905172622244477,0.0,
3.297678695066402E-4,0.0,0.0,0.03761885178037318,0.0,0.0,0.03905172622244477,0.0,
3.297678695066402E-4,0.0,0.0,0.03761885178037318,0.0,0.0,0.03905172622244477,0.0,
3.297678695066402E-4,0.0,0.0,0.03761885178037318,0.0,0.0,0.03939921010540945,0.0,
3.297678695066402E-4,0.0,0.0,0.03761885178037318,0.0,0.0,0.03939921010540945,0.0,
3.297678695066402E-4,0.0,0.0,0.03761885178037318,0.0,0.0,0.03939921010540945,0.0,
3.297678695066402E-4,0.0,0.0,0.03761885178037318,0.0,0.0,0.03974769325790982,0.0,
3.297678695066402E-4,0.0,0.0,0.03761885178037318,0.0,0.0,0.03974769325790982,0.0,
3.297678695066402E-4,0.0,0.0,0.03761885178037318,0.0,0.0,0.03974769325790982,0.0,
3.297678695066402E-4,0.0,0.0,0.03761885178037318,0.0,0.0,0.03974769325790982,0.0,
3.297678695066402E-4,0.0,0.0,0.03761885178037318,0.0,0.0,0.03974769325790982,0.0,
3.297678695066402E-4,0.0,0.0,0.03761885178037318,0.0,0.0,0.03974769325790982,0.0,
3.297678695066402E-4,0.0,0.0,0.03761885178037318,0.0,0.0,0.03954644470163806,0.0,
3.297678695066402E-4,0.0,0.0,0.03761885178037318,0.0,0.0,0.03990946840299066,0.0,
3.297678695066402E-4,0.0,0.0,0.03761885178037318,0.0,0.0,0.03990946840299066,0.0,
3.297678695066402E-4,0.0,0.0,0.03761885178037318,0.0,0.0,0.03990946840299066,0.0,
3.297678695066402E-4,0.0,0.0,0.03761885178037318,0.0,0.0,0.03990946840299066,0.0,
3.297678695066402E-4,0.0,0.0,0.03761885178037318,0.0,0.0,0.03938753604356295,0.0,
3.297678695066402E-4,0.0,0.0,0.03761885178037318,0.0,0.0,0.03938753604356295,0.0,
3.297678695066402E-4,0.0,0.0,0.03761885178037318,0.0,0.0,0.03938753604356295,0.0,
3.297678695066402E-4,0.0,0.0,0.03761885178037318,0.0,0.0,0.03938753604356295,0.0,
3.297678695066402E-4,0.0,0.0,0.03761885178037318,0.0,0.0,0.03938753604356295,0.0,
3.297678695066402E-4,0.0,0.0,0.03761885178037318,0.0,0.0,0.03938753604356295,0.0,
3.297678695066402E-4,0.0,0.0,0.03717408321566799,0.0,0.0,0.03938753604356295,0.0,
3.297678695066402E-4,0.0,0.0,0.03717408321566799,0.0,0.0,0.03938753604356295,0.0,
3.297678695066402E-4,0.0,0.0,0.03717408321566799,0.0,0.0,0.03938753604356295,0.0,
3.297678695066402E-4,0.0,0.0,0.03717408321566799,0.0,0.0,0.03938753604356295,0.0,
3.297678695066402E-4,0.0,0.0,0.03717408321566799,0.0,0.0,0.03938753604356295,0.0,
3.297678695066402E-4,0.0,0.0,0.03717408321566799,0.0,0.0,0.03938753604356295,0.0,
3.297678695066402E-4,0.0,0.0,0.03717408321566799,0.0,0.0,0.03938753604356295,0.0,
3.297678695066402E-4,0.0,0.0,0.03740889591728971,0.0,0.0,0.03938753604356295,0.0,
3.297678695066402E-4,0.0,0.0,0.03762022734874926,0.0,0.0,0.03938753604356295,0.0,
3.297678695066402E-4,0.0,0.0,0.03762022734874926,0.0,0.0,0.03938753604356295,0.0,
3.297678695066402E-4,0.0,0.0,0.03762022734874926,0.0,0.0,0.03938753604356295,0.0,
3.297678695066402E-4,0.0,0.0,0.03762022734874926,0.0,0.0,0.03938753604356295,0.0,
3.297678695066402E-4,0.0,0.0,0.03762022734874926,0.0,0.0,0.03938753604356295,0.0,
3.297678695066402E-4,0.0,0.0,0.03762022734874926,0.0,0.0,0.03938753604356295,0.0,
3.297678695066402E-4,0.0,0.0,0.03762022734874926,0.0,0.0,0.03938753604356295,0.0,
3.297678695066402E-4,0.0,0.0,0.03762022734874926,0.0,0.0,0.03938753604356295,0.0,
3.297678695066402E-4,0.0,0.0,0.03762022734874926,0.0,0.0,0.03899723966909903,0.0,
3.297678695066402E-4,0.0,0.0,0.03762022734874926,0.0,0.0,0.03899723966909903,0.0,
3.297678695066402E-4,0.0,0.0,0.03762022734874926,0.0,0.0,0.03899723966909903,0.0,
3.297678695066402E-4,0.0,0.0,0.03762022734874926,0.0,0.0,0.03899723966909903,0.0,
3.297678695066402E-4,0.0,0.0,0.03762022734874926,0.0,0.0,0.03899723966909903,0.0,
3.297678695066402E-4,0.0,0.0,0.03762022734874926,0.0,0.0,0.03899723966909903,0.0,
3.297678695066402E-4,0.0,0.0,0.03762022734874926,0.0,0.0,0.03899723966909903,0.0,
3.297678695066402E-4,0.0,0.0,0.03762022734874926,0.0,0.0,0.03899723966909903,0.0,
3.297678695066402E-4,0.0,0.0,0.03762022734874926,0.0,0.0,0.03899723966909903,0.0,
3.297678695066402E-4,0.0,0.0,0.03762022734874926,0.0,0.0,0.03899723966909903,0.0,
3.297678695066402E-4,0.0,0.0,0.03762022734874926,0.0,0.0,0.03899723966909903,0.0,
3.297678695066402E-4,0.0,0.0,0.03762022734874926,0.0,0.0,0.03899723966909903,0.0,
3.297678695066402E-4,0.0,0.0,0.03762022734874926,0.0,0.0,0.03899723966909903,0.0,
3.297678695066402E-4,0.0,0.0,0.03762022734874926,0.0,0.0,0.03899723966909903,0.0,
3.297678695066402E-4,0.0,0.0,0.03762022734874926,0.0,0.0,0.03933698427986437,0.0,
3.297678695066402E-4,0.0,0.0,0.03762022734874926,0.0,0.0,0.03933698427986437,0.0,
3.297678695066402E-4,0.0,0.0,0.03762022734874926,0.0,0.0,0.03933698427986437,0.0,
3.297678695066402E-4,0.0,0.0,0.03784501865871116,0.0,0.0,0.03933698427986437,0.0,
3.297678695066402E-4,0.0,0.0,0.03784501865871116,0.0,0.0,0.03933698427986437,0.0,
3.297678695066402E-4,0.0,0.0,0.03784501865871116,0.0,0.0,0.03933698427986437,0.0,
3.297678695066402E-4,0.0,0.0,0.03784501865871116,0.0,0.0,0.03933698427986437,0.0,
3.297678695066402E-4,0.0,0.0,0.03784501865871116,0.0,0.0,0.03933698427986437,0.0,
3.297678695066402E-4,0.0,0.0,0.03748072444904867,0.0,0.0,0.03933698427986437,0.0,
3.297678695066402E-4,0.0,0.0,0.037729995735748124,0.0,0.0,0.03933698427986437,0.0,
3.297678695066402E-4,0.0,0.0,0.037729995735748124,0.0,0.0,0.03933698427986437,0.0,
3.297678695066402E-4,0.0,0.0,0.037729995735748124,0.0,0.0,0.03933698427986437,0.0,
3.297678695066402E-4,0.0,0.0,0.037729995735748124,0.0,0.0,0.03933698427986437,0.0,
3.297678695066402E-4,0.0,0.0,0.037817292126712365,0.0,0.0,0.03662760715024349,0.0,
3.297678695066402E-4,0.0,0.0,0.037817292126712365,0.0,0.0,0.03662760715024349,0.0,
3.297678695066402E-4,0.0,0.0,0.037817292126712365,0.0,0.0,0.03662760715024349,0.0,
3.297678695066402E-4,0.0,0.0,0.037817292126712365,0.0,0.0,0.03662760715024349,0.0,
3.297678695066402E-4,0.0,0.0,0.037817292126712365,0.0,0.0,0.03662760715024349,0.0,
3.297678695066402E-4,0.0,0.0,0.037817292126712365,0.0,0.0,0.03662760715024349,0.0,
3.297678695066402E-4,0.0,0.0,0.03797281588482582,0.0,0.0,0.03662760715024349,0.0,
3.297678695066402E-4,0.0,0.0,0.03797281588482582,0.0,0.0,0.03662760715024349,0.0,
3.297678695066402E-4,0.0,0.0,0.03797281588482582,0.0,0.0,0.03662760715024349,0.0,
3.297678695066402E-4,0.0,0.0,0.03797281588482582,0.0,0.0,0.03662760715024349,0.0,
3.297678695066402E-4,0.0,0.0,0.03797281588482582,0.0,0.0,0.03662760715024349,0.0,
3.297678695066402E-4,0.0,0.0,0.03797281588482582,0.0,0.0,0.03662760715024349,0.0,
3.297678695066402E-4,0.0,0.0,0.03797281588482582,0.0,0.0,0.03662760715024349,0.0,
3.297678695066402E-4,0.0,0.0,0.03742916961335889,0.0,0.0,0.03662760715024349,0.0,
3.297678695066402E-4,0.0,0.0,0.03742916961335889,0.0,0.0,0.03662760715024349,0.0,
3.297678695066402E-4,0.0,0.0,0.03742916961335889,0.0,0.0,0.03662760715024349,0.0,
3.297678695066402E-4,0.0,0.0,0.03742916961335889,0.0,0.0,0.03662760715024349,0.0,
3.297678695066402E-4,0.0,0.0,0.03647760681900392,0.0,0.0,0.03662760715024349,0.0,
3.297678695066402E-4,0.0,0.0,0.03647760681900392,0.0,0.0,0.03662760715024349,0.0,
3.297678695066402E-4,0.0,0.0,0.03647760681900392,0.0,0.0,0.03662760715024349,0.0,
3.297678695066402E-4,0.0,0.0,0.03647760681900392,0.0,0.0,0.03662760715024349,0.0,
3.297678695066402E-4,0.0,0.0,0.03647760681900392,0.0,0.0,0.03662760715024349,0.0,
3.297678695066402E-4,0.0,0.0,0.03647760681900392,0.0,0.0,0.03662760715024349,0.0,
3.297678695066402E-4,0.0,0.0,0.03647760681900392,0.0,0.0,0.03662760715024349,0.0,
3.297678695066402E-4,0.0,0.0,0.03647760681900392,0.0,0.0,0.03662760715024349,0.0,
3.297678695066402E-4,0.0,0.0,0.03647760681900392,0.0,0.0,0.03662760715024349,0.0,
3.297678695066402E-4,0.0,0.0,0.0368319457942485,0.0,0.0,0.03662760715024349,0.0,
3.297678695066402E-4,0.0,0.0,0.0368319457942485,0.0,0.0,0.03662760715024349,0.0,
3.297678695066402E-4,0.0,0.0,0.0368319457942485,0.0,0.0,0.036582714226257196,0.0,
3.297678695066402E-4,0.0,0.0,0.0368319457942485,0.0,0.0,0.036582714226257196,0.0,
3.297678695066402E-4,0.0,0.0,0.0368319457942485,0.0,0.0,0.036582714226257196,0.0,
3.297678695066402E-4,0.0,0.0,0.0368319457942485,0.0,0.0,0.036582714226257196,0.0,
3.297678695066402E-4,0.0,0.0,0.0368319457942485,0.0,0.0,0.036582714226257196,0.0,
3.297678695066402E-4,0.0,0.0,0.0368319457942485,0.0,0.0,0.036582714226257196,0.0,
3.297678695066402E-4,0.0,0.0,0.0368319457942485,0.0,0.0,0.036582714226257196,0.0,
3.297678695066402E-4,0.0,0.0,0.0368319457942485,0.0,0.0,0.036582714226257196,0.0,
3.297678695066402E-4,0.0,0.0,0.0368319457942485,0.0,0.0,0.036582714226257196,0.0,