
0.0
7.094468832133556E-58
3.362299798617095E-41
8.769472122086991E-17
3.6859039471694955E-17
2.175903581941479E-15
1.6407342228506918E-12
7.030269062295012E-12
3.375778788364166E-11
1.214033913905244E-10
2.510638923825588E-10
9.747702778777965E-10
3.6166829941551604E-8
3.030792760083199E-8
2.0030778174141278E-5
1.2523747641018031E-5
4.686466726975784E-5
3.0140393189886336E-5
5.626302703597426E-5
3.742799141202027E-5
4.579173529097519E-5
3.1928228143793736E-5
3.107161885295424E-5
2.456664499889804E-5
2.16636724933498E-5
1.588972628229684E-5
1.3131249766724164E-5
9.455443100572003E-6
7.469711361650153E-6
5.333743024752675E-6
4.076233148868599E-6
2.8927989119861014E-6
2.1567441725686384E-6
1.5227494793066101E-6
1.1825212733424358E-6
8.452899313103603E-7
6.623416861004221E-7
4.845780069131759E-7
3.7368492886496964E-7
2.8217118220491134E-7
2.1988578999147675E-7
1.7281069562742153E-7
1.3646637830332808E-7
1.0932961983020432E-7
8.71456485037418E-8
7.03704876620198E-8
5.632534355932801E-8
4.549288841888326E-8
3.639860244960402E-8
2.9320988339404042E-8
2.3389990690557487E-8
4.385461283016232E-8
3.626104802849721E-8
5.068406175620813E-8
4.0826956503445115E-8
4.46968641509262E-8
5.5673004087956046E-8
5.618812447514346E-8
5.405104599526247E-8
5.1621579266677774E-8
4.6516709956919487E-8
4.283111789076559E-8
3.781127924551039E-8
3.3803429880418416E-8
4.8724556950063016E-8
4.4128415040296097E-8
4.9886541888234236E-8
4.358946036436511E-8
3.965082234364483E-8
3.3124277520336394E-8
2.7882392194784514E-8
2.2614846603106214E-8
1.828991656799214E-8
2.0093863193335214E-8
1.686582488534402E-8
2.0714355762305793E-8
1.7755489850319736E-8
1.915433092812268E-8
1.731392267522601E-8
1.660570373047189E-8
1.4983564616704744E-8
1.3404867680706815E-8
1.161673586190096E-8
9.90807960286061E-9
8.268462146489567E-9
6.80364712160648E-9
5.507092657493363E-9
6.485234534512804E-9
5.289050140575951E-9
7.0336890059346425E-9
5.839231672906602E-9
6.440352739792664E-9
5.33137252366327E-9
1.7777129038641404E-8
1.5914171176358795E-8
1.5768141399005452E-8
1.2827383038837813E-8
1.0652224554144486E-8
8.294590533900174E-9
6.460467065611504E-9
4.931478547122286E-9
3.713497711984795E-9
2.7507522415551106E-9
2.029883352056174E-9
1.2840128690646726E-8
1.0949622359413011E-8
1.0729403421292227E-8
8.424360570170012E-9
6.789311453114983E-9
5.120992491502708E-9
3.8561644792416265E-9
2.832391053224177E-9
9.703081724535953E-9
8.164174449404203E-9
7.782536936683834E-9
7.0666138976967055E-9
5.77841102666361E-9
5.469216883564821E-9
4.8747100711419035E-9
4.305892840998278E-9
3.954004745985806E-9
3.331435388446858E-9
2.8678615845548685E-9
2.3253577504958874E-9
1.8965162074255028E-9
1.49123296310056E-9
1.1717388202747973E-9
1.4403323937152619E-9
1.1384711581320172E-9
1.384979549511651E-9
1.1082756649512855E-9
1.0889242592629752E-9
8.651491256890871E-10
1.102965887861643E-9
8.814292921759726E-10
1.0414495665722257E-9
8.365132262098167E-10
1.0133538395454315E-9
8.205053839604693E-10
8.941907055827654E-10
7.236185531777534E-10
6.769201768148355E-10
5.412371314724272E-10
6.263367223245189E-10
5.008706403770627E-10
5.583013341187253E-10
5.316810167521541E-10
4.99164302704896E-10
4.807468989229194E-10
4.1892802239368304E-10
3.719889874628132E-10
6.573990654903655E-8
5.5659766857501396E-8
6.919455275183242E-8
6.122411786875134E-8
6.52525559806189E-8
6.1170315808015E-8
6.173593881281168E-8
4.858747868626757E-8
4.702727171800947E-8
3.7212042950047324E-8
3.20099299956906E-8
2.5563658325888528E-8
2.0885720732347475E-8
1.6545226603378126E-8
3.2735710734493036E-8
2.6893702958816302E-8
2.4342289601738542E-8
1.9089145659761983E-8
1.5627545879904165E-8
1.2199874718255062E-8
9.613187669616581E-9
7.428365836069803E-9
9.936669156497867E-9
8.176784916388635E-9
9.00626198971945E-9
7.460597705307765E-9
6.5823686844049686E-9
5.2793399823979015E-9
4.271088378042432E-9
3.3334975190987258E-9
2.5876135233093866E-9
1.9761427693027867E-9
1.8866690751678117E-8
1.5445607526583732E-8
1.4510318665588765E-8
1.1210211888508515E-8
1.8116755116482324E-8
1.4689795352288994E-8
1.3084054354556741E-8
1.02634669011236E-8
8.24170803420812E-9
8.25819791893434E-9
6.700988408655587E-9
5.733207401974221E-9
4.536807321190554E-9
3.596150706492822E-9
2.7700905939454917E-9
2.1181021164293896E-9
1.599042122946799E-9
1.2030189931848332E-9
9.619183725031171E-9
7.782365465945215E-9
7.257876290120168E-9
6.8704712601113716E-9
5.717177278523502E-9
4.850209191252623E-9
8.167691697143742E-9
6.896076394532151E-9
6.140447038172649E-9
4.886972214721639E-9
3.90974038313885E-9
3.0228189200217125E-9
2.3197863161814515E-9
1.7541640633047916E-9
1.3170165139270915E-9
9.813741605193383E-10
7.279026718356932E-10
5.378403806187006E-10
3.963727585950556E-10
4.697439992359649E-9
3.7683163062282475E-9
3.895869481718531E-9
3.1218981596821896E-9
2.5627369837070165E-9
1.9992072082626895E-9
3.1772127009412137E-9
2.795029654360647E-9
2.4169196416927557E-9
2.7316407198237024E-9
2.3266334442771916E-9
1.976646604696379E-9
1.588003862212022E-9
1.2563667269336425E-9
9.72244813850583E-10
1.5659149382418467E-9
1.3281433468237492E-9
2.0537423871432136E-9
2.2326759286116965E-9
1.9326792181878118E-7
1.901954732242177E-7
2.604810218821957E-7
2.5206918258463257E-7
2.224238602305434E-7
1.967404986380509E-7
1.6975739859395381E-7
1.5001655068138956E-7
1.3881886538605153E-7
1.246788385701717E-7
1.084518487030814E-7
9.241665484501563E-8
7.690253032376397E-8
6.273661039956977E-8
5.0178220731373826E-8
3.9451010025169356E-8
7.005004093543863E-8
6.699883454317791E-8
6.086756882551418E-8
5.014138501763707E-8
4.051317994360568E-8
3.157433119084947E-8
2.4436553392747997E-8
1.8518303236684853E-8
1.4287581135553312E-8
1.0862045023661155E-8
8.511537071304688E-9
6.572264291198257E-9
2.774592273760306E-8
2.5856615230331417E-8
3.6246880077992625E-8
3.486615704269891E-8
3.391975832731736E-8
3.032979362212582E-8
3.827157113042025E-8
3.553494444634543E-8
3.225909903394902E-8
2.7494019943230738E-8
2.306043830873536E-8
2.9467998769489307E-8
2.6140951267749546E-8
2.3059713263364504E-8
1.8861872621314942E-8
1.521828877353262E-8
1.1927592661554018E-8
9.23614808115733E-9
7.045196388395151E-9
5.335618252292681E-9
4.00419855883607E-9
2.990724446658959E-9
2.2240400276026226E-9
1.4024305413536976E-8
2.4388191186391387E-7
2.591860198616175E-7
2.449717114454127E-7
2.2347660518468186E-7
1.9329659116200745E-7
1.6277929101482583E-7
1.336802881566307E-7
1.0798232156380373E-7
8.592208125873934E-8
6.749068486856532E-8
5.2456833295560124E-8
4.038209515101686E-8
2.535368647013942E-7
2.4053339018673975E-7
2.4314069203589515E-7
2.1654126661202587E-7
1.925442348282232E-7
1.6156576799372797E-7
1.3545120423793297E-7
1.7040157975204413E-7
1.4748432721260632E-7
1.3413592400293658E-7
2.4706588691764374E-7
2.2406755346679148E-7
2.0982972227526892E-7
1.8291588968504196E-7
1.6051983897537147E-7
1.3500030094435296E-7
1.1323260908174411E-7
9.224484100567313E-8
1.1850490853972547E-7
9.734671339049148E-8
9.230604876424321E-8
7.608087635758881E-8
6.450426493589291E-8
5.201742168211459E-8
4.179406300615493E-8
3.274270584179704E-8
2.5399941140409816E-8
1.9391919535379086E-8
4.7837148108849776E-8
4.470074146465935E-8
4.1252577993389646E-8
3.3561738953552464E-8
2.7092639436642487E-8
2.097956085266936E-8
1.606387121442568E-8
1.2053020535688761E-8
8.960010359026056E-9
6.582483465095015E-9
1.744532554940686E-8
1.3949113697664832E-8
1.9188781351426893E-8
3.1913644344457895E-8
3.1589757849396406E-8
2.8149825776805013E-8
2.8721891471084556E-8
2.4153102328669368E-8
4.477908942073078E-7
4.3390870891815383E-7
5.042064606144876E-7
4.65107894452541E-7
4.318520403034168E-7
3.923339280207468E-7
3.471526782594518E-7
3.0535783831620684E-7
2.618555718574078E-7
2.262234014159492E-7
1.9013298502450027E-7
1.6796127711675137E-7
1.395594993875445E-7
2.136799847799334E-7
1.879381936958007E-7
4.18988755366024E-7
3.7503205887241275E-7
3.9957080033628305E-7
3.480526966515733E-7
3.479511204341671E-7
3.009792814559839E-7
2.635643397688159E-7
2.186705526019526E-7
1.8155143895275199E-7
1.4908172962588231E-7
1.3084032195889053E-7
1.1150939955083789E-7
9.670240614911313E-8
8.196012671383733E-8
6.913229875201005E-8
7.238966606899966E-8
6.459538849906448E-8
5.807488549939702E-8
4.8970943149671066E-8
4.0823284929715935E-8
3.295208612318732E-8
2.623208778868764E-8
2.0467695690165907E-8
4.493140923829276E-8
4.1655131981069595E-8
4.6532705169931617E-8
4.2024482244130064E-8
3.771258307360339E-8
3.3332410280570256E-8
2.8760513412252182E-8
2.547901753277849E-8
2.165003319102414E-8
1.8965583816909404E-8
1.5868725876038336E-8
1.3512489593933013E-8
1.1090938280318996E-8
1.7824086684472448E-8
1.5076268271583275E-8
1.5786817023367924E-8
1.3256475519580921E-8
1.179913394095966E-8
9.69241907109568E-9
1.1482849985138252E-8
1.0118625803231835E-8
9.187115090851584E-9
8.323354594105663E-9
7.002073463136785E-9
5.9740441319661866E-9
4.8607401499949306E-9
3.953486502824472E-9
3.122661427390104E-9
2.4436555982684157E-9
2.4995189925878564E-9
1.9560845003632774E-9
1.7640564826567143E-9
1.3978886720236331E-9
1.1534576399512533E-9
8.979782763798776E-10
4.772109222076874E-9
1.513988592856359E-7
1.6371070606780617E-7
1.703611246742125E-7
1.5921237482782832E-7
1.5194544536142568E-7
1.347673727610548E-7
1.2132955120380425E-7
1.0495433595583467E-7
9.15304024823286E-8
7.831273205444596E-8
6.674985584027999E-8
5.536179145927701E-8
4.527623067951777E-8
3.616306856126426E-8
2.8825642566940375E-8
2.2473807420686753E-8
1.8308279255490724E-8
1.4230779824998683E-8
1.1209816665785985E-8
8.559228630688388E-9
6.516991252608278E-9
4.867815043391705E-9
3.610571072045425E-9
2.9166908806909072E-8
2.556711342907555E-8
3.1363460701869826E-8
2.7801118543406202E-8
3.007916629740937E-8
2.7334995534825637E-8
2.763943716533366E-8
2.563468827003084E-8
2.278647363280069E-8
1.980948242282265E-8
1.673090813582972E-8
1.3987687643286923E-8
1.1468955786182753E-8
9.32586424243943E-9
7.469446287530327E-9
5.937698270588425E-9
4.7634637517708555E-9
3.725926991470838E-9
3.0700965819994465E-9
1.3623568089458822E-8
1.2275992089734385E-8
1.3971559383743531E-8
1.1405515729053745E-8
1.026728599733569E-8
8.057085266276789E-9
6.633653813790535E-9
5.105771984367316E-9
4.012573036082649E-9
3.0386779733324116E-9
2.317286640372304E-9
1.7283189278513498E-9
1.3727972441722984E-9
1.018691566215371E-9
8.562088629882175E-10
6.85486303917503E-10
5.636265943086868E-10
4.7733806627961E-10
3.844146654159675E-10
3.163978362511366E-10
2.486186313408316E-10
1.9680339268286037E-10
1.5098735772495286E-10
1.1580268102151155E-10
8.705668163417261E-11
6.525526717304866E-11
4.8302587922673966E-11
3.564895248996985E-11
2.6117051465526818E-11
2.0469195068744882E-11
1.4875987396537634E-11
1.0944912114810994E-11
8.529207823751414E-12
1.0670051509591244E-8
9.00214965890657E-9
1.0366871542073984E-8
1.2500854686989286E-7
1.1478525757334314E-7
1.2389048449569444E-7
1.0840062781233139E-7
9.770316493053511E-8
8.18767510320383E-8
7.027677320872087E-8
5.8624911457677066E-8
4.962634800901857E-8
4.147230265207262E-8
3.437071082413565E-8
2.8085776304567173E-8
2.2613920459067827E-8
2.020208217482098E-8
1.6061151118637383E-8
2.3885522740089915E-8
2.0009693067501693E-8
2.148064574263555E-8
1.8800214656589936E-8
1.8275248718063118E-8
1.5380336929848577E-8
1.342880568895303E-8
1.1020934603555517E-8
9.12059411739332E-9
7.30575163868604E-9
5.829063138130122E-9
5.930134570953133E-9
4.6665515093548675E-9
8.721172965445203E-9
8.39202946595276E-9
8.964749513812112E-9
8.726798248039033E-9
8.18502667536503E-9
7.257599416490845E-9
6.2598626044104984E-9
5.2393349910549895E-9
4.296779314978431E-9
3.879699947534368E-9
3.1130580947169325E-9
4.042651192837285E-9
1.8514726095497753E-8
1.9691347233227586E-8
2.558971117388387E-8
2.3717494590874873E-8
2.1842476464561928E-8
1.8463498421616027E-8
1.532641428298507E-8
1.2266455548101423E-8
9.642905100123995E-9
7.418241634159939E-9
5.622058381268669E-9
4.429882257795438E-9
3.3535671348525875E-9
3.144313452215882E-9
2.7655332254240255E-9
2.5393996769899484E-9
2.298520869790939E-9
1.998419319509763E-9
1.7197514675966577E-9
1.4344008247852513E-9
9.278150591333015E-9
8.529119427871449E-9
9.671993773499526E-9
8.276102300335928E-9
7.222501482974794E-9
5.845541525842601E-9
8.390473827928322E-9
7.65287714051558E-9
6.9356910772605436E-9
5.7106917179766935E-9
6.9604181632834445E-9
6.033871117111913E-9
5.368005005312532E-9
4.43167357155912E-9
3.5491850467408367E-9
2.7954540563788554E-9
2.203108844775339E-9
1.7069184848626765E-9
1.3149638043293526E-9
9.976213067895718E-10
7.499840315934772E-10
5.577638567100226E-10
4.108542109431723E-10
1.8997082829919657E-9
1.6008326174939788E-9
2.4750601118713255E-9
2.2425196626960293E-9
2.236447578425279E-9
1.922511477253363E-9
1.67581086422839E-9
1.3780967402394185E-9
1.132906131398844E-9
1.720445177215562E-9
1.4403199518859125E-9
1.6160923138390322E-9
1.3358861499677665E-9
2.496393594692821E-9
2.1567517227664115E-9
2.225122837913038E-9
1.844458766747802E-9
1.5775929149343355E-9
1.2592388949188168E-9
1.001288238830756E-9
7.721187884906057E-10
5.895112508370183E-10
4.422478975836759E-10
1.0423732191518932E-9
8.468014353703206E-10
8.944878362303873E-10
7.335818640815509E-10
6.367777387733335E-10
5.03349206722716E-10
4.0083991681849957E-10
3.0734813653424E-10
2.345069021175357E-10
1.7559375531710386E-10
1.3054965507884517E-10
9.601482738503734E-11
7.019142973474213E-11
5.097988858937921E-11
3.687620563412416E-11
2.6581270841419412E-11
2.0248853995542856E-11
1.4673365752121695E-11
1.0453413236235974E-11
7.455234113363454E-12
9.84675846064749E-10
9.92681712319736E-10
9.726430323985973E-10
8.001092456034669E-10
6.434655518064993E-10
9.739763388279368E-10
7.868353502802683E-10
8.242724594981627E-10
7.239998755914345E-10
6.437247646846116E-10
5.37899422949811E-10
4.4539687831894234E-10
3.5587914994647465E-10
2.816244826062266E-10
7.88566587433677E-10
7.353923102196014E-10
6.943909343196465E-10
5.674141164670502E-10
4.558105767890735E-10
3.502549069359925E-10
2.6510650567528086E-10
1.9673524536537506E-10
1.4446356987400405E-10
1.050186658152527E-10
7.581111999541616E-11
3.151331996031386E-10
2.5219700765095723E-10
2.897952363662157E-10
2.3793733606822045E-10
2.1172168085532174E-10
1.7083766485459045E-10
1.3881230606155804E-10
1.0861914588265076E-10
8.4306678807935E-11
6.420382469097477E-11
4.844704819954121E-11
3.614788633477989E-11
2.678158368875671E-11
2.087143961062345E-11
1.5309369708725245E-11
1.1734014950660574E-11
8.448617573046002E-12
4.833377037119937E-10
4.43723821497129E-10
6.065983925116137E-10
5.199182000595033E-10
4.6433415197084535E-10
3.720897038284977E-10
2.960577173073408E-10
2.2657830679926652E-10
1.711210372285141E-10
1.2678136585838236E-10
9.293268187326115E-11
6.738248572146266E-11
4.8511913047312374E-11
3.470923481314076E-11
2.473227053111606E-11
1.7566874954639227E-11
1.2786160318622174E-11
9.054749099780925E-12
6.39130781809617E-12
4.51262424161289E-12
2.37923344850292E-10
2.0758551785206603E-10
2.0688302505495185E-10
1.6359627713188206E-10
1.30997827330997E-10
9.848572870204211E-11
7.354977351134209E-11
5.3691910611244404E-11
1.9191532916535085E-10
1.6142063065123228E-10
1.552571698376026E-10
1.2192715931554516E-10
9.691922475427592E-11
7.276365754566044E-11
5.4296015800427824E-11
1.427399272908981E-10
1.183588661915126E-10
1.1225915521300855E-10
1.9429164580017732E-10
1.7884606685906788E-10
1.576298343723041E-10
1.2941373382053463E-10
1.0446690255485548E-10
8.184084560179973E-11
6.306951665610258E-11
1.180221308464062E-10
9.744584554884118E-11
9.007777807283086E-11
7.064948269060739E-11
9.612514168243025E-11
7.826723117607079E-11
7.020542770376811E-11
5.489856743514211E-11
4.342050167738368E-11
3.274901264039202E-11
5.685820046624909E-11
4.6125739515730726E-11
5.5509210606219417E-11
4.5363688884509265E-11
4.0248463667435895E-11
3.1705728156414983E-11
2.526644119691728E-11
1.9243950992649566E-11
1.4522052802364599E-11
1.0733503368179652E-11
2.4876491956603252E-11
2.010186201773041E-11
2.0725221000233342E-11
1.6642440216132113E-11
8.402757769698959E-11
7.62060125683572E-11
7.804743156964176E-11
6.546884329036293E-11
5.538406911800554E-11
4.4678826351067254E-11
3.548354080080108E-11
2.7502274714461418E-11
2.1002361218413148E-11
1.579264775213325E-11
1.174347818411471E-11
4.994439529826685E-11
4.848825492143388E-11
4.254209557673099E-11
3.45283520012149E-11
2.74524151961679E-11
2.121364005151841E-11
1.614050016891627E-11
1.2075762354099295E-11
3.693596885697705E-11
3.2215563644792603E-11
3.058334680601755E-11
2.5346106248843606E-11
2.0770508071460937E-11
1.6424220437928328E-11
1.278335285916175E-11
9.750794598358593E-12
7.344362515130483E-12
5.463082936109328E-12
4.030158508943354E-12
2.952504123550493E-12
2.1543868133100855E-12
1.5686463830196262E-12
1.1427528211460364E-12
8.349643640826263E-13
6.137960637262843E-13
4.555019055990181E-13
3.426085261045177E-13
2.622953525326932E-13
2.052710425246716E-13
1.648231457152092E-13
1.3613667250517472E-13
1.157712087843545E-13
1.012819489907502E-13
9.093850298522312E-14
8.35206000776687E-14
7.8169251110694E-14
7.428028517295752E-14
7.142833324917556E-14
6.931353539985765E-14
6.772394949682205E-14
7.640941889185219E-14
7.283533055986682E-14
1.786865486356115E-13
2.2013726874985005E-13
1.9051905985149215E-13
2.1569475449066202E-13
1.9257249629667926E-13
1.2608676597844162E-13
1.0699783615236549E-13
7.128666273555515E-14
5.4950315499878255E-14
4.076303656662418E-14
3.154454571421197E-14
2.6078106070163464E-14
2.2087956013639404E-14
1.9221055721460644E-14
1.6726199391802847E-14
1.4906012087380278E-14
1.3009565614182199E-14
1.5964808360548225E-14
1.3996598756767004E-14
1.1770607803955291E-14
9.772026522501439E-15
8.714456145198264E-15
7.493163383536534E-15
6.469624532089546E-15
5.569772035702637E-15
4.82149042617333E-15
4.200443743630824E-15
3.70037371298836E-15
3.310016388658096E-15
6.400061081989698E-15
6.744931335047677E-15
5.867782657480109E-15
4.5538062576438125E-15
4.441825552222608E-15
3.679561184693424E-15
3.212528845999505E-15
2.7021837600625616E-15
2.3090364093007596E-15
4.112653813548883E-15
3.511854208797604E-15
3.3908838459030344E-15
2.659330142861767E-15
5.022558053466697E-15
4.579986341897321E-15
4.748925636101797E-15
4.0401717167844026E-15
3.2731157397260343E-15
2.643715274026786E-15
2.8042577632265345E-15
2.373386276239616E-15
2.051942373692168E-15
2.0446295155313668E-15
1.6295664406954606E-15
1.2686194271495414E-15
9.7314108038395E-16
1.5619995001476904E-15
1.3219611803908353E-15
1.1758065346722404E-15
9.374893184433174E-16
7.61028025252175E-16
6.057505532094616E-16
4.855797591036276E-16
3.926477498895852E-16
3.24376193749435E-16
4.896335157907139E-16
3.8718104628144545E-16
3.0220169121507954E-16
2.3027516292664487E-16
8.687052261538663E-16
7.446821254169212E-16
6.799185205693083E-16
5.366209805550447E-16
4.2894768759685237E-16
3.3353141443746764E-16
2.6089202017968596E-16
2.0461579352640187E-16
1.631431018443529E-16
1.3225407082959247E-16
1.140772830931522E-16
9.80521375657744E-17
8.820560548500778E-17
8.16214525327194E-17
7.725832695374576E-17
7.278808926670065E-17
2.037807730601823E-16
1.6041635432438806E-16
1.6836789937637942E-16
1.3393999872534315E-16
7.86615425525878E-13
6.668358424237E-13
7.881225659815882E-13
6.853451260926601E-13
6.229510200524814E-13
5.546450679266193E-13
4.664388317078397E-13
3.982558942947865E-13
3.2758880157302513E-13
2.7092631982064513E-13
2.2136898223559806E-13
1.9316486465351198E-13
1.5538647001079018E-13
1.3185745679791247E-13
2.78516816699061E-13
2.447560747774169E-13
2.6025490695660877E-13
2.1222656411750696E-13
1.8871339382170678E-13
1.481622936933437E-13
1.213791310788912E-13
9.338115876238651E-14
7.39066756828552E-14
5.681051218374851E-14
4.4142344346134447E-14
3.3555391329529056E-14
2.552800401312824E-14
1.9212678485652417E-14
1.4395491518633394E-14
4.740633492055944E-13
4.304808657731222E-13
5.315541950891133E-13
4.720710845838997E-13
4.222917422760687E-13
3.8195380705353324E-13
3.2648517561042915E-13
2.813336072940222E-13
2.334024812196302E-13
2.7262491228987756E-13
2.307752842974101E-13
2.437681147242739E-13
2.0379078715339452E-13
1.8459753782200023E-13
1.499542690253915E-13
1.258486048506432E-13
9.97107397243492E-14
7.96696599800063E-14
1.7292440640275902E-13
1.4354399538956585E-13
1.9107311889372765E-13
1.5589461604324551E-13
1.470103768405872E-13
1.1640092633034237E-13
9.779659432996034E-14
1.1255312304937012E-13
9.28549230847619E-14
1.0636281649683222E-13
9.475657014591535E-14
9.870992973086847E-14
9.214603256116604E-14
8.334420213631072E-14
7.817651864336909E-14
6.579440238759894E-14
5.771269644267555E-14
4.729929601977119E-14
3.962496610275087E-14
1.0040960572931412E-13
8.608106156923944E-14
8.573647089574497E-14
6.850116929892586E-14
5.737659073117343E-14
4.43677349540293E-14
3.492943430074523E-14
2.647136680621293E-14
2.0227622792545635E-14
3.963085909250273E-14
3.169712189130782E-14
4.154456256462438E-14
3.29021039331841E-14
3.457879337791607E-14
2.9594920546073204E-14
3.0799118931442364E-14
2.8917962190049396E-14
2.942168419603904E-14
2.7016353679392304E-14
2.6552045815836593E-14
2.363980566691471E-14
2.1534811823672333E-14
1.8675483585288616E-14
5.5319447334345685E-14
4.928063567627901E-14
5.035448986705822E-14
4.152231783692868E-14
3.543397257207811E-14
2.8171786596586572E-14
2.7156772015071458E-14
2.175968915665334E-14
1.9759165059008917E-14
1.5954588640592E-14
1.3951495722768172E-14
1.1262257964464907E-14
4.545121981986949E-14
3.878025791422472E-14
3.95691663240897E-14
3.1257852559267204E-14
2.596658569854174E-14
4.393073408636702E-14
3.608535458403749E-14
3.3959262825284685E-14
2.658138434332876E-14
2.9756634062666483E-13
2.5337405705505295E-13
2.64398035736067E-13
2.268299252440806E-13
1.923784340359358E-13
1.5523033159361718E-13
1.2453103178533284E-13
6.812647820077057E-13
5.99258409936963E-13
6.577853810839585E-13
5.725374761757692E-13