
0.0,0.0,0.0,0.0,0.0,0.0,0.0,
0.0,0.0,0.0,0.0,0.0,0.0,0.0,
0.0,4.4705622262330205E-6,0.0,0.0,0.0,0.0,0.0,
0.0,4.4705622262330205E-6,0.0,1.4391773486699852E-5,0.0,0.0,0.0,
0.0,4.4705622262330205E-6,0.0,2.569680738038093E-4,0.0,0.0,0.0,
0.0,4.4705622262330205E-6,0.0,0.0033016650507769283,0.0,0.0,0.0,
0.0,4.4705622262330205E-6,0.0,0.0033016650507769283,0.0,0.0,0.0,
0.0,3.479049891851255E-5,0.0,0.0033016650507769283,0.0,0.0,0.0,
0.0,3.479049891851255E-5,0.0,0.0033016650507769283,0.0,0.0,0.0,
0.0,3.479049891851255E-5,0.0,0.0033016650507769283,0.0,0.0,0.0,
0.0,3.479049891851255E-5,0.0,0.0033016650507769283,0.0,0.0,0.0,
0.0,3.479049891851255E-5,0.0,0.0033016650507769283,0.0,0.0,0.0,
0.0,3.479049891851255E-5,0.0,0.0033016650507769283,0.0,0.0,0.0,
0.0,3.479049891851255E-5,0.0,0.0033016650507769283,0.0,0.0,0.0,
0.0,3.479049891851255E-5,0.0,0.0033016650507769283,0.0,0.0,0.0,
0.0,3.479049891851255E-5,0.0,0.08588668604041316,0.0,0.0,0.0,
0.0,3.479049891851255E-5,0.0,0.08588668604041316,0.0,0.0,0.0,
0.0,3.479049891851255E-5,0.0,0.08588668604041316,0.0,0.0,0.0,
0.0,3.479049891851255E-5,0.0,0.08588668604041316,0.0,0.0,0.0,
0.0,3.479049891851255E-5,0.0,0.08588668604041316,0.0,0.0,0.0,
0.0,3.479049891851255E-5,0.0,0.08588668604041316,0.0,0.0,0.0,
0.0,3.479049891851255E-5,0.0,0.08588668604041316,0.0,0.0,0.0,
0.0,3.479049891851255E-5,0.0,0.08588668604041316,0.0,0.0,0.0,
0.0,3.479049891851255E-5,0.0,0.08588668604041316,0.0,0.0,0.0,
0.0,3.479049891851255E-5,0.0,0.08588668604041316,0.0,0.0,0.0,
0.0,3.479049891851255E-5,0.0,0.08588668604041316,0.0,0.0,0.0,
0.0,3.479049891851255E-5,0.0,0.08588668604041316,0.0,0.0,0.0,
0.0,3.479049891851255E-5,0.0,0.24163435729309377,0.0,0.0,0.0,
0.0,3.479049891851255E-5,0.0,0.24163435729309377,0.0,0.0,0.0,
0.0,3.479049891851255E-5,0.0,0.24163435729309377,0.0,0.0,0.0,
0.0,3.479049891851255E-5,0.0,0.24163435729309377,0.0,0.0,0.0,
0.0,3.479049891851255E-5,0.0,0.24163435729309377,0.0,0.0,0.0,
0.0,3.479049891851255E-5,0.0,0.24163435729309377,0.0,0.0,0.0,
0.0,3.479049891851255E-5,0.0,0.24163435729309377,0.0,0.0,0.0,
0.0,3.479049891851255E-5,0.0,0.24163435729309377,0.0,0.0,0.0,
0.0,3.479049891851255E-5,0.0,0.24163435729309377,0.0,0.0,0.0,
0.0,3.479049891851255E-5,0.0,0.24163435729309377,0.0,0.0,0.0,
0.0,3.479049891851255E-5,0.0,0.24163435729309377,0.0,0.0,0.0,
0.0,3.479049891851255E-5,0.0,0.24163435729309377,0.0,0.0,0.0,
0.0,3.479049891851255E-5,0.0,0.2552302037334438,0.0,0.0,0.0,
0.0,3.479049891851255E-5,0.0,0.2552302037334438,0.0,0.0,0.0,
0.0,3.479049891851255E-5,0.0,0.4333384200548641,0.0,0.0,0.0,
0.0,3.479049891851255E-5,0.0,0.4333384200548641,0.0,0.0,0.0,
0.0,3.479049891851255E-5,0.0,0.4333384200548641,0.0,0.0,0.0,
0.0,3.479049891851255E-5,0.0,0.5407999703893442,0.0,0.0,0.0,
0.0,3.479049891851255E-5,0.0,0.5407999703893442,0.0,0.0,0.0,
0.0,3.479049891851255E-5,0.0,0.5407999703893442,0.0,0.0,0.0,
0.0,3.479049891851255E-5,0.0,0.5407999703893442,0.0,0.0,0.0,
0.0,3.479049891851255E-5,0.0,0.5407999703893442,0.0,0.0,0.0,
0.0,3.479049891851255E-5,0.0,0.5407999703893442,0.0,0.0,0.0,
0.0,3.479049891851255E-5,0.0,0.5407999703893442,0.0,0.0,0.0,
0.0,3.479049891851255E-5,0.0,0.7260166474405212,0.0,0.0,0.0,
0.0,3.479049891851255E-5,0.0,0.7260166474405212,0.0,0.0,0.0,
0.0,3.479049891851255E-5,0.0,0.8816956929546937,0.0,0.0,0.0,
0.0,3.479049891851255E-5,0.0,0.8816956929546937,0.0,0.0,0.0,
0.0,3.479049891851255E-5,0.0,0.8816956929546937,0.0,0.0,0.0,
0.0,3.479049891851255E-5,0.0,0.8816956929546937,0.0,0.0,0.0,
0.0,3.479049891851255E-5,0.0,0.8816956929546937,0.0,0.0,0.0,
0.0,3.479049891851255E-5,0.0,0.8816956929546937,0.0,0.0,0.0,
0.0,3.479049891851255E-5,0.0,0.8816956929546937,0.0,0.0,0.0,
0.0,3.479049891851255E-5,0.0,0.8816956929546937,0.0,0.0,0.0,
0.0,3.479049891851255E-5,0.0,0.8816956929546937,0.0,0.0,0.0,
0.0,3.479049891851255E-5,0.0,0.8816956929546937,0.0,0.0,0.0,
0.0,3.479049891851255E-5,0.0,0.8816956929546937,0.0,0.0,0.0,
0.0,3.479049891851255E-5,0.0,0.8816956929546937,0.0,0.0,0.0,
0.0,3.479049891851255E-5,0.0,0.8816956929546937,0.0,0.0,0.0,
0.0,3.479049891851255E-5,0.0,0.8816956929546937,0.0,0.0,0.0,
0.0,3.479049891851255E-5,0.0,1.2519190055243097,0.0,0.0,0.0,
0.0,3.479049891851255E-5,0.0,1.2519190055243097,0.0,0.0,0.0,
0.0,3.479049891851255E-5,0.0,1.2519190055243097,0.0,0.0,0.0,
0.0,3.479049891851255E-5,0.0,1.2519190055243097,0.0,0.0,0.0,
0.0,3.479049891851255E-5,0.0,1.2519190055243097,0.0,0.0,0.0,
0.0,3.479049891851255E-5,0.0,1.2519190055243097,0.0,0.0,0.0,
0.0,3.479049891851255E-5,0.0,1.2519190055243097,0.0,0.0,0.0,
0.0,3.479049891851255E-5,0.0,1.2519190055243097,0.0,0.0,0.0,
0.0,3.479049891851255E-5,0.0,1.2519190055243097,0.0,0.0,0.0,
0.0,3.479049891851255E-5,0.0,1.2519190055243097,0.0,0.0,0.0,
0.0,3.479049891851255E-5,0.0,1.2519190055243097,0.0,0.0,0.0,
0.0,3.479049891851255E-5,0.0,1.2519190055243097,0.0,0.0,0.0,
0.0,3.479049891851255E-5,0.0,1.2519190055243097,0.0,0.0,0.0,
0.0,3.479049891851255E-5,0.0,1.2519190055243097,0.0,0.0,0.0,
0.0,3.479049891851255E-5,0.0,1.3740701668757465,0.0,0.0,0.0,
0.0,3.479049891851255E-5,0.0,1.3740701668757465,0.0,0.0,0.0,
0.0,3.479049891851255E-5,0.0,1.3740701668757465,0.0,0.0,0.0,
0.0,3.479049891851255E-5,0.0,1.5003304200173864,0.0,0.0,0.0,
0.0,3.479049891851255E-5,0.0,1.5003304200173864,0.0,0.0,0.0,
0.0,3.479049891851255E-5,0.0,1.5003304200173864,0.0,0.0,0.0,
0.0,3.479049891851255E-5,0.0,1.5003304200173864,0.0,0.0,0.0,
0.0,3.479049891851255E-5,0.0,1.5003304200173864,0.0,0.0,0.0,
0.0,3.479049891851255E-5,0.0,1.5003304200173864,0.0,0.0,0.0,
0.0,3.479049891851255E-5,0.0,1.5003304200173864,0.0,0.0,0.0,
0.0,3.479049891851255E-5,0.0,1.5003304200173864,0.0,0.0,0.0,
0.0,3.479049891851255E-5,0.0,1.5003304200173864,0.0,0.0,0.0,
0.0,3.479049891851255E-5,0.0,1.5003304200173864,0.0,0.0,0.0,
0.0,3.479049891851255E-5,0.0,1.5003304200173864,0.0,0.0,0.0,
0.0,3.479049891851255E-5,0.0,1.5003304200173864,0.0,0.0,0.0,
0.0,3.479049891851255E-5,0.0,1.461609479402905,0.0,0.0,0.0,
0.0,3.479049891851255E-5,0.0,1.461609479402905,0.0,0.0,0.0,
0.0,3.479049891851255E-5,0.0,1.461609479402905,0.0,0.0,0.0,
0.0,3.479049891851255E-5,0.0,1.461609479402905,0.0,0.0,0.0,
0.0,3.479049891851255E-5,0.0,1.6691995835472204,0.0,0.0,0.0,
0.0,3.479049891851255E-5,0.0,1.6691995835472204,0.0,0.0,0.0,
0.0,3.479049891851255E-5,0.0,1.6691995835472204,0.0,0.0,0.0,
0.0,3.479049891851255E-5,0.0,1.7643677289253301,0.0,0.0,0.0,
0.0,3.479049891851255E-5,0.0,1.7643677289253301,0.0,0.0,0.0,
0.0,3.479049891851255E-5,0.0,1.7643677289253301,0.0,0.0,0.0,
0.0,3.479049891851255E-5,0.0,1.7643677289253301,0.0,0.0,0.0,
0.0,3.479049891851255E-5,0.0,1.859153430056213,0.0,0.0,0.0,
0.0,3.479049891851255E-5,0.0,1.859153430056213,0.0,0.0,0.0,
0.0,3.479049891851255E-5,0.0,1.859153430056213,0.0,0.0,0.0,
0.0,3.479049891851255E-5,0.0,1.859153430056213,0.0,0.0,0.0,
0.0,3.479049891851255E-5,0.0,1.859153430056213,0.0,0.0,0.0,
0.0,3.479049891851255E-5,0.0,1.859153430056213,0.0,0.0,0.0,
0.0,3.479049891851255E-5,0.0,1.9296966122557657,0.0,0.0,0.0,
0.0,3.479049891851255E-5,0.0,1.9296966122557657,0.0,0.0,0.0,
0.0,3.479049891851255E-5,0.0,1.9296966122557657,0.0,0.0,0.0,
0.0,3.479049891851255E-5,0.0,1.9296966122557657,0.0,0.0,0.0,
0.0,3.479049891851255E-5,0.0,1.8448607145743365,0.0,0.0,0.0,
0.0,3.479049891851255E-5,0.0,1.8448607145743365,0.0,0.0,0.0,
0.0,3.479049891851255E-5,0.0,1.8448607145743365,0.0,0.0,0.0,
0.0,3.479049891851255E-5,0.0,1.8448607145743365,0.0,0.0,0.0,
0.0,3.479049891851255E-5,0.0,1.8448607145743365,0.0,0.0,0.0,
0.0,3.479049891851255E-5,0.0,1.9941024608137927,0.0,0.0,0.0,
0.0,3.479049891851255E-5,0.0,1.9941024608137927,0.0,0.0,0.0,
0.0,3.479049891851255E-5,0.0,1.9941024608137927,0.0,0.0,0.0,
0.0,3.479049891851255E-5,0.0,2.063744670683673,0.0,0.0,0.0,
0.0,3.479049891851255E-5,0.0,2.063744670683673,0.0,0.0,0.0,
0.0,3.479049891851255E-5,0.0,2.1214261522254914,0.0,0.0,0.0,
0.0,3.479049891851255E-5,0.0,2.1214261522254914,0.0,0.0,0.0,
0.0,3.479049891851255E-5,0.0,2.1214261522254914,0.0,0.0,0.0,
0.0,3.479049891851255E-5,0.0,2.169496262800047,0.0,0.0,0.0,
0.0,3.479049891851255E-5,0.0,2.204035991592885,0.0,0.0,0.0,
0.0,3.479049891851255E-5,0.0,2.204035991592885,0.0,0.0,0.0,
0.0,3.479049891851255E-5,0.0,2.204035991592885,0.0,0.0,0.0,
0.0,3.479049891851255E-5,0.0,2.204035991592885,0.0,0.0,0.0,
0.0,3.479049891851255E-5,0.0,2.204035991592885,0.0,0.0,0.0,
0.0,3.479049891851255E-5,0.0,2.204035991592885,0.0,0.0,0.0,
0.0,3.479049891851255E-5,0.0,2.204035991592885,0.0,0.0,0.0,
0.0,3.479049891851255E-5,0.0,2.204035991592885,0.0,0.0,0.0,
0.0,3.479049891851255E-5,0.0,2.204035991592885,0.0,0.0,0.0,
0.0,3.479049891851255E-5,0.0,2.204035991592885,0.0,0.0,0.0,
0.0,3.479049891851255E-5,0.0,2.2663013364022198,0.0,0.0,0.0,
0.0,3.479049891851255E-5,0.0,2.3283044746150434,0.0,0.0,0.0,
0.0,3.479049891851255E-5,0.0,2.3283044746150434,0.0,0.0,0.0,
0.0,3.479049891851255E-5,0.0,2.3283044746150434,0.0,0.0,0.0,
0.0,3.479049891851255E-5,0.0,2.3283044746150434,0.0,0.0,0.0,
0.0,3.479049891851255E-5,0.0,2.378403330674704,0.0,0.0,0.0,
0.0,3.479049891851255E-5,0.0,2.378403330674704,0.0,0.0,0.0,
0.0,3.479049891851255E-5,0.0,2.378403330674704,0.0,0.0,0.0,
0.0,3.479049891851255E-5,0.0,2.378403330674704,0.0,0.0,0.0,
0.0,3.479049891851255E-5,0.0,2.378403330674704,0.0,0.0,0.0,
0.0,3.479049891851255E-5,0.0,2.378403330674704,0.0,0.0,0.0,
0.0,3.479049891851255E-5,0.0,2.378403330674704,0.0,0.0,0.0,
0.0,3.479049891851255E-5,0.0,2.378403330674704,0.0,0.0,0.0,
0.0,3.479049891851255E-5,0.0,2.459098500207735,0.0,0.0,0.0,
0.0,3.479049891851255E-5,0.0,2.459098500207735,0.0,0.0,0.0,
0.0,3.479049891851255E-5,0.0,2.459098500207735,0.0,0.0,0.0,
0.0,3.479049891851255E-5,0.0,2.459098500207735,0.0,0.0,0.0,
0.0,3.479049891851255E-5,0.0,2.459098500207735,0.0,0.0,0.0,
0.0,3.479049891851255E-5,0.0,2.459098500207735,0.0,0.0,0.0,
0.0,3.479049891851255E-5,0.0,2.459098500207735,0.0,0.0,0.0,
0.0,3.479049891851255E-5,0.0,2.527066181955134,0.0,0.0,0.0,
0.0,3.479049891851255E-5,0.0,2.527066181955134,0.0,0.0,0.0,
0.0,3.479049891851255E-5,0.0,2.527066181955134,0.0,0.0,0.0,
0.0,3.479049891851255E-5,0.0,2.527066181955134,0.0,0.0,0.0,
0.0,3.479049891851255E-5,0.0,2.527066181955134,0.0,0.0,0.0,
0.0,3.479049891851255E-5,0.0,2.5484378163429495,0.0,0.0,0.0,
0.0,3.479049891851255E-5,0.0,2.562660761856559,0.0,0.0,0.0,
0.0,3.479049891851255E-5,0.0,2.5728459702347855,0.0,0.0,0.0,
0.0,3.479049891851255E-5,0.0,2.586240412526821,0.0,0.0,0.0,
0.0,3.479049891851255E-5,0.0,2.586240412526821,0.0,0.0,0.0,
0.0,3.479049891851255E-5,0.0,2.586240412526821,0.0,0.0,0.0,
0.0,3.479049891851255E-5,0.0,2.586240412526821,0.0,0.0,0.0,
0.0,3.479049891851255E-5,0.0,2.504323089478818,0.0,0.0,0.0,
0.0,3.479049891851255E-5,0.0,2.504323089478818,0.0,0.0,0.0,
0.0,3.479049891851255E-5,0.0,2.504323089478818,0.0,0.0,0.0,
0.0,3.479049891851255E-5,0.0,2.504323089478818,0.0,0.0,0.0,
0.0,3.479049891851255E-5,0.0,2.504323089478818,0.0,0.0,0.0,
0.0,3.479049891851255E-5,0.0,2.504323089478818,0.0,0.0,0.0,
0.0,3.479049891851255E-5,0.0,2.504323089478818,0.0,0.0,0.0,
0.0,3.479049891851255E-5,0.0,2.504323089478818,0.0,0.0,0.0,
0.0,3.479049891851255E-5,0.0,2.4594107599292503,0.0,0.0,0.0,
0.0,3.479049891851255E-5,0.0,2.4594107599292503,0.0,0.0,0.0,
0.0,3.479049891851255E-5,0.0,2.4943439147885353,0.0,0.0,0.0,
0.0,3.479049891851255E-5,0.0,2.4943439147885353,0.0,0.0,0.0,
0.0,3.479049891851255E-5,0.0,2.4943439147885353,0.0,0.0,0.0,
0.0,3.479049891851255E-5,0.0,2.4943439147885353,0.0,0.0,0.0,
0.0,3.479049891851255E-5,0.0,2.4943439147885353,0.0,0.0,0.0,
0.0,3.479049891851255E-5,0.0,2.517121376498653,0.0,0.0,0.0,
0.0,3.479049891851255E-5,0.0,2.517121376498653,0.0,0.0,0.0,
0.0,3.479049891851255E-5,0.0,2.517121376498653,0.0,0.0,0.0,
0.0,3.479049891851255E-5,0.0,2.5410617450603348,0.0,0.0,0.0,
0.0,3.479049891851255E-5,0.0,2.5410617450603348,0.0,0.0,0.0,
0.0,3.479049891851255E-5,0.0,2.5410617450603348,0.0,0.0,0.0,
0.0,3.479049891851255E-5,0.0,2.5410617450603348,0.0,0.0,0.0,
0.0,3.479049891851255E-5,0.0,2.5410617450603348,0.0,0.0,0.0,
0.0,3.479049891851255E-5,0.0,2.5410617450603348,0.0,0.0,0.0,
0.0,3.479049891851255E-5,0.0,2.5410617450603348,0.0,0.0,0.0,
0.0,3.479049891851255E-5,0.0,2.5410617450603348,0.0,0.0,0.0,
0.0,3.479049891851255E-5,0.0,2.5410617450603348,0.0,0.0,0.0,
0.0,3.479049891851255E-5,0.0,2.5410617450603348,0.0,0.0,0.0,
0.0,3.479049891851255E-5,0.0,2.5410617450603348,0.0,0.0,0.0,
0.0,3.479049891851255E-5,0.0,2.5410617450603348,0.0,0.0,0.0,
0.0,3.479049891851255E-5,0.0,2.5410617450603348,0.0,0.0,0.0,
0.0,3.479049891851255E-5,0.0,2.5410617450603348,0.0,0.0,0.0,
0.0,3.479049891851255E-5,0.0,2.5410617450603348,0.0,0.0,0.0,
0.0,3.479049891851255E-5,0.0,2.5410617450603348,0.0,0.0,0.0,
0.0,3.479049891851255E-5,0.0,2.5410617450603348,0.0,0.0,0.0,
0.0,3.479049891851255E-5,0.0,2.5410617450603348,0.0,0.0,0.0,
0.0,3.479049891851255E-5,0.0,2.5410617450603348,0.0,0.0,0.0,
0.0,3.479049891851255E-5,0.0,2.4698338866796017,0.0,0.0,0.0,
0.0,3.479049891851255E-5,0.0,2.495706358125902,0.0,0.0,0.0,
0.0,3.479049891851255E-5,0.0,2.495706358125902,0.0,0.0,0.0,
0.0,3.479049891851255E-5,0.0,2.511736260285644,0.0,0.0,0.0,
0.0,3.479049891851255E-5,0.0,2.511736260285644,0.0,0.0,0.0,
0.0,3.479049891851255E-5,0.0,2.511736260285644,0.0,0.0,0.0,
0.0,3.479049891851255E-5,0.0,2.511736260285644,0.0,0.0,0.0,
0.0,3.479049891851255E-5,0.0,2.511736260285644,0.0,0.0,0.0,
0.0,3.479049891851255E-5,0.0,2.511736260285644,0.0,0.0,0.0,
0.0,3.479049891851255E-5,0.0,2.511736260285644,0.0,0.0,0.0,
0.0,3.479049891851255E-5,0.0,2.511736260285644,0.0,0.0,0.0,
0.0,3.479049891851255E-5,0.0,2.511736260285644,0.0,0.0,0.0,
0.0,3.479049891851255E-5,0.0,2.511736260285644,0.0,0.0,0.0,
0.0,3.479049891851255E-5,0.0,2.511736260285644,0.0,0.0,0.0,
0.0,3.479049891851255E-5,0.0,2.511736260285644,0.0,0.0,0.0,
0.0,3.479049891851255E-5,0.0,2.511736260285644,0.0,0.0,0.0,
0.0,3.479049891851255E-5,0.0,2.511736260285644,0.0,0.0,0.0,
0.0,3.479049891851255E-5,0.0,2.511736260285644,0.0,0.0,0.0,
0.0,3.479049891851255E-5,0.0,2.511736260285644,0.0,0.0,0.0,
0.0,3.479049891851255E-5,0.0,2.5374137201232023,0.0,0.0,0.0,
0.0,3.479049891851255E-5,0.0,2.5374137201232023,0.0,0.0,0.0,
0.0,3.479049891851255E-5,0.0,2.5374137201232023,0.0,0.0,0.0,
0.0,3.479049891851255E-5,0.0,2.5374137201232023,0.0,0.0,0.0,
0.0,3.479049891851255E-5,0.0,2.5610386462612937,0.0,0.0,0.0,
0.0,3.479049891851255E-5,0.0,2.5610386462612937,0.0,0.0,0.0,
0.0,3.479049891851255E-5,0.0,2.5610386462612937,0.0,0.0,0.0,
0.0,3.479049891851255E-5,0.0,2.5610386462612937,0.0,0.0,0.0,
0.0,3.479049891851255E-5,0.0,2.5768756668642174,0.0,0.0,0.0,
0.0,3.479049891851255E-5,0.0,2.5768756668642174,0.0,0.0,0.0,
0.0,3.479049891851255E-5,0.0,2.5768756668642174,0.0,0.0,0.0,
0.0,3.479049891851255E-5,0.0,2.581132226520386,0.0,0.0,0.0,
0.0,3.479049891851255E-5,0.0,2.581132226520386,0.0,0.0,0.0,
0.0,3.479049891851255E-5,0.0,2.581132226520386,0.0,0.0,0.0,
0.0,3.479049891851255E-5,0.0,2.581132226520386,0.0,0.0,0.0,
0.0,3.479049891851255E-5,0.0,2.581132226520386,0.0,0.0,0.0,
0.0,3.479049891851255E-5,0.0,2.581132226520386,0.0,0.0,0.0,
0.0,3.479049891851255E-5,0.0,2.587721652772957,0.0,0.0,0.0,
0.0,3.479049891851255E-5,0.0,2.587721652772957,0.0,0.0,0.0,
0.0,3.479049891851255E-5,0.0,2.587721652772957,0.0,0.0,0.0,
0.0,3.479049891851255E-5,0.0,2.604913982003209,0.0,0.0,0.0,
0.0,3.479049891851255E-5,0.0,2.610171852690386,0.0,0.0,0.0,
0.0,3.479049891851255E-5,0.0,2.612606649434987,0.0,0.0,0.0,
0.0,3.479049891851255E-5,0.0,2.612606649434987,0.0,0.0,0.0,
0.0,3.479049891851255E-5,0.0,2.612606649434987,0.0,0.0,0.0,
0.0,3.479049891851255E-5,0.0,2.612606649434987,0.0,0.0,0.0,
0.0,3.479049891851255E-5,0.0,2.612606649434987,0.0,0.0,0.0,
0.0,3.479049891851255E-5,0.0,2.612606649434987,0.0,0.0,0.0,
0.0,3.479049891851255E-5,0.0,2.612606649434987,0.0,0.0,0.0,
0.0,3.479049891851255E-5,0.0,2.6299797663255897,0.0,0.0,0.0,
0.0,3.479049891851255E-5,0.0,2.6299797663255897,0.0,0.0,0.0,
0.0,3.479049891851255E-5,0.0,2.6299797663255897,0.0,0.0,0.0,
0.0,3.479049891851255E-5,0.0,2.6299797663255897,0.0,0.0,0.0,
0.0,3.479049891851255E-5,0.0,2.6299797663255897,0.0,0.0,0.0,
0.0,3.479049891851255E-5,0.0,2.648087627097366,0.0,0.0,0.0,
0.0,3.479049891851255E-5,0.0,2.648087627097366,0.0,0.0,0.0,
0.0,3.479049891851255E-5,0.0,2.648087627097366,0.0,0.0,0.0,
0.0,3.479049891851255E-5,0.0,2.648087627097366,0.0,0.0,0.0,
0.0,3.479049891851255E-5,0.0,2.648087627097366,0.0,0.0,0.0,
0.0,3.479049891851255E-5,0.0,2.668282225989727,0.0,0.0,0.0,
0.0,3.479049891851255E-5,0.0,2.668282225989727,0.0,0.0,0.0,
0.0,3.479049891851255E-5,0.0,2.668282225989727,0.0,0.0,0.0,
0.0,3.479049891851255E-5,0.0,2.668282225989727,0.0,0.0,0.0,
0.0,3.479049891851255E-5,0.0,2.668282225989727,0.0,0.0,0.0,
0.0,3.479049891851255E-5,0.0,2.668282225989727,0.0,0.0,0.0,
0.0,3.479049891851255E-5,0.0,2.668282225989727,0.0,0.0,0.0,
0.0,3.479049891851255E-5,0.0,2.668282225989727,0.0,0.0,0.0,
0.0,3.479049891851255E-5,0.0,2.6865121758508987,0.0,0.0,0.0,
0.0,3.479049891851255E-5,0.0,2.6865121758508987,0.0,0.0,0.0,
0.0,3.479049891851255E-5,0.0,2.6865121758508987,0.0,0.0,0.0,
0.0,3.479049891851255E-5,0.0,2.6865121758508987,0.0,0.0,0.0,
0.0,3.479049891851255E-5,0.0,2.6865121758508987,0.0,0.0,0.0,
0.0,3.479049891851255E-5,0.0,2.6865121758508987,0.0,0.0,0.0,
0.0,3.479049891851255E-5,0.0,2.6865121758508987,0.0,0.0,0.0,
0.0,3.479049891851255E-5,0.0,2.6865121758508987,0.0,0.0,0.0,
0.0,3.479049891851255E-5,0.0,2.6865121758508987,0.0,0.0,0.0,
0.0,3.479049891851255E-5,0.0,2.6865121758508987,0.0,0.0,0.0,
0.0,3.479049891851255E-5,0.0,2.6865121758508987,0.0,0.0,0.0,
0.0,3.479049891851255E-5,0.0,2.6865121758508987,0.0,0.0,0.0,
0.0,3.479049891851255E-5,0.0,2.6865121758508987,0.0,0.0,0.0,
0.0,3.479049891851255E-5,0.0,2.6865121758508987,0.0,0.0,0.0,
0.0,3.479049891851255E-5,0.0,2.6865121758508987,0.0,0.0,0.0,
0.0,3.479049891851255E-5,0.0,2.6865121758508987,0.0,0.0,0.0,
0.0,3.479049891851255E-5,0.0,2.7232422178445788,0.0,0.0,0.0,
0.0,3.479049891851255E-5,0.0,2.7232422178445788,0.0,0.0,0.0,
0.0,3.479049891851255E-5,0.0,2.7232422178445788,0.0,0.0,0.0,
0.0,3.479049891851255E-5,0.0,2.7232422178445788,0.0,0.0,0.0,
0.0,3.479049891851255E-5,0.0,2.7232422178445788,0.0,0.0,0.0,
0.0,3.479049891851255E-5,0.0,2.7232422178445788,0.0,0.0,0.0,
0.0,3.479049891851255E-5,0.0,2.7232422178445788,0.0,0.0,0.0,
0.0,3.479049891851255E-5,0.0,2.7232422178445788,0.0,0.0,0.0,
0.0,3.479049891851255E-5,0.0,2.7232422178445788,0.0,0.0,0.0,
0.0,3.479049891851255E-5,0.0,2.7232422178445788,0.0,0.0,0.0,
0.0,3.479049891851255E-5,0.0,2.7604921889409417,0.0,0.0,0.0,
0.0,3.479049891851255E-5,0.0,2.783952420161968,0.0,0.0,0.0,
0.0,3.479049891851255E-5,0.0,2.783952420161968,0.0,0.0,0.0,
0.0,3.479049891851255E-5,0.0,2.783952420161968,0.0,0.0,0.0,
0.0,3.479049891851255E-5,0.0,2.783952420161968,0.0,0.0,0.0,
0.0,3.479049891851255E-5,0.0,2.783952420161968,0.0,0.0,0.0,
0.0,3.479049891851255E-5,0.0,2.783952420161968,0.0,0.0,0.0,
0.0,3.479049891851255E-5,0.0,2.783952420161968,0.0,0.0,0.0,
0.0,3.479049891851255E-5,0.0,2.783952420161968,0.0,0.0,0.0,
0.0,3.479049891851255E-5,0.0,2.783952420161968,0.0,0.0,0.0,
0.0,3.479049891851255E-5,0.0,2.783952420161968,0.0,0.0,0.0,
0.0,3.479049891851255E-5,0.0,2.7951573086109676,0.0,0.0,0.0,
0.0,3.479049891851255E-5,0.0,2.7951573086109676,0.0,0.0,0.0,
0.0,3.479049891851255E-5,0.0,2.7951573086109676,0.0,0.0,0.0,
0.0,3.479049891851255E-5,0.0,2.7951573086109676,0.0,0.0,0.0,
0.0,3.479049891851255E-5,0.0,2.7951573086109676,0.0,0.0,0.0,
0.0,3.479049891851255E-5,0.0,2.7951573086109676,0.0,0.0,0.0,
0.0,3.479049891851255E-5,0.0,2.7951573086109676,0.0,0.0,0.0,
0.0,3.479049891851255E-5,0.0,2.7951573086109676,0.0,0.0,0.0,
0.0,3.479049891851255E-5,0.0,2.8057669221517485,0.0,0.0,0.0,
0.0,3.479049891851255E-5,0.0,2.8057669221517485,0.0,0.0,0.0,
0.0,3.479049891851255E-5,0.0,2.8057669221517485,0.0,0.0,0.0,
0.0,3.479049891851255E-5,0.0,2.8057669221517485,0.0,0.0,0.0,
0.0,3.479049891851255E-5,0.0,2.8057669221517485,0.0,0.0,0.0,
0.0,3.479049891851255E-5,0.0,2.8057669221517485,0.0,0.0,0.0,
0.0,3.479049891851255E-5,0.0,2.8057669221517485,0.0,0.0,0.0,
0.0,3.479049891851255E-5,0.0,2.658821686942876,0.0,0.0,0.0,
0.0,3.479049891851255E-5,0.0,2.658821686942876,0.0,0.0,0.0,
0.0,3.479049891851255E-5,0.0,2.6799856461416103,0.0,0.0,0.0,
0.0,3.479049891851255E-5,0.0,2.6799856461416103,0.0,0.0,0.0,
0.0,3.479049891851255E-5,0.0,2.6799856461416103,0.0,0.0,0.0,
0.0,3.479049891851255E-5,0.0,2.6799856461416103,0.0,0.0,0.0,
0.0,3.479049891851255E-5,0.0,2.6799856461416103,0.0,0.0,0.0,
0.0,3.479049891851255E-5,0.0,2.6799856461416103,0.0,0.0,0.0,
0.0,3.479049891851255E-5,0.0,2.6804015356463773,0.0,0.0,0.0,
0.0,3.479049891851255E-5,0.0,2.6804015356463773,0.0,0.0,0.0,
0.0,3.479049891851255E-5,0.0,2.6804015356463773,0.0,0.0,0.0,
0.0,3.479049891851255E-5,0.0,2.6804015356463773,0.0,0.0,0.0,
0.0,3.479049891851255E-5,0.0,2.6804015356463773,0.0,0.0,0.0,
0.0,3.479049891851255E-5,0.0,2.6804015356463773,0.0,0.0,0.0,
0.0,3.479049891851255E-5,0.0,2.6804015356463773,0.0,0.0,0.0,
0.0,3.479049891851255E-5,0.0,2.6804015356463773,0.0,0.0,0.0,
0.0,3.479049891851255E-5,0.0,2.6804015356463773,0.0,0.0,0.0,
0.0,3.479049891851255E-5,0.0,2.6804015356463773,0.0,0.0,0.0,
0.0,3.479049891851255E-5,0.0,2.6804015356463773,0.0,0.0,0.0,
0.0,3.479049891851255E-5,0.0,2.6804015356463773,0.0,0.0,0.0,
0.0,3.479049891851255E-5,0.0,2.6804015356463773,0.0,0.0,0.0,
0.0,3.479049891851255E-5,0.0,2.6804015356463773,0.0,0.0,0.0,
0.0,3.479049891851255E-5,0.0,2.6804015356463773,0.0,0.0,0.0,
0.0,3.479049891851255E-5,0.0,2.7305250032081227,0.0,0.0,0.0,
0.0,3.479049891851255E-5,0.0,2.7305250032081227,0.0,0.0,0.0,
0.0,3.479049891851255E-5,0.0,2.7393571364588363,0.0,0.0,0.0,
0.0,3.479049891851255E-5,0.0,2.683155338123448,0.0,0.0,0.0,
0.0,3.479049891851255E-5,0.0,2.621691097787941,0.0,0.0,0.0,
0.0,3.479049891851255E-5,0.0,2.621691097787941,0.0,0.0,0.0,
0.0,3.479049891851255E-5,0.0,2.621691097787941,0.0,0.0,0.0,
0.0,3.479049891851255E-5,0.0,2.621691097787941,0.0,0.0,0.0,
0.0,3.479049891851255E-5,0.0,2.621691097787941,0.0,0.0,0.0,
0.0,3.479049891851255E-5,0.0,2.621691097787941,0.0,0.0,0.0,
0.0,3.479049891851255E-5,0.0,2.621691097787941,0.0,0.0,0.0,
0.0,3.479049891851255E-5,0.0,2.621691097787941,0.0,0.0,0.0,
0.0,3.479049891851255E-5,0.0,2.621691097787941,0.0,0.0,0.0,
0.0,3.479049891851255E-5,0.0,2.621691097787941,0.0,0.0,0.0,
0.0,3.479049891851255E-5,0.0,2.621691097787941,0.0,0.0,0.0,
0.0,3.479049891851255E-5,0.0,2.621691097787941,0.0,0.0,0.0,
0.0,3.479049891851255E-5,0.0,2.621691097787941,0.0,0.0,0.0,
0.0,3.479049891851255E-5,0.0,2.621691097787941,0.0,0.0,0.0,
0.0,3.479049891851255E-5,0.0,2.621691097787941,0.0,0.0,0.0,
0.0,3.479049891851255E-5,0.0,2.621691097787941,0.0,0.0,0.0,
0.0,3.479049891851255E-5,0.0,2.569496468594671,0.0,0.0,0.0,
0.0,3.479049891851255E-5,0.0,2.569496468594671,0.0,0.0,0.0,
0.0,3.479049891851255E-5,0.0,2.569496468594671,0.0,0.0,0.0,
0.0,3.479049891851255E-5,0.0,2.579132887224882,0.0,0.0,0.0,
0.0,3.479049891851255E-5,0.0,2.60694923651026,0.0,0.0,0.0,
0.0,3.479049891851255E-5,0.0,2.60694923651026,0.0,0.0,0.0,
0.0,3.479049891851255E-5,0.0,2.60694923651026,0.0,0.0,0.0,
0.0,3.479049891851255E-5,0.0,2.60694923651026,0.0,0.0,0.0,
0.0,3.479049891851255E-5,0.0,2.60694923651026,0.0,0.0,0.0,
0.0,3.479049891851255E-5,0.0,2.60694923651026,0.0,0.0,0.0,
0.0,3.479049891851255E-5,0.0,2.6225232706360737,0.0,0.0,0.0,
0.0,3.479049891851255E-5,0.0,2.637616617158381,0.0,0.0,0.0,
0.0,3.479049891851255E-5,0.0,2.6475614194174235,0.0,0.0,0.0,
0.0,3.479049891851255E-5,0.0,2.647990775992929,0.0,0.0,0.0,
0.0,3.479049891851255E-5,0.0,2.647990775992929,0.0,0.0,0.0,
0.0,3.479049891851255E-5,0.0,2.647990775992929,0.0,0.0,0.0,
0.0,3.479049891851255E-5,0.0,2.647990775992929,0.0,0.0,0.0,
0.0,3.479049891851255E-5,0.0,2.647990775992929,0.0,0.0,0.0,
0.0,3.479049891851255E-5,0.0,2.647990775992929,0.0,0.0,0.0,
0.0,3.479049891851255E-5,0.0,2.647990775992929,0.0,0.0,0.0,
0.0,3.479049891851255E-5,0.0,2.647990775992929,0.0,0.0,0.0,
0.0,3.479049891851255E-5,0.0,2.647990775992929,0.0,0.0,0.0,
0.0,3.479049891851255E-5,0.0,2.6760083703956665,0.0,0.0,0.0,
0.0,3.479049891851255E-5,0.0,2.6760083703956665,0.0,0.0,0.0,
0.0,3.479049891851255E-5,0.0,2.6760083703956665,0.0,0.0,0.0,
0.0,3.479049891851255E-5,0.0,2.6998261237977936,0.0,0.0,0.0,
0.0,3.479049891851255E-5,0.0,2.6998261237977936,0.0,0.0,0.0,
0.0,3.479049891851255E-5,0.0,2.6998261237977936,0.0,0.0,0.0,
0.0,3.479049891851255E-5,0.0,2.6998261237977936,0.0,0.0,0.0,
0.0,3.479049891851255E-5,0.0,2.6998261237977936,0.0,0.0,0.0,
0.0,3.479049891851255E-5,0.0,2.6998261237977936,0.0,0.0,0.0,
0.0,3.479049891851255E-5,0.0,2.688799331640933,0.0,0.0,0.0,
0.0,3.479049891851255E-5,0.0,2.688017579796174,0.0,0.0,0.0,
0.0,3.479049891851255E-5,0.0,2.688017579796174,0.0,0.0,0.0,
0.0,3.479049891851255E-5,0.0,2.688017579796174,0.0,0.0,0.0,
0.0,3.479049891851255E-5,0.0,2.6943709990208937,0.0,0.0,0.0,
0.0,3.479049891851255E-5,0.0,2.6943709990208937,0.0,0.0,0.0,
0.0,3.479049891851255E-5,0.0,2.6943709990208937,0.0,0.0,0.0,
0.0,3.479049891851255E-5,0.0,2.6943709990208937,0.0,0.0,0.0,
0.0,3.479049891851255E-5,0.0,2.6943709990208937,0.0,0.0,0.0,
0.0,3.479049891851255E-5,0.0,2.6943709990208937,0.0,0.0,0.0,
0.0,3.479049891851255E-5,0.0,2.6943709990208937,0.0,0.0,0.0,
0.0,3.479049891851255E-5,0.0,2.6269247661762956,0.0,0.0,0.0,
0.0,3.479049891851255E-5,0.0,2.6269247661762956,0.0,0.0,0.0,
0.0,3.479049891851255E-5,0.0,2.6269247661762956,0.0,0.0,0.0,
0.0,3.479049891851255E-5,0.0,2.6269247661762956,0.0,0.0,0.0,
0.0,3.479049891851255E-5,0.0,2.6269247661762956,0.0,0.0,0.0,
0.0,3.479049891851255E-5,0.0,2.6269247661762956,0.0,0.0,0.0,
0.0,3.479049891851255E-5,0.0,2.6269247661762956,0.0,0.0,0.0,
0.0,3.479049891851255E-5,0.0,2.6269247661762956,0.0,0.0,0.0,
0.0,3.479049891851255E-5,0.0,2.6269247661762956,0.0,0.0,0.0,
0.0,3.479049891851255E-5,0.0,2.670457322722782,0.0,0.0,0.0,
0.0,3.479049891851255E-5,0.0,2.670457322722782,0.0,0.0,0.0,
0.0,3.479049891851255E-5,0.0,2.6965877990836735,0.0,0.0,0.0,
0.0,3.479049891851255E-5,0.0,2.6965877990836735,0.0,0.0,0.0,
0.0,3.479049891851255E-5,0.0,2.6965877990836735,0.0,0.0,0.0,
0.0,3.479049891851255E-5,0.0,2.6965877990836735,0.0,0.0,0.0,
0.0,3.479049891851255E-5,0.0,2.7112065715923466,0.0,0.0,0.0,
0.0,3.479049891851255E-5,0.0,2.7112065715923466,0.0,0.0,0.0,
0.0,3.479049891851255E-5,0.0,2.7112065715923466,0.0,0.0,0.0,
0.0,3.479049891851255E-5,0.0,2.7112065715923466,0.0,0.0,0.0,
0.0,3.479049891851255E-5,0.0,2.74142342878741,0.0,0.0,0.0,
0.0,3.479049891851255E-5,0.0,2.74142342878741,0.0,0.0,0.0,
0.0,3.479049891851255E-5,0.0,2.74142342878741,0.0,0.0,0.0,
0.0,3.479049891851255E-5,0.0,2.74142342878741,0.0,0.0,0.0,
0.0,3.479049891851255E-5,0.0,2.74142342878741,0.0,0.0,0.0,
0.0,3.479049891851255E-5,0.0,2.74142342878741,0.0,0.0,0.0,
0.0,3.479049891851255E-5,0.0,2.74142342878741,0.0,0.0,0.0,
0.0,3.479049891851255E-5,0.0,2.74142342878741,0.0,0.0,0.0,
0.0,3.479049891851255E-5,0.0,2.74142342878741,0.0,0.0,0.0,
0.0,3.479049891851255E-5,0.0,2.74142342878741,0.0,0.0,0.0,
0.0,3.479049891851255E-5,0.0,2.74142342878741,0.0,0.0,0.0,
0.0,3.479049891851255E-5,0.0,2.7663921486381713,0.0,0.0,0.0,
0.0,3.479049891851255E-5,0.0,2.7663921486381713,0.0,0.0,0.0,
0.0,3.479049891851255E-5,0.0,2.7663921486381713,0.0,0.0,0.0,
0.0,3.479049891851255E-5,0.0,2.7663921486381713,0.0,0.0,0.0,
0.0,3.479049891851255E-5,0.0,2.7663921486381713,0.0,0.0,0.0,
0.0,3.479049891851255E-5,0.0,2.7663921486381713,0.0,0.0,0.0,
0.0,3.479049891851255E-5,0.0,2.7663921486381713,0.0,0.0,0.0,
0.0,3.479049891851255E-5,0.0,2.7663921486381713,0.0,0.0,0.0,
0.0,3.479049891851255E-5,0.0,2.7663921486381713,0.0,0.0,0.0,
0.0,3.479049891851255E-5,0.0,2.785308000678116,0.0,0.0,0.0,
0.0,3.479049891851255E-5,0.0,2.785308000678116,0.0,0.0,0.0,
0.0,3.479049891851255E-5,0.0,2.785308000678116,0.0,0.0,0.0,
0.0,3.479049891851255E-5,0.0,2.785308000678116,0.0,0.0,0.0,
0.0,3.479049891851255E-5,0.0,2.785308000678116,0.0,0.0,0.0,
0.0,3.479049891851255E-5,0.0,2.785308000678116,0.0,0.0,0.0,
0.0,3.479049891851255E-5,0.0,2.785308000678116,0.0,0.0,0.0,
0.0,3.479049891851255E-5,0.0,2.785308000678116,0.0,0.0,0.0,
0.0,3.479049891851255E-5,0.0,2.785308000678116,0.0,0.0,0.0,
0.0,3.479049891851255E-5,0.0,2.7900776702276713,0.0,0.0,0.0,
0.0,3.479049891851255E-5,0.0,2.7900776702276713,0.0,0.0,0.0,
0.0,3.479049891851255E-5,0.0,2.7900776702276713,0.0,0.0,0.0,
0.0,3.479049891851255E-5,0.0,2.779458751103468,0.0,0.0,0.0,
0.0,3.479049891851255E-5,0.0,2.779458751103468,0.0,0.0,0.0,
0.0,3.479049891851255E-5,0.0,2.7807244237491555,0.0,0.0,0.0,
0.0,3.479049891851255E-5,0.0,2.7807244237491555,0.0,0.0,0.0,
0.0,3.479049891851255E-5,0.0,2.7807244237491555,0.0,0.0,0.0,
0.0,3.479049891851255E-5,0.0,2.7821172392109625,0.0,0.0,0.0,
0.0,3.479049891851255E-5,0.0,2.8036906734620253,0.0,0.0,0.0,
0.0,3.479049891851255E-5,0.0,2.8036906734620253,0.0,0.0,0.0,
0.0,3.479049891851255E-5,0.0,2.7962058463511172,0.0,0.0,0.0,
0.0,3.479049891851255E-5,0.0,2.7962058463511172,0.0,0.0,0.0,
0.0,3.479049891851255E-5,0.0,2.7962058463511172,0.0,0.0,0.0,
0.0,3.479049891851255E-5,0.0,2.7962058463511172,0.0,0.0,0.0,
0.0,3.479049891851255E-5,0.0,2.7962058463511172,0.0,0.0,0.0,
0.0,3.479049891851255E-5,0.0,2.7962058463511172,0.0,0.0,0.0,
0.0,3.479049891851255E-5,0.0,2.7962058463511172,0.0,0.0,0.0,
0.0,3.479049891851255E-5,0.0,2.7962058463511172,0.0,0.0,0.0,
0.0,3.479049891851255E-5,0.0,2.7962058463511172,0.0,0.0,0.0,
0.0,3.479049891851255E-5,0.0,2.7962058463511172,0.0,0.0,0.0,
0.0,3.479049891851255E-5,0.0,2.7962058463511172,0.0,0.0,0.0,
0.0,3.479049891851255E-5,0.0,2.7962058463511172,0.0,0.0,0.0,
0.0,3.479049891851255E-5,0.0,2.7962058463511172,0.0,0.0,0.0,
0.0,3.479049891851255E-5,0.0,2.819729720297377,0.0,0.0,0.0,
0.0,3.479049891851255E-5,0.0,2.819729720297377,0.0,0.0,0.0,
0.0,3.479049891851255E-5,0.0,2.819729720297377,0.0,0.0,0.0,
0.0,3.479049891851255E-5,0.0,2.819729720297377,0.0,0.0,0.0,
0.0,3.479049891851255E-5,0.0,2.819729720297377,0.0,0.0,0.0,
0.0,3.479049891851255E-5,0.0,2.819729720297377,0.0,0.0,0.0,
0.0,3.479049891851255E-5,0.0,2.819729720297377,0.0,0.0,0.0,
0.0,3.479049891851255E-5,0.0,2.819729720297377,0.0,0.0,0.0,
0.0,3.479049891851255E-5,0.0,2.819729720297377,0.0,0.0,0.0,
0.0,3.479049891851255E-5,0.0,2.819729720297377,0.0,0.0,0.0,
0.0,3.479049891851255E-5,0.0,2.819729720297377,0.0,0.0,0.0,
0.0,3.479049891851255E-5,0.0,2.819729720297377,0.0,0.0,0.0,
0.0,3.479049891851255E-5,0.0,2.819729720297377,0.0,0.0,0.0,
0.0,3.479049891851255E-5,0.0,2.819729720297377,0.0,0.0,0.0,
0.0,3.479049891851255E-5,0.0,2.819729720297377,0.0,0.0,0.0,
0.0,3.479049891851255E-5,0.0,2.819729720297377,0.0,0.0,0.0,
0.0,3.479049891851255E-5,0.0,2.8122514267652,0.0,0.0,0.0,
0.0,3.479049891851255E-5,0.0,2.8122514267652,0.0,0.0,0.0,
0.0,3.479049891851255E-5,0.0,2.804598144569256,0.0,0.0,0.0,
0.0,3.479049891851255E-5,0.0,2.804598144569256,0.0,0.0,0.0,
0.0,3.479049891851255E-5,0.0,2.804598144569256,0.0,0.0,0.0,
0.0,3.479049891851255E-5,0.0,2.804598144569256,0.0,0.0,0.0,
0.0,3.479049891851255E-5,0.0,2.804598144569256,0.0,0.0,0.0,
0.0,3.479049891851255E-5,0.0,2.801912998304532,0.0,0.0,0.0,
0.0,3.479049891851255E-5,0.0,2.801912998304532,0.0,0.0,0.0,
0.0,3.479049891851255E-5,0.0,2.801912998304532,0.0,0.0,0.0,
0.0,3.479049891851255E-5,0.0,2.801912998304532,0.0,0.0,0.0,
0.0,3.479049891851255E-5,0.0,2.801912998304532,0.0,0.0,0.0,
0.0,3.479049891851255E-5,0.0,2.7854094176224584,0.0,0.0,0.0,
0.0,3.479049891851255E-5,0.0,2.7854094176224584,0.0,0.0,0.0,
0.0,3.479049891851255E-5,0.0,2.7854094176224584,0.0,0.0,0.0,
0.0,3.479049891851255E-5,0.0,2.7854094176224584,0.0,0.0,0.0,
0.0,3.479049891851255E-5,0.0,2.7854094176224584,0.0,0.0,0.0,
0.0,3.479049891851255E-5,0.0,2.7854094176224584,0.0,0.0,0.0,
0.0,3.479049891851255E-5,0.0,2.7854094176224584,0.0,0.0,0.0,
0.0,3.479049891851255E-5,0.0,2.7854094176224584,0.0,0.0,0.0,
0.0,3.479049891851255E-5,0.0,2.7820756300372813,0.0,0.0,0.0,
0.0,3.479049891851255E-5,0.0,2.7820756300372813,0.0,0.0,0.0,
0.0,3.479049891851255E-5,0.0,2.7820756300372813,0.0,0.0,0.0,
0.0,3.479049891851255E-5,0.0,2.7820756300372813,0.0,0.0,0.0,
0.0,3.479049891851255E-5,0.0,2.7820756300372813,0.0,0.0,0.0,
0.0,3.479049891851255E-5,0.0,2.7940941333934988,0.0,0.0,0.0,
0.0,3.479049891851255E-5,0.0,2.7940941333934988,0.0,0.0,0.0,
0.0,3.479049891851255E-5,0.0,2.7940941333934988,0.0,0.0,0.0,
0.0,3.479049891851255E-5,0.0,2.7174497092511998,0.0,0.0,0.0,
0.0,3.479049891851255E-5,0.0,2.7174497092511998,0.0,0.0,0.0,
0.0,3.479049891851255E-5,0.0,2.7174497092511998,0.0,0.0,0.0,
0.0,3.479049891851255E-5,0.0,2.7174497092511998,0.0,0.0,0.0,
0.0,3.479049891851255E-5,0.0,2.7174497092511998,0.0,0.0,0.0,
0.0,3.479049891851255E-5,0.0,2.7174497092511998,0.0,0.0,0.0,
0.0,3.479049891851255E-5,0.0,2.7174497092511998,0.0,0.0,0.0,
0.0,3.479049891851255E-5,0.0,2.7174497092511998,0.0,0.0,0.0,
0.0,3.479049891851255E-5,0.0,2.7366719044077423,0.0,0.0,0.0,
0.0,3.479049891851255E-5,0.0,2.7809521837433886,0.0,0.0,0.0,
0.0,3.479049891851255E-5,0.0,2.7809521837433886,0.0,0.0,0.0,
0.0,3.479049891851255E-5,0.0,2.786212772713114,0.0,0.0,0.0,
0.0,3.479049891851255E-5,0.0,2.718951707151372,0.0,0.0,0.0,
0.0,3.479049891851255E-5,0.0,2.718951707151372,0.0,0.0,0.0,
0.0,3.479049891851255E-5,0.0,2.718951707151372,0.0,0.0,0.0,
0.0,3.479049891851255E-5,0.0,2.718951707151372,0.0,0.0,0.0,
0.0,3.479049891851255E-5,0.0,2.718951707151372,0.0,0.0,0.0,
0.0,3.479049891851255E-5,0.0,2.7326336868389207,0.0,0.0,0.0,
0.0,3.479049891851255E-5,0.0,2.7326336868389207,0.0,0.0,0.0,
0.0,3.479049891851255E-5,0.0,2.7798869679109783,0.0,0.0,0.0,
0.0,3.479049891851255E-5,0.0,2.7798869679109783,0.0,0.0,0.0,
0.0,3.479049891851255E-5,0.0,2.7798869679109783,0.0,0.0,0.0,
0.0,3.479049891851255E-5,0.0,2.7710444374402265,0.0,0.0,0.0,
0.0,3.479049891851255E-5,0.0,2.7710444374402265,0.0,0.0,0.0,
0.0,3.479049891851255E-5,0.0,2.7710444374402265,0.0,0.0,0.0,
0.0,3.479049891851255E-5,0.0,2.7383326219985293,0.0,0.0,0.0,
0.0,3.479049891851255E-5,0.0,2.7383326219985293,0.0,0.0,0.0,
0.0,3.479049891851255E-5,0.0,2.7383326219985293,0.0,0.0,0.0,
0.0,3.479049891851255E-5,0.0,2.7383326219985293,0.0,0.0,0.0,
0.0,3.479049891851255E-5,0.0,2.7383326219985293,0.0,0.0,0.0,
0.0,3.479049891851255E-5,0.0,2.7383326219985293,0.0,0.0,0.0,
0.0,3.479049891851255E-5,0.0,2.7454557843209852,0.0,0.0,0.0,
0.0,3.479049891851255E-5,0.0,2.7454557843209852,0.0,0.0,0.0,
0.0,3.479049891851255E-5,0.0,2.7454557843209852,0.0,0.0,0.0,
0.0,3.479049891851255E-5,0.0,2.7454557843209852,0.0,0.0,0.0,
0.0,3.479049891851255E-5,0.0,2.7454557843209852,0.0,0.0,0.0,
0.0,3.479049891851255E-5,0.0,2.766889898984704,0.0,0.0,0.0,
0.0,3.479049891851255E-5,0.0,2.766889898984704,0.0,0.0,0.0,
0.0,3.479049891851255E-5,0.0,2.766889898984704,0.0,0.0,0.0,
0.0,3.479049891851255E-5,0.0,2.766889898984704,0.0,0.0,0.0,
0.0,3.479049891851255E-5,0.0,2.766889898984704,0.0,0.0,0.0,
0.0,3.479049891851255E-5,0.0,2.766889898984704,0.0,0.0,0.0,
0.0,3.479049891851255E-5,0.0,2.766889898984704,0.0,0.0,0.0,
0.0,3.479049891851255E-5,0.0,2.766889898984704,0.0,0.0,0.0,
0.0,3.479049891851255E-5,0.0,2.766889898984704,0.0,0.0,0.0,
0.0,3.479049891851255E-5,0.0,2.781896987047695,0.0,0.0,0.0,
0.0,3.479049891851255E-5,0.0,2.781896987047695,0.0,0.0,0.0,
0.0,3.479049891851255E-5,0.0,2.710578977782004,0.0,0.0,0.0,
0.0,3.479049891851255E-5,0.0,2.647951149172717,0.0,0.0,0.0,
0.0,3.479049891851255E-5,0.0,2.659760030159217,0.0,0.0,0.0,
0.0,3.479049891851255E-5,0.0,2.659760030159217,0.0,0.0,0.0,
0.0,3.479049891851255E-5,0.0,2.659760030159217,0.0,0.0,0.0,
0.0,3.479049891851255E-5,0.0,2.659760030159217,0.0,0.0,0.0,
0.0,3.479049891851255E-5,0.0,2.659760030159217,0.0,0.0,0.0,
0.0,3.479049891851255E-5,0.0,2.659760030159217,0.0,0.0,0.0,
0.0,3.479049891851255E-5,0.0,2.6783379274355243,0.0,0.0,0.0,
0.0,3.479049891851255E-5,0.0,2.6783379274355243,0.0,0.0,0.0,
0.0,3.479049891851255E-5,0.0,2.6783379274355243,0.0,0.0,0.0,
0.0,3.479049891851255E-5,0.0,2.6783379274355243,0.0,0.0,0.0,
0.0,3.479049891851255E-5,0.0,2.6783379274355243,0.0,0.0,0.0,
0.0,3.479049891851255E-5,0.0,2.6783379274355243,0.0,0.0,0.0,
0.0,3.479049891851255E-5,0.0,2.693863926294141,0.0,0.0,0.0,
0.0,3.479049891851255E-5,0.0,2.693863926294141,0.0,0.0,0.0,
0.0,3.479049891851255E-5,0.0,2.710352197230566,0.0,0.0,0.0,
0.0,3.479049891851255E-5,0.0,2.710352197230566,0.0,0.0,0.0,
0.0,3.479049891851255E-5,0.0,2.718251951715695,0.0,0.0,0.0,
0.0,3.479049891851255E-5,0.0,2.7235509932896056,0.0,0.0,0.0,
0.0,3.479049891851255E-5,0.0,2.7235509932896056,0.0,0.0,0.0,
0.0,3.479049891851255E-5,0.0,2.721169103313022,0.0,0.0,0.0,
0.0,3.479049891851255E-5,0.0,2.721169103313022,0.0,0.0,0.0,
0.0,3.479049891851255E-5,0.0,2.717444377392297,0.0,0.0,0.0,
0.0,3.479049891851255E-5,0.0,2.717444377392297,0.0,0.0,0.0,
0.0,3.479049891851255E-5,0.0,2.717444377392297,0.0,0.0,0.0,
0.0,3.479049891851255E-5,0.0,2.717444377392297,0.0,0.0,0.0,
0.0,3.479049891851255E-5,0.0,2.717444377392297,0.0,0.0,0.0,
0.0,3.479049891851255E-5,0.0,2.717444377392297,0.0,0.0,0.0,
0.0,3.479049891851255E-5,0.0,2.717444377392297,0.0,0.0,0.0,
0.0,3.479049891851255E-5,0.0,2.717444377392297,0.0,0.0,0.0,
0.0,3.479049891851255E-5,0.0,2.717444377392297,0.0,0.0,0.0,
0.0,3.479049891851255E-5,0.0,2.717444377392297,0.0,0.0,0.0,
0.0,3.479049891851255E-5,0.0,2.717444377392297,0.0,0.0,0.0,
0.0,3.479049891851255E-5,0.0,2.717444377392297,0.0,0.0,0.0,
0.0,3.479049891851255E-5,0.0,2.6549531163274214,0.0,0.0,0.0,
0.0,3.479049891851255E-5,0.0,2.6549531163274214,0.0,0.0,0.0,
0.0,3.479049891851255E-5,0.0,2.6595736251698496,0.0,0.0,0.0,
0.0,3.479049891851255E-5,0.0,2.6846075108117375,0.0,0.0,0.0,
0.0,3.479049891851255E-5,0.0,2.6846075108117375,0.0,0.0,0.0,
0.0,3.479049891851255E-5,0.0,2.6846075108117375,0.0,0.0,0.0,
0.0,3.479049891851255E-5,0.0,2.6846075108117375,0.0,0.0,0.0,
0.0,3.479049891851255E-5,0.0,2.6846075108117375,0.0,0.0,0.0,
0.0,3.479049891851255E-5,0.0,2.6846075108117375,0.0,0.0,0.0,
0.0,3.479049891851255E-5,0.0,2.6846075108117375,0.0,0.0,0.0,
0.0,3.479049891851255E-5,0.0,2.6846075108117375,0.0,0.0,0.0,
0.0,3.479049891851255E-5,0.0,2.6846075108117375,0.0,0.0,0.0,
0.0,3.479049891851255E-5,0.0,2.6846075108117375,0.0,0.0,0.0,
0.0,3.479049891851255E-5,0.0,2.703248770894835,0.0,0.0,0.0,
0.0,3.479049891851255E-5,0.0,2.703248770894835,0.0,0.0,0.0,
0.0,3.479049891851255E-5,0.0,2.717553029096836,0.0,0.0,0.0,
0.0,3.479049891851255E-5,0.0,2.717553029096836,0.0,0.0,0.0,
0.0,3.479049891851255E-5,0.0,2.7759335653471813,0.0,0.0,0.0,
0.0,3.479049891851255E-5,0.0,2.7759335653471813,0.0,0.0,0.0,
0.0,3.479049891851255E-5,0.0,2.7530314461564416,0.0,0.0,0.0,
0.0,3.479049891851255E-5,0.0,2.766350612733108,0.0,0.0,0.0,
0.0,3.479049891851255E-5,0.0,2.766350612733108,0.0,0.0,0.0,
0.0,3.479049891851255E-5,0.0,2.808065555846272,0.0,0.0,0.0,
0.0,3.479049891851255E-5,0.0,2.808065555846272,0.0,0.0,0.0,
0.0,3.479049891851255E-5,0.0,2.808065555846272,0.0,0.0,0.0,
0.0,3.479049891851255E-5,0.0,2.808065555846272,0.0,0.0,0.0,
0.0,3.479049891851255E-5,0.0,2.808065555846272,0.0,0.0,0.0,
0.0,3.479049891851255E-5,0.0,2.808065555846272,0.0,0.0,0.0,
0.0,3.479049891851255E-5,0.0,2.8310478936049854,0.0,0.0,0.0,
0.0,3.479049891851255E-5,0.0,2.8310478936049854,0.0,0.0,0.0,
0.0,3.479049891851255E-5,0.0,2.8310478936049854,0.0,0.0,0.0,
0.0,3.479049891851255E-5,0.0,2.8310478936049854,0.0,0.0,0.0,
0.0,3.479049891851255E-5,0.0,2.8310478936049854,0.0,0.0,0.0,
0.0,3.479049891851255E-5,0.0,2.8310478936049854,0.0,0.0,0.0,
0.0,3.479049891851255E-5,0.0,2.8290296717574295,0.0,0.0,0.0,
0.0,3.479049891851255E-5,0.0,2.8290296717574295,0.0,0.0,0.0,
0.0,3.479049891851255E-5,0.0,2.8290296717574295,0.0,0.0,0.0,
0.0,3.479049891851255E-5,0.0,2.813315071206782,0.0,0.0,0.0,
0.0,3.479049891851255E-5,0.0,2.813315071206782,0.0,0.0,0.0,
0.0,3.479049891851255E-5,0.0,2.813315071206782,0.0,0.0,0.0,
0.0,3.479049891851255E-5,0.0,2.813315071206782,0.0,0.0,0.0,
0.0,3.479049891851255E-5,0.0,2.8416695826566993,0.0,0.0,0.0,
0.0,3.479049891851255E-5,0.0,2.8688334095093904,0.0,0.0,0.0,
0.0,3.479049891851255E-5,0.0,2.8688334095093904,0.0,0.0,0.0,
0.0,3.479049891851255E-5,0.0,2.8688334095093904,0.0,0.0,0.0,
0.0,3.479049891851255E-5,0.0,2.8688334095093904,0.0,0.0,0.0,
0.0,3.479049891851255E-5,0.0,2.8688334095093904,0.0,0.0,0.0,
0.0,3.479049891851255E-5,0.0,2.871524690360039,0.0,0.0,0.0,
0.0,3.479049891851255E-5,0.0,2.871524690360039,0.0,0.0,0.0,
0.0,3.479049891851255E-5,0.0,2.871524690360039,0.0,0.0,0.0,
0.0,3.479049891851255E-5,0.0,2.871524690360039,0.0,0.0,0.0,
0.0,3.479049891851255E-5,0.0,2.871524690360039,0.0,0.0,0.0,
0.0,3.479049891851255E-5,0.0,2.871524690360039,0.0,0.0,0.0,
0.0,3.479049891851255E-5,0.0,2.8766718734961585,0.0,0.0,0.0,
0.0,3.479049891851255E-5,0.0,2.8766718734961585,0.0,0.0,0.0,
0.0,3.479049891851255E-5,0.0,2.8766718734961585,0.0,0.0,0.0,
0.0,3.479049891851255E-5,0.0,2.8767992728177636,0.0,0.0,0.0,
0.0,3.479049891851255E-5,0.0,2.8767992728177636,0.0,0.0,0.0,
0.0,3.479049891851255E-5,0.0,2.902389982113323,0.0,0.0,0.0,
0.0,3.479049891851255E-5,0.0,2.902389982113323,0.0,0.0,0.0,
0.0,3.479049891851255E-5,0.0,2.902389982113323,0.0,0.0,0.0,
0.0,3.479049891851255E-5,0.0,2.902389982113323,0.0,0.0,0.0,
0.0,3.479049891851255E-5,0.0,2.902389982113323,0.0,0.0,0.0,
0.0,3.479049891851255E-5,0.0,2.902389982113323,0.0,0.0,0.0,
0.0,3.479049891851255E-5,0.0,2.902389982113323,0.0,0.0,0.0,
0.0,3.479049891851255E-5,0.0,2.902389982113323,0.0,0.0,0.0,
0.0,3.479049891851255E-5,0.0,2.900090203117751,0.0,0.0,0.0,
0.0,3.479049891851255E-5,0.0,2.900090203117751,0.0,0.0,0.0,
0.0,3.479049891851255E-5,0.0,2.900090203117751,0.0,0.0,0.0,
0.0,3.479049891851255E-5,0.0,2.900090203117751,0.0,0.0,0.0,
0.0,3.479049891851255E-5,0.0,2.900090203117751,0.0,0.0,0.0,
0.0,3.479049891851255E-5,0.0,2.900090203117751,0.0,0.0,0.0,
0.0,3.479049891851255E-5,0.0,2.894042542959212,0.0,0.0,0.0,
0.0,3.479049891851255E-5,0.0,2.894042542959212,0.0,0.0,0.0,
0.0,3.479049891851255E-5,0.0,2.894042542959212,0.0,0.0,0.0,
0.0,3.479049891851255E-5,0.0,2.9137269527696015,0.0,0.0,0.0,
0.0,3.479049891851255E-5,0.0,2.9137269527696015,0.0,0.0,0.0,
0.0,3.479049891851255E-5,0.0,2.917946718770748,0.0,0.0,0.0,
0.0,3.479049891851255E-5,0.0,2.917946718770748,0.0,0.0,0.0,
0.0,3.479049891851255E-5,0.0,2.9267981800069833,0.0,0.0,0.0,
0.0,3.479049891851255E-5,0.0,2.9267981800069833,0.0,0.0,0.0,
0.0,3.479049891851255E-5,0.0,2.9267981800069833,0.0,0.0,0.0,
0.0,3.479049891851255E-5,0.0,2.9267981800069833,0.0,0.0,0.0,
0.0,3.479049891851255E-5,0.0,2.9267981800069833,0.0,0.0,0.0,
0.0,3.479049891851255E-5,0.0,2.9267981800069833,0.0,0.0,0.0,
0.0,3.479049891851255E-5,0.0,2.9267981800069833,0.0,0.0,0.0,
0.0,3.479049891851255E-5,0.0,2.92573772409723,0.0,0.0,0.0,
0.0,3.479049891851255E-5,0.0,2.922178851049709,0.0,0.0,0.0,
0.0,3.479049891851255E-5,0.0,2.830249997377071,0.0,0.0,0.0,
0.0,3.479049891851255E-5,0.0,2.830249997377071,0.0,0.0,0.0,
0.0,3.479049891851255E-5,0.0,2.830249997377071,0.0,0.0,0.0,
0.0,3.479049891851255E-5,0.0,2.830249997377071,0.0,0.0,0.0,
0.0,3.479049891851255E-5,0.0,2.8315679730821315,0.0,0.0,0.0,
0.0,3.479049891851255E-5,0.0,2.8315679730821315,0.0,0.0,0.0,
0.0,3.479049891851255E-5,0.0,2.8420443374003757,0.0,0.0,0.0,
0.0,3.479049891851255E-5,0.0,2.8420443374003757,0.0,0.0,0.0,
0.0,3.479049891851255E-5,0.0,2.8420443374003757,0.0,0.0,0.0,
0.0,3.479049891851255E-5,0.0,2.8420443374003757,0.0,0.0,0.0,
0.0,3.479049891851255E-5,0.0,2.8420443374003757,0.0,0.0,0.0,
0.0,3.479049891851255E-5,0.0,2.8420443374003757,0.0,0.0,0.0,
0.0,3.479049891851255E-5,0.0,2.8420443374003757,0.0,0.0,0.0,
0.0,3.479049891851255E-5,0.0,2.8420443374003757,0.0,0.0,0.0,
0.0,3.479049891851255E-5,0.0,2.8420443374003757,0.0,0.0,0.0,
0.0,3.479049891851255E-5,0.0,2.8420443374003757,0.0,0.0,0.0,
0.0,3.479049891851255E-5,0.0,2.8420443374003757,0.0,0.0,0.0,
0.0,3.479049891851255E-5,0.0,2.8420443374003757,0.0,0.0,0.0,
0.0,3.479049891851255E-5,0.0,2.8420443374003757,0.0,0.0,0.0,
0.0,3.479049891851255E-5,0.0,2.8420443374003757,0.0,0.0,0.0,
0.0,3.479049891851255E-5,0.0,2.8420443374003757,0.0,0.0,0.0,
0.0,3.479049891851255E-5,0.0,2.8420443374003757,0.0,0.0,0.0,
0.0,3.479049891851255E-5,0.0,2.8420443374003757,0.0,0.0,0.0,
0.0,3.479049891851255E-5,0.0,2.8420443374003757,0.0,0.0,0.0,
0.0,3.479049891851255E-5,0.0,2.743262160672412,0.0,0.0,0.0,
0.0,3.479049891851255E-5,0.0,2.743262160672412,0.0,0.0,0.0,
0.0,3.479049891851255E-5,0.0,2.743262160672412,0.0,0.0,0.0,
0.0,3.479049891851255E-5,0.0,2.743262160672412,0.0,0.0,0.0,
0.0,3.479049891851255E-5,0.0,2.743262160672412,0.0,0.0,0.0,
0.0,3.479049891851255E-5,0.0,2.743262160672412,0.0,0.0,0.0,
0.0,3.479049891851255E-5,0.0,2.743262160672412,0.0,0.0,0.0,
0.0,3.479049891851255E-5,0.0,2.743262160672412,0.0,0.0,0.0,
0.0,3.479049891851255E-5,0.0,2.7564755018365816,0.0,0.0,0.0,
0.0,3.479049891851255E-5,0.0,2.6794740860922523,0.0,0.0,0.0,
0.0,3.479049891851255E-5,0.0,2.6794740860922523,0.0,0.0,0.0,
0.0,3.479049891851255E-5,0.0,2.6794740860922523,0.0,0.0,0.0,
0.0,3.479049891851255E-5,0.0,2.6794740860922523,0.0,0.0,0.0,
0.0,3.479049891851255E-5,0.0,2.6794740860922523,0.0,0.0,0.0,
0.0,3.479049891851255E-5,0.0,2.6794740860922523,0.0,0.0,0.0,
0.0,3.479049891851255E-5,0.0,2.6794740860922523,0.0,0.0,0.0,
0.0,3.479049891851255E-5,0.0,2.6794740860922523,0.0,0.0,0.0,
0.0,3.479049891851255E-5,0.0,2.643095138681438,0.0,0.0,0.0,
0.0,3.479049891851255E-5,0.0,2.643095138681438,0.0,0.0,0.0,
0.0,3.479049891851255E-5,0.0,2.643095138681438,0.0,0.0,0.0,
0.0,3.479049891851255E-5,0.0,2.643095138681438,0.0,0.0,0.0,
0.0,3.479049891851255E-5,0.0,2.643095138681438,0.0,0.0,0.0,
0.0,3.479049891851255E-5,0.0,2.643095138681438,0.0,0.0,0.0,
0.0,3.479049891851255E-5,0.0,2.643095138681438,0.0,0.0,0.0,
0.0,3.479049891851255E-5,0.0,2.643095138681438,0.0,0.0,0.0,
0.0,3.479049891851255E-5,0.0,2.643095138681438,0.0,0.0,0.0,
0.0,3.479049891851255E-5,0.0,2.6704073913828905,0.0,0.0,0.0,
0.0,3.479049891851255E-5,0.0,2.6704073913828905,0.0,0.0,0.0,
0.0,3.479049891851255E-5,0.0,2.6704073913828905,0.0,0.0,0.0,
0.0,3.479049891851255E-5,0.0,2.6704073913828905,0.0,0.0,0.0,
0.0,3.479049891851255E-5,0.0,2.6704073913828905,0.0,0.0,0.0,
0.0,3.479049891851255E-5,0.0,2.6704073913828905,0.0,0.0,0.0,
0.0,3.479049891851255E-5,0.0,2.682925649460537,0.0,0.0,0.0,
0.0,3.479049891851255E-5,0.0,2.685437136257061,0.0,0.0,0.0,
0.0,3.479049891851255E-5,0.0,2.685437136257061,0.0,0.0,0.0,
0.0,3.479049891851255E-5,0.0,2.685437136257061,0.0,0.0,0.0,
0.0,3.479049891851255E-5,0.0,2.685437136257061,0.0,0.0,0.0,
0.0,3.479049891851255E-5,0.0,2.685437136257061,0.0,0.0,0.0,
0.0,3.479049891851255E-5,0.0,2.685437136257061,0.0,0.0,0.0,
0.0,3.479049891851255E-5,0.0,2.685437136257061,0.0,0.0,0.0,
0.0,3.479049891851255E-5,0.0,2.685437136257061,0.0,0.0,0.0,
0.0,3.479049891851255E-5,0.0,2.685437136257061,0.0,0.0,0.0,
0.0,3.479049891851255E-5,0.0,2.685437136257061,0.0,0.0,0.0,
0.0,3.479049891851255E-5,0.0,2.685437136257061,0.0,0.0,0.0,
0.0,3.479049891851255E-5,0.0,2.685437136257061,0.0,0.0,0.0,
0.0,3.479049891851255E-5,0.0,2.685437136257061,0.0,0.0,0.0,
0.0,3.479049891851255E-5,0.0,2.685437136257061,0.0,0.0,0.0,
0.0,3.479049891851255E-5,0.0,2.685437136257061,0.0,0.0,0.0,
0.0,3.479049891851255E-5,0.0,2.685437136257061,0.0,0.0,0.0,
0.0,3.479049891851255E-5,0.0,2.685437136257061,0.0,0.0,0.0,
0.0,3.479049891851255E-5,0.0,2.685437136257061,0.0,0.0,0.0,
0.0,3.479049891851255E-5,0.0,2.685437136257061,0.0,0.0,0.0,
0.0,3.479049891851255E-5,0.0,2.685437136257061,0.0,0.0,0.0,
0.0,3.479049891851255E-5,0.0,2.685437136257061,0.0,0.0,0.0,
0.0,3.479049891851255E-5,0.0,2.685437136257061,0.0,0.0,0.0,
0.0,3.479049891851255E-5,0.0,2.685437136257061,0.0,0.0,0.0,
0.0,3.479049891851255E-5,0.0,2.7114466166250306,0.0,0.0,0.0,
0.0,3.479049891851255E-5,0.0,2.7114466166250306,0.0,0.0,0.0,
0.0,3.479049891851255E-5,0.0,2.7114466166250306,0.0,0.0,0.0,
0.0,3.479049891851255E-5,0.0,2.7114466166250306,0.0,0.0,0.0,
0.0,3.479049891851255E-5,0.0,2.7114466166250306,0.0,0.0,0.0,
0.0,3.479049891851255E-5,0.0,2.7114466166250306,0.0,0.0,0.0,
0.0,3.479049891851255E-5,0.0,2.7114466166250306,0.0,0.0,0.0,
0.0,3.479049891851255E-5,0.0,2.636251040321061,0.0,0.0,0.0,
0.0,3.479049891851255E-5,0.0,2.636251040321061,0.0,0.0,0.0,
0.0,3.479049891851255E-5,0.0,2.629380621445725,0.0,0.0,0.0,
0.0,3.479049891851255E-5,0.0,2.6225649210989967,0.0,0.0,0.0,
0.0,3.479049891851255E-5,0.0,2.6225649210989967,0.0,0.0,0.0,
0.0,3.479049891851255E-5,0.0,2.6225649210989967,0.0,0.0,0.0,
0.0,3.479049891851255E-5,0.0,2.6225649210989967,0.0,0.0,0.0,
0.0,3.479049891851255E-5,0.0,2.6225649210989967,0.0,0.0,0.0,
0.0,3.479049891851255E-5,0.0,2.6225649210989967,0.0,0.0,0.0,
0.0,3.479049891851255E-5,0.0,2.6225649210989967,0.0,0.0,0.0,
0.0,3.479049891851255E-5,0.0,2.6225649210989967,0.0,0.0,0.0,
0.0,3.479049891851255E-5,0.0,2.6225649210989967,0.0,0.0,0.0,
0.0,3.479049891851255E-5,0.0,2.6225649210989967,0.0,0.0,0.0,
0.0,3.479049891851255E-5,0.0,2.6335197174233347,0.0,0.0,0.0,
0.0,3.479049891851255E-5,0.0,2.678422901464183,0.0,0.0,0.0,
0.0,3.479049891851255E-5,0.0,2.678422901464183,0.0,0.0,0.0,
0.0,3.479049891851255E-5,0.0,2.678422901464183,0.0,0.0,0.0,
0.0,3.479049891851255E-5,0.0,2.678422901464183,0.0,0.0,0.0,
0.0,3.479049891851255E-5,0.0,2.678422901464183,0.0,0.0,0.0,
0.0,3.479049891851255E-5,0.0,2.694979898113916,0.0,0.0,0.0,
0.0,3.479049891851255E-5,0.0,2.694979898113916,0.0,0.0,0.0,
0.0,3.479049891851255E-5,0.0,2.7075918454042496,0.0,0.0,0.0,
0.0,3.479049891851255E-5,0.0,2.7075918454042496,0.0,0.0,0.0,
0.0,3.479049891851255E-5,0.0,2.7075918454042496,0.0,0.0,0.0,
0.0,3.479049891851255E-5,0.0,2.7075918454042496,0.0,0.0,0.0,
0.0,3.479049891851255E-5,0.0,2.7075918454042496,0.0,0.0,0.0,
0.0,3.479049891851255E-5,0.0,2.7075918454042496,0.0,0.0,0.0,
0.0,3.479049891851255E-5,0.0,2.728113230890181,0.0,0.0,0.0,
0.0,3.479049891851255E-5,0.0,2.728113230890181,0.0,0.0,0.0,
0.0,3.479049891851255E-5,0.0,2.7276567764850452,0.0,0.0,0.0,
0.0,3.479049891851255E-5,0.0,2.7276567764850452,0.0,0.0,0.0,
0.0,3.479049891851255E-5,0.0,2.769548268444896,0.0,0.0,0.0,
0.0,3.479049891851255E-5,0.0,2.769548268444896,0.0,0.0,0.0,
0.0,3.479049891851255E-5,0.0,2.769548268444896,0.0,0.0,0.0,
0.0,3.479049891851255E-5,0.0,2.769548268444896,0.0,0.0,0.0,
0.0,3.479049891851255E-5,0.0,2.769548268444896,0.0,0.0,0.0,
0.0,3.479049891851255E-5,0.0,2.7735165047046677,0.0,0.0,0.0,
0.0,3.479049891851255E-5,0.0,2.7735165047046677,0.0,0.0,0.0,
0.0,3.479049891851255E-5,0.0,2.7735165047046677,0.0,0.0,0.0,
0.0,3.479049891851255E-5,0.0,2.7798522579389253,0.0,0.0,0.0,
0.0,3.479049891851255E-5,0.0,2.782112152111861,0.0,0.0,0.0,
0.0,3.479049891851255E-5,0.0,2.782112152111861,0.0,0.0,0.0,
0.0,3.479049891851255E-5,0.0,2.8221176763277276,0.0,0.0,0.0,
0.0,3.479049891851255E-5,0.0,2.8221176763277276,0.0,0.0,0.0,
0.0,3.479049891851255E-5,0.0,2.8221176763277276,0.0,0.0,0.0,
0.0,3.479049891851255E-5,0.0,2.823237399609727,0.0,0.0,0.0,
0.0,3.479049891851255E-5,0.0,2.823237399609727,0.0,0.0,0.0,
0.0,3.479049891851255E-5,0.0,2.823237399609727,0.0,0.0,0.0,
0.0,3.479049891851255E-5,0.0,2.823237399609727,0.0,0.0,0.0,
0.0,3.479049891851255E-5,0.0,2.857450904788826,0.0,0.0,0.0,
0.0,3.479049891851255E-5,0.0,2.854820174622934,0.0,0.0,0.0,
0.0,3.479049891851255E-5,0.0,2.854820174622934,0.0,0.0,0.0,
0.0,3.479049891851255E-5,0.0,2.85023275582535,0.0,0.0,0.0,
0.0,3.479049891851255E-5,0.0,2.85023275582535,0.0,0.0,0.0,
0.0,3.479049891851255E-5,0.0,2.85023275582535,0.0,0.0,0.0,
0.0,3.479049891851255E-5,0.0,2.840165378534004,0.0,0.0,0.0,
0.0,3.479049891851255E-5,0.0,2.8346897193876837,0.0,0.0,0.0,
0.0,3.479049891851255E-5,0.0,2.8346897193876837,0.0,0.0,0.0,
0.0,3.479049891851255E-5,0.0,2.8346897193876837,0.0,0.0,0.0,
0.0,3.479049891851255E-5,0.0,2.8346897193876837,0.0,0.0,0.0,
0.0,3.479049891851255E-5,0.0,2.8346897193876837,0.0,0.0,0.0,
0.0,3.479049891851255E-5,0.0,2.8346897193876837,0.0,0.0,0.0,
0.0,3.479049891851255E-5,0.0,2.8346897193876837,0.0,0.0,0.0,
0.0,3.479049891851255E-5,0.0,2.8346897193876837,0.0,0.0,0.0,
0.0,3.479049891851255E-5,0.0,2.8346897193876837,0.0,0.0,0.0,
0.0,3.479049891851255E-5,0.0,2.8346897193876837,0.0,0.0,0.0,
0.0,3.479049891851255E-5,0.0,2.846278070114436,0.0,0.0,0.0,
0.0,3.479049891851255E-5,0.0,2.764844244922716,0.0,0.0,0.0,
0.0,3.479049891851255E-5,0.0,2.764844244922716,0.0,0.0,0.0,
0.0,3.479049891851255E-5,0.0,2.764844244922716,0.0,0.0,0.0,
0.0,3.479049891851255E-5,0.0,2.780964315364809,0.0,0.0,0.0,
0.0,3.479049891851255E-5,0.0,2.780964315364809,0.0,0.0,0.0,
0.0,3.479049891851255E-5,0.0,2.780964315364809,0.0,0.0,0.0,
0.0,3.479049891851255E-5,0.0,2.780964315364809,0.0,0.0,0.0,
0.0,3.479049891851255E-5,0.0,2.7954617953583076,0.0,0.0,0.0,
0.0,3.479049891851255E-5,0.0,2.7954617953583076,0.0,0.0,0.0,
0.0,3.479049891851255E-5,0.0,2.7954617953583076,0.0,0.0,0.0,
0.0,3.479049891851255E-5,0.0,2.7954617953583076,0.0,0.0,0.0,
0.0,3.479049891851255E-5,0.0,2.7954617953583076,0.0,0.0,0.0,
0.0,3.479049891851255E-5,0.0,2.7954617953583076,0.0,0.0,0.0,
0.0,3.479049891851255E-5,0.0,2.7954617953583076,0.0,0.0,0.0,
0.0,3.479049891851255E-5,0.0,2.7954617953583076,0.0,0.0,0.0,
0.0,3.479049891851255E-5,0.0,2.8316311868160824,0.0,0.0,0.0,
0.0,3.479049891851255E-5,0.0,2.8316311868160824,0.0,0.0,0.0,
0.0,3.479049891851255E-5,0.0,2.8316311868160824,0.0,0.0,0.0,
0.0,3.479049891851255E-5,0.0,2.8316311868160824,0.0,0.0,0.0,
0.0,3.479049891851255E-5,0.0,2.8316311868160824,0.0,0.0,0.0,
0.0,3.479049891851255E-5,0.0,2.8151126665085497,0.0,0.0,0.0,
0.0,3.479049891851255E-5,0.0,2.8151126665085497,0.0,0.0,0.0,
0.0,3.479049891851255E-5,0.0,2.8151126665085497,0.0,0.0,0.0,
0.0,3.479049891851255E-5,0.0,2.8151126665085497,0.0,0.0,0.0,
0.0,3.479049891851255E-5,0.0,2.8151126665085497,0.0,0.0,0.0,
0.0,3.479049891851255E-5,0.0,2.8151126665085497,0.0,0.0,0.0,
0.0,3.479049891851255E-5,0.0,2.8151126665085497,0.0,0.0,0.0,
0.0,3.479049891851255E-5,0.0,2.8151126665085497,0.0,0.0,0.0,
0.0,3.479049891851255E-5,0.0,2.8151126665085497,0.0,0.0,0.0,
0.0,3.479049891851255E-5,0.0,2.8151126665085497,0.0,0.0,0.0,
0.0,3.479049891851255E-5,0.0,2.8329252852157136,0.0,0.0,0.0,
0.0,3.479049891851255E-5,0.0,2.8329252852157136,0.0,0.0,0.0,
0.0,3.479049891851255E-5,0.0,2.8329252852157136,0.0,0.0,0.0,
0.0,3.479049891851255E-5,0.0,2.8329252852157136,0.0,0.0,0.0,
0.0,3.479049891851255E-5,0.0,2.8329252852157136,0.0,0.0,0.0,
0.0,3.479049891851255E-5,0.0,2.763035257713426,0.0,0.0,0.0,
0.0,3.479049891851255E-5,0.0,2.763035257713426,0.0,0.0,0.0,
0.0,3.479049891851255E-5,0.0,2.763035257713426,0.0,0.0,0.0,
0.0,3.479049891851255E-5,0.0,2.763035257713426,0.0,0.0,0.0,
0.0,3.479049891851255E-5,0.0,2.763035257713426,0.0,0.0,0.0,
0.0,3.479049891851255E-5,0.0,2.763035257713426,0.0,0.0,0.0,
0.0,3.479049891851255E-5,0.0,2.763035257713426,0.0,0.0,0.0,
0.0,3.479049891851255E-5,0.0,2.763035257713426,0.0,0.0,0.0,
0.0,3.479049891851255E-5,0.0,2.763035257713426,0.0,0.0,0.0,
0.0,3.479049891851255E-5,0.0,2.7817774555986654,0.0,0.0,0.0,
0.0,3.479049891851255E-5,0.0,2.7817774555986654,0.0,0.0,0.0,
0.0,3.479049891851255E-5,0.0,2.7817774555986654,0.0,0.0,0.0,
0.0,3.479049891851255E-5,0.0,2.7817774555986654,0.0,0.0,0.0,
0.0,3.479049891851255E-5,0.0,2.80456783656536,0.0,0.0,0.0,
0.0,3.479049891851255E-5,0.0,2.80456783656536,0.0,0.0,0.0,
0.0,3.479049891851255E-5,0.0,2.8293017775279607,0.0,0.0,0.0,
0.0,3.479049891851255E-5,0.0,2.8293017775279607,0.0,0.0,0.0,
0.0,3.479049891851255E-5,0.0,2.8243145471600646,0.0,0.0,0.0,
0.0,3.479049891851255E-5,0.0,2.8243145471600646,0.0,0.0,0.0,
0.0,3.479049891851255E-5,0.0,2.8243145471600646,0.0,0.0,0.0,
0.0,3.479049891851255E-5,0.0,2.8243145471600646,0.0,0.0,0.0,
0.0,3.479049891851255E-5,0.0,2.8247152990078157,0.0,0.0,0.0,
0.0,3.479049891851255E-5,0.0,2.8247152990078157,0.0,0.0,0.0,
0.0,3.479049891851255E-5,0.0,2.814076991061822,0.0,0.0,0.0,
0.0,3.479049891851255E-5,0.0,2.814076991061822,0.0,0.0,0.0,
0.0,3.479049891851255E-5,0.0,2.814076991061822,0.0,0.0,0.0,
0.0,3.479049891851255E-5,0.0,2.814076991061822,0.0,0.0,0.0,
0.0,3.479049891851255E-5,0.0,2.814076991061822,0.0,0.0,0.0,
0.0,3.479049891851255E-5,0.0,2.814076991061822,0.0,0.0,0.0,
0.0,3.479049891851255E-5,0.0,2.814076991061822,0.0,0.0,0.0,
0.0,3.479049891851255E-5,0.0,2.814076991061822,0.0,0.0,0.0,
0.0,3.479049891851255E-5,0.0,2.814076991061822,0.0,0.0,0.0,
0.0,3.479049891851255E-5,0.0,2.814076991061822,0.0,0.0,0.0,
0.0,3.479049891851255E-5,0.0,2.814076991061822,0.0,0.0,0.0,
0.0,3.479049891851255E-5,0.0,2.814076991061822,0.0,0.0,0.0,
0.0,3.479049891851255E-5,0.0,2.814076991061822,0.0,0.0,0.0,
0.0,3.479049891851255E-5,0.0,2.814076991061822,0.0,0.0,0.0,
0.0,3.479049891851255E-5,0.0,2.814076991061822,0.0,0.0,0.0,
0.0,3.479049891851255E-5,0.0,2.814076991061822,0.0,0.0,0.0,
0.0,3.479049891851255E-5,0.0,2.8174472421536554,0.0,0.0,0.0,
0.0,3.479049891851255E-5,0.0,2.8174472421536554,0.0,0.0,0.0,
0.0,3.479049891851255E-5,0.0,2.8174472421536554,0.0,0.0,0.0,
0.0,3.479049891851255E-5,0.0,2.821059865730833,0.0,0.0,0.0,
0.0,3.479049891851255E-5,0.0,2.821059865730833,0.0,0.0,0.0,
0.0,3.479049891851255E-5,0.0,2.821059865730833,0.0,0.0,0.0,
0.0,3.479049891851255E-5,0.0,2.821059865730833,0.0,0.0,0.0,
0.0,3.479049891851255E-5,0.0,2.821059865730833,0.0,0.0,0.0,
0.0,3.479049891851255E-5,0.0,2.821059865730833,0.0,0.0,0.0,
0.0,3.479049891851255E-5,0.0,2.828490281833095,0.0,0.0,0.0,
0.0,3.479049891851255E-5,0.0,2.838740813528079,0.0,0.0,0.0,
0.0,3.479049891851255E-5,0.0,2.838740813528079,0.0,0.0,0.0,
0.0,3.479049891851255E-5,0.0,2.838740813528079,0.0,0.0,0.0,
0.0,3.479049891851255E-5,0.0,2.836907334231377,0.0,0.0,0.0,
0.0,3.479049891851255E-5,0.0,2.836907334231377,0.0,0.0,0.0,
0.0,3.479049891851255E-5,0.0,2.836907334231377,0.0,0.0,0.0,
0.0,3.479049891851255E-5,0.0,2.836907334231377,0.0,0.0,0.0,
0.0,3.479049891851255E-5,0.0,2.836907334231377,0.0,0.0,0.0,
0.0,3.479049891851255E-5,0.0,2.836907334231377,0.0,0.0,0.0,
0.0,3.479049891851255E-5,0.0,2.836907334231377,0.0,0.0,0.0,
0.0,3.479049891851255E-5,0.0,2.804150389667543,0.0,0.0,0.0,
0.0,3.479049891851255E-5,0.0,2.804150389667543,0.0,0.0,0.0,
0.0,3.479049891851255E-5,0.0,2.804150389667543,0.0,0.0,0.0,
0.0,3.479049891851255E-5,0.0,2.804150389667543,0.0,0.0,0.0,
0.0,3.479049891851255E-5,0.0,2.804150389667543,0.0,0.0,0.0,
0.0,3.479049891851255E-5,0.0,2.804150389667543,0.0,0.0,0.0,
0.0,3.479049891851255E-5,0.0,2.804150389667543,0.0,0.0,0.0,
0.0,3.479049891851255E-5,0.0,2.804150389667543,0.0,0.0,0.0,
0.0,3.479049891851255E-5,0.0,2.804150389667543,0.0,0.0,0.0,
0.0,3.479049891851255E-5,0.0,2.804150389667543,0.0,0.0,0.0,
0.0,3.479049891851255E-5,0.0,2.804150389667543,0.0,0.0,0.0,
0.0,3.479049891851255E-5,0.0,2.804150389667543,0.0,0.0,0.0,
0.0,3.479049891851255E-5,0.0,2.804150389667543,0.0,0.0,0.0,
0.0,3.479049891851255E-5,0.0,2.804150389667543,0.0,0.0,0.0,
0.0,3.479049891851255E-5,0.0,2.804150389667543,0.0,0.0,0.0,
0.0,3.479049891851255E-5,0.0,2.804150389667543,0.0,0.0,0.0,
0.0,3.479049891851255E-5,0.0,2.804150389667543,0.0,0.0,0.0,
0.0,3.479049891851255E-5,0.0,2.804150389667543,0.0,0.0,0.0,
0.0,3.479049891851255E-5,0.0,2.7972033707845982,0.0,0.0,0.0,
0.0,3.479049891851255E-5,0.0,2.7972033707845982,0.0,0.0,0.0,
0.0,3.479049891851255E-5,0.0,2.7972033707845982,0.0,0.0,0.0,
0.0,3.479049891851255E-5,0.0,2.7972033707845982,0.0,0.0,0.0,
0.0,3.479049891851255E-5,0.0,2.7972033707845982,0.0,0.0,0.0,
0.0,3.479049891851255E-5,0.0,2.7702071404189668,0.0,0.0,0.0,
0.0,3.479049891851255E-5,0.0,2.7702071404189668,0.0,0.0,0.0,
0.0,3.479049891851255E-5,0.0,2.7702071404189668,0.0,0.0,0.0,
0.0,3.479049891851255E-5,0.0,2.7702071404189668,0.0,0.0,0.0,
0.0,3.479049891851255E-5,0.0,2.7702071404189668,0.0,0.0,0.0,
0.0,3.479049891851255E-5,0.0,2.7702071404189668,0.0,0.0,0.0,
0.0,3.479049891851255E-5,0.0,2.7716124963431588,0.0,0.0,0.0,
0.0,3.479049891851255E-5,0.0,2.7716124963431588,0.0,0.0,0.0,
0.0,3.479049891851255E-5,0.0,2.7737968780320714,0.0,0.0,0.0,
0.0,3.479049891851255E-5,0.0,2.7737968780320714,0.0,0.0,0.0,
0.0,3.479049891851255E-5,0.0,2.7737968780320714,0.0,0.0,0.0,
0.0,3.479049891851255E-5,0.0,2.7737968780320714,0.0,0.0,0.0,
0.0,3.479049891851255E-5,0.0,2.7737968780320714,0.0,0.0,0.0,
0.0,3.479049891851255E-5,0.0,2.7737968780320714,0.0,0.0,0.0,
0.0,3.479049891851255E-5,0.0,2.7737968780320714,0.0,0.0,0.0,
0.0,3.479049891851255E-5,0.0,2.772697219422781,0.0,0.0,0.0,
0.0,3.479049891851255E-5,0.0,2.772697219422781,0.0,0.0,0.0,
0.0,3.479049891851255E-5,0.0,2.766795306890244,0.0,0.0,0.0,
0.0,3.479049891851255E-5,0.0,2.766795306890244,0.0,0.0,0.0,
0.0,3.479049891851255E-5,0.0,2.766795306890244,0.0,0.0,0.0,
0.0,3.479049891851255E-5,0.0,2.766795306890244,0.0,0.0,0.0,
0.0,3.479049891851255E-5,0.0,2.766795306890244,0.0,0.0,0.0,
0.0,3.479049891851255E-5,0.0,2.766795306890244,0.0,0.0,0.0,
0.0,3.479049891851255E-5,0.0,2.766795306890244,0.0,0.0,0.0,
0.0,3.479049891851255E-5,0.0,2.766795306890244,0.0,0.0,0.0,
0.0,3.479049891851255E-5,0.0,2.766795306890244,0.0,0.0,0.0,
0.0,3.479049891851255E-5,0.0,2.766795306890244,0.0,0.0,0.0,
0.0,3.479049891851255E-5,0.0,2.766795306890244,0.0,0.0,0.0,
0.0,3.479049891851255E-5,0.0,2.766795306890244,0.0,0.0,0.0,
0.0,3.479049891851255E-5,0.0,2.766795306890244,0.0,0.0,0.0,