
0.0,0.0,0.0,0.0,0.0,0.0,0.0,
0.0,0.0,0.0,0.0,0.0,0.0,0.0,
0.0,0.0,0.0,0.0,0.0,0.0,0.0,
0.0,0.0,0.0,0.0,0.0,0.0,0.0,
0.0,0.0,0.0,0.0,0.0,0.0,0.0,
0.0,0.0,0.0,0.0,0.0,0.0,0.0,
0.0,0.0,0.0,0.0,0.0,0.0,0.0,
0.0,9.496385034425496E-5,0.0,0.0014708224107032048,0.0,0.0,0.0,
0.0,9.496385034425496E-5,0.0,0.018522908653507416,0.0,0.0,0.0,
0.0,9.496385034425496E-5,0.0,0.016882662149818713,0.0,0.0,0.0,
0.0,0.033484043720782106,0.0,0.031095741693839718,0.0,0.0,0.0,
0.0,0.06495252448348209,0.0,0.060336074178806105,0.0,0.0,0.0,
0.0,0.08368073181132354,0.0,0.09389866235238695,0.0,0.0,0.0,
0.0,0.08368073181132354,0.0,0.09389866235238695,0.0,0.0,0.0,
0.0,0.08368073181132354,0.0,0.16207177056851824,0.0,0.0,0.0,
0.0,0.08368073181132354,0.0,0.18869411789107365,0.0,0.0,0.0,
0.0,0.08368073181132354,0.0,0.18869411789107365,0.0,0.0,0.0,
0.0,0.08368073181132354,0.0,0.1868482819683514,0.0,0.0,0.0,
0.0,0.08368073181132354,0.0,0.20487900722735458,0.0,0.0,0.0,
0.0,0.08368073181132354,0.0,0.219551235586898,0.0,0.0,0.0,
0.0,0.08368073181132354,0.0,0.23939841463969191,0.0,0.0,0.0,
0.0,0.08368073181132354,0.0,0.23939841463969191,0.0,0.0,0.0,
0.0,0.08368073181132354,0.0,0.2416105759170972,0.0,0.0,0.0,
0.0,0.08368073181132354,0.0,0.2416105759170972,0.0,0.0,0.0,
0.0,0.08368073181132354,0.0,0.24830150694641534,0.0,0.0,0.0,
0.0,0.08368073181132354,0.0,0.24830150694641534,0.0,0.0,0.0,
0.0,0.08368073181132354,0.0,0.24830150694641534,0.0,0.0,0.0,
0.0,0.08368073181132354,0.0,0.24830150694641534,0.0,0.0,0.0,
0.0,0.08368073181132354,0.0,0.24830150694641534,0.0,0.0,0.0,
0.0,0.08368073181132354,0.0,0.283136334163712,0.0,0.0,0.0,
0.0,0.08368073181132354,0.0,0.283136334163712,0.0,0.0,0.0,
0.0,0.08368073181132354,0.0,0.283136334163712,0.0,0.0,0.0,
0.0,0.08368073181132354,0.0,0.34741755635755045,0.0,0.0,0.0,
0.0,0.08368073181132354,0.0,0.37673732026852147,0.0,0.0,0.0,
0.0,0.08368073181132354,0.0,0.37673732026852147,0.0,0.0,0.0,
0.0,0.08368073181132354,0.0,0.37673732026852147,0.0,0.0,0.0,
0.0,0.08368073181132354,0.0,0.3907175704108243,0.0,0.0,0.0,
0.0,0.08368073181132354,0.0,0.41909640813529836,0.0,0.0,0.0,
0.0,0.08368073181132354,0.0,0.4285840999412546,0.0,0.0,0.0,
0.0,0.08368073181132354,0.0,0.4285840999412546,0.0,0.0,0.0,
0.0,0.08368073181132354,0.0,0.44451383704912056,0.0,0.0,0.0,
0.0,0.08368073181132354,0.0,0.44451383704912056,0.0,0.0,0.0,
0.0,0.08368073181132354,0.0,0.44451383704912056,0.0,0.0,0.0,
0.0,0.08368073181132354,0.0,0.45110524700335825,0.0,0.0,0.0,
0.0,0.08368073181132354,0.0,0.4342631083879967,0.0,0.0,0.0,
0.0,0.08368073181132354,0.0,0.4518867508937149,0.0,0.0,0.0,
0.0,0.08368073181132354,0.0,0.4518867508937149,0.0,0.0,0.0,
0.0,0.08368073181132354,0.0,0.4853815719529261,0.0,0.0,0.0,
0.0,0.08368073181132354,0.0,0.4853815719529261,0.0,0.0,0.0,
0.0,0.08368073181132354,0.0,0.45880979566785796,0.0,0.0,0.0,
0.0,0.08368073181132354,0.0,0.5057245045002168,0.0,0.0,0.0,
0.0,0.08368073181132354,0.0,0.5057245045002168,0.0,0.0,0.0,
0.0,0.08368073181132354,0.0,0.520475837620944,0.0,0.0,0.0,
0.0,0.08368073181132354,0.0,0.5068597105787128,0.0,0.0,0.0,
0.0,0.08368073181132354,0.0,0.5068597105787128,0.0,0.0,0.0,
0.0,0.08368073181132354,0.0,0.513754941486427,0.0,0.0,0.0,
0.0,0.08368073181132354,0.0,0.513754941486427,0.0,0.0,0.0,
0.0,0.08368073181132354,0.0,0.513754941486427,0.0,0.0,0.0,
0.0,0.08368073181132354,0.0,0.5209992971591196,0.0,0.0,0.0,
0.0,0.08368073181132354,0.0,0.5209992971591196,0.0,0.0,0.0,
0.0,0.08368073181132354,0.0,0.5006291134586852,0.0,0.0,0.0,
0.0,0.08368073181132354,0.0,0.4993938134875862,0.0,0.0,0.0,
0.0,0.08368073181132354,0.0,0.5015732261286663,0.0,0.0,0.0,
0.0,0.08368073181132354,0.0,0.5033910504606486,0.0,0.0,0.0,
0.0,0.08368073181132354,0.0,0.5030870786604051,0.0,0.0,0.0,
0.0,0.08368073181132354,0.0,0.5023145542274781,0.0,0.0,0.0,
0.0,0.08368073181132354,0.0,0.4992268195641353,0.0,0.0,0.0,
0.0,0.08368073181132354,0.0,0.4992268195641353,0.0,0.0,0.0,
0.0,0.08368073181132354,0.0,0.4992268195641353,0.0,0.0,0.0,
0.0,0.08368073181132354,0.0,0.4992268195641353,0.0,0.0,0.0,
0.0,0.08368073181132354,0.0,0.49659841055686726,0.0,0.0,0.0,
0.0,0.08368073181132354,0.0,0.49322716651105686,0.0,0.0,0.0,
0.0,0.08368073181132354,0.0,0.5002941991909537,0.0,0.0,0.0,
0.0,0.08368073181132354,0.0,0.5057266763024827,0.0,0.0,0.0,
0.0,0.08368073181132354,0.0,0.5057266763024827,0.0,0.0,0.0,
0.0,0.08368073181132354,0.0,0.48944827163183624,0.0,0.0,0.0,
0.0,0.08368073181132354,0.0,0.48944827163183624,0.0,0.0,0.0,
0.0,0.08368073181132354,0.0,0.48944827163183624,0.0,0.0,0.0,
0.0,0.08368073181132354,0.0,0.49978269666252234,0.0,0.0,0.0,
0.0,0.08368073181132354,0.0,0.49978269666252234,0.0,0.0,0.0,
0.0,0.08368073181132354,0.0,0.5012970586135947,0.0,0.0,0.0,
0.0,0.08368073181132354,0.0,0.5012970586135947,0.0,0.0,0.0,
0.0,0.08368073181132354,0.0,0.5012970586135947,0.0,0.0,0.0,
0.0,0.08368073181132354,0.0,0.5060699378304745,0.0,0.0,0.0,
0.0,0.08368073181132354,0.0,0.5090891862151805,0.0,0.0,0.0,
0.0,0.08368073181132354,0.0,0.5090891862151805,0.0,0.0,0.0,
0.0,0.08368073181132354,0.0,0.5090891862151805,0.0,0.0,0.0,
0.0,0.08368073181132354,0.0,0.5090891862151805,0.0,0.0,0.0,
0.0,0.08368073181132354,0.0,0.5090891862151805,0.0,0.0,0.0,
0.0,0.08368073181132354,0.0,0.5090891862151805,0.0,0.0,0.0,
0.0,0.08368073181132354,0.0,0.5224823510782259,0.0,0.0,0.0,
0.0,0.08368073181132354,0.0,0.5272760743961439,0.0,0.0,0.0,
0.0,0.08368073181132354,0.0,0.5272760743961439,0.0,0.0,0.0,
0.0,0.08368073181132354,0.0,0.5272760743961439,0.0,0.0,0.0,
0.0,0.08368073181132354,0.0,0.5261936389098028,0.0,0.0,0.0,
0.0,0.08368073181132354,0.0,0.5261936389098028,0.0,0.0,0.0,
0.0,0.08368073181132354,0.0,0.5261936389098028,0.0,0.0,0.0,
0.0,0.08368073181132354,0.0,0.5313617389443989,0.0,0.0,0.0,
0.0,0.08368073181132354,0.0,0.5313617389443989,0.0,0.0,0.0,
0.0,0.08368073181132354,0.0,0.5331917072207993,0.0,0.0,0.0,
0.0,0.08368073181132354,0.0,0.5331917072207993,0.0,0.0,0.0,
0.0,0.08368073181132354,0.0,0.5331917072207993,0.0,0.0,0.0,
0.0,0.08368073181132354,0.0,0.5365741335530108,0.0,0.0,0.0,
0.0,0.08368073181132354,0.0,0.5365741335530108,0.0,0.0,0.0,
0.0,0.08368073181132354,0.0,0.5370190806216797,0.0,0.0,0.0,
0.0,0.08368073181132354,0.0,0.5341808213422288,0.0,0.0,0.0,
0.0,0.08368073181132354,0.0,0.5319352581918878,0.0,0.0,0.0,
0.0,0.08368073181132354,0.0,0.5233089259180351,0.0,0.0,0.0,
0.0,0.08368073181132354,0.0,0.523082434150706,0.0,0.0,0.0,
0.0,0.08368073181132354,0.0,0.5254233453780055,0.0,0.0,0.0,
0.0,0.08368073181132354,0.0,0.5254233453780055,0.0,0.0,0.0,
0.0,0.08368073181132354,0.0,0.5254233453780055,0.0,0.0,0.0,
0.0,0.08368073181132354,0.0,0.5091590526445564,0.0,0.0,0.0,
0.0,0.08368073181132354,0.0,0.5091590526445564,0.0,0.0,0.0,
0.0,0.08368073181132354,0.0,0.5133613169121605,0.0,0.0,0.0,
0.0,0.08368073181132354,0.0,0.5133613169121605,0.0,0.0,0.0,
0.0,0.08368073181132354,0.0,0.5133613169121605,0.0,0.0,0.0,
0.0,0.08368073181132354,0.0,0.5133613169121605,0.0,0.0,0.0,
0.0,0.08368073181132354,0.0,0.5133613169121605,0.0,0.0,0.0,
0.0,0.08368073181132354,0.0,0.5133613169121605,0.0,0.0,0.0,
0.0,0.08368073181132354,0.0,0.5180654285177615,0.0,0.0,0.0,
0.0,0.08368073181132354,0.0,0.5258826804142749,0.0,0.0,0.0,
0.0,0.08368073181132354,0.0,0.5101130110096931,0.0,0.0,0.0,
0.0,0.08368073181132354,0.0,0.5193609913792712,0.0,0.0,0.0,
0.0,0.08368073181132354,0.0,0.5042493350471096,0.0,0.0,0.0,
0.0,0.08368073181132354,0.0,0.4899900761757368,0.0,0.0,0.0,
0.0,0.08368073181132354,0.0,0.4899900761757368,0.0,0.0,0.0,
0.0,0.08368073181132354,0.0,0.5109266593434646,0.0,0.0,0.0,
0.0,0.08368073181132354,0.0,0.5171172668203374,0.0,0.0,0.0,
0.0,0.08368073181132354,0.0,0.5324469531009202,0.0,0.0,0.0,
0.0,0.08368073181132354,0.0,0.5324469531009202,0.0,0.0,0.0,
0.0,0.08368073181132354,0.0,0.5158485192685504,0.0,0.0,0.0,
0.0,0.08368073181132354,0.0,0.5158485192685504,0.0,0.0,0.0,
0.0,0.08368073181132354,0.0,0.5158485192685504,0.0,0.0,0.0,
0.0,0.08368073181132354,0.0,0.5248086767018285,0.0,0.0,0.0,
0.0,0.08368073181132354,0.0,0.5248086767018285,0.0,0.0,0.0,
0.0,0.08368073181132354,0.0,0.5267019515975198,0.0,0.0,0.0,
0.0,0.08368073181132354,0.0,0.5267019515975198,0.0,0.0,0.0,
0.0,0.08368073181132354,0.0,0.5320985315523433,0.0,0.0,0.0,
0.0,0.08368073181132354,0.0,0.5320985315523433,0.0,0.0,0.0,
0.0,0.08368073181132354,0.0,0.5320985315523433,0.0,0.0,0.0,
0.0,0.08368073181132354,0.0,0.5391123960614042,0.0,0.0,0.0,
0.0,0.08368073181132354,0.0,0.5476219004226769,0.0,0.0,0.0,
0.0,0.08368073181132354,0.0,0.5476219004226769,0.0,0.0,0.0,
0.0,0.08368073181132354,0.0,0.5531923297299053,0.0,0.0,0.0,
0.0,0.08368073181132354,0.0,0.5531923297299053,0.0,0.0,0.0,
0.0,0.08368073181132354,0.0,0.5658334661933557,0.0,0.0,0.0,
0.0,0.08368073181132354,0.0,0.5691512054514163,0.0,0.0,0.0,
0.0,0.08368073181132354,0.0,0.5691512054514163,0.0,0.0,0.0,
0.0,0.08368073181132354,0.0,0.566840762387862,0.0,0.0,0.0,
0.0,0.08368073181132354,0.0,0.5654400591880285,0.0,0.0,0.0,
0.0,0.08368073181132354,0.0,0.5654400591880285,0.0,0.0,0.0,
0.0,0.08368073181132354,0.0,0.5654400591880285,0.0,0.0,0.0,
0.0,0.08368073181132354,0.0,0.5654400591880285,0.0,0.0,0.0,
0.0,0.08368073181132354,0.0,0.5618050931951343,0.0,0.0,0.0,
0.0,0.08368073181132354,0.0,0.5623917455567999,0.0,0.0,0.0,
0.0,0.08368073181132354,0.0,0.5424653646577217,0.0,0.0,0.0,
0.0,0.08368073181132354,0.0,0.5422884950972335,0.0,0.0,0.0,
0.0,0.08368073181132354,0.0,0.5436891700021695,0.0,0.0,0.0,
0.0,0.08368073181132354,0.0,0.5436891700021695,0.0,0.0,0.0,
0.0,0.08368073181132354,0.0,0.5465781923929431,0.0,0.0,0.0,
0.0,0.08368073181132354,0.0,0.5465781923929431,0.0,0.0,0.0,
0.0,0.08368073181132354,0.0,0.5465781923929431,0.0,0.0,0.0,
0.0,0.08368073181132354,0.0,0.5465781923929431,0.0,0.0,0.0,
0.0,0.08368073181132354,0.0,0.5465781923929431,0.0,0.0,0.0,
0.0,0.08368073181132354,0.0,0.5465781923929431,0.0,0.0,0.0,
0.0,0.08368073181132354,0.0,0.5556088161230823,0.0,0.0,0.0,
0.0,0.08368073181132354,0.0,0.5493766723083291,0.0,0.0,0.0,
0.0,0.08368073181132354,0.0,0.5493766723083291,0.0,0.0,0.0,
0.0,0.08368073181132354,0.0,0.5498627530172561,0.0,0.0,0.0,
0.0,0.08368073181132354,0.0,0.5507788415904902,0.0,0.0,0.0,
0.0,0.08368073181132354,0.0,0.5523973479460923,0.0,0.0,0.0,
0.0,0.08368073181132354,0.0,0.5523973479460923,0.0,0.0,0.0,
0.0,0.08368073181132354,0.0,0.5570975060939862,0.0,0.0,0.0,
0.0,0.08368073181132354,0.0,0.569964706042136,0.0,0.0,0.0,
0.0,0.08368073181132354,0.0,0.5738655611245483,0.0,0.0,0.0,
0.0,0.08368073181132354,0.0,0.5738655611245483,0.0,0.0,0.0,
0.0,0.08368073181132354,0.0,0.5738655611245483,0.0,0.0,0.0,
0.0,0.08368073181132354,0.0,0.5738655611245483,0.0,0.0,0.0,
0.0,0.08368073181132354,0.0,0.5738655611245483,0.0,0.0,0.0,
0.0,0.08368073181132354,0.0,0.5738655611245483,0.0,0.0,0.0,
0.0,0.08368073181132354,0.0,0.5738655611245483,0.0,0.0,0.0,
0.0,0.08368073181132354,0.0,0.5738655611245483,0.0,0.0,0.0,
0.0,0.08368073181132354,0.0,0.5657132607964336,0.0,0.0,0.0,
0.0,0.08368073181132354,0.0,0.56943653505047,0.0,0.0,0.0,
0.0,0.08368073181132354,0.0,0.5605994404528961,0.0,0.0,0.0,
0.0,0.08368073181132354,0.0,0.5707568694403343,0.0,0.0,0.0,
0.0,0.08368073181132354,0.0,0.5688184228280015,0.0,0.0,0.0,
0.0,0.08368073181132354,0.0,0.566122526996743,0.0,0.0,0.0,
0.0,0.08368073181132354,0.0,0.566122526996743,0.0,0.0,0.0,
0.0,0.08368073181132354,0.0,0.566122526996743,0.0,0.0,0.0,
0.0,0.08368073181132354,0.0,0.5657909584852823,0.0,0.0,0.0,
0.0,0.08368073181132354,0.0,0.5657909584852823,0.0,0.0,0.0,
0.0,0.08368073181132354,0.0,0.5659759519577654,0.0,0.0,0.0,
0.0,0.08368073181132354,0.0,0.5448100053756627,0.0,0.0,0.0,
0.0,0.08368073181132354,0.0,0.5434808912186981,0.0,0.0,0.0,
0.0,0.08368073181132354,0.0,0.5434808912186981,0.0,0.0,0.0,
0.0,0.08368073181132354,0.0,0.537934782743114,0.0,0.0,0.0,
0.0,0.08368073181132354,0.0,0.5397156874553493,0.0,0.0,0.0,
0.0,0.08368073181132354,0.0,0.5397156874553493,0.0,0.0,0.0,
0.0,0.08368073181132354,0.0,0.5397156874553493,0.0,0.0,0.0,
0.0,0.08368073181132354,0.0,0.5397156874553493,0.0,0.0,0.0,
0.0,0.08368073181132354,0.0,0.5396367043898844,0.0,0.0,0.0,
0.0,0.08368073181132354,0.0,0.5396367043898844,0.0,0.0,0.0,
0.0,0.08368073181132354,0.0,0.537106676578767,0.0,0.0,0.0,
0.0,0.08368073181132354,0.0,0.537106676578767,0.0,0.0,0.0,
0.0,0.08368073181132354,0.0,0.5362969969542357,0.0,0.0,0.0,
0.0,0.08368073181132354,0.0,0.5379043813731483,0.0,0.0,0.0,
0.0,0.08368073181132354,0.0,0.5425244289486377,0.0,0.0,0.0,
0.0,0.08368073181132354,0.0,0.5425244289486377,0.0,0.0,0.0,
0.0,0.08368073181132354,0.0,0.5425244289486377,0.0,0.0,0.0,
0.0,0.08368073181132354,0.0,0.5299146833468694,0.0,0.0,0.0,
0.0,0.08368073181132354,0.0,0.5299146833468694,0.0,0.0,0.0,
0.0,0.08368073181132354,0.0,0.5299146833468694,0.0,0.0,0.0,
0.0,0.08368073181132354,0.0,0.5299146833468694,0.0,0.0,0.0,
0.0,0.08368073181132354,0.0,0.519103356560946,0.0,0.0,0.0,
0.0,0.08368073181132354,0.0,0.5229149350384268,0.0,0.0,0.0,
0.0,0.08368073181132354,0.0,0.5239388469956002,0.0,0.0,0.0,
0.0,0.08368073181132354,0.0,0.5239388469956002,0.0,0.0,0.0,
0.0,0.08368073181132354,0.0,0.5221748256730437,0.0,0.0,0.0,
0.0,0.08368073181132354,0.0,0.527321167197495,0.0,0.0,0.0,
0.0,0.08368073181132354,0.0,0.5281337016351813,0.0,0.0,0.0,
0.0,0.08368073181132354,0.0,0.5281337016351813,0.0,0.0,0.0,
0.0,0.08368073181132354,0.0,0.515762723095588,0.0,0.0,0.0,
0.0,0.08368073181132354,0.0,0.515762723095588,0.0,0.0,0.0,
0.0,0.08368073181132354,0.0,0.515963218191178,0.0,0.0,0.0,
0.0,0.08368073181132354,0.0,0.515963218191178,0.0,0.0,0.0,
0.0,0.08368073181132354,0.0,0.4953652592102413,0.0,0.0,0.0,
0.0,0.08368073181132354,0.0,0.4916421958789388,0.0,0.0,0.0,
0.0,0.08368073181132354,0.0,0.4916421958789388,0.0,0.0,0.0,
0.0,0.08368073181132354,0.0,0.4805788108498489,0.0,0.0,0.0,
0.0,0.08368073181132354,0.0,0.4805788108498489,0.0,0.0,0.0,
0.0,0.08368073181132354,0.0,0.4805788108498489,0.0,0.0,0.0,
0.0,0.08368073181132354,0.0,0.4805788108498489,0.0,0.0,0.0,
0.0,0.08368073181132354,0.0,0.47405381214130476,0.0,0.0,0.0,
0.0,0.08368073181132354,0.0,0.47747816978981505,0.0,0.0,0.0,
0.0,0.08368073181132354,0.0,0.47747816978981505,0.0,0.0,0.0,
0.0,0.08368073181132354,0.0,0.47747816978981505,0.0,0.0,0.0,
0.0,0.08368073181132354,0.0,0.47747816978981505,0.0,0.0,0.0,
0.0,0.08368073181132354,0.0,0.47747816978981505,0.0,0.0,0.0,
0.0,0.08368073181132354,0.0,0.47747816978981505,0.0,0.0,0.0,
0.0,0.08368073181132354,0.0,0.47747816978981505,0.0,0.0,0.0,
0.0,0.08368073181132354,0.0,0.47747816978981505,0.0,0.0,0.0,
0.0,0.08368073181132354,0.0,0.47747816978981505,0.0,0.0,0.0,
0.0,0.08368073181132354,0.0,0.4843457248900571,0.0,0.0,0.0,
0.0,0.08368073181132354,0.0,0.4843457248900571,0.0,0.0,0.0,
0.0,0.08368073181132354,0.0,0.4843457248900571,0.0,0.0,0.0,
0.0,0.08368073181132354,0.0,0.4843457248900571,0.0,0.0,0.0,
0.0,0.08368073181132354,0.0,0.48838556360291996,0.0,0.0,0.0,
0.0,0.08368073181132354,0.0,0.48726725946839783,0.0,0.0,0.0,
0.0,0.08368073181132354,0.0,0.47847706350616265,0.0,0.0,0.0,
0.0,0.08368073181132354,0.0,0.4851139729324858,0.0,0.0,0.0,
0.0,0.08368073181132354,0.0,0.4851139729324858,0.0,0.0,0.0,
0.0,0.08368073181132354,0.0,0.4889565167202331,0.0,0.0,0.0,
0.0,0.08368073181132354,0.0,0.4889565167202331,0.0,0.0,0.0,
0.0,0.08368073181132354,0.0,0.5143070054746238,0.0,0.0,0.0,
0.0,0.08368073181132354,0.0,0.5191775982606042,0.0,0.0,0.0,
0.0,0.08368073181132354,0.0,0.5191775982606042,0.0,0.0,0.0,
0.0,0.08368073181132354,0.0,0.5126610869856643,0.0,0.0,0.0,
0.0,0.08368073181132354,0.0,0.5126610869856643,0.0,0.0,0.0,
0.0,0.08368073181132354,0.0,0.516380578737861,0.0,0.0,0.0,
0.0,0.08368073181132354,0.0,0.516380578737861,0.0,0.0,0.0,
0.0,0.08368073181132354,0.0,0.509379006759229,0.0,0.0,0.0,
0.0,0.08368073181132354,0.0,0.509379006759229,0.0,0.0,0.0,
0.0,0.08368073181132354,0.0,0.5086041092740885,0.0,0.0,0.0,
0.0,0.08368073181132354,0.0,0.5063281184031773,0.0,0.0,0.0,
0.0,0.08368073181132354,0.0,0.5142354995898771,0.0,0.0,0.0,
0.0,0.08368073181132354,0.0,0.5302132076423679,0.0,0.0,0.0,
0.0,0.08368073181132354,0.0,0.5302132076423679,0.0,0.0,0.0,
0.0,0.08368073181132354,0.0,0.5302132076423679,0.0,0.0,0.0,
0.0,0.08368073181132354,0.0,0.5328428691532126,0.0,0.0,0.0,
0.0,0.08368073181132354,0.0,0.5328428691532126,0.0,0.0,0.0,
0.0,0.08368073181132354,0.0,0.5328428691532126,0.0,0.0,0.0,
0.0,0.08368073181132354,0.0,0.5328428691532126,0.0,0.0,0.0,
0.0,0.08368073181132354,0.0,0.5400772523468143,0.0,0.0,0.0,
0.0,0.08368073181132354,0.0,0.5404946239323871,0.0,0.0,0.0,
0.0,0.08368073181132354,0.0,0.5404946239323871,0.0,0.0,0.0,
0.0,0.08368073181132354,0.0,0.5324607848561816,0.0,0.0,0.0,
0.0,0.08368073181132354,0.0,0.5286856805905366,0.0,0.0,0.0,
0.0,0.08368073181132354,0.0,0.5293025860311308,0.0,0.0,0.0,
0.0,0.08368073181132354,0.0,0.5293025860311308,0.0,0.0,0.0,
0.0,0.08368073181132354,0.0,0.5293025860311308,0.0,0.0,0.0,
0.0,0.08368073181132354,0.0,0.5293025860311308,0.0,0.0,0.0,
0.0,0.08368073181132354,0.0,0.5293025860311308,0.0,0.0,0.0,
0.0,0.08368073181132354,0.0,0.5384846756650707,0.0,0.0,0.0,
0.0,0.08368073181132354,0.0,0.5384846756650707,0.0,0.0,0.0,
0.0,0.08368073181132354,0.0,0.5384846756650707,0.0,0.0,0.0,
0.0,0.08368073181132354,0.0,0.5384846756650707,0.0,0.0,0.0,
0.0,0.08368073181132354,0.0,0.5384846756650707,0.0,0.0,0.0,
0.0,0.08368073181132354,0.0,0.5384846756650707,0.0,0.0,0.0,
0.0,0.08368073181132354,0.0,0.5222387093804512,0.0,0.0,0.0,
0.0,0.08368073181132354,0.0,0.5222387093804512,0.0,0.0,0.0,
0.0,0.08368073181132354,0.0,0.5222387093804512,0.0,0.0,0.0,
0.0,0.08368073181132354,0.0,0.5222387093804512,0.0,0.0,0.0,
0.0,0.08368073181132354,0.0,0.5222387093804512,0.0,0.0,0.0,
0.0,0.08368073181132354,0.0,0.532124962461122,0.0,0.0,0.0,
0.0,0.08368073181132354,0.0,0.5420215737010343,0.0,0.0,0.0,
0.0,0.08368073181132354,0.0,0.5420215737010343,0.0,0.0,0.0,
0.0,0.08368073181132354,0.0,0.5420215737010343,0.0,0.0,0.0,
0.0,0.08368073181132354,0.0,0.5420215737010343,0.0,0.0,0.0,
0.0,0.08368073181132354,0.0,0.5420215737010343,0.0,0.0,0.0,
0.0,0.08368073181132354,0.0,0.5420215737010343,0.0,0.0,0.0,
0.0,0.08368073181132354,0.0,0.5495657925061126,0.0,0.0,0.0,
0.0,0.08368073181132354,0.0,0.5495657925061126,0.0,0.0,0.0,
0.0,0.08368073181132354,0.0,0.5495657925061126,0.0,0.0,0.0,
0.0,0.08368073181132354,0.0,0.5412177011370398,0.0,0.0,0.0,
0.0,0.08368073181132354,0.0,0.5494414232083362,0.0,0.0,0.0,
0.0,0.08368073181132354,0.0,0.5580323680650306,0.0,0.0,0.0,
0.0,0.08368073181132354,0.0,0.5858276145957493,0.0,0.0,0.0,
0.0,0.08368073181132354,0.0,0.5885765374436726,0.0,0.0,0.0,
0.0,0.08368073181132354,0.0,0.5900450770385046,0.0,0.0,0.0,
0.0,0.08368073181132354,0.0,0.5900450770385046,0.0,0.0,0.0,
0.0,0.08368073181132354,0.0,0.5900450770385046,0.0,0.0,0.0,
0.0,0.08368073181132354,0.0,0.5882101625723968,0.0,0.0,0.0,
0.0,0.08368073181132354,0.0,0.5882101625723968,0.0,0.0,0.0,
0.0,0.08368073181132354,0.0,0.5882101625723968,0.0,0.0,0.0,
0.0,0.08368073181132354,0.0,0.5882101625723968,0.0,0.0,0.0,
0.0,0.08368073181132354,0.0,0.5882101625723968,0.0,0.0,0.0,
0.0,0.08368073181132354,0.0,0.5882101625723968,0.0,0.0,0.0,
0.0,0.08368073181132354,0.0,0.5943902351689409,0.0,0.0,0.0,
0.0,0.08368073181132354,0.0,0.5943902351689409,0.0,0.0,0.0,
0.0,0.08368073181132354,0.0,0.5943902351689409,0.0,0.0,0.0,
0.0,0.08368073181132354,0.0,0.5943902351689409,0.0,0.0,0.0,
0.0,0.08368073181132354,0.0,0.5943902351689409,0.0,0.0,0.0,
0.0,0.08368073181132354,0.0,0.5943902351689409,0.0,0.0,0.0,
0.0,0.08368073181132354,0.0,0.5943902351689409,0.0,0.0,0.0,
0.0,0.08368073181132354,0.0,0.5943902351689409,0.0,0.0,0.0,
0.0,0.08368073181132354,0.0,0.5943902351689409,0.0,0.0,0.0,
0.0,0.08368073181132354,0.0,0.5943902351689409,0.0,0.0,0.0,
0.0,0.08368073181132354,0.0,0.5943902351689409,0.0,0.0,0.0,
0.0,0.08368073181132354,0.0,0.579191154929471,0.0,0.0,0.0,
0.0,0.08368073181132354,0.0,0.579191154929471,0.0,0.0,0.0,
0.0,0.08368073181132354,0.0,0.5672269823631312,0.0,0.0,0.0,
0.0,0.08368073181132354,0.0,0.5583132801327683,0.0,0.0,0.0,
0.0,0.08368073181132354,0.0,0.5583132801327683,0.0,0.0,0.0,
0.0,0.08368073181132354,0.0,0.5583132801327683,0.0,0.0,0.0,
0.0,0.08368073181132354,0.0,0.5583132801327683,0.0,0.0,0.0,
0.0,0.08368073181132354,0.0,0.5568213648818394,0.0,0.0,0.0,
0.0,0.08368073181132354,0.0,0.5576539102793592,0.0,0.0,0.0,
0.0,0.08368073181132354,0.0,0.5576539102793592,0.0,0.0,0.0,
0.0,0.08368073181132354,0.0,0.5580176029274866,0.0,0.0,0.0,
0.0,0.08368073181132354,0.0,0.5580176029274866,0.0,0.0,0.0,
0.0,0.08368073181132354,0.0,0.5580176029274866,0.0,0.0,0.0,
0.0,0.08368073181132354,0.0,0.5580176029274866,0.0,0.0,0.0,
0.0,0.08368073181132354,0.0,0.5580176029274866,0.0,0.0,0.0,
0.0,0.08368073181132354,0.0,0.5385595760585538,0.0,0.0,0.0,
0.0,0.08368073181132354,0.0,0.5385595760585538,0.0,0.0,0.0,
0.0,0.08368073181132354,0.0,0.537717300838846,0.0,0.0,0.0,
0.0,0.08368073181132354,0.0,0.533164400712822,0.0,0.0,0.0,
0.0,0.08368073181132354,0.0,0.5353682293880465,0.0,0.0,0.0,
0.0,0.08368073181132354,0.0,0.5353682293880465,0.0,0.0,0.0,
0.0,0.08368073181132354,0.0,0.5353682293880465,0.0,0.0,0.0,
0.0,0.08368073181132354,0.0,0.5353682293880465,0.0,0.0,0.0,
0.0,0.08368073181132354,0.0,0.5353682293880465,0.0,0.0,0.0,
0.0,0.08368073181132354,0.0,0.5409166987863758,0.0,0.0,0.0,
0.0,0.08368073181132354,0.0,0.5558920094598669,0.0,0.0,0.0,
0.0,0.08368073181132354,0.0,0.5558920094598669,0.0,0.0,0.0,
0.0,0.08368073181132354,0.0,0.5558920094598669,0.0,0.0,0.0,
0.0,0.08368073181132354,0.0,0.5602941022882179,0.0,0.0,0.0,
0.0,0.08368073181132354,0.0,0.5728358434761777,0.0,0.0,0.0,
0.0,0.08368073181132354,0.0,0.558765611401952,0.0,0.0,0.0,
0.0,0.08368073181132354,0.0,0.558765611401952,0.0,0.0,0.0,
0.0,0.08368073181132354,0.0,0.5530676707725977,0.0,0.0,0.0,
0.0,0.08368073181132354,0.0,0.5448170364030338,0.0,0.0,0.0,
0.0,0.08368073181132354,0.0,0.5414212550737958,0.0,0.0,0.0,
0.0,0.08368073181132354,0.0,0.5232596928154496,0.0,0.0,0.0,
0.0,0.08368073181132354,0.0,0.526044555059352,0.0,0.0,0.0,
0.0,0.08368073181132354,0.0,0.5178356793199761,0.0,0.0,0.0,
0.0,0.08368073181132354,0.0,0.5126653060633913,0.0,0.0,0.0,
0.0,0.08368073181132354,0.0,0.5121219877831156,0.0,0.0,0.0,
0.0,0.08368073181132354,0.0,0.5122107584321098,0.0,0.0,0.0,
0.0,0.08368073181132354,0.0,0.5194455630432451,0.0,0.0,0.0,
0.0,0.08368073181132354,0.0,0.5194455630432451,0.0,0.0,0.0,
0.0,0.08368073181132354,0.0,0.5194455630432451,0.0,0.0,0.0,
0.0,0.08368073181132354,0.0,0.5228541905117736,0.0,0.0,0.0,
0.0,0.08368073181132354,0.0,0.5304777294345511,0.0,0.0,0.0,
0.0,0.08368073181132354,0.0,0.5304777294345511,0.0,0.0,0.0,
0.0,0.08368073181132354,0.0,0.5304777294345511,0.0,0.0,0.0,
0.0,0.08368073181132354,0.0,0.5304777294345511,0.0,0.0,0.0,
0.0,0.08368073181132354,0.0,0.5304777294345511,0.0,0.0,0.0,
0.0,0.08368073181132354,0.0,0.5304777294345511,0.0,0.0,0.0,
0.0,0.08368073181132354,0.0,0.5552801829824049,0.0,0.0,0.0,
0.0,0.08368073181132354,0.0,0.5552801829824049,0.0,0.0,0.0,
0.0,0.08368073181132354,0.0,0.5681387461948978,0.0,0.0,0.0,
0.0,0.08368073181132354,0.0,0.5747119912648638,0.0,0.0,0.0,
0.0,0.08368073181132354,0.0,0.5747119912648638,0.0,0.0,0.0,
0.0,0.08368073181132354,0.0,0.5747119912648638,0.0,0.0,0.0,
0.0,0.08368073181132354,0.0,0.5747119912648638,0.0,0.0,0.0,
0.0,0.08368073181132354,0.0,0.575127049783342,0.0,0.0,0.0,
0.0,0.08368073181132354,0.0,0.575127049783342,0.0,0.0,0.0,
0.0,0.08368073181132354,0.0,0.575127049783342,0.0,0.0,0.0,
0.0,0.08368073181132354,0.0,0.575127049783342,0.0,0.0,0.0,
0.0,0.08368073181132354,0.0,0.5840659660641822,0.0,0.0,0.0,
0.0,0.08368073181132354,0.0,0.5980183183819185,0.0,0.0,0.0,
0.0,0.08368073181132354,0.0,0.577493314546078,0.0,0.0,0.0,
0.0,0.08368073181132354,0.0,0.5727109597446418,0.0,0.0,0.0,
0.0,0.08368073181132354,0.0,0.5727109597446418,0.0,0.0,0.0,
0.0,0.08368073181132354,0.0,0.5356463645250302,0.0,0.0,0.0,
0.0,0.08368073181132354,0.0,0.5356463645250302,0.0,0.0,0.0,
0.0,0.08368073181132354,0.0,0.5275267790432481,0.0,0.0,0.0,
0.0,0.08368073181132354,0.0,0.513338497738612,0.0,0.0,0.0,
0.0,0.08368073181132354,0.0,0.5115552526243151,0.0,0.0,0.0,
0.0,0.08368073181132354,0.0,0.5115552526243151,0.0,0.0,0.0,
0.0,0.08368073181132354,0.0,0.5115552526243151,0.0,0.0,0.0,
0.0,0.08368073181132354,0.0,0.5167321195420325,0.0,0.0,0.0,
0.0,0.08368073181132354,0.0,0.5119713076598267,0.0,0.0,0.0,
0.0,0.08368073181132354,0.0,0.5119713076598267,0.0,0.0,0.0,
0.0,0.08368073181132354,0.0,0.5119713076598267,0.0,0.0,0.0,
0.0,0.08368073181132354,0.0,0.5119713076598267,0.0,0.0,0.0,
0.0,0.08368073181132354,0.0,0.5179806639076119,0.0,0.0,0.0,
0.0,0.08368073181132354,0.0,0.5179806639076119,0.0,0.0,0.0,
0.0,0.08368073181132354,0.0,0.5190451197944977,0.0,0.0,0.0,
0.0,0.08368073181132354,0.0,0.5190451197944977,0.0,0.0,0.0,
0.0,0.08368073181132354,0.0,0.5190451197944977,0.0,0.0,0.0,
0.0,0.08368073181132354,0.0,0.5190451197944977,0.0,0.0,0.0,
0.0,0.08368073181132354,0.0,0.5073889961102241,0.0,0.0,0.0,
0.0,0.08368073181132354,0.0,0.5043075418142812,0.0,0.0,0.0,
0.0,0.08368073181132354,0.0,0.5084884865569046,0.0,0.0,0.0,
0.0,0.08368073181132354,0.0,0.5174537809732889,0.0,0.0,0.0,
0.0,0.08368073181132354,0.0,0.5174537809732889,0.0,0.0,0.0,
0.0,0.08368073181132354,0.0,0.5174537809732889,0.0,0.0,0.0,
0.0,0.08368073181132354,0.0,0.5174537809732889,0.0,0.0,0.0,
0.0,0.08368073181132354,0.0,0.5174537809732889,0.0,0.0,0.0,
0.0,0.08368073181132354,0.0,0.5274871946020063,0.0,0.0,0.0,
0.0,0.08368073181132354,0.0,0.531219934897137,0.0,0.0,0.0,
0.0,0.08368073181132354,0.0,0.5287305514013376,0.0,0.0,0.0,
0.0,0.08368073181132354,0.0,0.5267281194148923,0.0,0.0,0.0,
0.0,0.08368073181132354,0.0,0.5267281194148923,0.0,0.0,0.0,
0.0,0.08368073181132354,0.0,0.5250010445122163,0.0,0.0,0.0,
0.0,0.08368073181132354,0.0,0.5232293306067679,0.0,0.0,0.0,
0.0,0.08368073181132354,0.0,0.5217875249928009,0.0,0.0,0.0,
0.0,0.08368073181132354,0.0,0.5217875249928009,0.0,0.0,0.0,
0.0,0.08368073181132354,0.0,0.5217875249928009,0.0,0.0,0.0,
0.0,0.08368073181132354,0.0,0.5218180988925327,0.0,0.0,0.0,
0.0,0.08368073181132354,0.0,0.5218180988925327,0.0,0.0,0.0,
0.0,0.08368073181132354,0.0,0.5097014264735447,0.0,0.0,0.0,
0.0,0.08368073181132354,0.0,0.5097014264735447,0.0,0.0,0.0,
0.0,0.08368073181132354,0.0,0.5097014264735447,0.0,0.0,0.0,
0.0,0.08368073181132354,0.0,0.48350868347076786,0.0,0.0,0.0,
0.0,0.08368073181132354,0.0,0.48901494315528105,0.0,0.0,0.0,
0.0,0.08368073181132354,0.0,0.48901494315528105,0.0,0.0,0.0,
0.0,0.08368073181132354,0.0,0.47582389296104016,0.0,0.0,0.0,
0.0,0.08368073181132354,0.0,0.47582389296104016,0.0,0.0,0.0,
0.0,0.08368073181132354,0.0,0.47582389296104016,0.0,0.0,0.0,
0.0,0.08368073181132354,0.0,0.47582389296104016,0.0,0.0,0.0,
0.0,0.08368073181132354,0.0,0.47582389296104016,0.0,0.0,0.0,
0.0,0.08368073181132354,0.0,0.466461219048494,0.0,0.0,0.0,
0.0,0.08368073181132354,0.0,0.466461219048494,0.0,0.0,0.0,
0.0,0.08368073181132354,0.0,0.4731319206617078,0.0,0.0,0.0,
0.0,0.08368073181132354,0.0,0.47691380677903167,0.0,0.0,0.0,
0.0,0.08368073181132354,0.0,0.49619436655096893,0.0,0.0,0.0,
0.0,0.08368073181132354,0.0,0.49619436655096893,0.0,0.0,0.0,
0.0,0.08368073181132354,0.0,0.49619436655096893,0.0,0.0,0.0,
0.0,0.08368073181132354,0.0,0.5032289301821927,0.0,0.0,0.0,
0.0,0.08368073181132354,0.0,0.5032289301821927,0.0,0.0,0.0,
0.0,0.08368073181132354,0.0,0.5068279979024276,0.0,0.0,0.0,
0.0,0.08368073181132354,0.0,0.5068279979024276,0.0,0.0,0.0,
0.0,0.08368073181132354,0.0,0.516960730168695,0.0,0.0,0.0,
0.0,0.08368073181132354,0.0,0.5254532471345578,0.0,0.0,0.0,
0.0,0.08368073181132354,0.0,0.5254532471345578,0.0,0.0,0.0,
0.0,0.08368073181132354,0.0,0.5247139135200595,0.0,0.0,0.0,
0.0,0.08368073181132354,0.0,0.5247139135200595,0.0,0.0,0.0,
0.0,0.08368073181132354,0.0,0.5247139135200595,0.0,0.0,0.0,
0.0,0.08368073181132354,0.0,0.5418212633386466,0.0,0.0,0.0,
0.0,0.08368073181132354,0.0,0.5418212633386466,0.0,0.0,0.0,
0.0,0.08368073181132354,0.0,0.5418212633386466,0.0,0.0,0.0,
0.0,0.08368073181132354,0.0,0.5418212633386466,0.0,0.0,0.0,
0.0,0.08368073181132354,0.0,0.5264785688872338,0.0,0.0,0.0,
0.0,0.08368073181132354,0.0,0.5305012876195796,0.0,0.0,0.0,
0.0,0.08368073181132354,0.0,0.525054275514478,0.0,0.0,0.0,
0.0,0.08368073181132354,0.0,0.525054275514478,0.0,0.0,0.0,
0.0,0.08368073181132354,0.0,0.525054275514478,0.0,0.0,0.0,
0.0,0.08368073181132354,0.0,0.5315835579864886,0.0,0.0,0.0,
0.0,0.08368073181132354,0.0,0.538499258227064,0.0,0.0,0.0,
0.0,0.08368073181132354,0.0,0.5480188362645741,0.0,0.0,0.0,
0.0,0.08368073181132354,0.0,0.5480188362645741,0.0,0.0,0.0,
0.0,0.08368073181132354,0.0,0.5559337518320301,0.0,0.0,0.0,
0.0,0.08368073181132354,0.0,0.5697473191502024,0.0,0.0,0.0,
0.0,0.08368073181132354,0.0,0.5697473191502024,0.0,0.0,0.0,
0.0,0.08368073181132354,0.0,0.5697473191502024,0.0,0.0,0.0,
0.0,0.08368073181132354,0.0,0.5519865387095343,0.0,0.0,0.0,
0.0,0.08368073181132354,0.0,0.5220082189655258,0.0,0.0,0.0,
0.0,0.08368073181132354,0.0,0.5311213394111307,0.0,0.0,0.0,
0.0,0.08368073181132354,0.0,0.5311213394111307,0.0,0.0,0.0,
0.0,0.08368073181132354,0.0,0.5311213394111307,0.0,0.0,0.0,
0.0,0.08368073181132354,0.0,0.5418243565627132,0.0,0.0,0.0,
0.0,0.08368073181132354,0.0,0.5516477732381805,0.0,0.0,0.0,
0.0,0.08368073181132354,0.0,0.5236339550225693,0.0,0.0,0.0,
0.0,0.08368073181132354,0.0,0.5242899510731822,0.0,0.0,0.0,
0.0,0.08368073181132354,0.0,0.5247048681617809,0.0,0.0,0.0,
0.0,0.08368073181132354,0.0,0.5247048681617809,0.0,0.0,0.0,
0.0,0.08368073181132354,0.0,0.5271358825205363,0.0,0.0,0.0,
0.0,0.08368073181132354,0.0,0.5271358825205363,0.0,0.0,0.0,
0.0,0.08368073181132354,0.0,0.5252092823586637,0.0,0.0,0.0,
0.0,0.08368073181132354,0.0,0.5252092823586637,0.0,0.0,0.0,
0.0,0.08368073181132354,0.0,0.5252092823586637,0.0,0.0,0.0,
0.0,0.08368073181132354,0.0,0.5252092823586637,0.0,0.0,0.0,
0.0,0.08368073181132354,0.0,0.5391278631315114,0.0,0.0,0.0,
0.0,0.08368073181132354,0.0,0.5419614459117589,0.0,0.0,0.0,
0.0,0.08368073181132354,0.0,0.5419614459117589,0.0,0.0,0.0,
0.0,0.08368073181132354,0.0,0.5479732581277641,0.0,0.0,0.0,
0.0,0.08368073181132354,0.0,0.5479732581277641,0.0,0.0,0.0,
0.0,0.08368073181132354,0.0,0.551868548433857,0.0,0.0,0.0,
0.0,0.08368073181132354,0.0,0.5547502207549859,0.0,0.0,0.0,
0.0,0.08368073181132354,0.0,0.5487701335237077,0.0,0.0,0.0,
0.0,0.08368073181132354,0.0,0.5487701335237077,0.0,0.0,0.0,
0.0,0.08368073181132354,0.0,0.5468069499444632,0.0,0.0,0.0,
0.0,0.08368073181132354,0.0,0.5414166242967443,0.0,0.0,0.0,
0.0,0.08368073181132354,0.0,0.5352434669246486,0.0,0.0,0.0,
0.0,0.08368073181132354,0.0,0.5352434669246486,0.0,0.0,0.0,
0.0,0.08368073181132354,0.0,0.5352434669246486,0.0,0.0,0.0,
0.0,0.08368073181132354,0.0,0.5352434669246486,0.0,0.0,0.0,
0.0,0.08368073181132354,0.0,0.5352434669246486,0.0,0.0,0.0,
0.0,0.08368073181132354,0.0,0.5323184244842236,0.0,0.0,0.0,
0.0,0.08368073181132354,0.0,0.5311498587869209,0.0,0.0,0.0,
0.0,0.08368073181132354,0.0,0.5311498587869209,0.0,0.0,0.0,
0.0,0.08368073181132354,0.0,0.5275077482173219,0.0,0.0,0.0,
0.0,0.08368073181132354,0.0,0.5236453869658843,0.0,0.0,0.0,
0.0,0.08368073181132354,0.0,0.5236453869658843,0.0,0.0,0.0,
0.0,0.08368073181132354,0.0,0.5236453869658843,0.0,0.0,0.0,
0.0,0.08368073181132354,0.0,0.5236453869658843,0.0,0.0,0.0,
0.0,0.08368073181132354,0.0,0.5130898815638685,0.0,0.0,0.0,
0.0,0.08368073181132354,0.0,0.5130898815638685,0.0,0.0,0.0,
0.0,0.08368073181132354,0.0,0.5211552690074653,0.0,0.0,0.0,
0.0,0.08368073181132354,0.0,0.503303893686713,0.0,0.0,0.0,
0.0,0.08368073181132354,0.0,0.49467514956880215,0.0,0.0,0.0,
0.0,0.08368073181132354,0.0,0.49467514956880215,0.0,0.0,0.0,
0.0,0.08368073181132354,0.0,0.501953016492728,0.0,0.0,0.0,
0.0,0.08368073181132354,0.0,0.501953016492728,0.0,0.0,0.0,
0.0,0.08368073181132354,0.0,0.5166590154992821,0.0,0.0,0.0,
0.0,0.08368073181132354,0.0,0.5166590154992821,0.0,0.0,0.0,
0.0,0.08368073181132354,0.0,0.5186516629739027,0.0,0.0,0.0,
0.0,0.08368073181132354,0.0,0.5191962867658997,0.0,0.0,0.0,
0.0,0.08368073181132354,0.0,0.49535040635498717,0.0,0.0,0.0,
0.0,0.08368073181132354,0.0,0.5005161836445615,0.0,0.0,0.0,
0.0,0.08368073181132354,0.0,0.5005161836445615,0.0,0.0,0.0,
0.0,0.08368073181132354,0.0,0.5005161836445615,0.0,0.0,0.0,
0.0,0.08368073181132354,0.0,0.5073554156856868,0.0,0.0,0.0,
0.0,0.08368073181132354,0.0,0.5073554156856868,0.0,0.0,0.0,
0.0,0.08368073181132354,0.0,0.5144711074362862,0.0,0.0,0.0,
0.0,0.08368073181132354,0.0,0.5144711074362862,0.0,0.0,0.0,
0.0,0.08368073181132354,0.0,0.5229006287713172,0.0,0.0,0.0,
0.0,0.08368073181132354,0.0,0.5229006287713172,0.0,0.0,0.0,
0.0,0.08368073181132354,0.0,0.5229006287713172,0.0,0.0,0.0,
0.0,0.08368073181132354,0.0,0.5229006287713172,0.0,0.0,0.0,
0.0,0.08368073181132354,0.0,0.5117119936181512,0.0,0.0,0.0,
0.0,0.08368073181132354,0.0,0.5117119936181512,0.0,0.0,0.0,
0.0,0.08368073181132354,0.0,0.5066301951617433,0.0,0.0,0.0,
0.0,0.08368073181132354,0.0,0.5066301951617433,0.0,0.0,0.0,
0.0,0.08368073181132354,0.0,0.5066301951617433,0.0,0.0,0.0,
0.0,0.08368073181132354,0.0,0.5204759726578843,0.0,0.0,0.0,
0.0,0.08368073181132354,0.0,0.5098144718259314,0.0,0.0,0.0,
0.0,0.08368073181132354,0.0,0.5004912379754021,0.0,0.0,0.0,
0.0,0.08368073181132354,0.0,0.5004912379754021,0.0,0.0,0.0,
0.0,0.08368073181132354,0.0,0.5004912379754021,0.0,0.0,0.0,
0.0,0.08368073181132354,0.0,0.5045816777068416,0.0,0.0,0.0,
0.0,0.08368073181132354,0.0,0.5045816777068416,0.0,0.0,0.0,
0.0,0.08368073181132354,0.0,0.5045816777068416,0.0,0.0,0.0,
0.0,0.08368073181132354,0.0,0.5210755761538711,0.0,0.0,0.0,
0.0,0.08368073181132354,0.0,0.5252261051974206,0.0,0.0,0.0,
0.0,0.08368073181132354,0.0,0.547990776523436,0.0,0.0,0.0,
0.0,0.08368073181132354,0.0,0.547990776523436,0.0,0.0,0.0,
0.0,0.08368073181132354,0.0,0.547990776523436,0.0,0.0,0.0,
0.0,0.08368073181132354,0.0,0.5344021559743569,0.0,0.0,0.0,
0.0,0.08368073181132354,0.0,0.5218746650185158,0.0,0.0,0.0,
0.0,0.08368073181132354,0.0,0.5218746650185158,0.0,0.0,0.0,
0.0,0.08368073181132354,0.0,0.5227137837451752,0.0,0.0,0.0,
0.0,0.08368073181132354,0.0,0.5235137861738786,0.0,0.0,0.0,
0.0,0.08368073181132354,0.0,0.5235137861738786,0.0,0.0,0.0,
0.0,0.08368073181132354,0.0,0.5248278469066305,0.0,0.0,0.0,
0.0,0.08368073181132354,0.0,0.5258527837572666,0.0,0.0,0.0,
0.0,0.08368073181132354,0.0,0.5267152126958715,0.0,0.0,0.0,
0.0,0.08368073181132354,0.0,0.5310481546192528,0.0,0.0,0.0,
0.0,0.08368073181132354,0.0,0.5379682774128369,0.0,0.0,0.0,
0.0,0.08368073181132354,0.0,0.5498411920558985,0.0,0.0,0.0,
0.0,0.08368073181132354,0.0,0.5498411920558985,0.0,0.0,0.0,
0.0,0.08368073181132354,0.0,0.5330807763242829,0.0,0.0,0.0,
0.0,0.08368073181132354,0.0,0.5330807763242829,0.0,0.0,0.0,
0.0,0.08368073181132354,0.0,0.5306949168946917,0.0,0.0,0.0,
0.0,0.08368073181132354,0.0,0.5263957012134826,0.0,0.0,0.0,
0.0,0.08368073181132354,0.0,0.5263957012134826,0.0,0.0,0.0,
0.0,0.08368073181132354,0.0,0.5192096949443049,0.0,0.0,0.0,
0.0,0.08368073181132354,0.0,0.5192096949443049,0.0,0.0,0.0,
0.0,0.08368073181132354,0.0,0.5223851589872953,0.0,0.0,0.0,
0.0,0.08368073181132354,0.0,0.5261411326013592,0.0,0.0,0.0,
0.0,0.08368073181132354,0.0,0.526129005033768,0.0,0.0,0.0,
0.0,0.08368073181132354,0.0,0.5255583177957504,0.0,0.0,0.0,
0.0,0.08368073181132354,0.0,0.5267677531548265,0.0,0.0,0.0,
0.0,0.08368073181132354,0.0,0.5267677531548265,0.0,0.0,0.0,
0.0,0.08368073181132354,0.0,0.5252369400527122,0.0,0.0,0.0,
0.0,0.08368073181132354,0.0,0.5252369400527122,0.0,0.0,0.0,
0.0,0.08368073181132354,0.0,0.5252369400527122,0.0,0.0,0.0,
0.0,0.08368073181132354,0.0,0.5252369400527122,0.0,0.0,0.0,
0.0,0.08368073181132354,0.0,0.5142115126141968,0.0,0.0,0.0,
0.0,0.08368073181132354,0.0,0.5142115126141968,0.0,0.0,0.0,
0.0,0.08368073181132354,0.0,0.5142115126141968,0.0,0.0,0.0,
0.0,0.08368073181132354,0.0,0.5160289217889552,0.0,0.0,0.0,
0.0,0.08368073181132354,0.0,0.5163000082029944,0.0,0.0,0.0,
0.0,0.08368073181132354,0.0,0.5163000082029944,0.0,0.0,0.0,
0.0,0.08368073181132354,0.0,0.5110125491929342,0.0,0.0,0.0,
0.0,0.08368073181132354,0.0,0.5110125491929342,0.0,0.0,0.0,
0.0,0.08368073181132354,0.0,0.5110125491929342,0.0,0.0,0.0,
0.0,0.08368073181132354,0.0,0.5117337212492072,0.0,0.0,0.0,
0.0,0.08368073181132354,0.0,0.5117337212492072,0.0,0.0,0.0,
0.0,0.08368073181132354,0.0,0.5159857183104941,0.0,0.0,0.0,
0.0,0.08368073181132354,0.0,0.5159857183104941,0.0,0.0,0.0,
0.0,0.08368073181132354,0.0,0.5159857183104941,0.0,0.0,0.0,
0.0,0.08368073181132354,0.0,0.5159857183104941,0.0,0.0,0.0,
0.0,0.08368073181132354,0.0,0.49875653726615743,0.0,0.0,0.0,
0.0,0.08368073181132354,0.0,0.49724168142371006,0.0,0.0,0.0,
0.0,0.08368073181132354,0.0,0.49724168142371006,0.0,0.0,0.0,
0.0,0.08368073181132354,0.0,0.49724168142371006,0.0,0.0,0.0,
0.0,0.08368073181132354,0.0,0.49724168142371006,0.0,0.0,0.0,
0.0,0.08368073181132354,0.0,0.49242243057303636,0.0,0.0,0.0,
0.0,0.08368073181132354,0.0,0.4985301331766066,0.0,0.0,0.0,
0.0,0.08368073181132354,0.0,0.4985301331766066,0.0,0.0,0.0,
0.0,0.08368073181132354,0.0,0.5019503617120279,0.0,0.0,0.0,
0.0,0.08368073181132354,0.0,0.5019503617120279,0.0,0.0,0.0,
0.0,0.08368073181132354,0.0,0.5019503617120279,0.0,0.0,0.0,
0.0,0.08368073181132354,0.0,0.5019503617120279,0.0,0.0,0.0,
0.0,0.08368073181132354,0.0,0.506464357752871,0.0,0.0,0.0,
0.0,0.08368073181132354,0.0,0.5032434462905684,0.0,0.0,0.0,
0.0,0.08368073181132354,0.0,0.4941331023664878,0.0,0.0,0.0,
0.0,0.08368073181132354,0.0,0.4941331023664878,0.0,0.0,0.0,
0.0,0.08368073181132354,0.0,0.4827242647626231,0.0,0.0,0.0,
0.0,0.08368073181132354,0.0,0.4827242647626231,0.0,0.0,0.0,
0.0,0.08368073181132354,0.0,0.4827242647626231,0.0,0.0,0.0,
0.0,0.08368073181132354,0.0,0.4827242647626231,0.0,0.0,0.0,
0.0,0.08368073181132354,0.0,0.4908449579229604,0.0,0.0,0.0,
0.0,0.08368073181132354,0.0,0.49531864164108425,0.0,0.0,0.0,
0.0,0.08368073181132354,0.0,0.49531864164108425,0.0,0.0,0.0,
0.0,0.08368073181132354,0.0,0.4926920136027913,0.0,0.0,0.0,
0.0,0.08368073181132354,0.0,0.4926920136027913,0.0,0.0,0.0,
0.0,0.08368073181132354,0.0,0.4926920136027913,0.0,0.0,0.0,
0.0,0.08368073181132354,0.0,0.4926920136027913,0.0,0.0,0.0,
0.0,0.08368073181132354,0.0,0.49796649632190493,0.0,0.0,0.0,
0.0,0.08368073181132354,0.0,0.49796649632190493,0.0,0.0,0.0,
0.0,0.08368073181132354,0.0,0.49796649632190493,0.0,0.0,0.0,
0.0,0.08368073181132354,0.0,0.49796649632190493,0.0,0.0,0.0,
0.0,0.08368073181132354,0.0,0.49796649632190493,0.0,0.0,0.0,
0.0,0.08368073181132354,0.0,0.49796649632190493,0.0,0.0,0.0,
0.0,0.08368073181132354,0.0,0.49796649632190493,0.0,0.0,0.0,
0.0,0.08368073181132354,0.0,0.49796649632190493,0.0,0.0,0.0,
0.0,0.08368073181132354,0.0,0.49796649632190493,0.0,0.0,0.0,
0.0,0.08368073181132354,0.0,0.49796649632190493,0.0,0.0,0.0,
0.0,0.08368073181132354,0.0,0.49796649632190493,0.0,0.0,0.0,
0.0,0.08368073181132354,0.0,0.5129561101605355,0.0,0.0,0.0,
0.0,0.08368073181132354,0.0,0.5247706339523907,0.0,0.0,0.0,
0.0,0.08368073181132354,0.0,0.5247706339523907,0.0,0.0,0.0,
0.0,0.08368073181132354,0.0,0.5247706339523907,0.0,0.0,0.0,
0.0,0.08368073181132354,0.0,0.5247706339523907,0.0,0.0,0.0,
0.0,0.08368073181132354,0.0,0.5395673816396637,0.0,0.0,0.0,
0.0,0.08368073181132354,0.0,0.5395673816396637,0.0,0.0,0.0,
0.0,0.08368073181132354,0.0,0.5487727806602014,0.0,0.0,0.0,
0.0,0.08368073181132354,0.0,0.5551503341641117,0.0,0.0,0.0,
0.0,0.08368073181132354,0.0,0.5551503341641117,0.0,0.0,0.0,
0.0,0.08368073181132354,0.0,0.5551503341641117,0.0,0.0,0.0,
0.0,0.08368073181132354,0.0,0.5596239402116263,0.0,0.0,0.0,
0.0,0.08368073181132354,0.0,0.5596239402116263,0.0,0.0,0.0,
0.0,0.08368073181132354,0.0,0.5596239402116263,0.0,0.0,0.0,
0.0,0.08368073181132354,0.0,0.5596239402116263,0.0,0.0,0.0,
0.0,0.08368073181132354,0.0,0.5596239402116263,0.0,0.0,0.0,
0.0,0.08368073181132354,0.0,0.5651335306619366,0.0,0.0,0.0,
0.0,0.08368073181132354,0.0,0.5732659004567234,0.0,0.0,0.0,
0.0,0.08368073181132354,0.0,0.556454444736622,0.0,0.0,0.0,
0.0,0.08368073181132354,0.0,0.5649501051316662,0.0,0.0,0.0,
0.0,0.08368073181132354,0.0,0.5649501051316662,0.0,0.0,0.0,
0.0,0.08368073181132354,0.0,0.5649501051316662,0.0,0.0,0.0,
0.0,0.08368073181132354,0.0,0.5695863683072128,0.0,0.0,0.0,
0.0,0.08368073181132354,0.0,0.5665955234934681,0.0,0.0,0.0,
0.0,0.08368073181132354,0.0,0.5547553717145352,0.0,0.0,0.0,
0.0,0.08368073181132354,0.0,0.550239730593653,0.0,0.0,0.0,
0.0,0.08368073181132354,0.0,0.550239730593653,0.0,0.0,0.0,
0.0,0.08368073181132354,0.0,0.5454372481346059,0.0,0.0,0.0,
0.0,0.08368073181132354,0.0,0.5454372481346059,0.0,0.0,0.0,
0.0,0.08368073181132354,0.0,0.5454372481346059,0.0,0.0,0.0,
0.0,0.08368073181132354,0.0,0.5506250411556776,0.0,0.0,0.0,
0.0,0.08368073181132354,0.0,0.5506250411556776,0.0,0.0,0.0,
0.0,0.08368073181132354,0.0,0.5565779732455253,0.0,0.0,0.0,
0.0,0.08368073181132354,0.0,0.5565779732455253,0.0,0.0,0.0,
0.0,0.08368073181132354,0.0,0.5565779732455253,0.0,0.0,0.0,
0.0,0.08368073181132354,0.0,0.5814424526685542,0.0,0.0,0.0,
0.0,0.08368073181132354,0.0,0.5900888852989565,0.0,0.0,0.0,
0.0,0.08368073181132354,0.0,0.5927159888613746,0.0,0.0,0.0,
0.0,0.08368073181132354,0.0,0.5935348994126471,0.0,0.0,0.0,
0.0,0.08368073181132354,0.0,0.5877502382672278,0.0,0.0,0.0,
0.0,0.08368073181132354,0.0,0.5709439394523647,0.0,0.0,0.0,
0.0,0.08368073181132354,0.0,0.5709439394523647,0.0,0.0,0.0,
0.0,0.08368073181132354,0.0,0.5212663713751643,0.0,0.0,0.0,
0.0,0.08368073181132354,0.0,0.5145755265844079,0.0,0.0,0.0,
0.0,0.08368073181132354,0.0,0.5231287479854769,0.0,0.0,0.0,
0.0,0.08368073181132354,0.0,0.5256771197271732,0.0,0.0,0.0,
0.0,0.08368073181132354,0.0,0.5298794913457456,0.0,0.0,0.0,
0.0,0.08368073181132354,0.0,0.5298794913457456,0.0,0.0,0.0,
0.0,0.08368073181132354,0.0,0.5298794913457456,0.0,0.0,0.0,
0.0,0.08368073181132354,0.0,0.5298794913457456,0.0,0.0,0.0,
0.0,0.08368073181132354,0.0,0.5379921072181091,0.0,0.0,0.0,
0.0,0.08368073181132354,0.0,0.5379921072181091,0.0,0.0,0.0,
0.0,0.08368073181132354,0.0,0.5379921072181091,0.0,0.0,0.0,
0.0,0.08368073181132354,0.0,0.5316223460861598,0.0,0.0,0.0,
0.0,0.08368073181132354,0.0,0.5316223460861598,0.0,0.0,0.0,
0.0,0.08368073181132354,0.0,0.5316223460861598,0.0,0.0,0.0,
0.0,0.08368073181132354,0.0,0.5316223460861598,0.0,0.0,0.0,
0.0,0.08368073181132354,0.0,0.5421464156009302,0.0,0.0,0.0,
0.0,0.08368073181132354,0.0,0.5541784774435895,0.0,0.0,0.0,
0.0,0.08368073181132354,0.0,0.5541784774435895,0.0,0.0,0.0,
0.0,0.08368073181132354,0.0,0.5517436810553035,0.0,0.0,0.0,
0.0,0.08368073181132354,0.0,0.5517436810553035,0.0,0.0,0.0,
0.0,0.08368073181132354,0.0,0.5517436810553035,0.0,0.0,0.0,
0.0,0.08368073181132354,0.0,0.5498494895656465,0.0,0.0,0.0,
0.0,0.08368073181132354,0.0,0.5498494895656465,0.0,0.0,0.0,
0.0,0.08368073181132354,0.0,0.5498494895656465,0.0,0.0,0.0,
0.0,0.08368073181132354,0.0,0.5498494895656465,0.0,0.0,0.0,
0.0,0.08368073181132354,0.0,0.5462726640246675,0.0,0.0,0.0,
0.0,0.08368073181132354,0.0,0.5499414653765374,0.0,0.0,0.0,
0.0,0.08368073181132354,0.0,0.5499414653765374,0.0,0.0,0.0,
0.0,0.08368073181132354,0.0,0.5499414653765374,0.0,0.0,0.0,
0.0,0.08368073181132354,0.0,0.5499414653765374,0.0,0.0,0.0,
0.0,0.08368073181132354,0.0,0.5499414653765374,0.0,0.0,0.0,
0.0,0.08368073181132354,0.0,0.532330648782535,0.0,0.0,0.0,
0.0,0.08368073181132354,0.0,0.532330648782535,0.0,0.0,0.0,
0.0,0.08368073181132354,0.0,0.532330648782535,0.0,0.0,0.0,
0.0,0.08368073181132354,0.0,0.532330648782535,0.0,0.0,0.0,
0.0,0.08368073181132354,0.0,0.5339975377693195,0.0,0.0,0.0,
0.0,0.08368073181132354,0.0,0.5354983143130785,0.0,0.0,0.0,
0.0,0.08368073181132354,0.0,0.5361193440646036,0.0,0.0,0.0,
0.0,0.08368073181132354,0.0,0.5326768330793274,0.0,0.0,0.0,
0.0,0.08368073181132354,0.0,0.5145867474138305,0.0,0.0,0.0,
0.0,0.08368073181132354,0.0,0.5145867474138305,0.0,0.0,0.0,
0.0,0.08368073181132354,0.0,0.5145867474138305,0.0,0.0,0.0,
0.0,0.08368073181132354,0.0,0.5145867474138305,0.0,0.0,0.0,
0.0,0.08368073181132354,0.0,0.5148565255096741,0.0,0.0,0.0,
0.0,0.08368073181132354,0.0,0.5214045604717037,0.0,0.0,0.0,
0.0,0.08368073181132354,0.0,0.5214045604717037,0.0,0.0,0.0,
0.0,0.08368073181132354,0.0,0.5214045604717037,0.0,0.0,0.0,
0.0,0.08368073181132354,0.0,0.5208630674771796,0.0,0.0,0.0,
0.0,0.08368073181132354,0.0,0.5223563943021728,0.0,0.0,0.0,
0.0,0.08368073181132354,0.0,0.5260476969087388,0.0,0.0,0.0,
0.0,0.08368073181132354,0.0,0.5248068068585221,0.0,0.0,0.0,
0.0,0.08368073181132354,0.0,0.5248068068585221,0.0,0.0,0.0,
0.0,0.08368073181132354,0.0,0.5259015476808959,0.0,0.0,0.0,
0.0,0.08368073181132354,0.0,0.5259015476808959,0.0,0.0,0.0,
0.0,0.08368073181132354,0.0,0.5259015476808959,0.0,0.0,0.0,
0.0,0.08368073181132354,0.0,0.5162266357071508,0.0,0.0,0.0,
0.0,0.08368073181132354,0.0,0.5162266357071508,0.0,0.0,0.0,
0.0,0.08368073181132354,0.0,0.525062847302417,0.0,0.0,0.0,
0.0,0.08368073181132354,0.0,0.5255756990567354,0.0,0.0,0.0,
0.0,0.08368073181132354,0.0,0.5255756990567354,0.0,0.0,0.0,
0.0,0.08368073181132354,0.0,0.5255756990567354,0.0,0.0,0.0,
0.0,0.08368073181132354,0.0,0.5255756990567354,0.0,0.0,0.0,
0.0,0.08368073181132354,0.0,0.5312492146722083,0.0,0.0,0.0,
0.0,0.08368073181132354,0.0,0.5281800954549014,0.0,0.0,0.0,
0.0,0.08368073181132354,0.0,0.5281800954549014,0.0,0.0,0.0,
0.0,0.08368073181132354,0.0,0.5196941644332057,0.0,0.0,0.0,
0.0,0.08368073181132354,0.0,0.5196941644332057,0.0,0.0,0.0,
0.0,0.08368073181132354,0.0,0.5416624379940645,0.0,0.0,0.0,
0.0,0.08368073181132354,0.0,0.54196417224494,0.0,0.0,0.0,
0.0,0.08368073181132354,0.0,0.541767928488106,0.0,0.0,0.0,
0.0,0.08368073181132354,0.0,0.5316278363454219,0.0,0.0,0.0,
0.0,0.08368073181132354,0.0,0.5316278363454219,0.0,0.0,0.0,
0.0,0.08368073181132354,0.0,0.5515920652999161,0.0,0.0,0.0,
0.0,0.08368073181132354,0.0,0.539260827200489,0.0,0.0,0.0,
0.0,0.08368073181132354,0.0,0.5406226825353038,0.0,0.0,0.0,
0.0,0.08368073181132354,0.0,0.5406226825353038,0.0,0.0,0.0,
0.0,0.08368073181132354,0.0,0.5406226825353038,0.0,0.0,0.0,
0.0,0.08368073181132354,0.0,0.5425018202052139,0.0,0.0,0.0,
0.0,0.08368073181132354,0.0,0.5425018202052139,0.0,0.0,0.0,
0.0,0.08368073181132354,0.0,0.5462590040514121,0.0,0.0,0.0,
0.0,0.08368073181132354,0.0,0.5462590040514121,0.0,0.0,0.0,
0.0,0.08368073181132354,0.0,0.5462590040514121,0.0,0.0,0.0,
0.0,0.08368073181132354,0.0,0.5462590040514121,0.0,0.0,0.0,
0.0,0.08368073181132354,0.0,0.544559834818638,0.0,0.0,0.0,
0.0,0.08368073181132354,0.0,0.544559834818638,0.0,0.0,0.0,
0.0,0.08368073181132354,0.0,0.544559834818638,0.0,0.0,0.0,
0.0,0.08368073181132354,0.0,0.545089446580646,0.0,0.0,0.0,
0.0,0.08368073181132354,0.0,0.5388387380953429,0.0,0.0,0.0,
0.0,0.08368073181132354,0.0,0.5388387380953429,0.0,0.0,0.0,
0.0,0.08368073181132354,0.0,0.5232000969981143,0.0,0.0,0.0,
0.0,0.08368073181132354,0.0,0.5232000969981143,0.0,0.0,0.0,
0.0,0.08368073181132354,0.0,0.5232000969981143,0.0,0.0,0.0,
0.0,0.08368073181132354,0.0,0.5196836242811576,0.0,0.0,0.0,
0.0,0.08368073181132354,0.0,0.5196836242811576,0.0,0.0,0.0,
0.0,0.08368073181132354,0.0,0.5175202805676977,0.0,0.0,0.0,
0.0,0.08368073181132354,0.0,0.5229930551504035,0.0,0.0,0.0,
0.0,0.08368073181132354,0.0,0.5258735383934879,0.0,0.0,0.0,
0.0,0.08368073181132354,0.0,0.5258735383934879,0.0,0.0,0.0,
0.0,0.08368073181132354,0.0,0.5258735383934879,0.0,0.0,0.0,
0.0,0.08368073181132354,0.0,0.5258735383934879,0.0,0.0,0.0,
0.0,0.08368073181132354,0.0,0.5258735383934879,0.0,0.0,0.0,
0.0,0.08368073181132354,0.0,0.5121281405217522,0.0,0.0,0.0,
0.0,0.08368073181132354,0.0,0.5175712451156415,0.0,0.0,0.0,
0.0,0.08368073181132354,0.0,0.525333052207341,0.0,0.0,0.0,
0.0,0.08368073181132354,0.0,0.525333052207341,0.0,0.0,0.0,
0.0,0.08368073181132354,0.0,0.525333052207341,0.0,0.0,0.0,
0.0,0.08368073181132354,0.0,0.5334969986319078,0.0,0.0,0.0,
0.0,0.08368073181132354,0.0,0.5334969986319078,0.0,0.0,0.0,
0.0,0.08368073181132354,0.0,0.5193289798300368,0.0,0.0,0.0,
0.0,0.08368073181132354,0.0,0.5148428516627236,0.0,0.0,0.0,
0.0,0.08368073181132354,0.0,0.5234596451369941,0.0,0.0,0.0,
0.0,0.08368073181132354,0.0,0.5100435709039953,0.0,0.0,0.0,
0.0,0.08368073181132354,0.0,0.5034388092990137,0.0,0.0,0.0,
0.0,0.08368073181132354,0.0,0.5147182327716953,0.0,0.0,0.0,
0.0,0.08368073181132354,0.0,0.5179171726885167,0.0,0.0,0.0,
0.0,0.08368073181132354,0.0,0.5240071500297206,0.0,0.0,0.0,
0.0,0.08368073181132354,0.0,0.5297304271030211,0.0,0.0,0.0,
0.0,0.08368073181132354,0.0,0.5297304271030211,0.0,0.0,0.0,
0.0,0.08368073181132354,0.0,0.5440363806722338,0.0,0.0,0.0,
0.0,0.08368073181132354,0.0,0.5458919943044618,0.0,0.0,0.0,
0.0,0.08368073181132354,0.0,0.5312237132415322,0.0,0.0,0.0,
0.0,0.08368073181132354,0.0,0.5343213182454156,0.0,0.0,0.0,
0.0,0.08368073181132354,0.0,0.5343213182454156,0.0,0.0,0.0,
0.0,0.08368073181132354,0.0,0.5343213182454156,0.0,0.0,0.0,
0.0,0.08368073181132354,0.0,0.5410764041851683,0.0,0.0,0.0,
0.0,0.08368073181132354,0.0,0.546494835800412,0.0,0.0,0.0,
0.0,0.08368073181132354,0.0,0.546494835800412,0.0,0.0,0.0,
0.0,0.08368073181132354,0.0,0.546494835800412,0.0,0.0,0.0,
0.0,0.08368073181132354,0.0,0.546494835800412,0.0,0.0,0.0,
0.0,0.08368073181132354,0.0,0.546494835800412,0.0,0.0,0.0,
0.0,0.08368073181132354,0.0,0.5519247768795974,0.0,0.0,0.0,
0.0,0.08368073181132354,0.0,0.5519247768795974,0.0,0.0,0.0,
0.0,0.08368073181132354,0.0,0.5519247768795974,0.0,0.0,0.0,
0.0,0.08368073181132354,0.0,0.5519247768795974,0.0,0.0,0.0,
0.0,0.08368073181132354,0.0,0.5352768480784844,0.0,0.0,0.0,
0.0,0.08368073181132354,0.0,0.5352768480784844,0.0,0.0,0.0,
0.0,0.08368073181132354,0.0,0.5390768024051089,0.0,0.0,0.0,
0.0,0.08368073181132354,0.0,0.5390768024051089,0.0,0.0,0.0,
0.0,0.08368073181132354,0.0,0.5390768024051089,0.0,0.0,0.0,
0.0,0.08368073181132354,0.0,0.5390768024051089,0.0,0.0,0.0,
0.0,0.08368073181132354,0.0,0.5390768024051089,0.0,0.0,0.0,
0.0,0.08368073181132354,0.0,0.5390768024051089,0.0,0.0,0.0,
0.0,0.08368073181132354,0.0,0.5390768024051089,0.0,0.0,0.0,
0.0,0.08368073181132354,0.0,0.5390768024051089,0.0,0.0,0.0,
0.0,0.08368073181132354,0.0,0.5390768024051089,0.0,0.0,0.0,
0.0,0.08368073181132354,0.0,0.5390768024051089,0.0,0.0,0.0,
0.0,0.08368073181132354,0.0,0.5390768024051089,0.0,0.0,0.0,
0.0,0.08368073181132354,0.0,0.532118287796417,0.0,0.0,0.0,
0.0,0.08368073181132354,0.0,0.543040567407338,0.0,0.0,0.0,
0.0,0.08368073181132354,0.0,0.5478269625649185,0.0,0.0,0.0,
0.0,0.08368073181132354,0.0,0.5478269625649185,0.0,0.0,0.0,
0.0,0.08368073181132354,0.0,0.5560671501500707,0.0,0.0,0.0,
0.0,0.08368073181132354,0.0,0.5560671501500707,0.0,0.0,0.0,
0.0,0.08368073181132354,0.0,0.5560671501500707,0.0,0.0,0.0,
0.0,0.08368073181132354,0.0,0.5759773384767349,0.0,0.0,0.0,
0.0,0.08368073181132354,0.0,0.5759773384767349,0.0,0.0,0.0,
0.0,0.08368073181132354,0.0,0.5759773384767349,0.0,0.0,0.0,
0.0,0.08368073181132354,0.0,0.5759773384767349,0.0,0.0,0.0,
0.0,0.08368073181132354,0.0,0.5771441403211709,0.0,0.0,0.0,
0.0,0.08368073181132354,0.0,0.5774653692177947,0.0,0.0,0.0,
0.0,0.08368073181132354,0.0,0.577686907849695,0.0,0.0,0.0,
0.0,0.08368073181132354,0.0,0.5764336794772664,0.0,0.0,0.0,
0.0,0.08368073181132354,0.0,0.5754357091856118,0.0,0.0,0.0,
0.0,0.08368073181132354,0.0,0.5748069403782681,0.0,0.0,0.0,
0.0,0.08368073181132354,0.0,0.5748069403782681,0.0,0.0,0.0,
0.0,0.08368073181132354,0.0,0.5739774493999822,0.0,0.0,0.0,
0.0,0.08368073181132354,0.0,0.5688750701559476,0.0,0.0,0.0,
0.0,0.08368073181132354,0.0,0.5591401594652888,0.0,0.0,0.0,
0.0,0.08368073181132354,0.0,0.5591401594652888,0.0,0.0,0.0,
0.0,0.08368073181132354,0.0,0.5591401594652888,0.0,0.0,0.0,
0.0,0.08368073181132354,0.0,0.5591401594652888,0.0,0.0,0.0,
0.0,0.08368073181132354,0.0,0.5591401594652888,0.0,0.0,0.0,
0.0,0.08368073181132354,0.0,0.5593472253017627,0.0,0.0,0.0,
0.0,0.08368073181132354,0.0,0.5593472253017627,0.0,0.0,0.0,
0.0,0.08368073181132354,0.0,0.5593472253017627,0.0,0.0,0.0,
0.0,0.08368073181132354,0.0,0.5431741904227709,0.0,0.0,0.0,
0.0,0.08368073181132354,0.0,0.5431741904227709,0.0,0.0,0.0,
0.0,0.08368073181132354,0.0,0.5431741904227709,0.0,0.0,0.0,
0.0,0.08368073181132354,0.0,0.5474585138521019,0.0,0.0,0.0,
0.0,0.08368073181132354,0.0,0.5474585138521019,0.0,0.0,0.0,
0.0,0.08368073181132354,0.0,0.5474585138521019,0.0,0.0,0.0,
0.0,0.08368073181132354,0.0,0.549928568895838,0.0,0.0,0.0,
0.0,0.08368073181132354,0.0,0.549928568895838,0.0,0.0,0.0,
0.0,0.08368073181132354,0.0,0.5480109240858146,0.0,0.0,0.0,
0.0,0.08368073181132354,0.0,0.5494236685121902,0.0,0.0,0.0,
0.0,0.08368073181132354,0.0,0.5460148214912057,0.0,0.0,0.0,
0.0,0.08368073181132354,0.0,0.5460148214912057,0.0,0.0,0.0,
0.0,0.08368073181132354,0.0,0.5460148214912057,0.0,0.0,0.0,
0.0,0.08368073181132354,0.0,0.5460148214912057,0.0,0.0,0.0,
0.0,0.08368073181132354,0.0,0.5460148214912057,0.0,0.0,0.0,
0.0,0.08368073181132354,0.0,0.544905531039877,0.0,0.0,0.0,
0.0,0.08368073181132354,0.0,0.544905531039877,0.0,0.0,0.0,
0.0,0.08368073181132354,0.0,0.544905531039877,0.0,0.0,0.0,
0.0,0.08368073181132354,0.0,0.544905531039877,0.0,0.0,0.0,
0.0,0.08368073181132354,0.0,0.544905531039877,0.0,0.0,0.0,
0.0,0.08368073181132354,0.0,0.544905531039877,0.0,0.0,0.0,
0.0,0.08368073181132354,0.0,0.544905531039877,0.0,0.0,0.0,
0.0,0.08368073181132354,0.0,0.544905531039877,0.0,0.0,0.0,
0.0,0.08368073181132354,0.0,0.5334186537794307,0.0,0.0,0.0,
0.0,0.08368073181132354,0.0,0.5387853708415455,0.0,0.0,0.0,
0.0,0.08368073181132354,0.0,0.5387853708415455,0.0,0.0,0.0,
0.0,0.08368073181132354,0.0,0.5387853708415455,0.0,0.0,0.0,
0.0,0.08368073181132354,0.0,0.532684542659847,0.0,0.0,0.0,
0.0,0.08368073181132354,0.0,0.532684542659847,0.0,0.0,0.0,
0.0,0.08368073181132354,0.0,0.532684542659847,0.0,0.0,0.0,
0.0,0.08368073181132354,0.0,0.532684542659847,0.0,0.0,0.0,
0.0,0.08368073181132354,0.0,0.532684542659847,0.0,0.0,0.0,
0.0,0.08368073181132354,0.0,0.5419233717140819,0.0,0.0,0.0,
0.0,0.08368073181132354,0.0,0.5419233717140819,0.0,0.0,0.0,
0.0,0.08368073181132354,0.0,0.5419233717140819,0.0,0.0,0.0,
0.0,0.08368073181132354,0.0,0.5425761169082626,0.0,0.0,0.0,
0.0,0.08368073181132354,0.0,0.5281228472027112,0.0,0.0,0.0,
0.0,0.08368073181132354,0.0,0.5299482222192192,0.0,0.0,0.0,
0.0,0.08368073181132354,0.0,0.5299482222192192,0.0,0.0,0.0,
0.0,0.08368073181132354,0.0,0.5168142780356106,0.0,0.0,0.0,
0.0,0.08368073181132354,0.0,0.5168142780356106,0.0,0.0,0.0,
0.0,0.08368073181132354,0.0,0.5168142780356106,0.0,0.0,0.0,
0.0,0.08368073181132354,0.0,0.5168142780356106,0.0,0.0,0.0,
0.0,0.08368073181132354,0.0,0.5168142780356106,0.0,0.0,0.0,
0.0,0.08368073181132354,0.0,0.5115507100287667,0.0,0.0,0.0,
0.0,0.08368073181132354,0.0,0.5115507100287667,0.0,0.0,0.0,
0.0,0.08368073181132354,0.0,0.5115507100287667,0.0,0.0,0.0,
0.0,0.08368073181132354,0.0,0.5115507100287667,0.0,0.0,0.0,
0.0,0.08368073181132354,0.0,0.5115507100287667,0.0,0.0,0.0,
0.0,0.08368073181132354,0.0,0.5200787192873487,0.0,0.0,0.0,
0.0,0.08368073181132354,0.0,0.5200787192873487,0.0,0.0,0.0,
0.0,0.08368073181132354,0.0,0.5411953216880501,0.0,0.0,0.0,
0.0,0.08368073181132354,0.0,0.5411953216880501,0.0,0.0,0.0,
0.0,0.08368073181132354,0.0,0.5260281301979312,0.0,0.0,0.0,
0.0,0.08368073181132354,0.0,0.5251767788843841,0.0,0.0,0.0,
0.0,0.08368073181132354,0.0,0.5303635979940992,0.0,0.0,0.0,
0.0,0.08368073181132354,0.0,0.5303635979940992,0.0,0.0,0.0,
0.0,0.08368073181132354,0.0,0.5303635979940992,0.0,0.0,0.0,
0.0,0.08368073181132354,0.0,0.5169660774416592,0.0,0.0,0.0,
0.0,0.08368073181132354,0.0,0.5136976688003166,0.0,0.0,0.0,
0.0,0.08368073181132354,0.0,0.5126084456926082,0.0,0.0,0.0,
0.0,0.08368073181132354,0.0,0.5132814937131838,0.0,0.0,0.0,
0.0,0.08368073181132354,0.0,0.5139311377944451,0.0,0.0,0.0,
0.0,0.08368073181132354,0.0,0.5139311377944451,0.0,0.0,0.0,
0.0,0.08368073181132354,0.0,0.5289284786196157,0.0,0.0,0.0,
0.0,0.08368073181132354,0.0,0.5373872341255677,0.0,0.0,0.0,
0.0,0.08368073181132354,0.0,0.5373872341255677,0.0,0.0,0.0,
0.0,0.08368073181132354,0.0,0.5373872341255677,0.0,0.0,0.0,
0.0,0.08368073181132354,0.0,0.5436867295995879,0.0,0.0,0.0,
0.0,0.08368073181132354,0.0,0.5481642909940558,0.0,0.0,0.0,
0.0,0.08368073181132354,0.0,0.5481642909940558,0.0,0.0,0.0,
0.0,0.08368073181132354,0.0,0.533676865578547,0.0,0.0,0.0,
0.0,0.08368073181132354,0.0,0.533676865578547,0.0,0.0,0.0,
0.0,0.08368073181132354,0.0,0.533676865578547,0.0,0.0,0.0,
0.0,0.08368073181132354,0.0,0.5357529294193234,0.0,0.0,0.0,
0.0,0.08368073181132354,0.0,0.5357529294193234,0.0,0.0,0.0,
0.0,0.08368073181132354,0.0,0.5357529294193234,0.0,0.0,0.0,
0.0,0.08368073181132354,0.0,0.5408575761203901,0.0,0.0,0.0,
0.0,0.08368073181132354,0.0,0.5408575761203901,0.0,0.0,0.0,
0.0,0.08368073181132354,0.0,0.5443188351128057,0.0,0.0,0.0,
0.0,0.08368073181132354,0.0,0.5443188351128057,0.0,0.0,0.0,
0.0,0.08368073181132354,0.0,0.5443188351128057,0.0,0.0,0.0,
0.0,0.08368073181132354,0.0,0.5443188351128057,0.0,0.0,0.0,
0.0,0.08368073181132354,0.0,0.5489449316037418,0.0,0.0,0.0,
0.0,0.08368073181132354,0.0,0.5489449316037418,0.0,0.0,0.0,
0.0,0.08368073181132354,0.0,0.551377736931002,0.0,0.0,0.0,
0.0,0.08368073181132354,0.0,0.5371435874759835,0.0,0.0,0.0,
0.0,0.08368073181132354,0.0,0.5188581978393934,0.0,0.0,0.0,
0.0,0.08368073181132354,0.0,0.5269243313328051,0.0,0.0,0.0,
0.0,0.08368073181132354,0.0,0.5269243313328051,0.0,0.0,0.0,
0.0,0.08368073181132354,0.0,0.5269243313328051,0.0,0.0,0.0,
0.0,0.08368073181132354,0.0,0.5367768187898896,0.0,0.0,0.0,
0.0,0.08368073181132354,0.0,0.5367768187898896,0.0,0.0,0.0,
0.0,0.08368073181132354,0.0,0.5367768187898896,0.0,0.0,0.0,
0.0,0.08368073181132354,0.0,0.5383295789386614,0.0,0.0,0.0,
0.0,0.08368073181132354,0.0,0.5383295789386614,0.0,0.0,0.0,
0.0,0.08368073181132354,0.0,0.5075805218134548,0.0,0.0,0.0,
0.0,0.08368073181132354,0.0,0.5075805218134548,0.0,0.0,0.0,
0.0,0.08368073181132354,0.0,0.5075805218134548,0.0,0.0,0.0,
0.0,0.08368073181132354,0.0,0.5075805218134548,0.0,0.0,0.0,
0.0,0.08368073181132354,0.0,0.5075805218134548,0.0,0.0,0.0,
0.0,0.08368073181132354,0.0,0.5075805218134548,0.0,0.0,0.0,
0.0,0.08368073181132354,0.0,0.5106581442280649,0.0,0.0,0.0,
0.0,0.08368073181132354,0.0,0.5106581442280649,0.0,0.0,0.0,
0.0,0.08368073181132354,0.0,0.5332651802657297,0.0,0.0,0.0,
0.0,0.08368073181132354,0.0,0.5332651802657297,0.0,0.0,0.0,
0.0,0.08368073181132354,0.0,0.5332651802657297,0.0,0.0,0.0,
0.0,0.08368073181132354,0.0,0.5309954872905475,0.0,0.0,0.0,
0.0,0.08368073181132354,0.0,0.5309954872905475,0.0,0.0,0.0,
0.0,0.08368073181132354,0.0,0.5309954872905475,0.0,0.0,0.0,
0.0,0.08368073181132354,0.0,0.533748576475535,0.0,0.0,0.0,
0.0,0.08368073181132354,0.0,0.5470637982536309,0.0,0.0,0.0,
0.0,0.08368073181132354,0.0,0.5224841491163048,0.0,0.0,0.0,
0.0,0.08368073181132354,0.0,0.5194391901955464,0.0,0.0,0.0,
0.0,0.08368073181132354,0.0,0.5194391901955464,0.0,0.0,0.0,
0.0,0.08368073181132354,0.0,0.5161315150346152,0.0,0.0,0.0,
0.0,0.08368073181132354,0.0,0.5161315150346152,0.0,0.0,0.0,
0.0,0.08368073181132354,0.0,0.5189277852827707,0.0,0.0,0.0,
0.0,0.08368073181132354,0.0,0.5234522479754243,0.0,0.0,0.0,
0.0,0.08368073181132354,0.0,0.5322110426213857,0.0,0.0,0.0,
0.0,0.08368073181132354,0.0,0.533623752498477,0.0,0.0,0.0,
0.0,0.08368073181132354,0.0,0.533623752498477,0.0,0.0,0.0,
0.0,0.08368073181132354,0.0,0.533623752498477,0.0,0.0,0.0,
0.0,0.08368073181132354,0.0,0.5188820561277747,0.0,0.0,0.0,
0.0,0.08368073181132354,0.0,0.5133902988097642,0.0,0.0,0.0,
0.0,0.08368073181132354,0.0,0.5114654394166095,0.0,0.0,0.0,
0.0,0.08368073181132354,0.0,0.5097424520725355,0.0,0.0,0.0,
0.0,0.08368073181132354,0.0,0.5097424520725355,0.0,0.0,0.0,
0.0,0.08368073181132354,0.0,0.5097424520725355,0.0,0.0,0.0,
0.0,0.08368073181132354,0.0,0.5097424520725355,0.0,0.0,0.0,
0.0,0.08368073181132354,0.0,0.516189069757697,0.0,0.0,0.0,
0.0,0.08368073181132354,0.0,0.516189069757697,0.0,0.0,0.0,
0.0,0.08368073181132354,0.0,0.516189069757697,0.0,0.0,0.0,
0.0,0.08368073181132354,0.0,0.5285975626417841,0.0,0.0,0.0,
0.0,0.08368073181132354,0.0,0.515013728994191,0.0,0.0,0.0,
0.0,0.08368073181132354,0.0,0.515013728994191,0.0,0.0,0.0,
0.0,0.08368073181132354,0.0,0.515013728994191,0.0,0.0,0.0,