
0.01
0.011514711716989425
0.015856118829742315
0.0176542137566348
0.014411979573957215
0.013121588435548538
0.010319593855461988
0.01495677323992936
0.01210780898999882
0.01411848566809725
0.011385910942247094
0.009342576339720458
0.007549318744567815
0.006119041336644829
0.00492159143739838
0.003972988289618009
0.003206738383067082
0.002606094332470691
0.0021358065639995177
0.0017782565923284833
0.001502375414750664
0.0012904893604750935
0.0011278205896226032
0.0010036197177496007
9.054969212656878E-4
8.282474432791216E-4
7.654958742387005E-4
7.133783889465358E-4
6.681917191863072E-4
6.2854126520027E-4
5.935157526848063E-4
5.610567200700536E-4
5.310803339732246E-4
5.024724867260634E-4
4.757998052812036E-4
4.498028097256496E-4
4.254663847871371E-4
4.0289864754971687E-4
3.8190882487533175E-4
3.631351668431392E-4
3.4489673730553816E-4
3.2829636750526917E-4
3.12387393312137E-4
2.9693976417161945E-4
2.818498628994779E-4
2.672771648417655E-4
2.529391753358677E-4
2.393387861763454E-4
2.2614552297199522E-4
2.1401611446240234E-4
2.0226109024145962E-4
1.9199197654378683E-4
1.828883830745967E-4
1.7363419497104228E-4
1.6518882779016284E-4
1.573286734579313E-4
1.5191805202279343E-4
1.4772255080580207E-4
1.4555420493715136E-4
1.4518942675711762E-4
1.459579749507874E-4
1.4736762039197081E-4
1.5032270483743705E-4
1.5429099177938606E-4
1.5790777079460766E-4
1.596215616506071E-4
1.5997995557417584E-4
1.5916409342903084E-4
1.569149428571981E-4
1.5235476602750794E-4
1.4627518783599756E-4
1.3895118926928493E-4
1.307963243396012E-4
1.2211995209497866E-4
1.2567213684904028E-4
1.3445969997287602E-4
1.491385739742531E-4
1.580319773521186E-4
1.669626720821735E-4
1.7269215522076875E-4
1.7354199367743342E-4
1.6952969692349154E-4
1.6115243599766673E-4
1.5007036805748144E-4
1.371319526946853E-4
1.236347389015262E-4
1.1017981710557487E-4
9.737954668545089E-5
8.611923827880757E-5
7.684048505110271E-5
6.973812391581388E-5
6.383053924030402E-5
5.9034145157496304E-5
5.489064500872787E-5
5.1201662035333746E-5
4.757904985687003E-5
5.230327917623011E-5
5.879582365928686E-5
6.817387560730011E-5
7.422551513147208E-5
8.059130472924199E-5
8.510571771706447E-5
8.716577026285857E-5
8.664302016161099E-5
8.392689089244179E-5
7.986331786717772E-5
7.471066697383275E-5
6.905399715850178E-5
6.321533773378377E-5
5.739526119634604E-5
5.184062681377536E-5
4.6640429911376966E-5
4.1812767841894815E-5
3.74117128524982E-5
3.341860797267084E-5
2.9816973168844013E-5
2.6617948048458548E-5
2.3732687735009355E-5
2.1202588999024817E-5
1.895280159328142E-5
1.6973737554174634E-5
1.524261287847646E-5
1.372205019083283E-5
1.2396216337528302E-5
1.1221322003785091E-5
1.0177434667391864E-5
9.27001290926239E-6
8.465180292729726E-6
7.746827631020344E-6
7.11961153447086E-6
6.5426462536458455E-6
6.042539319862317E-6
5.590365846132252E-6
5.1874052840988265E-6
4.813225928710514E-6
4.477321723249333E-6
4.185696246300242E-6
3.92342604492209E-6
3.6884041130746263E-6
3.4722120712317247E-6
3.286574022471304E-6
3.117152376443083E-6
2.962991594362923E-6
2.823452597000751E-6
2.6855115665459405E-6
2.560558022762162E-6
2.4330718911673113E-6
2.30719130676779E-6
2.1960696790964362E-6
2.082358510203733E-6
1.9876241267762658E-6
1.8991199998153552E-6
1.8278849957765613E-6
1.7526011003894932E-6
1.6795672972013849E-6
1.6140055204913156E-6
1.5462601825160848E-6
1.4825085555928646E-6
1.4257431340657051E-6
1.37999471877355E-6
1.3396446546576047E-6
1.3021393987307063E-6
1.265802680607059E-6
1.2259689930615935E-6
1.183349224337667E-6
1.1413175777857E-6
1.0966201316631227E-6
1.058373820371433E-6
1.0156036664181309E-6
9.846238330034252E-7
9.500384394412486E-7
9.232275189947094E-7
8.916678744553801E-7
8.62006976770844E-7
8.369682514880196E-7
8.07344072660272E-7
7.805045237302053E-7
7.510742767313329E-7
7.345384476586145E-7
7.185437550249899E-7
7.164207631209797E-7
7.148097716383496E-7
7.386784604553047E-7
7.725773705241175E-7
8.241346808795755E-7
8.98746212952737E-7
9.867323274922613E-7
1.0951714790467106E-6
1.2054469576857019E-6
1.319783098272218E-6
1.424834930443313E-6
1.5066848532021096E-6
1.5629990194151948E-6
1.5909138282818213E-6
1.6020027991043178E-6
1.590442199761972E-6
1.5605278529652656E-6
1.5185081203136796E-6
1.467104136880872E-6
1.4045825772173758E-6
1.338866532891089E-6
1.2704284104388263E-6
1.2075612646329822E-6
1.1465594566922661E-6
1.0915285847441002E-6
1.0379081599966815E-6
9.892902997865364E-7
9.404443084837187E-7
8.947312530630031E-7
8.473199317957237E-7
8.040453179770516E-7
7.652614456336024E-7
7.288992163243527E-7
6.928009481898628E-7
6.578401550056763E-7
6.287912305888414E-7
5.996175359612549E-7
5.722557471842527E-7
5.455838657895224E-7
5.209230701537418E-7
4.985129579652322E-7
4.76971859889477E-7
4.5783838393592454E-7
4.389828142832766E-7
4.1990129070546406E-7
4.010739719311096E-7
3.825707931850514E-7
3.6547772619813416E-7
3.496959994153557E-7
3.346509926498222E-7
3.198241152175237E-7
3.0595535228306385E-7
2.929555502016341E-7
2.804805315112348E-7
2.7001263064792857E-7
2.5892686390597755E-7
2.4851244269565324E-7
2.400010798254969E-7
2.3288008596644974E-7
2.2600914620132215E-7
2.1944788224190686E-7
2.1299512646630237E-7
2.0621001594367024E-7
1.9895062989472516E-7
1.9165549534774236E-7
1.8548098657255731E-7
1.7944255504237666E-7
1.7564515611407294E-7
1.718252686997598E-7
1.6924196047965638E-7
1.6708763948016043E-7
1.6580892275440718E-7
1.629154902773555E-7
1.6004512388674664E-7
1.5590424702935452E-7
1.5157054058472048E-7
1.476840647380638E-7
1.425931692852113E-7
1.3836254033656926E-7
1.332261755517131E-7
1.2861808596396874E-7
1.232857540905448E-7
1.1876228700629767E-7
1.1436024298110809E-7
1.0992411958953884E-7
1.0674861458783238E-7
1.0364105255278327E-7
1.0063359304661278E-7
9.748622993601556E-8
9.386979708001241E-8
9.052056632766345E-8
8.675691322000825E-8
8.399608644579157E-8
8.108020364071642E-8
7.917351248655965E-8
7.770559064420759E-8
7.670012514783955E-8
7.656607100901034E-8
7.681874731113256E-8
7.732990964798227E-8
7.720964377620237E-8
7.658056684355468E-8
7.564527001775937E-8
7.464610643354236E-8
7.328017510272498E-8
7.168043818169752E-8
7.007141123353913E-8
6.877884816711979E-8
6.724554793948981E-8
6.520598658615515E-8
6.288434633464494E-8
6.066614816171712E-8
5.851938338943983E-8
5.6972198512163943E-8
5.5789853524905564E-8
5.511897824380244E-8
5.534733634422687E-8
5.6244209789940936E-8
5.732846589247707E-8
5.834548149691898E-8
6.02792678823816E-8
6.22844614597379E-8
6.42865737925344E-8
6.58649697786176E-8
6.771789564873053E-8
6.905172032781856E-8
7.038892556150688E-8
7.123601532886457E-8
7.217389022308329E-8
7.301513019329196E-8
7.322081879669614E-8
7.347623928420215E-8
7.301294066692849E-8
7.229231026479198E-8
7.119093234684075E-8
7.01866997230088E-8
6.95623247907598E-8
6.931477445616816E-8
6.915036020706378E-8
6.944800775015803E-8
6.993146162654024E-8
7.007393149849356E-8
6.994943149671406E-8
6.956931838970491E-8
6.86384512177672E-8
6.75910916425968E-8
6.644432255425977E-8
6.53448478870915E-8
6.405051349423801E-8
6.257574082154765E-8
6.141694041673985E-8
6.005023361112324E-8
5.854140839889351E-8
5.686333091662872E-8
5.5319060261556826E-8
5.36711482692023E-8
5.2163411845146675E-8
5.075659603812531E-8
4.968209572229058E-8
4.8480289345620926E-8
4.751253394344547E-8
4.632902415303292E-8
4.523304333961703E-8
4.390941523862726E-8
4.242157850900805E-8
4.070891729995986E-8
3.8921380959215126E-8
3.752354320852719E-8
3.6257057123847156E-8
3.517460177777652E-8
3.4378480106126504E-8
3.3752007966201505E-8
3.3308166740612055E-8
3.268021074575926E-8
3.213115034807945E-8
3.119992123625799E-8
3.0227978180058436E-8
2.8964078047459338E-8
2.7561944877482638E-8
2.6282087363206872E-8
2.5131506470695472E-8
2.4662505114789675E-8
2.6236124054447824E-8
2.8686873051500265E-8
3.3174313405956614E-8
3.810151947573389E-8
4.3613224869012235E-8
4.849962343919279E-8
5.2622481597158675E-8
5.5477614702408436E-8
5.70213493617973E-8
5.729904757169581E-8
5.666298839741804E-8
5.516589451266905E-8
5.32943910631662E-8
5.0962549733936416E-8
4.855535910679044E-8
4.585509530169826E-8
4.33479511006213E-8
4.0749289247427105E-8
3.8435642946482536E-8
3.638684844170249E-8
3.464390461580943E-8
3.3155038933644766E-8
3.184498760957604E-8
3.0649516479364503E-8
2.946529406285943E-8
2.8284857701133794E-8
2.748205791988269E-8
2.6623275978834776E-8
2.6122871542577076E-8
2.565367240863202E-8
2.536187447991116E-8
2.4948764396780012E-8
2.452497847772911E-8
2.3896862761959176E-8
2.3062484810075987E-8
2.2020064390710992E-8
2.0849529917024722E-8
1.9661442390240118E-8
1.8339779914108775E-8
1.7001804881555134E-8
1.5646073516291476E-8
1.4423422514103717E-8
1.3295560534086762E-8
1.223322648298709E-8
1.12122639416002E-8
1.0325633361125123E-8
9.627919204993282E-9
9.09240174310232E-9
8.749116606896086E-9
8.484659329561098E-9
8.346229465615475E-9
8.204941508388846E-9
8.159823059052586E-9
8.126117198858089E-9
8.05910725593234E-9
8.0427629993901E-9
7.944837728119317E-9
7.812612223597528E-9
7.63949911207546E-9
7.512752289708596E-9
7.421179118025503E-9
7.304033146648171E-9
7.2134160342507864E-9
7.155390743807093E-9
7.136087776509666E-9
7.069833050348791E-9
7.028427040984296E-9
6.89605924516544E-9
6.794234718626072E-9
6.632775708940732E-9
6.409960135376371E-9
6.131861668301611E-9
5.841875907685465E-9
5.622561614452896E-9
5.3442260064029965E-9
5.155457416696136E-9
4.952304468071306E-9
4.821488781916812E-9
4.667607459950459E-9
4.532627065094852E-9
4.41129052230363E-9
4.297483362325947E-9
4.183300179193093E-9
4.053275202966779E-9
3.987917230090178E-9
3.905800232991045E-9
3.868562953571729E-9
3.889619444979145E-9
4.129020547281765E-9
4.416425105425712E-9
4.900224141258419E-9
5.428107018277341E-9
5.990137930081326E-9
6.537675828380479E-9
7.0406372547765885E-9
7.503601236150269E-9
7.839474375916491E-9
8.140558506094056E-9
8.315454741958045E-9
8.474625682914465E-9
8.55165055667225E-9
8.588317137029586E-9
8.559656019979217E-9
8.488371145306344E-9
8.341484227281466E-9
8.185899508268764E-9
7.968751464642565E-9
7.716575523088084E-9
7.461646622032789E-9
7.2104756695012445E-9
6.928931679865536E-9
6.631543217429299E-9
6.3266810255293954E-9
6.0214357656136765E-9
5.7212150365224356E-9
5.4453193892608955E-9
5.185896085566307E-9
4.946750788004483E-9
4.7339516118945634E-9
4.542951893076887E-9
4.402674335876035E-9
4.268881021975694E-9
4.1851276429886435E-9
4.092511464093084E-9
4.017137476136345E-9
3.905234691506444E-9
3.800038077465278E-9
3.6533237806121693E-9
3.4985647603913806E-9
3.322447306278418E-9
3.142365321997379E-9
2.9582201668930235E-9
2.7883572278278216E-9
2.6292632584778356E-9
2.4602389912886105E-9
2.3038058268122572E-9
2.1962468993204666E-9
2.1234013093712006E-9
2.060471100663069E-9
2.0231591694588374E-9
1.9931046637131966E-9
1.9885769491914136E-9
1.9598792339910076E-9
1.9449068886341627E-9
1.911452775639832E-9
1.875260676301437E-9
1.8441105497901446E-9
1.7940872388078901E-9
1.7439135140327184E-9
1.699654188548491E-9
1.66020629462385E-9
1.6058734194265197E-9
1.5495463990410352E-9
1.4839534899926092E-9
1.4297296734636585E-9
1.3750948124516874E-9
1.3282817030197233E-9
1.2899422916145886E-9
1.2617189345558451E-9
1.2622490962051052E-9
1.3317319190417307E-9
1.4419175861529062E-9
1.5939070596470818E-9
1.7471983327609508E-9
1.9013509671112626E-9
2.0158680063554207E-9
2.0849225056749357E-9
2.1077855390165602E-9
2.0863888533856857E-9
2.022252710959685E-9
1.929163932811822E-9
1.819472532283004E-9
1.7090001904296473E-9
1.5973642098186302E-9
1.478350826334394E-9
1.3730846604637245E-9
1.273277415690034E-9
1.1863639380458518E-9
1.1062293345882384E-9
1.0289657376290827E-9
9.592607553966927E-10
9.030204424957157E-10
8.472483463581825E-10
7.958767863580344E-10
7.518490297755962E-10
7.072245080962608E-10
6.749350485256833E-10
6.424956820635292E-10
6.085048806372036E-10
5.731948701152256E-10
5.402338490823424E-10
5.239709419479181E-10
5.105994967550464E-10
5.050601875940463E-10
5.029163263979255E-10
5.084128194589971E-10
5.142546172051996E-10
5.21786506525222E-10
5.264685736388254E-10
5.230311555696256E-10
5.137869842347361E-10
5.0575037258298E-10
4.894954314199678E-10
4.760073756057033E-10
4.552370287109244E-10
4.352826038261534E-10
4.125202268249052E-10
3.945750113478295E-10
3.7744212890952337E-10
3.58295264637014E-10
3.4515105845050714E-10
3.2906814531273904E-10
3.148825542897336E-10
3.0478058648695706E-10
2.9105104416277033E-10
2.8206346726423026E-10
2.7448983478280397E-10
2.6987498820156647E-10
2.618529861371056E-10
2.549424784807813E-10
2.4849822352292056E-10
2.433157518600804E-10
2.355049498086973E-10
2.2912545479279398E-10
2.2022852135860709E-10
2.1039576531943965E-10
2.014603955308146E-10
1.9385824095469938E-10
1.8472265280617262E-10
1.775547531276362E-10
1.7007097611441687E-10
1.654296954215184E-10
1.6290400244058428E-10
1.590813099816078E-10
1.54534019173506E-10
1.5006209013514738E-10
1.479224166403703E-10
1.4480848582608774E-10
1.4247180335492067E-10
1.412906657900875E-10
1.3884886607956417E-10
1.4496952126745168E-10
1.7704195613517518E-10
2.162125980851793E-10
2.7244574131752493E-10
3.318948938727526E-10
3.9792400726360933E-10
4.568926257484282E-10
5.041162636411666E-10
5.384438809041388E-10
5.563116403213062E-10
5.617959221958683E-10
5.529509878171712E-10
5.347951350971166E-10
5.093469392309183E-10
4.773697455085057E-10
4.431021243289521E-10
4.068149966110522E-10
3.696093778573551E-10
3.3872807551878476E-10
3.287703150771458E-10
4.5622404833798694E-10
7.256000337223102E-10
1.1338111196195991E-9
1.5980918545574457E-9
2.211176109857817E-9
2.9484841730627536E-9
3.801932782073917E-9
4.735878053114995E-9
5.732754575791289E-9
6.7207115077198576E-9
7.70244108425943E-9
8.515120693595079E-9
9.172106410350385E-9
9.780406737855373E-9
1.0369909169578579E-8
1.102969949603081E-8
1.155815811972398E-8
1.1897763701026171E-8
1.1971916609273022E-8
1.190979353663205E-8
1.1603373527519878E-8
1.1064421799548877E-8
1.0370407665555937E-8
9.567667568488004E-9
8.698901919028376E-9
7.8351977050006E-9
7.000025844583074E-9
6.2060668237476755E-9
5.47605860101662E-9
4.815077793843385E-9
4.231541941627126E-9
3.7195787841496157E-9
3.28266851958992E-9
2.906903811752207E-9
2.5855854531766516E-9
2.3177994977560036E-9
2.1266058562796792E-9
1.987446180845074E-9
1.8952467442996612E-9
1.8353096608280484E-9
1.8059889036015208E-9
1.793370374552867E-9
1.8194711168703323E-9
1.859070404954003E-9
1.9177607122887747E-9
1.972329361444377E-9
2.0316107203457703E-9
2.078282178476891E-9
2.1828156127313704E-9
2.3893929819254968E-9
2.6402943121317604E-9
2.8727333274301107E-9
3.0659955683977196E-9
3.2164268846403873E-9
3.292039343995458E-9
3.277353089702651E-9
3.184833668778054E-9
3.0349995310667562E-9
2.8482708405416707E-9
2.6470388847495925E-9
2.4450616075419416E-9
2.2513788713587913E-9
2.072075135939603E-9
1.908644003225352E-9
1.7633979345442764E-9
1.6340138314464584E-9
1.5172746452519315E-9
1.414476717915625E-9
1.3221492320367765E-9
1.2405051654018795E-9
1.168662030473928E-9
1.1980867832974321E-9
1.469123086380622E-9
1.979309854595431E-9
2.6708134975281983E-9
3.3432639618595605E-9
3.960242330750915E-9
4.4126307087311686E-9
4.701795798640807E-9
4.786098963985959E-9
4.680251282286708E-9
4.424430753032618E-9
4.075344613726499E-9
3.965131560643457E-9
4.110546613867924E-9
4.389961205493386E-9
4.506489940758182E-9
4.70541167785235E-9
4.93365182318591E-9
5.070936467066393E-9
5.135493630210221E-9
5.04249037065707E-9
4.8838961172473106E-9
4.639529879755627E-9
4.337330277079796E-9
3.98270435376935E-9
3.5894328776874405E-9
3.198879791051837E-9
2.8150280737481293E-9
2.469780487043672E-9
2.1541791021411883E-9
1.8837584318488624E-9
1.6509036851037174E-9
1.4541984198954653E-9
1.2897790713720156E-9
1.1549485567780976E-9
1.045213554645868E-9
9.549630556598608E-10
8.828220384649425E-10
8.237844539936976E-10
7.743745192986824E-10
7.300548331973653E-10
6.891792292055664E-10
6.50696016320734E-10
6.127286531267272E-10
5.741546950077068E-10
6.408628031662522E-10
8.321752190562472E-10
1.136394593697627E-9
1.494404229058119E-9
1.912428860231078E-9
2.3486981443267923E-9
2.779161711799763E-9
3.177490020775503E-9
3.5359483468346977E-9
3.852462491640498E-9
4.127008711876553E-9
4.39421583865629E-9
4.618058138032925E-9
4.8073768871475644E-9
4.958340273264296E-9
5.075476862416065E-9
5.184633809850574E-9
5.277513044902408E-9
5.353287731192342E-9
5.431311095604541E-9
5.459582630952438E-9
5.522072541544866E-9
5.6450868419616696E-9
5.825317475298958E-9
5.95357303900299E-9
6.21519492529235E-9
6.446645103032346E-9
1.0032826722970814E-8
1.5658312052035842E-8
2.3226397320360073E-8
3.179468238415115E-8
4.120844512651358E-8
5.065388854536808E-8
5.944220419460251E-8
6.617333538476373E-8
7.069784049541716E-8
7.25188187812607E-8
7.259456663364528E-8
7.071152607383498E-8
6.731263604849345E-8
6.293737370206006E-8
5.7712340234045695E-8
5.2262952182968455E-8
4.673978078454206E-8
4.1417152848914805E-8
3.666580679346088E-8
3.283936828170736E-8
3.121641849764654E-8
3.0141694621336943E-8
3.134098196381311E-8
3.459073738644277E-8
3.8772784386136066E-8
4.3464556373134494E-8
4.707900835508274E-8
4.953386514787511E-8
5.077643206636267E-8
5.049450488168069E-8
4.885751527535735E-8
4.63566882214041E-8
4.3941542479731414E-8
4.273930810589621E-8
3.9240871715343804E-8
3.694419890313767E-8
3.466912338326714E-8
3.2220496353850686E-8
2.9640572564344522E-8
2.678572388447066E-8
2.395455395076705E-8
2.1147749769501584E-8
1.8537792264579807E-8
1.614000423534914E-8
1.4005188237449073E-8
1.2146137880395304E-8
1.0765916864368426E-8
9.789146443062035E-9
9.447933908885816E-9
1.0174679927517059E-8
1.2484705295449204E-8
1.55717733626923E-8
1.946192782777653E-8
2.3476452911143203E-8
2.7024275455181453E-8
2.982892544045652E-8
3.170585553541263E-8
3.272736641984025E-8
3.282183025511974E-8
3.212179594991014E-8
3.0820428697862E-8
2.910911446104729E-8
2.714023793447427E-8
2.5030722783071178E-8
2.287848190648956E-8
2.0757967568082365E-8
1.871570367080155E-8
1.679695719283097E-8
1.501344013246046E-8
1.3398395963487138E-8
1.1932037457260255E-8
1.0622751901601708E-8
9.465685455662553E-9
8.438949011087675E-9
7.529772882962568E-9
6.7334365810735675E-9
6.027201243325188E-9
5.39832388025904E-9
4.82705175602684E-9
4.315842845890262E-9
3.890483818352226E-9
3.626657968189883E-9
3.5349712806500773E-9
3.607939121699099E-9
3.843474841916451E-9
4.241312334879941E-9
4.814128166418707E-9
5.496419409704086E-9
6.169940152438543E-9
6.728082220921373E-9
7.139829370710185E-9
7.381824559917528E-9
7.442456576916253E-9
7.309684141128472E-9
7.0278428374266335E-9
6.628967247262339E-9
6.160015751497364E-9
5.644015235324001E-9
5.113991071441325E-9
4.587612171072581E-9
4.078893980537587E-9
3.5984138140416256E-9
3.1525507023913312E-9
2.7473318458538325E-9
2.3802627324267082E-9
2.0548823647551818E-9
1.7674755927552925E-9
1.5168873053940885E-9
1.2984624703865003E-9
1.1108499474940155E-9
9.483676433955435E-10
8.114823129707933E-10
6.929411576050398E-10
5.934282351692225E-10
5.082903962667817E-10
4.373863114998799E-10
3.7749172480615145E-10
3.2694496407519233E-10
2.8377351668076544E-10
2.481938553419981E-10
2.179447115753179E-10
1.9235743349459182E-10
1.707853123190826E-10
1.549634179767245E-10
1.4350209327747834E-10
1.3543450646056576E-10
1.3152607048662707E-10
1.308481207122256E-10
1.3616273880185016E-10
1.4448439911179606E-10
1.6025319388116934E-10
1.806161337305869E-10
2.0786629786585348E-10
3.987567617061429E-10
6.992406534707312E-10
1.7548836667370515E-9
3.237997365899799E-9
5.530596429144413E-9
7.570421956117221E-9
9.525211345867735E-9
1.1012841405057476E-8
1.2092300360519738E-8
1.2714369394146141E-8
1.3391659069824463E-8
1.4097501183726361E-8
1.5147431469495445E-8
1.6420416201033745E-8
1.7613573862120438E-8
1.9218165035208738E-8
2.088456400082892E-8
2.3259528517677258E-8
2.521122885289552E-8
2.693057394426102E-8
2.7961617265767687E-8
2.8356467939210354E-8
2.8162880329953195E-8
2.7297601253222683E-8
2.5975807540900227E-8
2.4232327707523865E-8
2.2322902149896475E-8
2.0314973616802598E-8
1.8305612500583876E-8
1.6365570768908522E-8
1.4516799011520183E-8
1.2790460035800238E-8
1.1193219004014853E-8
9.731589149404946E-9
8.429205810999497E-9
7.2692122705189325E-9
6.259354530573972E-9
5.380309627757043E-9
4.619486382956735E-9
3.964968955122994E-9
3.3978900443948353E-9
2.9100814916954847E-9
2.491332515419165E-9
2.1353241486179393E-9
1.8332569160605106E-9
1.5782510748370844E-9
1.3616317238788174E-9
1.179100814981637E-9
1.0245300014747534E-9
8.929609264450303E-10
7.78038300796227E-10
6.797970071939592E-10
5.95053602491229E-10
5.273495531418422E-10
4.734707966069931E-10
4.3589374164480764E-10
4.097312558174843E-10
3.9678491443049253E-10
3.8902787814121315E-10
3.8579301706438753E-10
3.815835417741078E-10
3.7627197782264465E-10
3.6582109757693965E-10
3.5086317089670145E-10
4.008399683522442E-10
6.704112195291249E-10
1.4509738629170928E-9
2.2944265240648926E-9
3.1925356521459816E-9
4.040888151931465E-9
4.684719162263417E-9
5.447761409734292E-9
6.0474378169557815E-9
6.648509546929063E-9
6.971382210459391E-9
7.199425583153493E-9
7.882373548589993E-9
8.435929654981259E-9
9.100656682627488E-9
9.304680802912647E-9
9.495655546589124E-9
9.54855425640003E-9
9.358765178293413E-9
8.988295925990811E-9
8.436233908550676E-9
8.199023431306654E-9
8.11894078393214E-9
8.253388946302645E-9
8.547919078966649E-9
9.223799949495366E-9
1.0386293997907151E-8
1.1854862185456362E-8
1.3675444849497288E-8
1.5546552361764367E-8
1.7109016260214255E-8
1.8194364512736913E-8
1.8709298627185183E-8
1.8725265002828805E-8
1.8269197788320428E-8
1.73537054751454E-8
1.6058493923622046E-8