
0.0,0.0,0.0,0.0,0.0,0.0,
0.0,0.0,0.0,0.0,0.0,0.0,
0.0,0.0,0.0,0.0,0.0,0.0,
0.0,0.0,0.0,0.0,0.0,0.0,
0.0,0.0,0.0,0.0,0.0,0.0,
0.0,0.0,0.0,0.0,0.0,0.0,
0.0,0.0,0.0,9.548821295147925E-12,0.0,0.0,
0.0,0.0,0.0,1.644526536624105E-9,0.0,0.0,
0.0,0.0,0.0,1.7171024643679618E-6,0.0,0.0,
0.0,0.0,0.0,7.609860320580222E-6,0.0,0.0,
0.0,0.0,0.0,1.3064441338068532E-5,0.0,0.0,
0.0,0.0,0.0,1.532523137893882E-5,0.0,0.0,
0.0,0.0,0.0,1.8615915445406207E-5,0.0,0.0,
0.0,0.0,5.501008268524731E-6,3.666726062441841E-5,0.0,0.0,
0.0,0.0,5.016123572867192E-5,1.1017657253410888E-4,0.0,0.0,
0.0,0.0,5.016123572867192E-5,1.2573506571980043E-4,0.0,0.0,
0.0,0.0,5.016123572867192E-5,1.2573506571980043E-4,0.0,0.0,
0.0,0.0,7.367601555569508E-5,2.1651949075123493E-4,0.0,0.0,
0.0,0.0,8.811441241329686E-5,2.1435429584372258E-4,0.0,0.0,
0.0,0.0,1.3574841406053007E-4,2.819294321303457E-4,0.0,0.0,
0.0,0.0,2.0585245363040816E-4,3.636106430773279E-4,0.0,0.0,
0.0,0.0,2.0585245363040816E-4,3.833525326990796E-4,0.0,0.0,
0.0,0.0,2.0585245363040816E-4,3.833525326990796E-4,0.0,0.0,
0.0,0.0,2.0585245363040816E-4,3.833525326990796E-4,0.0,0.0,
0.0,0.0,3.041346432644997E-4,5.025818828491775E-4,0.0,0.0,
0.0,0.0,3.2440634979030865E-4,5.927504312519359E-4,0.0,0.0,
0.0,0.0,3.9227252973530146E-4,7.492228829072846E-4,0.0,0.0,
0.0,0.0,5.065899569244245E-4,8.112920075936163E-4,0.0,0.0,
0.0,0.0,5.174371800847105E-4,8.274359068822624E-4,0.0,0.0,
0.0,0.0,5.261906662323492E-4,9.485895914079362E-4,0.0,0.0,
0.0,9.953141307583914E-5,7.095334757033956E-4,0.0010974742201230818,0.0,0.0,
0.0,9.953141307583914E-5,7.095334757033956E-4,0.001109761418707738,0.0,0.0,
0.0,9.953141307583914E-5,8.085197223911455E-4,0.0010961991255329362,0.0,0.0,
0.0,9.953141307583914E-5,8.085197223911455E-4,0.001094710829645454,0.0,0.0,
0.0,9.953141307583914E-5,8.441318991908789E-4,0.0011230230011366465,0.0,0.0,
0.0,9.953141307583914E-5,8.942351108032843E-4,0.0011176376291937337,0.0,0.0,
0.0,9.953141307583914E-5,8.863985279565218E-4,0.0011257316433943025,0.0,0.0,
0.0,9.953141307583914E-5,8.984839844401447E-4,0.0011093494334308359,0.0,0.0,
0.0,9.953141307583914E-5,9.002802508364581E-4,0.001120378932883782,0.0,0.0,
1.022755016961055E-4,9.953141307583914E-5,9.832825939744192E-4,0.0011608600627934591,0.0,0.0,
1.022755016961055E-4,9.953141307583914E-5,0.001001444252024236,0.0011753192173423288,0.0,0.0,
1.022755016961055E-4,9.953141307583914E-5,9.62552376647622E-4,0.0011875347380871093,0.0,0.0,
1.022755016961055E-4,9.953141307583914E-5,9.80541337892647E-4,0.0011871519412371568,0.0,0.0,
1.022755016961055E-4,9.953141307583914E-5,9.80541337892647E-4,0.001187728243725988,0.0,0.0,
1.022755016961055E-4,9.953141307583914E-5,9.908384377552018E-4,0.0011658268414149577,0.0,0.0,
1.022755016961055E-4,9.953141307583914E-5,9.908384377552018E-4,0.0011702148502609696,0.0,0.0,
1.022755016961055E-4,9.953141307583914E-5,9.449108621023713E-4,0.001182274695786648,0.0,0.0,
1.022755016961055E-4,9.953141307583914E-5,0.0010095770230754103,0.001241291278706068,0.0,0.0,
1.022755016961055E-4,9.953141307583914E-5,0.0010075787158939265,0.0011867345706344087,0.0,0.0,
1.022755016961055E-4,9.953141307583914E-5,9.787224046756313E-4,0.0011823398636308265,0.0,0.0,
1.022755016961055E-4,9.953141307583914E-5,9.681679014382797E-4,0.0011879673122774184,0.0,0.0,
1.022755016961055E-4,9.953141307583914E-5,9.574408242017341E-4,0.0011698907753762825,0.0,0.0,
1.022755016961055E-4,9.953141307583914E-5,9.274319912604401E-4,0.0011653878018717838,0.0,0.0,
1.022755016961055E-4,9.953141307583914E-5,9.274319912604401E-4,0.0011653878018717838,0.0,0.0,
1.022755016961055E-4,9.953141307583914E-5,9.188898583470144E-4,0.0011841406611141881,0.0,0.0,
1.022755016961055E-4,9.953141307583914E-5,9.188898583470144E-4,0.0011896499758440383,0.0,0.0,
1.022755016961055E-4,9.953141307583914E-5,9.370910978385282E-4,0.0011950917913527823,0.0,0.0,
1.022755016961055E-4,9.953141307583914E-5,9.707716239771226E-4,0.0012230745404927948,0.0,0.0,
1.022755016961055E-4,9.953141307583914E-5,9.638929607836651E-4,0.0013141930480535318,0.0,0.0,
1.022755016961055E-4,9.953141307583914E-5,0.0010050711129479574,0.0012928223079778658,0.0,0.0,
1.022755016961055E-4,9.953141307583914E-5,0.0010624475107912964,0.001295645058210767,0.0,0.0,
1.022755016961055E-4,9.953141307583914E-5,0.0010439188550428003,0.0013158191729498497,0.0,0.0,
1.022755016961055E-4,9.953141307583914E-5,0.0011159408754300355,0.0013730948268273185,0.0,0.0,
1.022755016961055E-4,9.953141307583914E-5,0.0011159408754300355,0.0013827902775127333,0.0,0.0,
1.022755016961055E-4,9.953141307583914E-5,0.0011679820261086152,0.0013835309443176237,0.0,0.0,
1.022755016961055E-4,9.953141307583914E-5,0.0011679820261086152,0.0013826715504076951,0.0,0.0,
1.022755016961055E-4,9.953141307583914E-5,0.0011226223665058667,0.0013691507642237157,0.0,0.0,
1.022755016961055E-4,9.953141307583914E-5,0.0011544455306206052,0.0013625578776810027,0.0,0.0,
1.022755016961055E-4,9.953141307583914E-5,0.0011544455306206052,0.0013765633137992174,0.0,0.0,
1.022755016961055E-4,2.4894781356389227E-4,0.0012320049393191145,0.001528619609758934,0.0,0.0,
1.022755016961055E-4,2.4894781356389227E-4,0.001320829169280451,0.0015822233261306158,0.0,0.0,
1.022755016961055E-4,2.4894781356389227E-4,0.0012886749480529416,0.0015997847752903971,0.0,0.0,
1.022755016961055E-4,2.4894781356389227E-4,0.0012954911515871963,0.0016301708050556884,0.0,0.0,
1.022755016961055E-4,2.4894781356389227E-4,0.0014520007322704075,0.0016387205180952017,0.0,0.0,
1.022755016961055E-4,2.4894781356389227E-4,0.0014659338326126108,0.0015699881692521327,0.0,0.0,
1.022755016961055E-4,2.4894781356389227E-4,0.001429947828448759,0.0015553657447144556,0.0,0.0,
1.022755016961055E-4,2.4894781356389227E-4,0.001444483282370766,0.0015978337222750803,0.0,0.0,
1.022755016961055E-4,2.4894781356389227E-4,0.001422945223656061,0.001574562552989218,0.0,0.0,
1.022755016961055E-4,2.4894781356389227E-4,0.0014439286808838481,0.0015803842772836893,0.0,0.0,
1.022755016961055E-4,2.4894781356389227E-4,0.001429767341019591,0.0015935382617315134,0.0,0.0,
1.022755016961055E-4,2.4894781356389227E-4,0.0014548485702603217,0.001538040840775282,0.0,0.0,
1.022755016961055E-4,2.4894781356389227E-4,0.0014727035613765638,0.0015297651738395376,0.0,0.0,
1.022755016961055E-4,2.4894781356389227E-4,0.0014727035613765638,0.0015281010844693723,0.0,0.0,
1.022755016961055E-4,2.4894781356389227E-4,0.0014094968742138425,0.0015916511243044742,0.0,0.0,
1.022755016961055E-4,2.4894781356389227E-4,0.0013759499662722833,0.0016786228706766276,0.0,0.0,
1.022755016961055E-4,2.4894781356389227E-4,0.0013439716570424357,0.001707172109119419,0.0,0.0,
1.022755016961055E-4,2.4894781356389227E-4,0.0014076029026090088,0.0016569377522685418,0.0,0.0,
1.022755016961055E-4,2.4894781356389227E-4,0.0014076029026090088,0.0016721264161671068,0.0,0.0,
1.022755016961055E-4,2.4894781356389227E-4,0.0013933546419821934,0.0017533113623576968,0.0,0.0,
1.022755016961055E-4,2.4894781356389227E-4,0.0014934678555163054,0.0016342133969009806,0.0,0.0,
1.022755016961055E-4,4.2733987814832597E-4,0.0015020633652915952,0.0017160043775024793,0.0,0.0,
1.022755016961055E-4,5.849823607465429E-4,0.0014287234774109745,0.0017494132425588155,0.0,0.0,
1.022755016961055E-4,5.849823607465429E-4,0.001394643757982844,0.001846090900543919,0.0,0.0,
1.022755016961055E-4,5.849823607465429E-4,0.001394643757982844,0.001846090900543919,0.0,0.0,
1.022755016961055E-4,5.849823607465429E-4,0.0015695947131965924,0.0018560418142065241,0.0,0.0,
1.022755016961055E-4,5.849823607465429E-4,0.0015647897831462215,0.0018544520638009022,0.0,0.0,
1.022755016961055E-4,5.849823607465429E-4,0.001541322326094208,0.0018591125760081834,0.0,0.0,
1.022755016961055E-4,5.849823607465429E-4,0.001541322326094208,0.001868750565617459,0.0,0.0,
1.022755016961055E-4,5.849823607465429E-4,0.0015011067964936099,0.0018582771517379418,0.0,0.0,
1.022755016961055E-4,5.849823607465429E-4,0.0015011067964936099,0.001867259125242711,0.0,0.0,
1.022755016961055E-4,5.849823607465429E-4,0.0015011067964936099,0.001867259125242711,0.0,0.0,
1.022755016961055E-4,5.849823607465429E-4,0.0016109709033589876,0.001867259125242711,0.0,0.0,
1.022755016961055E-4,5.849823607465429E-4,0.001591636885449558,0.0019086968891004507,0.0,0.0,
1.022755016961055E-4,5.849823607465429E-4,0.001610873905350893,0.0018772682364973615,0.0,0.0,
1.022755016961055E-4,5.849823607465429E-4,0.001673017411561893,0.0020227210000455134,0.0,0.0,
1.022755016961055E-4,5.849823607465429E-4,0.0017447166708141673,0.002053385983352611,0.0,0.0,
1.022755016961055E-4,5.849823607465429E-4,0.0017447166708141673,0.0020190923777535868,0.0,0.0,
1.022755016961055E-4,5.849823607465429E-4,0.0017278607468318003,0.0019986506139344504,0.0,0.0,
1.022755016961055E-4,5.849823607465429E-4,0.0017137620009055733,0.00202607991667989,0.0,0.0,
1.022755016961055E-4,5.849823607465429E-4,0.0016987289817831956,0.0020409918361565566,0.0,0.0,
1.022755016961055E-4,5.849823607465429E-4,0.0018200221588726584,0.0022600137126611314,0.0,0.0,
1.022755016961055E-4,6.918116925911452E-4,0.0017928882062345918,0.0022684951453904563,0.0,0.0,
1.022755016961055E-4,8.489362683210218E-4,0.001763300545702947,0.0022201061972420017,0.0,0.0,
1.022755016961055E-4,8.489362683210218E-4,0.0018065074861367322,0.0022401286451602734,0.0,0.0,
1.022755016961055E-4,8.489362683210218E-4,0.0018065074861367322,0.0022420839576536298,0.0,0.0,
1.022755016961055E-4,8.489362683210218E-4,0.0018065074861367322,0.0022564035879334863,0.0,0.0,
1.022755016961055E-4,8.489362683210218E-4,0.00182620609976222,0.002271163476033525,0.0,0.0,
1.022755016961055E-4,8.489362683210218E-4,0.0018163026385094928,0.0022931834974165653,0.0,0.0,
1.022755016961055E-4,8.489362683210218E-4,0.001898737789515787,0.0022713517628965914,0.0,0.0,
1.022755016961055E-4,0.0010045529751834556,0.0019304634593782263,0.0022276896766220268,0.0,0.0,
1.022755016961055E-4,0.0011597268866436641,0.001983821200467443,0.0023254509208945184,0.0,0.0,
1.022755016961055E-4,0.0011597268866436641,0.001958923179291946,0.002344464428125452,0.0,0.0,
1.022755016961055E-4,0.0011597268866436641,0.0020253126971090125,0.0023683606033020627,0.0,0.0,
1.022755016961055E-4,0.0011597268866436641,0.0020253126971090125,0.0023683606033020627,0.0,0.0,
1.022755016961055E-4,0.0011597268866436641,0.0020253126971090125,0.0023868325261926712,0.0,0.0,
1.022755016961055E-4,0.0011597268866436641,0.0020253126971090125,0.0024025836084727984,0.0,0.0,
1.022755016961055E-4,0.0011597268866436641,0.0019837275208570994,0.002417433780283033,0.0,0.0,
1.022755016961055E-4,0.0011597268866436641,0.0019946708872007066,0.0024798746412776286,0.0,0.0,
1.022755016961055E-4,0.0011597268866436641,0.0020689352962489035,0.002501659671768625,0.0,0.0,
1.022755016961055E-4,0.0011597268866436641,0.0020461470504939796,0.0025390153960354054,0.0,0.0,
1.022755016961055E-4,0.0011597268866436641,0.0020461470504939796,0.0025898147890927683,0.0,0.0,
1.022755016961055E-4,0.0011597268866436641,0.0020461470504939796,0.002612402768397718,0.0,0.0,
1.022755016961055E-4,0.0011597268866436641,0.0020461470504939796,0.0025720698185349973,0.0,0.0,
1.022755016961055E-4,0.0011597268866436641,0.0020461470504939796,0.0025720698185349973,0.0,0.0,
1.022755016961055E-4,0.0011597268866436641,0.0020461470504939796,0.0026700962605234655,0.0,0.0,
1.022755016961055E-4,0.0011597268866436641,0.0020461470504939796,0.0027013878439667485,0.0,0.0,
1.022755016961055E-4,0.0011597268866436641,0.002223927531832928,0.0027153536070681373,0.0,0.0,
1.022755016961055E-4,0.001632244997668089,0.0022729894706756963,0.003186911234249647,0.0,0.0,
1.022755016961055E-4,0.001632244997668089,0.002369992723336252,0.0032717651631053693,0.0,0.0,
1.022755016961055E-4,0.001632244997668089,0.002369992723336252,0.003318055178261299,0.0,0.0,
1.022755016961055E-4,0.0017206330341469093,0.002634304257711604,0.0035421340068856146,0.0,0.0,
1.022755016961055E-4,0.0017206330341469093,0.0027901580738462417,0.0036437030186353024,0.0,0.0,
1.022755016961055E-4,0.0017206330341469093,0.0027901580738462417,0.0036181428184780024,0.0,0.0,
1.022755016961055E-4,0.0017206330341469093,0.0027901580738462417,0.0035587888549410457,0.0,0.0,
1.022755016961055E-4,0.0017206330341469093,0.003166433212970336,0.003802053440222848,0.0,0.0,
1.022755016961055E-4,0.001999334171478876,0.003072028678615434,0.003977805433999687,0.0,0.0,
1.022755016961055E-4,0.0024761206104090628,0.0030525805624446512,0.004057346989434054,0.0,0.0,
1.022755016961055E-4,0.0028374068141678354,0.003031788489936809,0.004154898166684257,0.0,0.0,
1.022755016961055E-4,0.0028374068141678354,0.003179782223222461,0.004154898166684257,0.0,0.0,
1.022755016961055E-4,0.0028374068141678354,0.0031471446672189313,0.004125416608310574,0.0,0.0,
1.022755016961055E-4,0.0028374068141678354,0.0031370836309051508,0.004201899687063068,0.0,0.0,
1.022755016961055E-4,0.0028374068141678354,0.0033093545198250077,0.003981280316318409,0.0,0.0,
1.022755016961055E-4,0.0028374068141678354,0.003343963676843237,0.004153805743158458,0.0,0.0,
1.022755016961055E-4,0.0028374068141678354,0.003343963676843237,0.004241184855832986,0.0,0.0,
1.022755016961055E-4,0.0028374068141678354,0.003343963676843237,0.004316162567103261,0.0,0.0,
1.022755016961055E-4,0.0028374068141678354,0.003343963676843237,0.00447324368310422,0.0,0.0,
1.022755016961055E-4,0.0028374068141678354,0.003343963676843237,0.004546788505518419,0.0,0.0,
1.022755016961055E-4,0.0028374068141678354,0.003343963676843237,0.004623518955353286,0.0,0.0,
1.022755016961055E-4,0.0028374068141678354,0.003343963676843237,0.00469849590748881,0.0,0.0,
1.022755016961055E-4,0.0028374068141678354,0.003343963676843237,0.0047671475351234085,0.0,0.0,
1.022755016961055E-4,0.0028374068141678354,0.003343963676843237,0.0047671475351234085,0.0,0.0,
1.022755016961055E-4,0.0028374068141678354,0.003467689363682541,0.0051465536454397935,0.0,0.0,
1.022755016961055E-4,0.0028374068141678354,0.003467689363682541,0.0051465536454397935,0.0,0.0,
1.022755016961055E-4,0.0028374068141678354,0.003467689363682541,0.005203338553179188,0.0,0.0,
1.022755016961055E-4,0.0028374068141678354,0.003467689363682541,0.005262597630621884,0.0,0.0,
1.022755016961055E-4,0.0028374068141678354,0.003467689363682541,0.005330249467403699,0.0,0.0,
1.022755016961055E-4,0.0028374068141678354,0.003467689363682541,0.005330249467403699,0.0,0.0,
1.022755016961055E-4,0.0028374068141678354,0.003467689363682541,0.0053975697778170925,0.0,0.0,
1.022755016961055E-4,0.0028374068141678354,0.003467689363682541,0.005464463709905288,0.0,0.0,
1.022755016961055E-4,0.0028374068141678354,0.003467689363682541,0.005530871914315474,0.0,0.0,
1.022755016961055E-4,0.0028374068141678354,0.003467689363682541,0.005592995776142563,0.0,0.0,
1.022755016961055E-4,0.0028374068141678354,0.003467689363682541,0.005662856795729893,0.0,0.0,
1.022755016961055E-4,0.0028374068141678354,0.003467689363682541,0.005662856795729893,0.0,0.0,
1.022755016961055E-4,0.0028374068141678354,0.003467689363682541,0.005735476924450297,0.0,0.0,
1.022755016961055E-4,0.0028374068141678354,0.003467689363682541,0.005808477169507757,0.0,0.0,
1.022755016961055E-4,0.0028374068141678354,0.003467689363682541,0.005882880810091611,0.0,0.0,
1.022755016961055E-4,0.0028374068141678354,0.003467689363682541,0.006012461783638134,0.0,0.0,
1.022755016961055E-4,0.0028374068141678354,0.003467689363682541,0.006017554790127777,0.0,0.0,
1.022755016961055E-4,0.0028374068141678354,0.003467689363682541,0.00586709800025682,0.0,0.0,
1.022755016961055E-4,0.0028374068141678354,0.003467689363682541,0.005962518439650975,0.0,0.0,
1.022755016961055E-4,0.0028374068141678354,0.003467689363682541,0.006068209695890366,0.0,0.0,
1.022755016961055E-4,0.0028374068141678354,0.003467689363682541,0.006068209695890366,0.0,0.0,
1.022755016961055E-4,0.0028374068141678354,0.003467689363682541,0.006068209695890366,0.0,0.0,
1.022755016961055E-4,0.0028374068141678354,0.003467689363682541,0.006007115174218512,0.0,0.0,
1.022755016961055E-4,0.0028374068141678354,0.003467689363682541,0.006007115174218512,0.0,0.0,
1.022755016961055E-4,0.0028374068141678354,0.003467689363682541,0.006007115174218512,0.0,0.0,
1.022755016961055E-4,0.0028374068141678354,0.003467689363682541,0.006092497297988354,0.0,0.0,
1.022755016961055E-4,0.0028374068141678354,0.003467689363682541,0.006092497297988354,0.0,0.0,
1.022755016961055E-4,0.0028374068141678354,0.003467689363682541,0.006207365212547255,0.0,0.0,
1.022755016961055E-4,0.0028374068141678354,0.003467689363682541,0.006207365212547255,0.0,0.0,
1.022755016961055E-4,0.0028374068141678354,0.003467689363682541,0.006207365212547255,0.0,0.0,
1.022755016961055E-4,0.0028374068141678354,0.003467689363682541,0.006213364919600407,0.0,0.0,
1.022755016961055E-4,0.0028374068141678354,0.003467689363682541,0.006362267745146212,0.0,0.0,
1.022755016961055E-4,0.0028374068141678354,0.003467689363682541,0.0064722647986240785,0.0,0.0,
1.022755016961055E-4,0.0028374068141678354,0.003467689363682541,0.006659478341721468,0.0,0.0,
1.022755016961055E-4,0.0028374068141678354,0.003467689363682541,0.006857261259540478,0.0,0.0,
1.022755016961055E-4,0.0028374068141678354,0.003467689363682541,0.006857261259540478,0.0,0.0,
1.022755016961055E-4,0.0028374068141678354,0.003467689363682541,0.007068998504321593,0.0,0.0,
1.022755016961055E-4,0.0028374068141678354,0.003467689363682541,0.007279420189285429,0.0,0.0,
1.022755016961055E-4,0.0028374068141678354,0.003467689363682541,0.007279420189285429,0.0,0.0,
1.022755016961055E-4,0.0028374068141678354,0.003467689363682541,0.007582437897743148,0.0,0.0,
1.022755016961055E-4,0.0028374068141678354,0.003467689363682541,0.007582437897743148,0.0,0.0,
1.022755016961055E-4,0.0028374068141678354,0.003467689363682541,0.007582437897743148,0.0,0.0,
1.022755016961055E-4,0.0028374068141678354,0.003467689363682541,0.007582437897743148,0.0,0.0,
1.022755016961055E-4,0.0028374068141678354,0.003467689363682541,0.007700078847344446,0.0,0.0,
1.022755016961055E-4,0.0028374068141678354,0.003467689363682541,0.007866951659743358,0.0,0.0,
1.022755016961055E-4,0.0028374068141678354,0.003467689363682541,0.008055755095223898,0.0,0.0,
1.022755016961055E-4,0.0028374068141678354,0.003467689363682541,0.00837103033561494,0.0,0.0,
1.022755016961055E-4,0.0028374068141678354,0.003467689363682541,0.00837103033561494,0.0,0.0,
1.022755016961055E-4,0.0028374068141678354,0.003467689363682541,0.00837103033561494,0.0,0.0,
1.022755016961055E-4,0.0028374068141678354,0.003467689363682541,0.008740721903525372,0.0,0.0,
1.022755016961055E-4,0.0028374068141678354,0.003467689363682541,0.00862178789849682,0.0,0.0,
1.022755016961055E-4,0.0028374068141678354,0.003467689363682541,0.008865995459607302,0.0,0.0,
1.022755016961055E-4,0.0028374068141678354,0.003467689363682541,0.009055563373408059,0.0,0.0,
1.022755016961055E-4,0.0028374068141678354,0.003467689363682541,0.009353250150724291,0.0,0.0,
1.022755016961055E-4,0.0028374068141678354,0.003467689363682541,0.009668272996746675,0.0,0.0,
1.022755016961055E-4,0.0028374068141678354,0.003467689363682541,0.010246885913135932,0.0,0.0,
1.022755016961055E-4,0.0028374068141678354,0.003467689363682541,0.010246885913135932,0.0,0.0,
1.022755016961055E-4,0.0028374068141678354,0.003467689363682541,0.010754411866154032,0.0,0.0,
1.022755016961055E-4,0.0028374068141678354,0.003467689363682541,0.010995266357656838,0.0,0.0,
1.022755016961055E-4,0.0028374068141678354,0.003467689363682541,0.011437699086621522,0.0,0.0,
1.022755016961055E-4,0.0028374068141678354,0.003467689363682541,0.011650724149129998,0.0,0.0,
1.022755016961055E-4,0.0028374068141678354,0.003467689363682541,0.01189289699834105,0.0,0.0,
1.022755016961055E-4,0.0028374068141678354,0.003467689363682541,0.012159935248987695,0.0,0.0,
1.022755016961055E-4,0.0028374068141678354,0.003467689363682541,0.012447807532419097,0.0,0.0,
1.022755016961055E-4,0.0028374068141678354,0.003467689363682541,0.012694227018266705,0.0,0.0,
1.022755016961055E-4,0.0028374068141678354,0.003467689363682541,0.012694227018266705,0.0,0.0,
1.022755016961055E-4,0.0028374068141678354,0.003467689363682541,0.012998397412755927,0.0,0.0,
1.022755016961055E-4,0.0028374068141678354,0.003467689363682541,0.013340713940660567,0.0,0.0,
1.022755016961055E-4,0.0028374068141678354,0.003467689363682541,0.013644622158372244,0.0,0.0,
1.022755016961055E-4,0.0028374068141678354,0.003467689363682541,0.014171727201746701,0.0,0.0,
1.022755016961055E-4,0.0028374068141678354,0.003467689363682541,0.014403924708095145,0.0,0.0,
1.022755016961055E-4,0.0028374068141678354,0.003467689363682541,0.014645433175846913,0.0,0.0,
1.022755016961055E-4,0.0028374068141678354,0.003467689363682541,0.014645433175846913,0.0,0.0,
1.022755016961055E-4,0.0028374068141678354,0.003467689363682541,0.014894636088094979,0.0,0.0,
1.022755016961055E-4,0.0028374068141678354,0.003467689363682541,0.014052839130373118,0.0,0.0,
1.022755016961055E-4,0.0028374068141678354,0.003467689363682541,0.014398858978070903,0.0,0.0,
1.022755016961055E-4,0.0028374068141678354,0.003467689363682541,0.014744022650783905,0.0,0.0,
1.022755016961055E-4,0.0028374068141678354,0.003467689363682541,0.015085593538530208,0.0,0.0,
1.022755016961055E-4,0.0028374068141678354,0.003467689363682541,0.015440989830173606,0.0,0.0,
1.022755016961055E-4,0.0028374068141678354,0.003467689363682541,0.01574298711689381,0.0,0.0,
1.022755016961055E-4,0.0028374068141678354,0.003467689363682541,0.01603189996566066,0.0,0.0,
1.022755016961055E-4,0.0028374068141678354,0.003467689363682541,0.01603189996566066,0.0,0.0,
1.022755016961055E-4,0.0028374068141678354,0.003467689363682541,0.016297253048249173,0.0,0.0,
1.022755016961055E-4,0.0028374068141678354,0.003467689363682541,0.016297253048249173,0.0,0.0,
1.022755016961055E-4,0.0028374068141678354,0.003467689363682541,0.016086241869279164,0.0,0.0,
1.022755016961055E-4,0.0028374068141678354,0.003467689363682541,0.016264184499740486,0.0,0.0,
1.022755016961055E-4,0.0028374068141678354,0.003467689363682541,0.016264184499740486,0.0,0.0,
1.022755016961055E-4,0.0028374068141678354,0.003467689363682541,0.015804261811288252,0.0,0.0,
1.022755016961055E-4,0.0028374068141678354,0.003467689363682541,0.015804261811288252,0.0,0.0,
1.022755016961055E-4,0.0028374068141678354,0.003467689363682541,0.015804261811288252,0.0,0.0,
1.022755016961055E-4,0.0028374068141678354,0.003467689363682541,0.015804261811288252,0.0,0.0,
1.022755016961055E-4,0.0028374068141678354,0.003467689363682541,0.016355717074340276,0.0,0.0,
1.022755016961055E-4,0.0028374068141678354,0.003467689363682541,0.01659542244153452,0.0,0.0,
1.022755016961055E-4,0.0028374068141678354,0.003467689363682541,0.017011400260964947,0.0,0.0,
1.022755016961055E-4,0.0028374068141678354,0.003467689363682541,0.017011400260964947,0.0,0.0,
1.022755016961055E-4,0.0028374068141678354,0.003467689363682541,0.01704476217686893,0.0,0.0,
1.022755016961055E-4,0.0028374068141678354,0.003467689363682541,0.01704476217686893,0.0,0.0,
1.022755016961055E-4,0.0028374068141678354,0.003467689363682541,0.01679640247391155,0.0,0.0,
1.022755016961055E-4,0.0028374068141678354,0.003467689363682541,0.0166053457256395,0.0,0.0,
1.022755016961055E-4,0.0028374068141678354,0.003467689363682541,0.0166053457256395,0.0,0.0,
1.022755016961055E-4,0.0028374068141678354,0.003467689363682541,0.0166053457256395,0.0,0.0,
1.022755016961055E-4,0.0028374068141678354,0.003467689363682541,0.016864942827402345,0.0,0.0,
1.022755016961055E-4,0.0028374068141678354,0.003467689363682541,0.017113637199297406,0.0,0.0,
1.022755016961055E-4,0.0028374068141678354,0.003467689363682541,0.017536724524000777,0.0,0.0,
1.022755016961055E-4,0.0028374068141678354,0.003467689363682541,0.01772324150595486,0.0,0.0,
1.022755016961055E-4,0.0028374068141678354,0.003467689363682541,0.017762412593834258,0.0,0.0,
1.022755016961055E-4,0.0028374068141678354,0.003467689363682541,0.01798428796769413,0.0,0.0,
1.022755016961055E-4,0.0028374068141678354,0.003467689363682541,0.018048012852457676,0.0,0.0,
1.022755016961055E-4,0.0028374068141678354,0.003467689363682541,0.018290103370775367,0.0,0.0,
1.022755016961055E-4,0.0028374068141678354,0.003467689363682541,0.017713470165208405,0.0,0.0,
1.022755016961055E-4,0.0028374068141678354,0.003467689363682541,0.01800921765742098,0.0,0.0,
1.022755016961055E-4,0.0028374068141678354,0.003467689363682541,0.018295013605169958,0.0,0.0,
1.022755016961055E-4,0.0028374068141678354,0.003467689363682541,0.018295013605169958,0.0,0.0,
1.022755016961055E-4,0.0028374068141678354,0.003467689363682541,0.018295013605169958,0.0,0.0,
1.022755016961055E-4,0.0028374068141678354,0.003467689363682541,0.018552636096918533,0.0,0.0,
1.022755016961055E-4,0.0028374068141678354,0.003467689363682541,0.018800321311721484,0.0,0.0,
1.022755016961055E-4,0.0028374068141678354,0.003467689363682541,0.019037538232567514,0.0,0.0,
1.022755016961055E-4,0.0028374068141678354,0.003467689363682541,0.01895461960654302,0.0,0.0,
1.022755016961055E-4,0.0028374068141678354,0.003467689363682541,0.01895461960654302,0.0,0.0,
1.022755016961055E-4,0.0028374068141678354,0.003467689363682541,0.01928993045452948,0.0,0.0,
1.022755016961055E-4,0.0028374068141678354,0.003467689363682541,0.019500315950915306,0.0,0.0,
1.022755016961055E-4,0.0028374068141678354,0.003467689363682541,0.01892279457378768,0.0,0.0,
1.022755016961055E-4,0.0028374068141678354,0.003467689363682541,0.01892279457378768,0.0,0.0,
1.022755016961055E-4,0.0028374068141678354,0.003467689363682541,0.01892279457378768,0.0,0.0,
1.022755016961055E-4,0.0028374068141678354,0.003467689363682541,0.01892279457378768,0.0,0.0,
1.022755016961055E-4,0.0028374068141678354,0.003467689363682541,0.01907988878542461,0.0,0.0,
1.022755016961055E-4,0.0028374068141678354,0.003467689363682541,0.01907988878542461,0.0,0.0,
1.022755016961055E-4,0.0028374068141678354,0.00452073398522383,0.019238152520056045,0.0,0.0,
1.022755016961055E-4,0.0028374068141678354,0.00452073398522383,0.019238152520056045,0.0,0.0,
1.022755016961055E-4,0.0028374068141678354,0.00452073398522383,0.019238152520056045,0.0,0.0,
1.022755016961055E-4,0.0028374068141678354,0.00452073398522383,0.01941695927648585,0.0,0.0,
1.022755016961055E-4,0.0028374068141678354,0.00452073398522383,0.01930335532737314,0.0,0.0,
1.022755016961055E-4,0.0028374068141678354,0.00452073398522383,0.01901244122294972,0.0,0.0,
1.022755016961055E-4,0.0028374068141678354,0.00452073398522383,0.019202186918058965,0.0,0.0,
1.022755016961055E-4,0.0028374068141678354,0.00452073398522383,0.01939218804601676,0.0,0.0,
1.022755016961055E-4,0.0028374068141678354,0.00452073398522383,0.019426394821272015,0.0,0.0,
1.022755016961055E-4,0.0028374068141678354,0.00452073398522383,0.019136171366765667,0.0,0.0,
1.022755016961055E-4,0.0028374068141678354,0.00452073398522383,0.018391579369735518,0.0,0.0,
1.022755016961055E-4,0.0028374068141678354,0.00452073398522383,0.018115270665542856,0.0,0.0,
1.022755016961055E-4,0.0028374068141678354,0.00452073398522383,0.018115270665542856,0.0,0.0,
1.022755016961055E-4,0.0028374068141678354,0.00452073398522383,0.018495976189130677,0.0,0.0,
1.022755016961055E-4,0.0028374068141678354,0.00452073398522383,0.018495976189130677,0.0,0.0,
1.022755016961055E-4,0.0028374068141678354,0.00452073398522383,0.01885897770446174,0.0,0.0,
1.022755016961055E-4,0.0028374068141678354,0.00452073398522383,0.01885897770446174,0.0,0.0,
1.022755016961055E-4,0.0028374068141678354,0.00452073398522383,0.01885897770446174,0.0,0.0,
1.022755016961055E-4,0.0028374068141678354,0.00452073398522383,0.01885897770446174,0.0,0.0,
1.022755016961055E-4,0.0028374068141678354,0.00452073398522383,0.019164316091580088,0.0,0.0,
1.022755016961055E-4,0.0028374068141678354,0.00452073398522383,0.019164316091580088,0.0,0.0,
1.022755016961055E-4,0.0028374068141678354,0.00452073398522383,0.019164316091580088,0.0,0.0,
1.022755016961055E-4,0.0028374068141678354,0.00452073398522383,0.019522328164633194,0.0,0.0,
1.022755016961055E-4,0.0028374068141678354,0.00452073398522383,0.019522328164633194,0.0,0.0,
1.022755016961055E-4,0.0028374068141678354,0.00452073398522383,0.01976141671050848,0.0,0.0,
1.022755016961055E-4,0.0028374068141678354,0.00452073398522383,0.01976141671050848,0.0,0.0,
1.022755016961055E-4,0.0028374068141678354,0.00452073398522383,0.02000321775186345,0.0,0.0,
1.022755016961055E-4,0.0028374068141678354,0.00452073398522383,0.02000321775186345,0.0,0.0,
1.022755016961055E-4,0.0028374068141678354,0.00452073398522383,0.02000321775186345,0.0,0.0,
1.022755016961055E-4,0.0028374068141678354,0.00452073398522383,0.02000321775186345,0.0,0.0,
1.022755016961055E-4,0.0028374068141678354,0.00452073398522383,0.02000321775186345,0.0,0.0,
1.022755016961055E-4,0.0028374068141678354,0.00452073398522383,0.02024657071904273,0.0,0.0,
1.022755016961055E-4,0.0028374068141678354,0.00452073398522383,0.020307281262792923,0.0,0.0,
1.022755016961055E-4,0.0028374068141678354,0.00452073398522383,0.020407537419709194,0.0,0.0,
1.022755016961055E-4,0.0028374068141678354,0.00452073398522383,0.020407537419709194,0.0,0.0,
1.022755016961055E-4,0.0028374068141678354,0.00452073398522383,0.02064036232459371,0.0,0.0,
1.022755016961055E-4,0.0028374068141678354,0.00452073398522383,0.020880380807624273,0.0,0.0,
1.022755016961055E-4,0.0028374068141678354,0.00452073398522383,0.02110878916435667,0.0,0.0,
1.022755016961055E-4,0.0028374068141678354,0.00452073398522383,0.02132753291059914,0.0,0.0,
1.022755016961055E-4,0.0028374068141678354,0.00452073398522383,0.02132753291059914,0.0,0.0,
1.022755016961055E-4,0.0028374068141678354,0.00452073398522383,0.021538082192723365,0.0,0.0,
1.022755016961055E-4,0.0028374068141678354,0.00452073398522383,0.021741692747294056,0.0,0.0,
1.022755016961055E-4,0.0028374068141678354,0.00452073398522383,0.021741692747294056,0.0,0.0,
1.022755016961055E-4,0.0028374068141678354,0.00452073398522383,0.021939435696145038,0.0,0.0,
1.022755016961055E-4,0.0028374068141678354,0.00452073398522383,0.021297235392362363,0.0,0.0,
1.022755016961055E-4,0.0028374068141678354,0.00452073398522383,0.021346368954071795,0.0,0.0,
1.022755016961055E-4,0.0028374068141678354,0.00452073398522383,0.021346368954071795,0.0,0.0,
1.022755016961055E-4,0.0028374068141678354,0.00452073398522383,0.021346368954071795,0.0,0.0,
1.022755016961055E-4,0.0028374068141678354,0.00452073398522383,0.021582209604152167,0.0,0.0,
1.022755016961055E-4,0.0028374068141678354,0.00452073398522383,0.02195573603036059,0.0,0.0,
1.022755016961055E-4,0.0028374068141678354,0.00452073398522383,0.022109041079699843,0.0,0.0,
1.022755016961055E-4,0.0028374068141678354,0.00452073398522383,0.022270137326086365,0.0,0.0,
1.022755016961055E-4,0.0028374068141678354,0.00452073398522383,0.022433347470675005,0.0,0.0,
1.022755016961055E-4,0.0028374068141678354,0.00452073398522383,0.022690339404612337,0.0,0.0,
1.022755016961055E-4,0.0028374068141678354,0.00452073398522383,0.022809080880782293,0.0,0.0,
1.022755016961055E-4,0.0028374068141678354,0.00452073398522383,0.022929748569058113,0.0,0.0,
1.022755016961055E-4,0.0028374068141678354,0.00452073398522383,0.022552600502225698,0.0,0.0,
1.022755016961055E-4,0.0028374068141678354,0.00452073398522383,0.022732351186869303,0.0,0.0,
1.022755016961055E-4,0.0028374068141678354,0.00452073398522383,0.02252027233720447,0.0,0.0,
1.022755016961055E-4,0.0028374068141678354,0.00452073398522383,0.022692397631793995,0.0,0.0,
1.022755016961055E-4,0.0028374068141678354,0.00452073398522383,0.022864179313290166,0.0,0.0,
1.022755016961055E-4,0.0028374068141678354,0.00452073398522383,0.022504252334958678,0.0,0.0,
1.022755016961055E-4,0.0028374068141678354,0.00452073398522383,0.021870629368267155,0.0,0.0,
1.022755016961055E-4,0.0028374068141678354,0.00452073398522383,0.021870629368267155,0.0,0.0,
1.022755016961055E-4,0.0028374068141678354,0.00452073398522383,0.022075039158780743,0.0,0.0,
1.022755016961055E-4,0.0028374068141678354,0.00452073398522383,0.022287872519577645,0.0,0.0,
1.022755016961055E-4,0.0028374068141678354,0.00452073398522383,0.022287872519577645,0.0,0.0,
1.022755016961055E-4,0.0028374068141678354,0.00452073398522383,0.022287872519577645,0.0,0.0,
1.022755016961055E-4,0.0028374068141678354,0.00452073398522383,0.022290583719852593,0.0,0.0,
1.022755016961055E-4,0.0028374068141678354,0.00452073398522383,0.02250983909154739,0.0,0.0,
1.022755016961055E-4,0.0028374068141678354,0.00452073398522383,0.02284933342338564,0.0,0.0,
1.022755016961055E-4,0.0028374068141678354,0.00452073398522383,0.022981411845749138,0.0,0.0,
1.022755016961055E-4,0.0028374068141678354,0.00452073398522383,0.022557575526672303,0.0,0.0,
1.022755016961055E-4,0.0028374068141678354,0.00452073398522383,0.0228680397481845,0.0,0.0,
1.022755016961055E-4,0.0028374068141678354,0.00452073398522383,0.02299671917418079,0.0,0.0,
1.022755016961055E-4,0.0028374068141678354,0.00452073398522383,0.02299671917418079,0.0,0.0,
1.022755016961055E-4,0.0028374068141678354,0.00452073398522383,0.02313892793113285,0.0,0.0,
1.022755016961055E-4,0.0028374068141678354,0.00452073398522383,0.02313892793113285,0.0,0.0,
1.022755016961055E-4,0.0028374068141678354,0.00452073398522383,0.02313892793113285,0.0,0.0,
1.022755016961055E-4,0.0028374068141678354,0.00452073398522383,0.02338701022118496,0.0,0.0,
1.022755016961055E-4,0.0028374068141678354,0.00452073398522383,0.023621367003999236,0.0,0.0,
1.022755016961055E-4,0.0028374068141678354,0.00452073398522383,0.023659335333871274,0.0,0.0,
1.022755016961055E-4,0.0028374068141678354,0.00452073398522383,0.023823807998944787,0.0,0.0,
1.022755016961055E-4,0.0028374068141678354,0.00452073398522383,0.023823807998944787,0.0,0.0,
1.022755016961055E-4,0.0028374068141678354,0.00452073398522383,0.023999740626977288,0.0,0.0,
1.022755016961055E-4,0.0028374068141678354,0.00452073398522383,0.02392755924675029,0.0,0.0,
1.022755016961055E-4,0.0028374068141678354,0.00452073398522383,0.02392755924675029,0.0,0.0,
1.022755016961055E-4,0.0028374068141678354,0.00452073398522383,0.02412370968712959,0.0,0.0,
1.022755016961055E-4,0.0028374068141678354,0.00452073398522383,0.02412370968712959,0.0,0.0,
1.022755016961055E-4,0.0028374068141678354,0.00452073398522383,0.02437188252817438,0.0,0.0,
1.022755016961055E-4,0.0028374068141678354,0.00452073398522383,0.024077958221595357,0.0,0.0,
1.022755016961055E-4,0.0028374068141678354,0.00452073398522383,0.024077958221595357,0.0,0.0,
1.022755016961055E-4,0.0028374068141678354,0.00452073398522383,0.024305826204025566,0.0,0.0,
1.022755016961055E-4,0.0028374068141678354,0.00452073398522383,0.024305826204025566,0.0,0.0,
1.022755016961055E-4,0.0028374068141678354,0.00452073398522383,0.024571032667876996,0.0,0.0,
1.022755016961055E-4,0.0028374068141678354,0.00452073398522383,0.024646851531804462,0.0,0.0,
1.022755016961055E-4,0.0028374068141678354,0.00452073398522383,0.024712213597310215,0.0,0.0,
1.022755016961055E-4,0.0028374068141678354,0.00452073398522383,0.024968221415792313,0.0,0.0,
1.022755016961055E-4,0.0028374068141678354,0.00452073398522383,0.025301456239057156,0.0,0.0,
1.022755016961055E-4,0.0028374068141678354,0.00452073398522383,0.025301456239057156,0.0,0.0,
1.022755016961055E-4,0.0028374068141678354,0.00452073398522383,0.025657461661216605,0.0,0.0,
1.022755016961055E-4,0.0028374068141678354,0.00452073398522383,0.025657461661216605,0.0,0.0,
1.022755016961055E-4,0.0028374068141678354,0.00452073398522383,0.02542123097438455,0.0,0.0,
1.022755016961055E-4,0.0028374068141678354,0.00452073398522383,0.02542123097438455,0.0,0.0,
1.022755016961055E-4,0.0028374068141678354,0.00452073398522383,0.025286008773603257,0.0,0.0,
1.022755016961055E-4,0.0028374068141678354,0.00452073398522383,0.025286008773603257,0.0,0.0,
1.022755016961055E-4,0.0028374068141678354,0.00452073398522383,0.025286008773603257,0.0,0.0,
1.022755016961055E-4,0.0028374068141678354,0.00452073398522383,0.025916861140993112,0.0,0.0,
1.022755016961055E-4,0.0028374068141678354,0.00452073398522383,0.02653835891502803,0.0,0.0,
1.022755016961055E-4,0.0028374068141678354,0.00452073398522383,0.02715166585233426,0.0,0.0,
1.022755016961055E-4,0.0028374068141678354,0.00452073398522383,0.02715166585233426,0.0,0.0,
1.022755016961055E-4,0.0028374068141678354,0.00452073398522383,0.02725982356086931,0.0,0.0,
1.022755016961055E-4,0.0028374068141678354,0.00452073398522383,0.027882363173836862,0.0,0.0,
1.022755016961055E-4,0.0028374068141678354,0.00452073398522383,0.02850147007972354,0.0,0.0,
1.022755016961055E-4,0.0028374068141678354,0.00452073398522383,0.029115372044928253,0.0,0.0,
1.022755016961055E-4,0.0028374068141678354,0.00452073398522383,0.02969088752674174,0.0,0.0,
1.022755016961055E-4,0.0028374068141678354,0.00452073398522383,0.029413217737941255,0.0,0.0,
1.022755016961055E-4,0.0028374068141678354,0.00452073398522383,0.029413217737941255,0.0,0.0,
1.022755016961055E-4,0.0028374068141678354,0.00452073398522383,0.029413217737941255,0.0,0.0,
1.022755016961055E-4,0.0028374068141678354,0.00452073398522383,0.0284161197730392,0.0,0.0,
1.022755016961055E-4,0.0028374068141678354,0.00452073398522383,0.0284161197730392,0.0,0.0,
1.022755016961055E-4,0.0028374068141678354,0.00452073398522383,0.029260686924014272,0.0,0.0,
1.022755016961055E-4,0.0028374068141678354,0.00452073398522383,0.029812284700002963,0.0,0.0,
1.022755016961055E-4,0.0028374068141678354,0.00452073398522383,0.029689749603927312,0.0,0.0,
1.022755016961055E-4,0.0028374068141678354,0.00452073398522383,0.030375534634331975,0.0,0.0,
1.022755016961055E-4,0.0028374068141678354,0.00452073398522383,0.030905282553961973,0.0,0.0,
1.022755016961055E-4,0.0028374068141678354,0.00452073398522383,0.03159636102940656,0.0,0.0,
1.022755016961055E-4,0.0028374068141678354,0.00452073398522383,0.031988088021076604,0.0,0.0,
1.022755016961055E-4,0.0028374068141678354,0.00452073398522383,0.032651536409288744,0.0,0.0,
1.022755016961055E-4,0.0028374068141678354,0.00452073398522383,0.032651536409288744,0.0,0.0,
1.022755016961055E-4,0.0028374068141678354,0.00452073398522383,0.03330887002323324,0.0,0.0,
1.022755016961055E-4,0.0028374068141678354,0.00452073398522383,0.03393277449807584,0.0,0.0,
1.022755016961055E-4,0.0028374068141678354,0.00452073398522383,0.03452752382538519,0.0,0.0,
1.022755016961055E-4,0.0028374068141678354,0.00452073398522383,0.03302235907880803,0.0,0.0,
1.022755016961055E-4,0.0028374068141678354,0.00452073398522383,0.03374222158389255,0.0,0.0,
1.022755016961055E-4,0.0028374068141678354,0.00452073398522383,0.033603863282085866,0.0,0.0,
1.022755016961055E-4,0.0028374068141678354,0.00452073398522383,0.033603863282085866,0.0,0.0,
1.022755016961055E-4,0.0028374068141678354,0.00452073398522383,0.033603863282085866,0.0,0.0,
1.022755016961055E-4,0.0028374068141678354,0.00452073398522383,0.033603863282085866,0.0,0.0,
1.022755016961055E-4,0.0028374068141678354,0.00452073398522383,0.034335996062141994,0.0,0.0,
1.022755016961055E-4,0.0028374068141678354,0.00452073398522383,0.03499861067837442,0.0,0.0,
1.022755016961055E-4,0.0028374068141678354,0.00452073398522383,0.035605970716013985,0.0,0.0,
1.022755016961055E-4,0.0028374068141678354,0.00452073398522383,0.03618822318311377,0.0,0.0,
1.022755016961055E-4,0.0028374068141678354,0.00452073398522383,0.03642363791140972,0.0,0.0,
1.022755016961055E-4,0.0028374068141678354,0.00452073398522383,0.03642363791140972,0.0,0.0,
1.022755016961055E-4,0.0028374068141678354,0.00452073398522383,0.037552768416011274,0.0,0.0,
1.022755016961055E-4,0.0028374068141678354,0.00452073398522383,0.037820608779106986,0.0,0.0,
1.022755016961055E-4,0.0028374068141678354,0.00452073398522383,0.03677072951057708,0.0,0.0,
1.022755016961055E-4,0.0028374068141678354,0.00452073398522383,0.037082525059517916,0.0,0.0,
1.022755016961055E-4,0.0028374068141678354,0.00452073398522383,0.0374357988556932,0.0,0.0,
1.022755016961055E-4,0.0028374068141678354,0.00452073398522383,0.03782429725892779,0.0,0.0,
1.022755016961055E-4,0.0028374068141678354,0.00452073398522383,0.03819488806903647,0.0,0.0,
1.022755016961055E-4,0.0028374068141678354,0.00452073398522383,0.03793093560223623,0.0,0.0,
1.022755016961055E-4,0.0028374068141678354,0.00452073398522383,0.03752190693986221,0.0,0.0,
1.022755016961055E-4,0.0028374068141678354,0.00452073398522383,0.03752190693986221,0.0,0.0,
1.022755016961055E-4,0.0028374068141678354,0.00452073398522383,0.03752190693986221,0.0,0.0,
1.022755016961055E-4,0.0028374068141678354,0.00452073398522383,0.038062025275982785,0.0,0.0,
1.022755016961055E-4,0.0028374068141678354,0.00452073398522383,0.038062025275982785,0.0,0.0,
1.022755016961055E-4,0.0028374068141678354,0.00452073398522383,0.03675332696920031,0.0,0.0,
1.022755016961055E-4,0.0028374068141678354,0.00452073398522383,0.037189499544435185,0.0,0.0,
1.022755016961055E-4,0.0028374068141678354,0.00452073398522383,0.03765985978108803,0.0,0.0,
1.022755016961055E-4,0.0028374068141678354,0.00452073398522383,0.03765985978108803,0.0,0.0,
1.022755016961055E-4,0.0028374068141678354,0.00452073398522383,0.03805598361819145,0.0,0.0,
1.022755016961055E-4,0.0028374068141678354,0.00452073398522383,0.03849872680367558,0.0,0.0,
1.022755016961055E-4,0.0028374068141678354,0.00452073398522383,0.03897623714565733,0.0,0.0,
1.022755016961055E-4,0.0028374068141678354,0.00452073398522383,0.03872738942485034,0.0,0.0,
1.022755016961055E-4,0.0028374068141678354,0.00452073398522383,0.03925820825535875,0.0,0.0,
1.022755016961055E-4,0.0028374068141678354,0.00452073398522383,0.03925820825535875,0.0,0.0,
1.022755016961055E-4,0.0028374068141678354,0.00452073398522383,0.03980450247839604,0.0,0.0,
1.022755016961055E-4,0.0028374068141678354,0.00452073398522383,0.04036418788183123,0.0,0.0,
1.022755016961055E-4,0.0028374068141678354,0.00452073398522383,0.04007627758800398,0.0,0.0,
1.022755016961055E-4,0.0028374068141678354,0.00452073398522383,0.04073142150325289,0.0,0.0,
1.022755016961055E-4,0.0028374068141678354,0.00452073398522383,0.04129834629936044,0.0,0.0,
1.022755016961055E-4,0.0028374068141678354,0.00452073398522383,0.04099359581553105,0.0,0.0,
1.022755016961055E-4,0.0028374068141678354,0.00452073398522383,0.04159172342586473,0.0,0.0,
1.022755016961055E-4,0.0028374068141678354,0.00452073398522383,0.0420983646364898,0.0,0.0,
1.022755016961055E-4,0.0028374068141678354,0.00452073398522383,0.04294520163889362,0.0,0.0,
1.022755016961055E-4,0.0028374068141678354,0.00452073398522383,0.043244682004082095,0.0,0.0,
1.022755016961055E-4,0.0028374068141678354,0.00452073398522383,0.042415006687513565,0.0,0.0,
1.022755016961055E-4,0.0028374068141678354,0.00452073398522383,0.042415006687513565,0.0,0.0,
1.022755016961055E-4,0.0028374068141678354,0.00452073398522383,0.042415006687513565,0.0,0.0,
1.022755016961055E-4,0.0028374068141678354,0.00452073398522383,0.042415006687513565,0.0,0.0,
1.022755016961055E-4,0.0028374068141678354,0.00452073398522383,0.042874744989836615,0.0,0.0,
1.022755016961055E-4,0.0028374068141678354,0.00452073398522383,0.042677808293893706,0.0,0.0,
1.022755016961055E-4,0.0028374068141678354,0.00452073398522383,0.043151324554530066,0.0,0.0,
1.022755016961055E-4,0.0028374068141678354,0.00452073398522383,0.04318746969605332,0.0,0.0,
1.022755016961055E-4,0.0028374068141678354,0.00452073398522383,0.04364635279761598,0.0,0.0,
1.022755016961055E-4,0.0028374068141678354,0.00452073398522383,0.04301265131953479,0.0,0.0,
1.022755016961055E-4,0.0028374068141678354,0.00452073398522383,0.04352527575519324,0.0,0.0,
1.022755016961055E-4,0.0028374068141678354,0.00452073398522383,0.04352527575519324,0.0,0.0,
1.022755016961055E-4,0.0028374068141678354,0.00452073398522383,0.0439715885724529,0.0,0.0,
1.022755016961055E-4,0.0028374068141678354,0.00452073398522383,0.04440988716744977,0.0,0.0,
1.022755016961055E-4,0.0028374068141678354,0.00452073398522383,0.044430077654667215,0.0,0.0,
1.022755016961055E-4,0.0028374068141678354,0.00452073398522383,0.044430077654667215,0.0,0.0,
1.022755016961055E-4,0.0028374068141678354,0.00452073398522383,0.044430077654667215,0.0,0.0,
1.022755016961055E-4,0.0028374068141678354,0.00452073398522383,0.044430077654667215,0.0,0.0,
1.022755016961055E-4,0.0028374068141678354,0.00452073398522383,0.04487036850533588,0.0,0.0,
1.022755016961055E-4,0.0028374068141678354,0.00452073398522383,0.04553947620024119,0.0,0.0,
1.022755016961055E-4,0.0028374068141678354,0.00452073398522383,0.04534512703116046,0.0,0.0,
1.022755016961055E-4,0.0028374068141678354,0.00452073398522383,0.04560810113960459,0.0,0.0,
1.022755016961055E-4,0.0028374068141678354,0.00452073398522383,0.045826996920671444,0.0,0.0,
1.022755016961055E-4,0.0028374068141678354,0.00452073398522383,0.044622210528000264,0.0,0.0,
1.022755016961055E-4,0.0028374068141678354,0.00452073398522383,0.04496758257453422,0.0,0.0,
1.022755016961055E-4,0.0028374068141678354,0.00452073398522383,0.045304244042358194,0.0,0.0,
1.022755016961055E-4,0.0028374068141678354,0.00452073398522383,0.04563234240361902,0.0,0.0,
1.022755016961055E-4,0.0028374068141678354,0.00452073398522383,0.04563234240361902,0.0,0.0,
1.022755016961055E-4,0.0028374068141678354,0.00452073398522383,0.04612416861763075,0.0,0.0,
1.022755016961055E-4,0.0028374068141678354,0.00452073398522383,0.0448350419239359,0.0,0.0,
1.022755016961055E-4,0.0028374068141678354,0.00452073398522383,0.045158950156538105,0.0,0.0,
1.022755016961055E-4,0.0028374068141678354,0.00452073398522383,0.0454415682348079,0.0,0.0,
1.022755016961055E-4,0.0028374068141678354,0.00452073398522383,0.0454415682348079,0.0,0.0,
1.022755016961055E-4,0.0028374068141678354,0.00452073398522383,0.045433320590007126,0.0,0.0,
1.022755016961055E-4,0.0028374068141678354,0.00452073398522383,0.04554532722621629,0.0,0.0,
1.022755016961055E-4,0.0028374068141678354,0.00452073398522383,0.04554532722621629,0.0,0.0,
1.022755016961055E-4,0.0028374068141678354,0.00452073398522383,0.04554532722621629,0.0,0.0,
1.022755016961055E-4,0.0028374068141678354,0.00452073398522383,0.04554532722621629,0.0,0.0,
1.022755016961055E-4,0.0028374068141678354,0.00452073398522383,0.04554532722621629,0.0,0.0,
1.022755016961055E-4,0.0028374068141678354,0.00452073398522383,0.04535951299959982,0.0,0.0,
1.022755016961055E-4,0.0028374068141678354,0.00452073398522383,0.04553110099306819,0.0,0.0,
1.022755016961055E-4,0.0028374068141678354,0.00452073398522383,0.04460638997866932,0.0,0.0,
1.022755016961055E-4,0.0028374068141678354,0.00452073398522383,0.04392703233879078,0.0,0.0,
1.022755016961055E-4,0.0028374068141678354,0.00452073398522383,0.04437737449345002,0.0,0.0,
1.022755016961055E-4,0.0028374068141678354,0.00452073398522383,0.04437737449345002,0.0,0.0,
1.022755016961055E-4,0.0028374068141678354,0.00452073398522383,0.04385777582007831,0.0,0.0,
1.022755016961055E-4,0.0028374068141678354,0.00452073398522383,0.04438890420295999,0.0,0.0,
1.022755016961055E-4,0.0028374068141678354,0.00452073398522383,0.044865622841399576,0.0,0.0,
1.022755016961055E-4,0.0028374068141678354,0.00452073398522383,0.0447692772852605,0.0,0.0,
1.022755016961055E-4,0.0028374068141678354,0.00452073398522383,0.04483866325405881,0.0,0.0,
1.022755016961055E-4,0.0028374068141678354,0.00452073398522383,0.045304034121544635,0.0,0.0,
1.022755016961055E-4,0.0028374068141678354,0.00452073398522383,0.045232934793354225,0.0,0.0,
1.022755016961055E-4,0.0028374068141678354,0.00452073398522383,0.045232934793354225,0.0,0.0,
1.022755016961055E-4,0.0028374068141678354,0.00452073398522383,0.045232934793354225,0.0,0.0,
1.022755016961055E-4,0.0028374068141678354,0.00452073398522383,0.045232934793354225,0.0,0.0,
1.022755016961055E-4,0.0028374068141678354,0.00452073398522383,0.045692758524666116,0.0,0.0,
1.022755016961055E-4,0.0028374068141678354,0.00452073398522383,0.04614091778744335,0.0,0.0,
1.022755016961055E-4,0.0028374068141678354,0.00452073398522383,0.04614091778744335,0.0,0.0,
1.022755016961055E-4,0.0028374068141678354,0.00452073398522383,0.04614091778744335,0.0,0.0,
1.022755016961055E-4,0.0028374068141678354,0.00452073398522383,0.04657179293577156,0.0,0.0,
1.022755016961055E-4,0.0028374068141678354,0.00452073398522383,0.046986691499932044,0.0,0.0,
1.022755016961055E-4,0.0028374068141678354,0.00452073398522383,0.04734041814468629,0.0,0.0,
1.022755016961055E-4,0.0028374068141678354,0.00452073398522383,0.04734041814468629,0.0,0.0,
1.022755016961055E-4,0.0028374068141678354,0.00452073398522383,0.04734041814468629,0.0,0.0,
1.022755016961055E-4,0.0028374068141678354,0.00452073398522383,0.04764774404687977,0.0,0.0,
1.022755016961055E-4,0.0028374068141678354,0.00452073398522383,0.04764774404687977,0.0,0.0,
1.022755016961055E-4,0.0028374068141678354,0.00452073398522383,0.04793889833178592,0.0,0.0,
1.022755016961055E-4,0.0028374068141678354,0.00452073398522383,0.046617712299990656,0.0,0.0,
1.022755016961055E-4,0.0028374068141678354,0.00452073398522383,0.04601422473800979,0.0,0.0,
1.022755016961055E-4,0.0028374068141678354,0.00452073398522383,0.04601422473800979,0.0,0.0,
1.022755016961055E-4,0.0028374068141678354,0.00452073398522383,0.04601422473800979,0.0,0.0,
1.022755016961055E-4,0.0028374068141678354,0.00452073398522383,0.046557815920576166,0.0,0.0,
1.022755016961055E-4,0.0028374068141678354,0.00452073398522383,0.047017836986454564,0.0,0.0,
1.022755016961055E-4,0.0028374068141678354,0.00452073398522383,0.04618195710646707,0.0,0.0,
1.022755016961055E-4,0.0028374068141678354,0.00452073398522383,0.04671415880019053,0.0,0.0,
1.022755016961055E-4,0.0028374068141678354,0.00452073398522383,0.04671415880019053,0.0,0.0,
1.022755016961055E-4,0.0028374068141678354,0.00452073398522383,0.04671415880019053,0.0,0.0,
1.022755016961055E-4,0.0028374068141678354,0.00452073398522383,0.04631645126873103,0.0,0.0,
1.022755016961055E-4,0.0028374068141678354,0.00452073398522383,0.04685092540884111,0.0,0.0,
1.022755016961055E-4,0.0028374068141678354,0.00452073398522383,0.04685092540884111,0.0,0.0,
1.022755016961055E-4,0.0028374068141678354,0.00452073398522383,0.04733662968321478,0.0,0.0,
1.022755016961055E-4,0.0028374068141678354,0.00452073398522383,0.047736430609234215,0.0,0.0,
1.022755016961055E-4,0.0028374068141678354,0.00452073398522383,0.04735240596710735,0.0,0.0,
1.022755016961055E-4,0.0028374068141678354,0.00452073398522383,0.04776886499477365,0.0,0.0,
1.022755016961055E-4,0.0028374068141678354,0.00452073398522383,0.04776886499477365,0.0,0.0,
1.022755016961055E-4,0.0028374068141678354,0.00452073398522383,0.04815386696729351,0.0,0.0,
1.022755016961055E-4,0.0028374068141678354,0.00452073398522383,0.04815386696729351,0.0,0.0,
1.022755016961055E-4,0.0028374068141678354,0.00452073398522383,0.0485080241828639,0.0,0.0,
1.022755016961055E-4,0.0028374068141678354,0.00452073398522383,0.048833227027630696,0.0,0.0,
1.022755016961055E-4,0.0028374068141678354,0.00452073398522383,0.04823609290578102,0.0,0.0,
1.022755016961055E-4,0.0028374068141678354,0.00452073398522383,0.04823609290578102,0.0,0.0,
1.022755016961055E-4,0.0028374068141678354,0.00452073398522383,0.04823609290578102,0.0,0.0,
1.022755016961055E-4,0.0028374068141678354,0.00452073398522383,0.0459356535343745,0.0,0.0,
1.022755016961055E-4,0.0028374068141678354,0.00452073398522383,0.046394710248778614,0.0,0.0,
1.022755016961055E-4,0.0028374068141678354,0.00452073398522383,0.04682608527181781,0.0,0.0,
1.022755016961055E-4,0.0028374068141678354,0.00452073398522383,0.04628704351425453,0.0,0.0,
1.022755016961055E-4,0.0028374068141678354,0.00452073398522383,0.04470811825792269,0.0,0.0,
1.022755016961055E-4,0.0028374068141678354,0.00452073398522383,0.04470811825792269,0.0,0.0,
1.022755016961055E-4,0.0028374068141678354,0.00452073398522383,0.045190953439075435,0.0,0.0,
1.022755016961055E-4,0.0028374068141678354,0.00452073398522383,0.045588198004085,0.0,0.0,
1.022755016961055E-4,0.0028374068141678354,0.00452073398522383,0.04596425311447816,0.0,0.0,
1.022755016961055E-4,0.0028374068141678354,0.00452073398522383,0.04596425311447816,0.0,0.0,
1.022755016961055E-4,0.0028374068141678354,0.00452073398522383,0.046307728651474964,0.0,0.0,
1.022755016961055E-4,0.0028374068141678354,0.00452073398522383,0.046307728651474964,0.0,0.0,
1.022755016961055E-4,0.0028374068141678354,0.00452073398522383,0.0465910949294646,0.0,0.0,
1.022755016961055E-4,0.0028374068141678354,0.00452073398522383,0.0465910949294646,0.0,0.0,
1.022755016961055E-4,0.0028374068141678354,0.00452073398522383,0.044891745852295786,0.0,0.0,
1.022755016961055E-4,0.0028374068141678354,0.00452073398522383,0.044891745852295786,0.0,0.0,
1.022755016961055E-4,0.0028374068141678354,0.00452073398522383,0.044891745852295786,0.0,0.0,
1.022755016961055E-4,0.0028374068141678354,0.00452073398522383,0.044887564824296566,0.0,0.0,
1.022755016961055E-4,0.0028374068141678354,0.00452073398522383,0.04521964612247385,0.0,0.0,
1.022755016961055E-4,0.0028374068141678354,0.00452073398522383,0.0450426189321933,0.0,0.0,
1.022755016961055E-4,0.0028374068141678354,0.00452073398522383,0.04538557521659154,0.0,0.0,
1.022755016961055E-4,0.0028374068141678354,0.00452073398522383,0.04428383680087839,0.0,0.0,
1.022755016961055E-4,0.0028374068141678354,0.00452073398522383,0.04428383680087839,0.0,0.0,
1.022755016961055E-4,0.0028374068141678354,0.00452073398522383,0.044493116521948164,0.0,0.0,
1.022755016961055E-4,0.0028374068141678354,0.00452073398522383,0.044493116521948164,0.0,0.0,
1.022755016961055E-4,0.0028374068141678354,0.00452073398522383,0.04468600051822782,0.0,0.0,
1.022755016961055E-4,0.0028374068141678354,0.00452073398522383,0.043975863290988106,0.0,0.0,
1.022755016961055E-4,0.0028374068141678354,0.00452073398522383,0.043975863290988106,0.0,0.0,
1.022755016961055E-4,0.0028374068141678354,0.00452073398522383,0.04410092967650492,0.0,0.0,
1.022755016961055E-4,0.0028374068141678354,0.00452073398522383,0.04410092967650492,0.0,0.0,
1.022755016961055E-4,0.0028374068141678354,0.00452073398522383,0.04410092967650492,0.0,0.0,
1.022755016961055E-4,0.0028374068141678354,0.00452073398522383,0.04410092967650492,0.0,0.0,
1.022755016961055E-4,0.0028374068141678354,0.00452073398522383,0.04422190916490522,0.0,0.0,
1.022755016961055E-4,0.0028374068141678354,0.00452073398522383,0.04422190916490522,0.0,0.0,
1.022755016961055E-4,0.0028374068141678354,0.00452073398522383,0.04422190916490522,0.0,0.0,
1.022755016961055E-4,0.0028374068141678354,0.00452073398522383,0.044352500631357365,0.0,0.0,
1.022755016961055E-4,0.0028374068141678354,0.00452073398522383,0.044352500631357365,0.0,0.0,
1.022755016961055E-4,0.0028374068141678354,0.00452073398522383,0.044352500631357365,0.0,0.0,
1.022755016961055E-4,0.0028374068141678354,0.00452073398522383,0.04449206918922099,0.0,0.0,
1.022755016961055E-4,0.0028374068141678354,0.00452073398522383,0.04469604930243482,0.0,0.0,
1.022755016961055E-4,0.0028374068141678354,0.00452073398522383,0.04369040086955496,0.0,0.0,
1.022755016961055E-4,0.0028374068141678354,0.00452073398522383,0.04369040086955496,0.0,0.0,
1.022755016961055E-4,0.0028374068141678354,0.00452073398522383,0.04369040086955496,0.0,0.0,
1.022755016961055E-4,0.0028374068141678354,0.00452073398522383,0.043810872873245456,0.0,0.0,
1.022755016961055E-4,0.0028374068141678354,0.00452073398522383,0.043942531894217526,0.0,0.0,
1.022755016961055E-4,0.0028374068141678354,0.00452073398522383,0.043850878966145285,0.0,0.0,
1.022755016961055E-4,0.0028374068141678354,0.00452073398522383,0.043850878966145285,0.0,0.0,
1.022755016961055E-4,0.0028374068141678354,0.00452073398522383,0.043850878966145285,0.0,0.0,
1.022755016961055E-4,0.0028374068141678354,0.00452073398522383,0.04313516492351813,0.0,0.0,
1.022755016961055E-4,0.0028374068141678354,0.00452073398522383,0.04321416099961131,0.0,0.0,
1.022755016961055E-4,0.0028374068141678354,0.00452073398522383,0.04321416099961131,0.0,0.0,
1.022755016961055E-4,0.0028374068141678354,0.00452073398522383,0.04321416099961131,0.0,0.0,
1.022755016961055E-4,0.0028374068141678354,0.00452073398522383,0.042798925987150606,0.0,0.0,
1.022755016961055E-4,0.0028374068141678354,0.00452073398522383,0.042798925987150606,0.0,0.0,
1.022755016961055E-4,0.0028374068141678354,0.00452073398522383,0.04299999662987252,0.0,0.0,
1.022755016961055E-4,0.0028374068141678354,0.00452073398522383,0.04323389121547739,0.0,0.0,
1.022755016961055E-4,0.0028374068141678354,0.00452073398522383,0.04323389121547739,0.0,0.0,
1.022755016961055E-4,0.0028374068141678354,0.00452073398522383,0.041595977094182404,0.0,0.0,
1.022755016961055E-4,0.0028374068141678354,0.00452073398522383,0.04186719417475642,0.0,0.0,
1.022755016961055E-4,0.0028374068141678354,0.00452073398522383,0.04219967698630063,0.0,0.0,
1.022755016961055E-4,0.0028374068141678354,0.007442339926317163,0.04253115727732464,0.0,0.0,
1.022755016961055E-4,0.0028374068141678354,0.007442339926317163,0.0419631728674648,0.0,0.0,
1.022755016961055E-4,0.0028374068141678354,0.007442339926317163,0.04138845220099094,0.0,0.0,
1.022755016961055E-4,0.0028374068141678354,0.007442339926317163,0.0416587331458488,0.0,0.0,
1.022755016961055E-4,0.0028374068141678354,0.007442339926317163,0.041923506034079,0.0,0.0,
1.022755016961055E-4,0.0028374068141678354,0.007442339926317163,0.042526904391120196,0.0,0.0,
1.022755016961055E-4,0.0028374068141678354,0.007442339926317163,0.042619753976999186,0.0,0.0,
1.022755016961055E-4,0.0028374068141678354,0.007442339926317163,0.04284210090609034,0.0,0.0,
1.022755016961055E-4,0.0028374068141678354,0.007442339926317163,0.04309649362017454,0.0,0.0,
1.022755016961055E-4,0.0028374068141678354,0.007442339926317163,0.043378754868934985,0.0,0.0,
1.022755016961055E-4,0.0028374068141678354,0.007442339926317163,0.0428347730316325,0.0,0.0,
1.022755016961055E-4,0.0028374068141678354,0.007442339926317163,0.04284319142125502,0.0,0.0,
1.022755016961055E-4,0.0028374068141678354,0.007442339926317163,0.04284319142125502,0.0,0.0,
1.022755016961055E-4,0.0028374068141678354,0.007442339926317163,0.04284319142125502,0.0,0.0,
1.022755016961055E-4,0.0028374068141678354,0.007442339926317163,0.04325386128556108,0.0,0.0,
1.022755016961055E-4,0.0028374068141678354,0.007442339926317163,0.04219606157991846,0.0,0.0,
1.022755016961055E-4,0.0028374068141678354,0.007442339926317163,0.0422826103303011,0.0,0.0,
1.022755016961055E-4,0.0028374068141678354,0.007442339926317163,0.0422826103303011,0.0,0.0,
1.022755016961055E-4,0.0028374068141678354,0.007442339926317163,0.0422826103303011,0.0,0.0,
1.022755016961055E-4,0.0028374068141678354,0.007442339926317163,0.0422826103303011,0.0,0.0,
1.022755016961055E-4,0.0028374068141678354,0.007442339926317163,0.041256098057630565,0.0,0.0,
1.022755016961055E-4,0.0028374068141678354,0.007442339926317163,0.04116038643298183,0.0,0.0,
1.022755016961055E-4,0.0028374068141678354,0.007442339926317163,0.04116038643298183,0.0,0.0,
1.022755016961055E-4,0.0028374068141678354,0.007442339926317163,0.04116038643298183,0.0,0.0,
1.022755016961055E-4,0.0028374068141678354,0.007442339926317163,0.04183913995275634,0.0,0.0,
1.022755016961055E-4,0.0028374068141678354,0.007442339926317163,0.04183913995275634,0.0,0.0,
1.022755016961055E-4,0.0028374068141678354,0.007442339926317163,0.04249364972493017,0.0,0.0,
1.022755016961055E-4,0.0028374068141678354,0.007442339926317163,0.04249364972493017,0.0,0.0,
1.022755016961055E-4,0.0028374068141678354,0.007442339926317163,0.04249364972493017,0.0,0.0,
1.022755016961055E-4,0.0028374068141678354,0.007442339926317163,0.04249364972493017,0.0,0.0,
1.022755016961055E-4,0.0028374068141678354,0.007442339926317163,0.04249364972493017,0.0,0.0,
1.022755016961055E-4,0.0028374068141678354,0.007442339926317163,0.043121566621564064,0.0,0.0,
1.022755016961055E-4,0.0028374068141678354,0.007442339926317163,0.04333813039324889,0.0,0.0,
1.022755016961055E-4,0.0028374068141678354,0.007442339926317163,0.043958273396523265,0.0,0.0,
1.022755016961055E-4,0.0028374068141678354,0.007442339926317163,0.04482367177863114,0.0,0.0,
1.022755016961055E-4,0.0028374068141678354,0.007442339926317163,0.04482367177863114,0.0,0.0,
1.022755016961055E-4,0.0028374068141678354,0.007442339926317163,0.045192461176363136,0.0,0.0,
1.022755016961055E-4,0.0028374068141678354,0.007442339926317163,0.04556783515335287,0.0,0.0,
1.022755016961055E-4,0.0028374068141678354,0.007442339926317163,0.04594168379339102,0.0,0.0,
1.022755016961055E-4,0.0028374068141678354,0.007442339926317163,0.046289000488385856,0.0,0.0,
1.022755016961055E-4,0.0028374068141678354,0.007442339926317163,0.046289000488385856,0.0,0.0,
1.022755016961055E-4,0.0028374068141678354,0.007442339926317163,0.046289000488385856,0.0,0.0,
1.022755016961055E-4,0.0028374068141678354,0.007442339926317163,0.046289000488385856,0.0,0.0,
1.022755016961055E-4,0.0028374068141678354,0.007442339926317163,0.046289000488385856,0.0,0.0,
1.022755016961055E-4,0.0028374068141678354,0.007442339926317163,0.04662438713014011,0.0,0.0,
1.022755016961055E-4,0.0028374068141678354,0.007442339926317163,0.04692038267622603,0.0,0.0,
1.022755016961055E-4,0.0028374068141678354,0.007442339926317163,0.04717828683081558,0.0,0.0,
1.022755016961055E-4,0.0028374068141678354,0.007442339926317163,0.04717828683081558,0.0,0.0,
1.022755016961055E-4,0.0028374068141678354,0.007442339926317163,0.04737202928920938,0.0,0.0,
1.022755016961055E-4,0.0028374068141678354,0.007442339926317163,0.04737202928920938,0.0,0.0,
1.022755016961055E-4,0.0028374068141678354,0.007442339926317163,0.0474771080994105,0.0,0.0,
1.022755016961055E-4,0.0028374068141678354,0.007442339926317163,0.0475256112928646,0.0,0.0,
1.022755016961055E-4,0.0028374068141678354,0.007442339926317163,0.0475256112928646,0.0,0.0,
1.022755016961055E-4,0.0028374068141678354,0.007442339926317163,0.04757303755874321,0.0,0.0,
1.022755016961055E-4,0.0028374068141678354,0.007442339926317163,0.04752299709209447,0.0,0.0,
1.022755016961055E-4,0.0028374068141678354,0.007442339926317163,0.04748043225672335,0.0,0.0,
1.022755016961055E-4,0.0028374068141678354,0.007442339926317163,0.04626920176204527,0.0,0.0,
1.022755016961055E-4,0.0028374068141678354,0.007442339926317163,0.045369304186586294,0.0,0.0,
1.022755016961055E-4,0.0028374068141678354,0.007442339926317163,0.045539124743879625,0.0,0.0,
1.022755016961055E-4,0.0028374068141678354,0.007442339926317163,0.04568742336311951,0.0,0.0,
1.022755016961055E-4,0.0028374068141678354,0.007442339926317163,0.04579166552391418,0.0,0.0,
1.022755016961055E-4,0.0028374068141678354,0.007442339926317163,0.04590724294323925,0.0,0.0,
1.022755016961055E-4,0.0028374068141678354,0.007442339926317163,0.04574092734030274,0.0,0.0,
1.022755016961055E-4,0.0028374068141678354,0.007442339926317163,0.04574092734030274,0.0,0.0,
1.022755016961055E-4,0.0028374068141678354,0.007442339926317163,0.04583149203085519,0.0,0.0,
1.022755016961055E-4,0.0028374068141678354,0.007442339926317163,0.04583149203085519,0.0,0.0,
1.022755016961055E-4,0.0028374068141678354,0.007442339926317163,0.045820812868800596,0.0,0.0,
1.022755016961055E-4,0.0028374068141678354,0.007442339926317163,0.04253861634815288,0.0,0.0,
1.022755016961055E-4,0.0028374068141678354,0.007442339926317163,0.04249942853655924,0.0,0.0,
1.022755016961055E-4,0.0028374068141678354,0.007442339926317163,0.042504002599980786,0.0,0.0,
1.022755016961055E-4,0.0028374068141678354,0.007442339926317163,0.04270297211342646,0.0,0.0,
1.022755016961055E-4,0.0028374068141678354,0.007442339926317163,0.04289826916627424,0.0,0.0,
1.022755016961055E-4,0.0028374068141678354,0.007442339926317163,0.04289826916627424,0.0,0.0,
1.022755016961055E-4,0.0028374068141678354,0.007442339926317163,0.04236098686947142,0.0,0.0,
1.022755016961055E-4,0.0028374068141678354,0.007442339926317163,0.04236098686947142,0.0,0.0,
1.022755016961055E-4,0.0028374068141678354,0.007442339926317163,0.04236098686947142,0.0,0.0,
1.022755016961055E-4,0.0028374068141678354,0.007442339926317163,0.04258955404961751,0.0,0.0,
1.022755016961055E-4,0.0028374068141678354,0.007442339926317163,0.04282049341567387,0.0,0.0,
1.022755016961055E-4,0.0028374068141678354,0.007442339926317163,0.04291017506288268,0.0,0.0,
1.022755016961055E-4,0.0028374068141678354,0.007442339926317163,0.04246590270883337,0.0,0.0,
1.022755016961055E-4,0.0028374068141678354,0.007442339926317163,0.04292710846359016,0.0,0.0,
1.022755016961055E-4,0.0028374068141678354,0.007442339926317163,0.04292710846359016,0.0,0.0,
1.022755016961055E-4,0.0028374068141678354,0.007442339926317163,0.04292710846359016,0.0,0.0,
1.022755016961055E-4,0.0028374068141678354,0.007442339926317163,0.04314976051839816,0.0,0.0,
1.022755016961055E-4,0.0028374068141678354,0.007442339926317163,0.04338615887949367,0.0,0.0,
1.022755016961055E-4,0.0028374068141678354,0.007442339926317163,0.04363105192149075,0.0,0.0,
1.022755016961055E-4,0.0028374068141678354,0.007442339926317163,0.04363105192149075,0.0,0.0,
1.022755016961055E-4,0.0028374068141678354,0.007442339926317163,0.04351815213038821,0.0,0.0,
1.022755016961055E-4,0.0028374068141678354,0.007442339926317163,0.043836602308007476,0.0,0.0,
1.022755016961055E-4,0.0028374068141678354,0.007442339926317163,0.043836602308007476,0.0,0.0,
1.022755016961055E-4,0.0028374068141678354,0.007442339926317163,0.04289695581436455,0.0,0.0,
1.022755016961055E-4,0.0028374068141678354,0.007442339926317163,0.04328510369776295,0.0,0.0,
1.022755016961055E-4,0.0028374068141678354,0.007442339926317163,0.04328510369776295,0.0,0.0,
1.022755016961055E-4,0.0028374068141678354,0.007442339926317163,0.043651506344215794,0.0,0.0,
1.022755016961055E-4,0.0028374068141678354,0.007442339926317163,0.04399964303177399,0.0,0.0,
1.022755016961055E-4,0.0028374068141678354,0.007442339926317163,0.044334542465599175,0.0,0.0,
1.022755016961055E-4,0.0028374068141678354,0.007442339926317163,0.044187918402103836,0.0,0.0,
1.022755016961055E-4,0.0028374068141678354,0.007442339926317163,0.04407215601315513,0.0,0.0,
1.022755016961055E-4,0.0028374068141678354,0.007442339926317163,0.04407215601315513,0.0,0.0,
1.022755016961055E-4,0.0028374068141678354,0.007442339926317163,0.044025423108359524,0.0,0.0,
1.022755016961055E-4,0.0028374068141678354,0.007442339926317163,0.04386506314195129,0.0,0.0,
1.022755016961055E-4,0.0028374068141678354,0.007442339926317163,0.04425677776357878,0.0,0.0,
1.022755016961055E-4,0.0028374068141678354,0.007442339926317163,0.04462945749644927,0.0,0.0,
1.022755016961055E-4,0.0028374068141678354,0.007442339926317163,0.04412623722131543,0.0,0.0,
1.022755016961055E-4,0.0028374068141678354,0.007442339926317163,0.043342984657401606,0.0,0.0,
1.022755016961055E-4,0.0028374068141678354,0.007442339926317163,0.043342984657401606,0.0,0.0,
1.022755016961055E-4,0.0028374068141678354,0.007442339926317163,0.043770758651792266,0.0,0.0,
1.022755016961055E-4,0.0028374068141678354,0.007442339926317163,0.04415318125826861,0.0,0.0,
1.022755016961055E-4,0.0028374068141678354,0.007442339926317163,0.04451084247242753,0.0,0.0,
1.022755016961055E-4,0.0028374068141678354,0.007442339926317163,0.04451084247242753,0.0,0.0,
1.022755016961055E-4,0.0028374068141678354,0.007442339926317163,0.04451084247242753,0.0,0.0,
1.022755016961055E-4,0.0028374068141678354,0.007442339926317163,0.04451084247242753,0.0,0.0,
1.022755016961055E-4,0.0028374068141678354,0.007442339926317163,0.04451084247242753,0.0,0.0,
1.022755016961055E-4,0.0028374068141678354,0.007442339926317163,0.044767738058947903,0.0,0.0,
1.022755016961055E-4,0.0028374068141678354,0.007442339926317163,0.04324071793007669,0.0,0.0,
1.022755016961055E-4,0.0028374068141678354,0.007442339926317163,0.04348487280562269,0.0,0.0,
1.022755016961055E-4,0.0028374068141678354,0.007442339926317163,0.04370318241096618,0.0,0.0,
1.022755016961055E-4,0.0028374068141678354,0.007442339926317163,0.042987687063976265,0.0,0.0,
1.022755016961055E-4,0.0028374068141678354,0.007442339926317163,0.04334766475735789,0.0,0.0,
1.022755016961055E-4,0.0028374068141678354,0.007442339926317163,0.04311016529669165,0.0,0.0,
1.022755016961055E-4,0.0028374068141678354,0.007442339926317163,0.04291686509115494,0.0,0.0,
1.022755016961055E-4,0.0028374068141678354,0.007442339926317163,0.04291686509115494,0.0,0.0,
1.022755016961055E-4,0.0028374068141678354,0.007442339926317163,0.04291686509115494,0.0,0.0,
1.022755016961055E-4,0.0028374068141678354,0.007442339926317163,0.04291686509115494,0.0,0.0,
1.022755016961055E-4,0.0028374068141678354,0.007442339926317163,0.04308795431679088,0.0,0.0,
1.022755016961055E-4,0.0028374068141678354,0.007442339926317163,0.042898702923496485,0.0,0.0,
1.022755016961055E-4,0.0028374068141678354,0.007442339926317163,0.042898702923496485,0.0,0.0,
1.022755016961055E-4,0.0028374068141678354,0.007442339926317163,0.04316102858264508,0.0,0.0,
1.022755016961055E-4,0.0028374068141678354,0.007442339926317163,0.04316102858264508,0.0,0.0,
1.022755016961055E-4,0.0028374068141678354,0.007442339926317163,0.04316102858264508,0.0,0.0,
1.022755016961055E-4,0.0028374068141678354,0.007442339926317163,0.043685549223066666,0.0,0.0,
1.022755016961055E-4,0.0028374068141678354,0.007442339926317163,0.043685549223066666,0.0,0.0,
1.022755016961055E-4,0.0028374068141678354,0.007442339926317163,0.043685549223066666,0.0,0.0,
1.022755016961055E-4,0.0028374068141678354,0.007442339926317163,0.043638203945744844,0.0,0.0,
1.022755016961055E-4,0.0028374068141678354,0.007442339926317163,0.0439271314541638,0.0,0.0,
1.022755016961055E-4,0.0028374068141678354,0.007442339926317163,0.043966865482316125,0.0,0.0,
1.022755016961055E-4,0.0028374068141678354,0.007442339926317163,0.0440164959737434,0.0,0.0,
1.022755016961055E-4,0.0028374068141678354,0.007442339926317163,0.04409851512981743,0.0,0.0,
1.022755016961055E-4,0.0028374068141678354,0.007442339926317163,0.04409851512981743,0.0,0.0,
1.022755016961055E-4,0.0028374068141678354,0.007442339926317163,0.04409851512981743,0.0,0.0,
1.022755016961055E-4,0.0028374068141678354,0.007442339926317163,0.04407598731196199,0.0,0.0,
1.022755016961055E-4,0.0028374068141678354,0.007442339926317163,0.04419035026831436,0.0,0.0,
1.022755016961055E-4,0.0028374068141678354,0.007442339926317163,0.0443388070373192,0.0,0.0,
1.022755016961055E-4,0.0028374068141678354,0.007442339926317163,0.04451595983127079,0.0,0.0,
1.022755016961055E-4,0.0028374068141678354,0.007442339926317163,0.04479554825878495,0.0,0.0,
1.022755016961055E-4,0.0028374068141678354,0.007442339926317163,0.04491315151011971,0.0,0.0,
1.022755016961055E-4,0.0028374068141678354,0.007442339926317163,0.04461506129103071,0.0,0.0,
1.022755016961055E-4,0.0028374068141678354,0.007442339926317163,0.044750998457441696,0.0,0.0,
1.022755016961055E-4,0.0028374068141678354,0.007442339926317163,0.044750998457441696,0.0,0.0,
1.022755016961055E-4,0.0028374068141678354,0.007442339926317163,0.044750998457441696,0.0,0.0,
1.022755016961055E-4,0.0028374068141678354,0.007442339926317163,0.044946944654879396,0.0,0.0,
1.022755016961055E-4,0.0028374068141678354,0.007442339926317163,0.045023751107663185,0.0,0.0,
1.022755016961055E-4,0.0028374068141678354,0.007442339926317163,0.04513326334147154,0.0,0.0,
1.022755016961055E-4,0.0028374068141678354,0.007442339926317163,0.04513326334147154,0.0,0.0,
1.022755016961055E-4,0.0028374068141678354,0.007442339926317163,0.04524496211244611,0.0,0.0,
1.022755016961055E-4,0.0028374068141678354,0.007442339926317163,0.0449367993342645,0.0,0.0,
1.022755016961055E-4,0.0028374068141678354,0.007442339926317163,0.04424423924683462,0.0,0.0,
1.022755016961055E-4,0.0028374068141678354,0.007442339926317163,0.044460434206570566,0.0,0.0,
1.022755016961055E-4,0.0028374068141678354,0.007442339926317163,0.04443583057696481,0.0,0.0,
1.022755016961055E-4,0.0028374068141678354,0.007442339926317163,0.0446152689303229,0.0,0.0,
1.022755016961055E-4,0.0028374068141678354,0.007442339926317163,0.0446152689303229,0.0,0.0,
1.022755016961055E-4,0.0028374068141678354,0.007442339926317163,0.04439733937659955,0.0,0.0,
1.022755016961055E-4,0.0028374068141678354,0.007442339926317163,0.04464335782527849,0.0,0.0,
1.022755016961055E-4,0.0028374068141678354,0.007442339926317163,0.04490305147134894,0.0,0.0,
1.022755016961055E-4,0.0028374068141678354,0.007442339926317163,0.04519576558656803,0.0,0.0,
1.022755016961055E-4,0.0028374068141678354,0.007442339926317163,0.04401110353305457,0.0,0.0,
1.022755016961055E-4,0.0028374068141678354,0.007442339926317163,0.04389811112205608,0.0,0.0,
1.022755016961055E-4,0.0028374068141678354,0.007442339926317163,0.04360989813801432,0.0,0.0,
1.022755016961055E-4,0.0028374068141678354,0.007442339926317163,0.04360989813801432,0.0,0.0,
1.022755016961055E-4,0.0028374068141678354,0.007442339926317163,0.043923384034238226,0.0,0.0,
1.022755016961055E-4,0.0028374068141678354,0.007442339926317163,0.044205521340839736,0.0,0.0,
1.022755016961055E-4,0.0028374068141678354,0.007442339926317163,0.044205521340839736,0.0,0.0,
1.022755016961055E-4,0.0028374068141678354,0.007442339926317163,0.04459157334770962,0.0,0.0,
1.022755016961055E-4,0.0028374068141678354,0.007442339926317163,0.04498892174570809,0.0,0.0,
1.022755016961055E-4,0.0028374068141678354,0.007442339926317163,0.04533628010145893,0.0,0.0,
1.022755016961055E-4,0.0028374068141678354,0.007442339926317163,0.045698002734632745,0.0,0.0,
1.022755016961055E-4,0.0028374068141678354,0.007442339926317163,0.043694271962056316,0.0,0.0,
1.022755016961055E-4,0.0028374068141678354,0.007442339926317163,0.044065948283733676,0.0,0.0,
1.022755016961055E-4,0.0028374068141678354,0.007442339926317163,0.04445416459250826,0.0,0.0,
1.022755016961055E-4,0.0028374068141678354,0.007442339926317163,0.04450772954136001,0.0,0.0,
1.022755016961055E-4,0.0028374068141678354,0.007442339926317163,0.04450772954136001,0.0,0.0,
1.022755016961055E-4,0.0028374068141678354,0.007442339926317163,0.04457382689817335,0.0,0.0,
1.022755016961055E-4,0.0028374068141678354,0.007442339926317163,0.04500444191213817,0.0,0.0,
1.022755016961055E-4,0.0028374068141678354,0.007442339926317163,0.04537812284031558,0.0,0.0,
1.022755016961055E-4,0.0028374068141678354,0.007442339926317163,0.045734740140019034,0.0,0.0,
1.022755016961055E-4,0.0028374068141678354,0.007442339926317163,0.045734740140019034,0.0,0.0,
1.022755016961055E-4,0.0028374068141678354,0.007442339926317163,0.04505091298112085,0.0,0.0,
1.022755016961055E-4,0.0028374068141678354,0.007442339926317163,0.04548800386480211,0.0,0.0,
1.022755016961055E-4,0.0028374068141678354,0.007442339926317163,0.04548800386480211,0.0,0.0,
1.022755016961055E-4,0.0028374068141678354,0.007442339926317163,0.04610109772671923,0.0,0.0,
1.022755016961055E-4,0.0028374068141678354,0.007442339926317163,0.04582444002310761,0.0,0.0,
1.022755016961055E-4,0.0028374068141678354,0.007442339926317163,0.04607059984529815,0.0,0.0,
1.022755016961055E-4,0.0028374068141678354,0.007442339926317163,0.04501756229713587,0.0,0.0,
1.022755016961055E-4,0.0028374068141678354,0.007442339926317163,0.04540716282995881,0.0,0.0,
1.022755016961055E-4,0.0028374068141678354,0.007442339926317163,0.04540716282995881,0.0,0.0,
1.022755016961055E-4,0.0028374068141678354,0.007442339926317163,0.04540716282995881,0.0,0.0,
1.022755016961055E-4,0.0028374068141678354,0.007442339926317163,0.045805557401297346,0.0,0.0,
1.022755016961055E-4,0.0028374068141678354,0.007442339926317163,0.0461832381278517,0.0,0.0,
1.022755016961055E-4,0.0028374068141678354,0.007442339926317163,0.04654535971462593,0.0,0.0,
1.022755016961055E-4,0.0028374068141678354,0.007442339926317163,0.04689596440910677,0.0,0.0,
1.022755016961055E-4,0.0028374068141678354,0.007442339926317163,0.04689596440910677,0.0,0.0,
1.022755016961055E-4,0.0028374068141678354,0.007442339926317163,0.047194765387135684,0.0,0.0,
1.022755016961055E-4,0.0028374068141678354,0.007442339926317163,0.046379055846316235,0.0,0.0,
1.022755016961055E-4,0.0028374068141678354,0.007442339926317163,0.04668423947059854,0.0,0.0,
1.022755016961055E-4,0.0028374068141678354,0.007442339926317163,0.04695746904876715,0.0,0.0,
1.022755016961055E-4,0.0028374068141678354,0.007442339926317163,0.04724622723379149,0.0,0.0,
1.022755016961055E-4,0.0028374068141678354,0.007442339926317163,0.04712251248016045,0.0,0.0,
1.022755016961055E-4,0.0028374068141678354,0.007442339926317163,0.04712251248016045,0.0,0.0,
1.022755016961055E-4,0.0028374068141678354,0.007442339926317163,0.04571065912106932,0.0,0.0,
1.022755016961055E-4,0.0028374068141678354,0.007442339926317163,0.04580840390863891,0.0,0.0,
1.022755016961055E-4,0.0028374068141678354,0.007442339926317163,0.04580840390863891,0.0,0.0,
1.022755016961055E-4,0.0028374068141678354,0.007442339926317163,0.04580840390863891,0.0,0.0,
1.022755016961055E-4,0.0028374068141678354,0.007442339926317163,0.04580840390863891,0.0,0.0,
1.022755016961055E-4,0.0028374068141678354,0.007442339926317163,0.04580840390863891,0.0,0.0,
1.022755016961055E-4,0.0028374068141678354,0.007442339926317163,0.04636787134671076,0.0,0.0,
1.022755016961055E-4,0.0028374068141678354,0.007442339926317163,0.0471408336210635,0.0,0.0,
1.022755016961055E-4,0.0028374068141678354,0.007442339926317163,0.0471408336210635,0.0,0.0,
1.022755016961055E-4,0.0028374068141678354,0.007442339926317163,0.04700881276584167,0.0,0.0,
1.022755016961055E-4,0.0028374068141678354,0.007442339926317163,0.0463160189192017,0.0,0.0,
1.022755016961055E-4,0.0028374068141678354,0.007442339926317163,0.04699991383834852,0.0,0.0,
1.022755016961055E-4,0.0028374068141678354,0.007442339926317163,0.04713588587083342,0.0,0.0,
1.022755016961055E-4,0.0028374068141678354,0.007442339926317163,0.04713588587083342,0.0,0.0,
1.022755016961055E-4,0.0028374068141678354,0.007442339926317163,0.047305195977102026,0.0,0.0,
1.022755016961055E-4,0.0028374068141678354,0.007442339926317163,0.047305195977102026,0.0,0.0,
1.022755016961055E-4,0.0028374068141678354,0.007442339926317163,0.047305195977102026,0.0,0.0,
1.022755016961055E-4,0.0028374068141678354,0.007442339926317163,0.04745127061978653,0.0,0.0,
1.022755016961055E-4,0.0028374068141678354,0.007442339926317163,0.04762596859545841,0.0,0.0,
1.022755016961055E-4,0.0028374068141678354,0.007442339926317163,0.04784028594576099,0.0,0.0,
1.022755016961055E-4,0.0028374068141678354,0.007442339926317163,0.04784028594576099,0.0,0.0,
1.022755016961055E-4,0.0028374068141678354,0.007442339926317163,0.04676057126775244,0.0,0.0,
1.022755016961055E-4,0.0028374068141678354,0.007442339926317163,0.04704967585211646,0.0,0.0,
1.022755016961055E-4,0.0028374068141678354,0.007442339926317163,0.04704967585211646,0.0,0.0,
1.022755016961055E-4,0.0028374068141678354,0.007442339926317163,0.0473396367084292,0.0,0.0,
1.022755016961055E-4,0.0028374068141678354,0.007442339926317163,0.0473396367084292,0.0,0.0,
1.022755016961055E-4,0.0028374068141678354,0.007442339926317163,0.04774760518057383,0.0,0.0,
1.022755016961055E-4,0.0028374068141678354,0.007442339926317163,0.04774760518057383,0.0,0.0,
1.022755016961055E-4,0.0028374068141678354,0.007442339926317163,0.047909868742015055,0.0,0.0,
1.022755016961055E-4,0.0028374068141678354,0.007442339926317163,0.04804657710270212,0.0,0.0,
1.022755016961055E-4,0.0028374068141678354,0.007442339926317163,0.04817497271848253,0.0,0.0,
1.022755016961055E-4,0.0028374068141678354,0.007442339926317163,0.04828150936995374,0.0,0.0,
1.022755016961055E-4,0.0028374068141678354,0.007442339926317163,0.048346033091916096,0.0,0.0,
1.022755016961055E-4,0.0028374068141678354,0.007442339926317163,0.048346033091916096,0.0,0.0,
1.022755016961055E-4,0.0028374068141678354,0.007442339926317163,0.048346033091916096,0.0,0.0,
1.022755016961055E-4,0.0028374068141678354,0.007442339926317163,0.048346033091916096,0.0,0.0,
1.022755016961055E-4,0.0028374068141678354,0.007442339926317163,0.048141368818376516,0.0,0.0,
1.022755016961055E-4,0.0028374068141678354,0.007442339926317163,0.048141368818376516,0.0,0.0,
1.022755016961055E-4,0.0028374068141678354,0.007442339926317163,0.048141368818376516,0.0,0.0,
1.022755016961055E-4,0.0028374068141678354,0.007442339926317163,0.04712872501399893,0.0,0.0,
1.022755016961055E-4,0.0028374068141678354,0.007442339926317163,0.047319424173806995,0.0,0.0,
1.022755016961055E-4,0.0028374068141678354,0.007442339926317163,0.047501440993692454,0.0,0.0,
1.022755016961055E-4,0.0028374068141678354,0.007442339926317163,0.04768215543693792,0.0,0.0,
1.022755016961055E-4,0.0028374068141678354,0.007442339926317163,0.04768215543693792,0.0,0.0,
1.022755016961055E-4,0.0028374068141678354,0.007442339926317163,0.0478487930907828,0.0,0.0,
1.022755016961055E-4,0.0028374068141678354,0.007442339926317163,0.04637649976080865,0.0,0.0,
1.022755016961055E-4,0.0028374068141678354,0.007442339926317163,0.04637649976080865,0.0,0.0,
1.022755016961055E-4,0.0028374068141678354,0.007442339926317163,0.04637649976080865,0.0,0.0,
1.022755016961055E-4,0.0028374068141678354,0.007442339926317163,0.04656739048473039,0.0,0.0,
1.022755016961055E-4,0.0028374068141678354,0.007442339926317163,0.04656739048473039,0.0,0.0,
1.022755016961055E-4,0.0028374068141678354,0.007442339926317163,0.046770356329345085,0.0,0.0,
1.022755016961055E-4,0.0028374068141678354,0.007442339926317163,0.046770356329345085,0.0,0.0,
1.022755016961055E-4,0.0028374068141678354,0.007442339926317163,0.046770356329345085,0.0,0.0,
1.022755016961055E-4,0.0028374068141678354,0.007442339926317163,0.046770356329345085,0.0,0.0,
1.022755016961055E-4,0.0028374068141678354,0.007442339926317163,0.04656194466689183,0.0,0.0,
1.022755016961055E-4,0.0028374068141678354,0.007442339926317163,0.046951086565464074,0.0,0.0,
1.022755016961055E-4,0.007358701196009691,0.007442339926317163,0.04648157569980944,0.0,0.0,
1.022755016961055E-4,0.007358701196009691,0.007442339926317163,0.04648157569980944,0.0,0.0,
1.022755016961055E-4,0.007358701196009691,0.007442339926317163,0.04665957295183687,0.0,0.0,
1.022755016961055E-4,0.007358701196009691,0.007442339926317163,0.04665957295183687,0.0,0.0,
1.022755016961055E-4,0.007358701196009691,0.007442339926317163,0.04574055865437645,0.0,0.0,
1.022755016961055E-4,0.007358701196009691,0.007442339926317163,0.044889685901882644,0.0,0.0,
1.022755016961055E-4,0.007358701196009691,0.007442339926317163,0.04569967357578057,0.0,0.0,
1.022755016961055E-4,0.007358701196009691,0.007442339926317163,0.04618740179952655,0.0,0.0,
1.022755016961055E-4,0.007358701196009691,0.007442339926317163,0.04549466047984658,0.0,0.0,
1.022755016961055E-4,0.007358701196009691,0.007442339926317163,0.043794115886251525,0.0,0.0,
1.022755016961055E-4,0.007358701196009691,0.007442339926317163,0.04415128883259849,0.0,0.0,
1.022755016961055E-4,0.007358701196009691,0.007442339926317163,0.04415128883259849,0.0,0.0,
1.022755016961055E-4,0.007358701196009691,0.007442339926317163,0.044454204053724744,0.0,0.0,
1.022755016961055E-4,0.007358701196009691,0.007442339926317163,0.04385693790427678,0.0,0.0,
1.022755016961055E-4,0.007358701196009691,0.007442339926317163,0.04385693790427678,0.0,0.0,
1.022755016961055E-4,0.007358701196009691,0.007442339926317163,0.04385693790427678,0.0,0.0,
1.022755016961055E-4,0.007358701196009691,0.007442339926317163,0.04423984524250655,0.0,0.0,
1.022755016961055E-4,0.007358701196009691,0.007442339926317163,0.04460829173466081,0.0,0.0,
1.022755016961055E-4,0.007358701196009691,0.007442339926317163,0.04460829173466081,0.0,0.0,
1.022755016961055E-4,0.007358701196009691,0.007442339926317163,0.04460829173466081,0.0,0.0,
1.022755016961055E-4,0.007358701196009691,0.007442339926317163,0.04499007509173738,0.0,0.0,
1.022755016961055E-4,0.007358701196009691,0.007442339926317163,0.04499007509173738,0.0,0.0,
1.022755016961055E-4,0.007358701196009691,0.007442339926317163,0.04499007509173738,0.0,0.0,
1.022755016961055E-4,0.007358701196009691,0.007442339926317163,0.045387863616336045,0.0,0.0,
1.022755016961055E-4,0.007358701196009691,0.007442339926317163,0.045387863616336045,0.0,0.0,
1.022755016961055E-4,0.007358701196009691,0.007442339926317163,0.045387863616336045,0.0,0.0,
1.022755016961055E-4,0.007358701196009691,0.007442339926317163,0.04577239580613771,0.0,0.0,
1.022755016961055E-4,0.007358701196009691,0.007442339926317163,0.044901107500546975,0.0,0.0,
1.022755016961055E-4,0.007358701196009691,0.007442339926317163,0.04536438730872369,0.0,0.0,
1.022755016961055E-4,0.007358701196009691,0.007442339926317163,0.045809726266188816,0.0,0.0,
1.022755016961055E-4,0.007358701196009691,0.007442339926317163,0.04621788020832852,0.0,0.0,
1.022755016961055E-4,0.007358701196009691,0.007442339926317163,0.04621788020832852,0.0,0.0,
1.022755016961055E-4,0.007358701196009691,0.007442339926317163,0.046611819103555406,0.0,0.0,
1.022755016961055E-4,0.007358701196009691,0.007442339926317163,0.04699215387225299,0.0,0.0,
1.022755016961055E-4,0.007358701196009691,0.007442339926317163,0.04699215387225299,0.0,0.0,
1.022755016961055E-4,0.007358701196009691,0.007442339926317163,0.047522093674796734,0.0,0.0,
1.022755016961055E-4,0.007358701196009691,0.007442339926317163,0.047522093674796734,0.0,0.0,
1.022755016961055E-4,0.007358701196009691,0.007442339926317163,0.04740310372886114,0.0,0.0,
1.022755016961055E-4,0.007358701196009691,0.007442339926317163,0.04740310372886114,0.0,0.0,
1.022755016961055E-4,0.007358701196009691,0.007442339926317163,0.046117651411136856,0.0,0.0,
1.022755016961055E-4,0.007358701196009691,0.007442339926317163,0.046117651411136856,0.0,0.0,
1.022755016961055E-4,0.007358701196009691,0.007442339926317163,0.04649944296242734,0.0,0.0,
1.022755016961055E-4,0.007358701196009691,0.007442339926317163,0.04648290702200644,0.0,0.0,
1.022755016961055E-4,0.007358701196009691,0.007442339926317163,0.04571246374898695,0.0,0.0,
1.022755016961055E-4,0.007358701196009691,0.007442339926317163,0.04604645156871269,0.0,0.0,
1.022755016961055E-4,0.007358701196009691,0.007442339926317163,0.046393994042759824,0.0,0.0,
1.022755016961055E-4,0.007358701196009691,0.007442339926317163,0.04666330893517481,0.0,0.0,
1.022755016961055E-4,0.007358701196009691,0.007442339926317163,0.04667773971122841,0.0,0.0,
1.022755016961055E-4,0.007358701196009691,0.007442339926317163,0.04667773971122841,0.0,0.0,
1.022755016961055E-4,0.007358701196009691,0.007442339926317163,0.046970999404742884,0.0,0.0,
1.022755016961055E-4,0.007358701196009691,0.007442339926317163,0.04698737481283135,0.0,0.0,
1.022755016961055E-4,0.007358701196009691,0.007442339926317163,0.04703185016069152,0.0,0.0,
1.022755016961055E-4,0.007358701196009691,0.007442339926317163,0.04703185016069152,0.0,0.0,
1.022755016961055E-4,0.007358701196009691,0.007442339926317163,0.04703185016069152,0.0,0.0,
1.022755016961055E-4,0.007358701196009691,0.007442339926317163,0.04627679006824193,0.0,0.0,
1.022755016961055E-4,0.007358701196009691,0.007442339926317163,0.046647228307269306,0.0,0.0,
1.022755016961055E-4,0.007358701196009691,0.007442339926317163,0.04698062272239395,0.0,0.0,
1.022755016961055E-4,0.007358701196009691,0.007442339926317163,0.04744313308607185,0.0,0.0,
1.022755016961055E-4,0.007358701196009691,0.007442339926317163,0.0476072529272412,0.0,0.0,
1.022755016961055E-4,0.007358701196009691,0.007442339926317163,0.04763322737408356,0.0,0.0,
1.022755016961055E-4,0.007358701196009691,0.007442339926317163,0.047487926049646856,0.0,0.0,
1.022755016961055E-4,0.007358701196009691,0.007442339926317163,0.04686033246644196,0.0,0.0,
1.022755016961055E-4,0.007358701196009691,0.007442339926317163,0.04686033246644196,0.0,0.0,
1.022755016961055E-4,0.007358701196009691,0.007442339926317163,0.04711882128065598,0.0,0.0,
1.022755016961055E-4,0.007358701196009691,0.007442339926317163,0.04740327213340856,0.0,0.0,
1.022755016961055E-4,0.007358701196009691,0.007442339926317163,0.04773083016361483,0.0,0.0,
1.022755016961055E-4,0.007358701196009691,0.007442339926317163,0.04773083016361483,0.0,0.0,
1.022755016961055E-4,0.007358701196009691,0.007442339926317163,0.04803189108115373,0.0,0.0,
1.022755016961055E-4,0.007358701196009691,0.007442339926317163,0.04799634997096305,0.0,0.0,
1.022755016961055E-4,0.007358701196009691,0.007442339926317163,0.04799634997096305,0.0,0.0,
1.022755016961055E-4,0.007358701196009691,0.007442339926317163,0.04799634997096305,0.0,0.0,
1.022755016961055E-4,0.007358701196009691,0.007442339926317163,0.04828800153546467,0.0,0.0,
1.022755016961055E-4,0.007358701196009691,0.007442339926317163,0.04760837504210673,0.0,0.0,
1.022755016961055E-4,0.007358701196009691,0.007442339926317163,0.04760837504210673,0.0,0.0,
1.022755016961055E-4,0.007358701196009691,0.007442339926317163,0.04799799801239059,0.0,0.0,
1.022755016961055E-4,0.007358701196009691,0.007442339926317163,0.04805660668358876,0.0,0.0,
1.022755016961055E-4,0.007358701196009691,0.007442339926317163,0.04841097757447936,0.0,0.0,
1.022755016961055E-4,0.007358701196009691,0.007442339926317163,0.04841097757447936,0.0,0.0,
1.022755016961055E-4,0.007358701196009691,0.007442339926317163,0.048757806046443815,0.0,0.0,
1.022755016961055E-4,0.007358701196009691,0.007442339926317163,0.048636501732714776,0.0,0.0,
1.022755016961055E-4,0.007358701196009691,0.007442339926317163,0.048636501732714776,0.0,0.0,
1.022755016961055E-4,0.007358701196009691,0.007442339926317163,0.04896614810477663,0.0,0.0,
1.022755016961055E-4,0.007358701196009691,0.007442339926317163,0.04927368928571577,0.0,0.0,
1.022755016961055E-4,0.007358701196009691,0.007442339926317163,0.04956300371525171,0.0,0.0,
1.022755016961055E-4,0.007358701196009691,0.007442339926317163,0.04939146650719792,0.0,0.0,
1.022755016961055E-4,0.007358701196009691,0.007442339926317163,0.049651495639282985,0.0,0.0,
1.022755016961055E-4,0.007358701196009691,0.007442339926317163,0.04990615700010328,0.0,0.0,
1.022755016961055E-4,0.007358701196009691,0.007442339926317163,0.05009349911913088,0.0,0.0,
1.022755016961055E-4,0.007358701196009691,0.007442339926317163,0.05027385870468187,0.0,0.0,
1.022755016961055E-4,0.007358701196009691,0.007442339926317163,0.05027385870468187,0.0,0.0,
1.022755016961055E-4,0.007358701196009691,0.007442339926317163,0.04999787011440382,0.0,0.0,
1.022755016961055E-4,0.007358701196009691,0.007442339926317163,0.04976816465910551,0.0,0.0,
1.022755016961055E-4,0.007358701196009691,0.007442339926317163,0.050028967530789545,0.0,0.0,
1.022755016961055E-4,0.007358701196009691,0.007442339926317163,0.050028967530789545,0.0,0.0,
1.022755016961055E-4,0.007358701196009691,0.007442339926317163,0.050028967530789545,0.0,0.0,
1.022755016961055E-4,0.007358701196009691,0.007442339926317163,0.05021401895804364,0.0,0.0,
1.022755016961055E-4,0.007358701196009691,0.007442339926317163,0.05021401895804364,0.0,0.0,
1.022755016961055E-4,0.007358701196009691,0.007442339926317163,0.05036980422745771,0.0,0.0,
1.022755016961055E-4,0.007358701196009691,0.007442339926317163,0.05006192982920312,0.0,0.0,
1.022755016961055E-4,0.007358701196009691,0.007442339926317163,0.05006192982920312,0.0,0.0,
1.022755016961055E-4,0.007358701196009691,0.007442339926317163,0.04995433113237258,0.0,0.0,
1.022755016961055E-4,0.007358701196009691,0.007442339926317163,0.05014806199497074,0.0,0.0,
1.022755016961055E-4,0.007358701196009691,0.007442339926317163,0.050328336985699836,0.0,0.0,
1.022755016961055E-4,0.007358701196009691,0.007442339926317163,0.050328336985699836,0.0,0.0,
1.022755016961055E-4,0.007358701196009691,0.007442339926317163,0.04913316329426615,0.0,0.0,
1.022755016961055E-4,0.007358701196009691,0.007442339926317163,0.049424398414928926,0.0,0.0,
1.022755016961055E-4,0.007358701196009691,0.007442339926317163,0.04969905825455295,0.0,0.0,
1.022755016961055E-4,0.007358701196009691,0.007442339926317163,0.04988749301309987,0.0,0.0,
1.022755016961055E-4,0.007358701196009691,0.007442339926317163,0.04988749301309987,0.0,0.0,
1.022755016961055E-4,0.007358701196009691,0.007442339926317163,0.04978849237320792,0.0,0.0,
1.022755016961055E-4,0.007358701196009691,0.007442339926317163,0.04978849237320792,0.0,0.0,
1.022755016961055E-4,0.007358701196009691,0.007442339926317163,0.04974949210316261,0.0,0.0,
1.022755016961055E-4,0.007358701196009691,0.007442339926317163,0.04997594278641868,0.0,0.0,
1.022755016961055E-4,0.007358701196009691,0.007442339926317163,0.04997594278641868,0.0,0.0,
1.022755016961055E-4,0.007358701196009691,0.007442339926317163,0.04976531716951057,0.0,0.0,
1.022755016961055E-4,0.007358701196009691,0.007442339926317163,0.04975426024888484,0.0,0.0,
1.022755016961055E-4,0.007358701196009691,0.007442339926317163,0.05004167493196936,0.0,0.0,
1.022755016961055E-4,0.007358701196009691,0.007442339926317163,0.049180753328827764,0.0,0.0,